,1,2,3,4,5,6,7,8,9,10,11,12,13,14,15
1989-08-27,0.19599088753876276,0.19599088753876276,0.19599088753876276,0.19599088753876276,0.19599088753876276,0.19599088753876276,0.19599088753876276,0.19599088753876276,0.19599088753876276,0.19599088753876276,0.19599088753876276,0.19599088753876276,0.19599088753876276,0.19599088753876276,0.19599088753876276
1989-08-28,0.32930097066087904,0.32930097066087904,0.32930097066087904,0.32930097066087904,0.32930097066087904,0.32930097066087904,0.32930097066087904,0.32930097066087904,0.32930097066087904,0.32930097066087904,0.32930097066087904,0.32930097066087904,0.32930097066087904,0.32930097066087904,0.32930097066087904
1989-08-29,0.47836539663001576,0.47836539663001576,0.47836539663001576,0.47836539663001576,0.47836539663001576,0.47836539663001576,0.47836539663001576,0.47836539663001576,0.47836539663001576,0.47836539663001576,0.47836539663001576,0.47836539663001576,0.47836539663001576,0.47836539663001576,0.47836539663001576
1989-08-30,0.4696412238540016,0.4696412238540016,0.4696412238540016,0.4696412238540016,0.4696412238540016,0.4696412238540016,0.4696412238540016,0.4696412238540016,0.4696412238540016,0.4696412238540016,0.4696412238540016,0.4696412238540016,0.4696412238540016,0.4696412238540016,0.4696412238540016
1989-08-31,0.36892277631703335,0.36892277631703335,0.36892277631703335,0.36892277631703335,0.36892277631703335,0.36892277631703335,0.36892277631703335,0.36892277631703335,0.36892277631703335,0.36892277631703335,0.36892277631703335,0.36892277631703335,0.36892277631703335,0.36892277631703335,0.36892277631703335
1989-09-01,0.21008730807327256,0.21008730807327256,0.21008730807327256,0.21008730807327256,0.21008730807327256,0.21008730807327256,0.21008730807327256,0.21008730807327256,0.21008730807327256,0.21008730807327256,0.21008730807327256,0.21008730807327256,0.21008730807327256,0.21008730807327256,0.21008730807327256
1989-09-02,-0.2390627754396409,-0.2390627754396409,-0.2390627754396409,-0.2390627754396409,-0.2390627754396409,-0.2390627754396409,-0.2390627754396409,-0.2390627754396409,-0.2390627754396409,-0.2390627754396409,-0.2390627754396409,-0.2390627754396409,-0.2390627754396409,-0.2390627754396409,-0.2390627754396409
1989-09-03,-0.42394241355748236,-0.42394241355748236,-0.42394241355748236,-0.42394241355748236,-0.42394241355748236,-0.42394241355748236,-0.42394241355748236,-0.42394241355748236,-0.42394241355748236,-0.42394241355748236,-0.42394241355748236,-0.42394241355748236,-0.42394241355748236,-0.42394241355748236,-0.42394241355748236
1989-09-04,-0.6102456625456991,-0.6102456625456991,-0.6102456625456991,-0.6102456625456991,-0.6102456625456991,-0.6102456625456991,-0.6102456625456991,-0.6102456625456991,-0.6102456625456991,-0.6102456625456991,-0.6102456625456991,-0.6102456625456991,-0.6102456625456991,-0.6102456625456991,-0.6102456625456991
1989-09-05,-0.5481356130567852,-0.5481356130567852,-0.5481356130567852,-0.5481356130567852,-0.5481356130567852,-0.5481356130567852,-0.5481356130567852,-0.5481356130567852,-0.5481356130567852,-0.5481356130567852,-0.5481356130567852,-0.5481356130567852,-0.5481356130567852,-0.5481356130567852,-0.5481356130567852
1989-09-06,-0.36928984070003423,-0.36928984070003423,-0.36928984070003423,-0.36928984070003423,-0.36928984070003423,-0.36928984070003423,-0.36928984070003423,-0.36928984070003423,-0.36928984070003423,-0.36928984070003423,-0.36928984070003423,-0.36928984070003423,-0.36928984070003423,-0.36928984070003423,-0.36928984070003423
1989-09-07,-0.48539028615678287,-0.48539028615678287,-0.48539028615678287,-0.48539028615678287,-0.48539028615678287,-0.48539028615678287,-0.48539028615678287,-0.48539028615678287,-0.48539028615678287,-0.48539028615678287,-0.48539028615678287,-0.48539028615678287,-0.48539028615678287,-0.48539028615678287,-0.48539028615678287
1989-09-08,-0.27444434492206937,-0.27444434492206937,-0.27444434492206937,-0.27444434492206937,-0.27444434492206937,-0.27444434492206937,-0.27444434492206937,-0.27444434492206937,-0.27444434492206937,-0.27444434492206937,-0.27444434492206937,-0.27444434492206937,-0.27444434492206937,-0.27444434492206937,-0.27444434492206937
1989-09-09,-0.07692195164433771,-0.07692195164433771,-0.07692195164433771,-0.07692195164433771,-0.07692195164433771,-0.07692195164433771,-0.07692195164433771,-0.07692195164433771,-0.07692195164433771,-0.07692195164433771,-0.07692195164433771,-0.07692195164433771,-0.07692195164433771,-0.07692195164433771,-0.07692195164433771
1989-09-10,0.17448548001993286,0.17448548001993286,0.17448548001993286,0.17448548001993286,0.17448548001993286,0.17448548001993286,0.17448548001993286,0.17448548001993286,0.17448548001993286,0.17448548001993286,0.17448548001993286,0.17448548001993286,0.17448548001993286,0.17448548001993286,0.17448548001993286
1989-09-11,0.28394024508452775,0.28394024508452775,0.28394024508452775,0.28394024508452775,0.28394024508452775,0.28394024508452775,0.28394024508452775,0.28394024508452775,0.28394024508452775,0.28394024508452775,0.28394024508452775,0.28394024508452775,0.28394024508452775,0.28394024508452775,0.28394024508452775
1989-09-12,0.1745546715790308,0.1745546715790308,0.1745546715790308,0.1745546715790308,0.1745546715790308,0.1745546715790308,0.1745546715790308,0.1745546715790308,0.1745546715790308,0.1745546715790308,0.1745546715790308,0.1745546715790308,0.1745546715790308,0.1745546715790308,0.1745546715790308
1989-09-13,0.2267339118711389,0.2267339118711389,0.2267339118711389,0.2267339118711389,0.2267339118711389,0.2267339118711389,0.2267339118711389,0.2267339118711389,0.2267339118711389,0.2267339118711389,0.2267339118711389,0.2267339118711389,0.2267339118711389,0.2267339118711389,0.2267339118711389
1989-09-14,0.21145785851406215,0.21145785851406215,0.21145785851406215,0.21145785851406215,0.21145785851406215,0.21145785851406215,0.21145785851406215,0.21145785851406215,0.21145785851406215,0.21145785851406215,0.21145785851406215,0.21145785851406215,0.21145785851406215,0.21145785851406215,0.21145785851406215
1989-09-15,0.0760702205857862,0.0760702205857862,0.0760702205857862,0.0760702205857862,0.0760702205857862,0.0760702205857862,0.0760702205857862,0.0760702205857862,0.0760702205857862,0.0760702205857862,0.0760702205857862,0.0760702205857862,0.0760702205857862,0.0760702205857862,0.0760702205857862
1989-09-16,-0.30194402009975707,-0.30194402009975707,-0.30194402009975707,-0.30194402009975707,-0.30194402009975707,-0.30194402009975707,-0.30194402009975707,-0.30194402009975707,-0.30194402009975707,-0.30194402009975707,-0.30194402009975707,-0.30194402009975707,-0.30194402009975707,-0.30194402009975707,-0.30194402009975707
1989-09-17,-0.8767734665959991,-0.8767734665959991,-0.8767734665959991,-0.8767734665959991,-0.8767734665959991,-0.8767734665959991,-0.8767734665959991,-0.8767734665959991,-0.8767734665959991,-0.8767734665959991,-0.8767734665959991,-0.8767734665959991,-0.8767734665959991,-0.8767734665959991,-0.8767734665959991
1989-09-18,-1.1188843486829345,-1.1188843486829345,-1.1188843486829345,-1.1188843486829345,-1.1188843486829345,-1.1188843486829345,-1.1188843486829345,-1.1188843486829345,-1.1188843486829345,-1.1188843486829345,-1.1188843486829345,-1.1188843486829345,-1.1188843486829345,-1.1188843486829345,-1.1188843486829345
1989-09-19,-1.154309624918229,-1.154309624918229,-1.154309624918229,-1.154309624918229,-1.154309624918229,-1.154309624918229,-1.154309624918229,-1.154309624918229,-1.154309624918229,-1.154309624918229,-1.154309624918229,-1.154309624918229,-1.154309624918229,-1.154309624918229,-1.154309624918229
1989-09-20,-1.2538545309117581,-1.2538545309117581,-1.2538545309117581,-1.2538545309117581,-1.2538545309117581,-1.2538545309117581,-1.2538545309117581,-1.2538545309117581,-1.2538545309117581,-1.2538545309117581,-1.2538545309117581,-1.2538545309117581,-1.2538545309117581,-1.2538545309117581,-1.2538545309117581
1989-09-21,-1.2076230384664806,-1.2076230384664806,-1.2076230384664806,-1.2076230384664806,-1.2076230384664806,-1.2076230384664806,-1.2076230384664806,-1.2076230384664806,-1.2076230384664806,-1.2076230384664806,-1.2076230384664806,-1.2076230384664806,-1.2076230384664806,-1.2076230384664806,-1.2076230384664806
1989-09-22,-0.8368069069337765,-0.8368069069337765,-0.8368069069337765,-0.8368069069337765,-0.8368069069337765,-0.8368069069337765,-0.8368069069337765,-0.8368069069337765,-0.8368069069337765,-0.8368069069337765,-0.8368069069337765,-0.8368069069337765,-0.8368069069337765,-0.8368069069337765,-0.8368069069337765
1989-09-23,-0.9471220873797075,-0.9471220873797075,-0.9471220873797075,-0.9471220873797075,-0.9471220873797075,-0.9471220873797075,-0.9471220873797075,-0.9471220873797075,-0.9471220873797075,-0.9471220873797075,-0.9471220873797075,-0.9471220873797075,-0.9471220873797075,-0.9471220873797075,-0.9471220873797075
1989-09-24,-0.7034849475193007,-0.7034849475193007,-0.7034849475193007,-0.7034849475193007,-0.7034849475193007,-0.7034849475193007,-0.7034849475193007,-0.7034849475193007,-0.7034849475193007,-0.7034849475193007,-0.7034849475193007,-0.7034849475193007,-0.7034849475193007,-0.7034849475193007,-0.7034849475193007
1989-09-25,-0.7597064226615854,-0.7597064226615854,-0.7597064226615854,-0.7597064226615854,-0.7597064226615854,-0.7597064226615854,-0.7597064226615854,-0.7597064226615854,-0.7597064226615854,-0.7597064226615854,-0.7597064226615854,-0.7597064226615854,-0.7597064226615854,-0.7597064226615854,-0.7597064226615854
1989-09-26,-0.587266560157862,-0.587266560157862,-0.587266560157862,-0.587266560157862,-0.587266560157862,-0.587266560157862,-0.587266560157862,-0.587266560157862,-0.587266560157862,-0.587266560157862,-0.587266560157862,-0.587266560157862,-0.587266560157862,-0.587266560157862,-0.587266560157862
1989-09-27,-0.6457035093971425,-0.6457035093971425,-0.6457035093971425,-0.6457035093971425,-0.6457035093971425,-0.6457035093971425,-0.6457035093971425,-0.6457035093971425,-0.6457035093971425,-0.6457035093971425,-0.6457035093971425,-0.6457035093971425,-0.6457035093971425,-0.6457035093971425,-0.6457035093971425
1989-09-28,-0.5678140049452811,-0.5678140049452811,-0.5678140049452811,-0.5678140049452811,-0.5678140049452811,-0.5678140049452811,-0.5678140049452811,-0.5678140049452811,-0.5678140049452811,-0.5678140049452811,-0.5678140049452811,-0.5678140049452811,-0.5678140049452811,-0.5678140049452811,-0.5678140049452811
1989-09-29,-0.6611335973923806,-0.6611335973923806,-0.6611335973923806,-0.6611335973923806,-0.6611335973923806,-0.6611335973923806,-0.6611335973923806,-0.6611335973923806,-0.6611335973923806,-0.6611335973923806,-0.6611335973923806,-0.6611335973923806,-0.6611335973923806,-0.6611335973923806,-0.6611335973923806
1989-09-30,-0.64856404872236,-0.64856404872236,-0.64856404872236,-0.64856404872236,-0.64856404872236,-0.64856404872236,-0.64856404872236,-0.64856404872236,-0.64856404872236,-0.64856404872236,-0.64856404872236,-0.64856404872236,-0.64856404872236,-0.64856404872236,-0.64856404872236
1989-10-01,-0.5687000087487949,-0.5687000087487949,-0.5687000087487949,-0.5687000087487949,-0.5687000087487949,-0.5687000087487949,-0.5687000087487949,-0.5687000087487949,-0.5687000087487949,-0.5687000087487949,-0.5687000087487949,-0.5687000087487949,-0.5687000087487949,-0.5687000087487949,-0.5687000087487949
1989-10-02,-0.27003981678392364,-0.27003981678392364,-0.27003981678392364,-0.27003981678392364,-0.27003981678392364,-0.27003981678392364,-0.27003981678392364,-0.27003981678392364,-0.27003981678392364,-0.27003981678392364,-0.27003981678392364,-0.27003981678392364,-0.27003981678392364,-0.27003981678392364,-0.27003981678392364
1989-10-03,-0.10030967724414008,-0.10030967724414008,-0.10030967724414008,-0.10030967724414008,-0.10030967724414008,-0.10030967724414008,-0.10030967724414008,-0.10030967724414008,-0.10030967724414008,-0.10030967724414008,-0.10030967724414008,-0.10030967724414008,-0.10030967724414008,-0.10030967724414008,-0.10030967724414008
1989-10-04,0.21005662529879315,0.21005662529879315,0.21005662529879315,0.21005662529879315,0.21005662529879315,0.21005662529879315,0.21005662529879315,0.21005662529879315,0.21005662529879315,0.21005662529879315,0.21005662529879315,0.21005662529879315,0.21005662529879315,0.21005662529879315,0.21005662529879315
1989-10-05,0.6462402947146572,0.6462402947146572,0.6462402947146572,0.6462402947146572,0.6462402947146572,0.6462402947146572,0.6462402947146572,0.6462402947146572,0.6462402947146572,0.6462402947146572,0.6462402947146572,0.6462402947146572,0.6462402947146572,0.6462402947146572,0.6462402947146572
1989-10-06,0.5610252042062953,0.5610252042062953,0.5610252042062953,0.5610252042062953,0.5610252042062953,0.5610252042062953,0.5610252042062953,0.5610252042062953,0.5610252042062953,0.5610252042062953,0.5610252042062953,0.5610252042062953,0.5610252042062953,0.5610252042062953,0.5610252042062953
1989-10-07,0.6677253284531737,0.6677253284531737,0.6677253284531737,0.6677253284531737,0.6677253284531737,0.6677253284531737,0.6677253284531737,0.6677253284531737,0.6677253284531737,0.6677253284531737,0.6677253284531737,0.6677253284531737,0.6677253284531737,0.6677253284531737,0.6677253284531737
1989-10-08,0.6052188507159649,0.6052188507159649,0.6052188507159649,0.6052188507159649,0.6052188507159649,0.6052188507159649,0.6052188507159649,0.6052188507159649,0.6052188507159649,0.6052188507159649,0.6052188507159649,0.6052188507159649,0.6052188507159649,0.6052188507159649,0.6052188507159649
1989-10-09,0.6435959390094859,0.6435959390094859,0.6435959390094859,0.6435959390094859,0.6435959390094859,0.6435959390094859,0.6435959390094859,0.6435959390094859,0.6435959390094859,0.6435959390094859,0.6435959390094859,0.6435959390094859,0.6435959390094859,0.6435959390094859,0.6435959390094859
1989-10-10,1.014582798846278,1.014582798846278,1.014582798846278,1.014582798846278,1.014582798846278,1.014582798846278,1.014582798846278,1.014582798846278,1.014582798846278,1.014582798846278,1.014582798846278,1.014582798846278,1.014582798846278,1.014582798846278,1.014582798846278
1989-10-11,1.3309672977836973,1.3309672977836973,1.3309672977836973,1.3309672977836973,1.3309672977836973,1.3309672977836973,1.3309672977836973,1.3309672977836973,1.3309672977836973,1.3309672977836973,1.3309672977836973,1.3309672977836973,1.3309672977836973,1.3309672977836973,1.3309672977836973
1989-10-12,1.3424535850736565,1.3424535850736565,1.3424535850736565,1.3424535850736565,1.3424535850736565,1.3424535850736565,1.3424535850736565,1.3424535850736565,1.3424535850736565,1.3424535850736565,1.3424535850736565,1.3424535850736565,1.3424535850736565,1.3424535850736565,1.3424535850736565
1989-10-13,1.4682015545785854,1.4682015545785854,1.4682015545785854,1.4682015545785854,1.4682015545785854,1.4682015545785854,1.4682015545785854,1.4682015545785854,1.4682015545785854,1.4682015545785854,1.4682015545785854,1.4682015545785854,1.4682015545785854,1.4682015545785854,1.4682015545785854
1989-10-14,1.4885600226858724,1.4885600226858724,1.4885600226858724,1.4885600226858724,1.4885600226858724,1.4885600226858724,1.4885600226858724,1.4885600226858724,1.4885600226858724,1.4885600226858724,1.4885600226858724,1.4885600226858724,1.4885600226858724,1.4885600226858724,1.4885600226858724
1989-10-15,1.25562472493293,1.25562472493293,1.25562472493293,1.25562472493293,1.25562472493293,1.25562472493293,1.25562472493293,1.25562472493293,1.25562472493293,1.25562472493293,1.25562472493293,1.25562472493293,1.25562472493293,1.25562472493293,1.25562472493293
1989-10-16,0.9020883903422322,0.9020883903422322,0.9020883903422322,0.9020883903422322,0.9020883903422322,0.9020883903422322,0.9020883903422322,0.9020883903422322,0.9020883903422322,0.9020883903422322,0.9020883903422322,0.9020883903422322,0.9020883903422322,0.9020883903422322,0.9020883903422322
1989-10-17,0.8983018039458337,0.8983018039458337,0.8983018039458337,0.8983018039458337,0.8983018039458337,0.8983018039458337,0.8983018039458337,0.8983018039458337,0.8983018039458337,0.8983018039458337,0.8983018039458337,0.8983018039458337,0.8983018039458337,0.8983018039458337,0.8983018039458337
1989-10-18,1.1255279470661506,1.1255279470661506,1.1255279470661506,1.1255279470661506,1.1255279470661506,1.1255279470661506,1.1255279470661506,1.1255279470661506,1.1255279470661506,1.1255279470661506,1.1255279470661506,1.1255279470661506,1.1255279470661506,1.1255279470661506,1.1255279470661506
1989-10-19,1.1464504038385013,1.1464504038385013,1.1464504038385013,1.1464504038385013,1.1464504038385013,1.1464504038385013,1.1464504038385013,1.1464504038385013,1.1464504038385013,1.1464504038385013,1.1464504038385013,1.1464504038385013,1.1464504038385013,1.1464504038385013,1.1464504038385013
1989-10-20,1.410921335366514,1.410921335366514,1.410921335366514,1.410921335366514,1.410921335366514,1.410921335366514,1.410921335366514,1.410921335366514,1.410921335366514,1.410921335366514,1.410921335366514,1.410921335366514,1.410921335366514,1.410921335366514,1.410921335366514
1989-10-21,1.6013120299731278,1.6013120299731278,1.6013120299731278,1.6013120299731278,1.6013120299731278,1.6013120299731278,1.6013120299731278,1.6013120299731278,1.6013120299731278,1.6013120299731278,1.6013120299731278,1.6013120299731278,1.6013120299731278,1.6013120299731278,1.6013120299731278
1989-10-22,1.3590261551712155,1.3590261551712155,1.3590261551712155,1.3590261551712155,1.3590261551712155,1.3590261551712155,1.3590261551712155,1.3590261551712155,1.3590261551712155,1.3590261551712155,1.3590261551712155,1.3590261551712155,1.3590261551712155,1.3590261551712155,1.3590261551712155
1989-10-23,1.6669731401406123,1.6669731401406123,1.6669731401406123,1.6669731401406123,1.6669731401406123,1.6669731401406123,1.6669731401406123,1.6669731401406123,1.6669731401406123,1.6669731401406123,1.6669731401406123,1.6669731401406123,1.6669731401406123,1.6669731401406123,1.6669731401406123
1989-10-24,2.0382507860306616,2.0382507860306616,2.0382507860306616,2.0382507860306616,2.0382507860306616,2.0382507860306616,2.0382507860306616,2.0382507860306616,2.0382507860306616,2.0382507860306616,2.0382507860306616,2.0382507860306616,2.0382507860306616,2.0382507860306616,2.0382507860306616
1989-10-25,2.024929640296137,2.024929640296137,2.024929640296137,2.024929640296137,2.024929640296137,2.024929640296137,2.024929640296137,2.024929640296137,2.024929640296137,2.024929640296137,2.024929640296137,2.024929640296137,2.024929640296137,2.024929640296137,2.024929640296137
1989-10-26,1.9573964373025206,1.9573964373025206,1.9573964373025206,1.9573964373025206,1.9573964373025206,1.9573964373025206,1.9573964373025206,1.9573964373025206,1.9573964373025206,1.9573964373025206,1.9573964373025206,1.9573964373025206,1.9573964373025206,1.9573964373025206,1.9573964373025206
1989-10-27,1.560027131648935,1.560027131648935,1.560027131648935,1.560027131648935,1.560027131648935,1.560027131648935,1.560027131648935,1.560027131648935,1.560027131648935,1.560027131648935,1.560027131648935,1.560027131648935,1.560027131648935,1.560027131648935,1.560027131648935
1989-10-28,1.2048490482947838,1.2048490482947838,1.2048490482947838,1.2048490482947838,1.2048490482947838,1.2048490482947838,1.2048490482947838,1.2048490482947838,1.2048490482947838,1.2048490482947838,1.2048490482947838,1.2048490482947838,1.2048490482947838,1.2048490482947838,1.2048490482947838
1989-10-29,0.6021442178761828,0.6021442178761828,0.6021442178761828,0.6021442178761828,0.6021442178761828,0.6021442178761828,0.6021442178761828,0.6021442178761828,0.6021442178761828,0.6021442178761828,0.6021442178761828,0.6021442178761828,0.6021442178761828,0.6021442178761828,0.6021442178761828
1989-10-30,0.15726640398187036,0.15726640398187036,0.15726640398187036,0.15726640398187036,0.15726640398187036,0.15726640398187036,0.15726640398187036,0.15726640398187036,0.15726640398187036,0.15726640398187036,0.15726640398187036,0.15726640398187036,0.15726640398187036,0.15726640398187036,0.15726640398187036
1989-10-31,-0.13194850072270015,-0.13194850072270015,-0.13194850072270015,-0.13194850072270015,-0.13194850072270015,-0.13194850072270015,-0.13194850072270015,-0.13194850072270015,-0.13194850072270015,-0.13194850072270015,-0.13194850072270015,-0.13194850072270015,-0.13194850072270015,-0.13194850072270015,-0.13194850072270015
1989-11-01,-0.07966422451523947,-0.07966422451523947,-0.07966422451523947,-0.07966422451523947,-0.07966422451523947,-0.07966422451523947,-0.07966422451523947,-0.07966422451523947,-0.07966422451523947,-0.07966422451523947,-0.07966422451523947,-0.07966422451523947,-0.07966422451523947,-0.07966422451523947,-0.07966422451523947
1989-11-02,0.013354731480682122,0.013354731480682122,0.013354731480682122,0.013354731480682122,0.013354731480682122,0.013354731480682122,0.013354731480682122,0.013354731480682122,0.013354731480682122,0.013354731480682122,0.013354731480682122,0.013354731480682122,0.013354731480682122,0.013354731480682122,0.013354731480682122
1989-11-03,0.07061152845303426,0.07061152845303426,0.07061152845303426,0.07061152845303426,0.07061152845303426,0.07061152845303426,0.07061152845303426,0.07061152845303426,0.07061152845303426,0.07061152845303426,0.07061152845303426,0.07061152845303426,0.07061152845303426,0.07061152845303426,0.07061152845303426
1989-11-04,0.04069356264502739,0.04069356264502739,0.04069356264502739,0.04069356264502739,0.04069356264502739,0.04069356264502739,0.04069356264502739,0.04069356264502739,0.04069356264502739,0.04069356264502739,0.04069356264502739,0.04069356264502739,0.04069356264502739,0.04069356264502739,0.04069356264502739
1989-11-05,-0.06523906415508984,-0.06523906415508984,-0.06523906415508984,-0.06523906415508984,-0.06523906415508984,-0.06523906415508984,-0.06523906415508984,-0.06523906415508984,-0.06523906415508984,-0.06523906415508984,-0.06523906415508984,-0.06523906415508984,-0.06523906415508984,-0.06523906415508984,-0.06523906415508984
1989-11-06,-0.14593993308428763,-0.14593993308428763,-0.14593993308428763,-0.14593993308428763,-0.14593993308428763,-0.14593993308428763,-0.14593993308428763,-0.14593993308428763,-0.14593993308428763,-0.14593993308428763,-0.14593993308428763,-0.14593993308428763,-0.14593993308428763,-0.14593993308428763,-0.14593993308428763
1989-11-07,-0.19659584790961657,-0.19659584790961657,-0.19659584790961657,-0.19659584790961657,-0.19659584790961657,-0.19659584790961657,-0.19659584790961657,-0.19659584790961657,-0.19659584790961657,-0.19659584790961657,-0.19659584790961657,-0.19659584790961657,-0.19659584790961657,-0.19659584790961657,-0.19659584790961657
1989-11-08,-0.309641043147407,-0.309641043147407,-0.309641043147407,-0.309641043147407,-0.309641043147407,-0.309641043147407,-0.309641043147407,-0.309641043147407,-0.309641043147407,-0.309641043147407,-0.309641043147407,-0.309641043147407,-0.309641043147407,-0.309641043147407,-0.309641043147407
1989-11-09,-0.4577319491386018,-0.4577319491386018,-0.4577319491386018,-0.4577319491386018,-0.4577319491386018,-0.4577319491386018,-0.4577319491386018,-0.4577319491386018,-0.4577319491386018,-0.4577319491386018,-0.4577319491386018,-0.4577319491386018,-0.4577319491386018,-0.4577319491386018,-0.4577319491386018
1989-11-10,-0.587599521349401,-0.587599521349401,-0.587599521349401,-0.587599521349401,-0.587599521349401,-0.587599521349401,-0.587599521349401,-0.587599521349401,-0.587599521349401,-0.587599521349401,-0.587599521349401,-0.587599521349401,-0.587599521349401,-0.587599521349401,-0.587599521349401
1989-11-11,-0.24465200957922187,-0.24465200957922187,-0.24465200957922187,-0.24465200957922187,-0.24465200957922187,-0.24465200957922187,-0.24465200957922187,-0.24465200957922187,-0.24465200957922187,-0.24465200957922187,-0.24465200957922187,-0.24465200957922187,-0.24465200957922187,-0.24465200957922187,-0.24465200957922187
1989-11-12,0.2249920138169582,0.2249920138169582,0.2249920138169582,0.2249920138169582,0.2249920138169582,0.2249920138169582,0.2249920138169582,0.2249920138169582,0.2249920138169582,0.2249920138169582,0.2249920138169582,0.2249920138169582,0.2249920138169582,0.2249920138169582,0.2249920138169582
1989-11-13,0.6820541601961998,0.6820541601961998,0.6820541601961998,0.6820541601961998,0.6820541601961998,0.6820541601961998,0.6820541601961998,0.6820541601961998,0.6820541601961998,0.6820541601961998,0.6820541601961998,0.6820541601961998,0.6820541601961998,0.6820541601961998,0.6820541601961998
1989-11-14,0.8598263265084899,0.8598263265084899,0.8598263265084899,0.8598263265084899,0.8598263265084899,0.8598263265084899,0.8598263265084899,0.8598263265084899,0.8598263265084899,0.8598263265084899,0.8598263265084899,0.8598263265084899,0.8598263265084899,0.8598263265084899,0.8598263265084899
1989-11-15,0.8458599210128577,0.8458599210128577,0.8458599210128577,0.8458599210128577,0.8458599210128577,0.8458599210128577,0.8458599210128577,0.8458599210128577,0.8458599210128577,0.8458599210128577,0.8458599210128577,0.8458599210128577,0.8458599210128577,0.8458599210128577,0.8458599210128577
1989-11-16,0.5422270436736326,0.5422270436736326,0.5422270436736326,0.5422270436736326,0.5422270436736326,0.5422270436736326,0.5422270436736326,0.5422270436736326,0.5422270436736326,0.5422270436736326,0.5422270436736326,0.5422270436736326,0.5422270436736326,0.5422270436736326,0.5422270436736326
1989-11-17,0.7140918027710088,0.7140918027710088,0.7140918027710088,0.7140918027710088,0.7140918027710088,0.7140918027710088,0.7140918027710088,0.7140918027710088,0.7140918027710088,0.7140918027710088,0.7140918027710088,0.7140918027710088,0.7140918027710088,0.7140918027710088,0.7140918027710088
1989-11-18,0.9552392652516637,0.9552392652516637,0.9552392652516637,0.9552392652516637,0.9552392652516637,0.9552392652516637,0.9552392652516637,0.9552392652516637,0.9552392652516637,0.9552392652516637,0.9552392652516637,0.9552392652516637,0.9552392652516637,0.9552392652516637,0.9552392652516637
1989-11-19,1.1748861186696715,1.1748861186696715,1.1748861186696715,1.1748861186696715,1.1748861186696715,1.1748861186696715,1.1748861186696715,1.1748861186696715,1.1748861186696715,1.1748861186696715,1.1748861186696715,1.1748861186696715,1.1748861186696715,1.1748861186696715,1.1748861186696715
1989-11-20,1.1839498999729665,1.1839498999729665,1.1839498999729665,1.1839498999729665,1.1839498999729665,1.1839498999729665,1.1839498999729665,1.1839498999729665,1.1839498999729665,1.1839498999729665,1.1839498999729665,1.1839498999729665,1.1839498999729665,1.1839498999729665,1.1839498999729665
1989-11-21,1.0946281102593038,1.0946281102593038,1.0946281102593038,1.0946281102593038,1.0946281102593038,1.0946281102593038,1.0946281102593038,1.0946281102593038,1.0946281102593038,1.0946281102593038,1.0946281102593038,1.0946281102593038,1.0946281102593038,1.0946281102593038,1.0946281102593038
1989-11-22,1.010017135887628,1.010017135887628,1.010017135887628,1.010017135887628,1.010017135887628,1.010017135887628,1.010017135887628,1.010017135887628,1.010017135887628,1.010017135887628,1.010017135887628,1.010017135887628,1.010017135887628,1.010017135887628,1.010017135887628
1989-11-23,1.0964087799984041,1.0964087799984041,1.0964087799984041,1.0964087799984041,1.0964087799984041,1.0964087799984041,1.0964087799984041,1.0964087799984041,1.0964087799984041,1.0964087799984041,1.0964087799984041,1.0964087799984041,1.0964087799984041,1.0964087799984041,1.0964087799984041
1989-11-24,0.8293008357574932,0.8293008357574932,0.8293008357574932,0.8293008357574932,0.8293008357574932,0.8293008357574932,0.8293008357574932,0.8293008357574932,0.8293008357574932,0.8293008357574932,0.8293008357574932,0.8293008357574932,0.8293008357574932,0.8293008357574932,0.8293008357574932
1989-11-25,0.2819252968479418,0.2819252968479418,0.2819252968479418,0.2819252968479418,0.2819252968479418,0.2819252968479418,0.2819252968479418,0.2819252968479418,0.2819252968479418,0.2819252968479418,0.2819252968479418,0.2819252968479418,0.2819252968479418,0.2819252968479418,0.2819252968479418
1989-11-26,0.03677400972980774,0.03677400972980774,0.03677400972980774,0.03677400972980774,0.03677400972980774,0.03677400972980774,0.03677400972980774,0.03677400972980774,0.03677400972980774,0.03677400972980774,0.03677400972980774,0.03677400972980774,0.03677400972980774,0.03677400972980774,0.03677400972980774
1989-11-27,-0.3063181963111941,-0.3063181963111941,-0.3063181963111941,-0.3063181963111941,-0.3063181963111941,-0.3063181963111941,-0.3063181963111941,-0.3063181963111941,-0.3063181963111941,-0.3063181963111941,-0.3063181963111941,-0.3063181963111941,-0.3063181963111941,-0.3063181963111941,-0.3063181963111941
1989-11-28,-0.6812631840710446,-0.6812631840710446,-0.6812631840710446,-0.6812631840710446,-0.6812631840710446,-0.6812631840710446,-0.6812631840710446,-0.6812631840710446,-0.6812631840710446,-0.6812631840710446,-0.6812631840710446,-0.6812631840710446,-0.6812631840710446,-0.6812631840710446,-0.6812631840710446
1989-11-29,-1.1724154849750466,-1.1724154849750466,-1.1724154849750466,-1.1724154849750466,-1.1724154849750466,-1.1724154849750466,-1.1724154849750466,-1.1724154849750466,-1.1724154849750466,-1.1724154849750466,-1.1724154849750466,-1.1724154849750466,-1.1724154849750466,-1.1724154849750466,-1.1724154849750466
1989-11-30,-1.416421854347792,-1.416421854347792,-1.416421854347792,-1.416421854347792,-1.416421854347792,-1.416421854347792,-1.416421854347792,-1.416421854347792,-1.416421854347792,-1.416421854347792,-1.416421854347792,-1.416421854347792,-1.416421854347792,-1.416421854347792,-1.416421854347792
1989-12-01,-1.4322851575023445,-1.4322851575023445,-1.4322851575023445,-1.4322851575023445,-1.4322851575023445,-1.4322851575023445,-1.4322851575023445,-1.4322851575023445,-1.4322851575023445,-1.4322851575023445,-1.4322851575023445,-1.4322851575023445,-1.4322851575023445,-1.4322851575023445,-1.4322851575023445
1989-12-02,-1.377813270976688,-1.377813270976688,-1.377813270976688,-1.377813270976688,-1.377813270976688,-1.377813270976688,-1.377813270976688,-1.377813270976688,-1.377813270976688,-1.377813270976688,-1.377813270976688,-1.377813270976688,-1.377813270976688,-1.377813270976688,-1.377813270976688
1989-12-03,-1.5814383292503444,-1.5814383292503444,-1.5814383292503444,-1.5814383292503444,-1.5814383292503444,-1.5814383292503444,-1.5814383292503444,-1.5814383292503444,-1.5814383292503444,-1.5814383292503444,-1.5814383292503444,-1.5814383292503444,-1.5814383292503444,-1.5814383292503444,-1.5814383292503444
1989-12-04,-1.1153495161149125,-1.1153495161149125,-1.1153495161149125,-1.1153495161149125,-1.1153495161149125,-1.1153495161149125,-1.1153495161149125,-1.1153495161149125,-1.1153495161149125,-1.1153495161149125,-1.1153495161149125,-1.1153495161149125,-1.1153495161149125,-1.1153495161149125,-1.1153495161149125
1989-12-05,-0.9185821938436851,-0.9185821938436851,-0.9185821938436851,-0.9185821938436851,-0.9185821938436851,-0.9185821938436851,-0.9185821938436851,-0.9185821938436851,-0.9185821938436851,-0.9185821938436851,-0.9185821938436851,-0.9185821938436851,-0.9185821938436851,-0.9185821938436851,-0.9185821938436851
1989-12-06,-0.7076651050470061,-0.7076651050470061,-0.7076651050470061,-0.7076651050470061,-0.7076651050470061,-0.7076651050470061,-0.7076651050470061,-0.7076651050470061,-0.7076651050470061,-0.7076651050470061,-0.7076651050470061,-0.7076651050470061,-0.7076651050470061,-0.7076651050470061,-0.7076651050470061
1989-12-07,-0.5944046314671153,-0.5944046314671153,-0.5944046314671153,-0.5944046314671153,-0.5944046314671153,-0.5944046314671153,-0.5944046314671153,-0.5944046314671153,-0.5944046314671153,-0.5944046314671153,-0.5944046314671153,-0.5944046314671153,-0.5944046314671153,-0.5944046314671153,-0.5944046314671153
1989-12-08,-0.7211303305650479,-0.7211303305650479,-0.7211303305650479,-0.7211303305650479,-0.7211303305650479,-0.7211303305650479,-0.7211303305650479,-0.7211303305650479,-0.7211303305650479,-0.7211303305650479,-0.7211303305650479,-0.7211303305650479,-0.7211303305650479,-0.7211303305650479,-0.7211303305650479
1989-12-09,-1.007472994528985,-1.007472994528985,-1.007472994528985,-1.007472994528985,-1.007472994528985,-1.007472994528985,-1.007472994528985,-1.007472994528985,-1.007472994528985,-1.007472994528985,-1.007472994528985,-1.007472994528985,-1.007472994528985,-1.007472994528985,-1.007472994528985
1989-12-10,-1.2621200047506742,-1.2621200047506742,-1.2621200047506742,-1.2621200047506742,-1.2621200047506742,-1.2621200047506742,-1.2621200047506742,-1.2621200047506742,-1.2621200047506742,-1.2621200047506742,-1.2621200047506742,-1.2621200047506742,-1.2621200047506742,-1.2621200047506742,-1.2621200047506742
1989-12-11,-1.2436955737150346,-1.2436955737150346,-1.2436955737150346,-1.2436955737150346,-1.2436955737150346,-1.2436955737150346,-1.2436955737150346,-1.2436955737150346,-1.2436955737150346,-1.2436955737150346,-1.2436955737150346,-1.2436955737150346,-1.2436955737150346,-1.2436955737150346,-1.2436955737150346
1989-12-12,-1.133811574996283,-1.133811574996283,-1.133811574996283,-1.133811574996283,-1.133811574996283,-1.133811574996283,-1.133811574996283,-1.133811574996283,-1.133811574996283,-1.133811574996283,-1.133811574996283,-1.133811574996283,-1.133811574996283,-1.133811574996283,-1.133811574996283
1989-12-13,-1.1007009537787698,-1.1007009537787698,-1.1007009537787698,-1.1007009537787698,-1.1007009537787698,-1.1007009537787698,-1.1007009537787698,-1.1007009537787698,-1.1007009537787698,-1.1007009537787698,-1.1007009537787698,-1.1007009537787698,-1.1007009537787698,-1.1007009537787698,-1.1007009537787698
1989-12-14,-0.9214002492289521,-0.9214002492289521,-0.9214002492289521,-0.9214002492289521,-0.9214002492289521,-0.9214002492289521,-0.9214002492289521,-0.9214002492289521,-0.9214002492289521,-0.9214002492289521,-0.9214002492289521,-0.9214002492289521,-0.9214002492289521,-0.9214002492289521,-0.9214002492289521
1989-12-15,-0.7672103259610514,-0.7672103259610514,-0.7672103259610514,-0.7672103259610514,-0.7672103259610514,-0.7672103259610514,-0.7672103259610514,-0.7672103259610514,-0.7672103259610514,-0.7672103259610514,-0.7672103259610514,-0.7672103259610514,-0.7672103259610514,-0.7672103259610514,-0.7672103259610514
1989-12-16,-0.8461409377243313,-0.8461409377243313,-0.8461409377243313,-0.8461409377243313,-0.8461409377243313,-0.8461409377243313,-0.8461409377243313,-0.8461409377243313,-0.8461409377243313,-0.8461409377243313,-0.8461409377243313,-0.8461409377243313,-0.8461409377243313,-0.8461409377243313,-0.8461409377243313
1989-12-17,-0.9189889436998092,-0.9189889436998092,-0.9189889436998092,-0.9189889436998092,-0.9189889436998092,-0.9189889436998092,-0.9189889436998092,-0.9189889436998092,-0.9189889436998092,-0.9189889436998092,-0.9189889436998092,-0.9189889436998092,-0.9189889436998092,-0.9189889436998092,-0.9189889436998092
1989-12-18,-1.0004658622190854,-1.0004658622190854,-1.0004658622190854,-1.0004658622190854,-1.0004658622190854,-1.0004658622190854,-1.0004658622190854,-1.0004658622190854,-1.0004658622190854,-1.0004658622190854,-1.0004658622190854,-1.0004658622190854,-1.0004658622190854,-1.0004658622190854,-1.0004658622190854
1989-12-19,-0.9913665904641414,-0.9913665904641414,-0.9913665904641414,-0.9913665904641414,-0.9913665904641414,-0.9913665904641414,-0.9913665904641414,-0.9913665904641414,-0.9913665904641414,-0.9913665904641414,-0.9913665904641414,-0.9913665904641414,-0.9913665904641414,-0.9913665904641414,-0.9913665904641414
1989-12-20,-1.0934135006036274,-1.0934135006036274,-1.0934135006036274,-1.0934135006036274,-1.0934135006036274,-1.0934135006036274,-1.0934135006036274,-1.0934135006036274,-1.0934135006036274,-1.0934135006036274,-1.0934135006036274,-1.0934135006036274,-1.0934135006036274,-1.0934135006036274,-1.0934135006036274
1989-12-21,-1.025583457315009,-1.025583457315009,-1.025583457315009,-1.025583457315009,-1.025583457315009,-1.025583457315009,-1.025583457315009,-1.025583457315009,-1.025583457315009,-1.025583457315009,-1.025583457315009,-1.025583457315009,-1.025583457315009,-1.025583457315009,-1.025583457315009
1989-12-22,-0.916507057078681,-0.916507057078681,-0.916507057078681,-0.916507057078681,-0.916507057078681,-0.916507057078681,-0.916507057078681,-0.916507057078681,-0.916507057078681,-0.916507057078681,-0.916507057078681,-0.916507057078681,-0.916507057078681,-0.916507057078681,-0.916507057078681
1989-12-23,-1.0356577115134178,-1.0356577115134178,-1.0356577115134178,-1.0356577115134178,-1.0356577115134178,-1.0356577115134178,-1.0356577115134178,-1.0356577115134178,-1.0356577115134178,-1.0356577115134178,-1.0356577115134178,-1.0356577115134178,-1.0356577115134178,-1.0356577115134178,-1.0356577115134178
1989-12-24,-0.9340986850653812,-0.9340986850653812,-0.9340986850653812,-0.9340986850653812,-0.9340986850653812,-0.9340986850653812,-0.9340986850653812,-0.9340986850653812,-0.9340986850653812,-0.9340986850653812,-0.9340986850653812,-0.9340986850653812,-0.9340986850653812,-0.9340986850653812,-0.9340986850653812
1989-12-25,-1.0469383466503672,-1.0287184077005327,-1.0259504312987815,-1.0306437058029227,-1.0507529088865495,-1.0200454046728624,-0.9907318701944259,-0.9882177270038232,-0.9480141681448063,-1.1045131358630558,-0.953265497428129,-1.0127655424299318,-1.0049663790413634,-1.0060319664802997,-0.9658750832236636
1989-12-26,-0.5670131599614928,-0.5104506122441481,-0.5527412111573904,-0.414024820104108,-0.6439216048861497,-0.42853029778733975,-0.7312465231075916,-0.5577727301762446,-0.6512441264492481,-0.5008904140412286,-0.3274234975638896,-0.5250514750359712,-0.5824858299490887,-0.6415184157153593,-0.521520497124535
1989-12-27,-0.3124240983323204,-0.18791038625655337,-0.3393220139275146,-0.05903814746512328,-0.2572376261414925,-0.11750346831918995,-0.39494785167751245,-0.45185201435896954,-0.4973363922516633,-0.3289180795884766,-0.08405770632171558,-0.12855320376798893,-0.4035006193327288,-0.27831046683236693,-0.10761550054113656
1989-12-28,-0.017962927175094644,0.18753874630394352,0.1396918670072502,0.08923150498108665,0.16633929508084475,0.12698453899430906,-0.047492188367835954,-0.3710871180605294,-0.20177299163274584,0.2262177672046171,0.006959321488921754,0.26937165492166204,-0.15447169251310905,0.13606850815858068,0.37042418569049623
1989-12-29,0.188075850582428,0.43284709211497224,0.2803016941991117,0.31510529560734096,0.4851588022648149,0.22440989483530882,0.02122708597706921,-0.45327373060540327,-0.13919982847397994,0.5257658176202995,0.13724397353811382,0.30335028728340474,0.05309911547325137,0.4141232082223762,0.7022766633115505
1989-12-30,0.39774452866243876,0.5792388354233012,0.3179773098691689,0.565052932226342,0.6198645916893819,0.4194741034043058,0.33463131203505464,-0.3422564681677609,0.0928943247467033,0.7625307523327713,0.06384955639651324,0.45922856394021944,0.2773163069392561,0.6666270128077282,0.9776129844127747
1989-12-31,0.7036092609001214,0.8797805568807261,0.45209008026532044,0.7115741377763238,0.7849472400853301,0.9910009359751003,0.7448230772525554,-0.06068413915042856,0.2614336775770153,0.933179777243846,0.1590895545192818,0.9051848298044352,0.6694520279333541,1.0859290850623267,1.234381425444845
1990-01-01,0.8372979639273385,1.066220961519005,0.42205053047044516,1.1267292817781245,1.197703417082163,1.2406553406493535,0.7662898864575093,0.059282940702001866,0.41538991100458356,1.0615187267177328,-0.09011644172787293,1.2023586758796105,0.8957113188424604,1.3251438974149659,1.187645213734968
1990-01-02,0.8774747624104835,0.9875217583376056,0.6011056180136628,1.3558942975363477,1.2499773287754934,1.2438477621399764,0.6462654307222336,0.05660749801774066,0.43799633142563416,1.1440963527587629,-0.16867258577639044,1.3560259648299497,0.6788659560989911,1.3853079870933522,1.4302518875290935
1990-01-03,0.5824621531727708,0.9417679556954051,0.3588486179787758,1.3427499341705262,1.2234363939432369,0.9317742591958863,0.48446707730412736,-0.2238031769957143,0.12009648435526288,1.1091160920299492,-0.253791158112912,1.2273899759784048,0.5522424303281775,1.3065107742082016,1.5147754830158597
1990-01-04,0.29878666689276495,0.7859492101768742,0.2940578077265779,1.2726657239472627,1.1967246663794169,0.9048146198430098,0.25172877286691764,-0.2063032226020914,0.25563309790978206,0.7451940947894731,-0.19432663836257058,1.1965270277764226,0.5830981765006195,1.4216239476186234,1.3379413470563373
1990-01-05,-0.07088725096341457,0.5859984052197412,0.4884643667904084,0.7330638031542722,1.1832488259147629,0.7978071053039776,0.13409289993161166,-0.18292762206830074,0.33279377776353836,0.5895553210057642,0.03860332102048748,0.9858097599445808,0.8736603650151156,1.3724600097637552,0.9162673513473621
1990-01-06,-0.19879307906913019,0.3366318973903743,0.7107343337292247,0.38811215779565406,0.8563979261321735,0.7139617142338899,0.1702269543087642,-0.14444558564242233,0.12132446699143827,0.6572407175160476,0.21601702985749108,0.6101838545024397,1.2279817192637656,1.2787024906758477,0.5117350887107319
1990-01-07,0.007944476914390665,0.5779893999656638,0.8706863575807757,0.21561109238311493,0.5122666644615564,0.6649673563058051,0.4222119433831137,-0.17793644088763969,0.3355685442227201,0.322987867887226,0.4306559162747953,0.6273452541262836,1.043634254670527,1.1435444122190528,0.5030768724482706
1990-01-08,-0.012738601232944121,0.9991972588844041,0.833609363093824,0.06527740217749631,0.03742575818007983,0.7262619114538269,0.5503935166817912,-0.16573699621579213,0.7319653839286332,-0.11059642886632942,0.8316301676247422,0.6912680532644572,0.6490752696460219,1.186970729171578,0.6822695732055476
1990-01-09,0.026195366503089304,1.0687945029172248,1.0426532092048453,-0.10700228406535454,-0.15092474743310583,0.8184340486914012,0.3335165616196118,-0.12747903324938287,0.6710644396388563,-0.36584794289247496,1.0833441543428717,0.9317884059028325,0.3781664589597625,1.2332674417926335,0.733080562770027
1990-01-10,0.30511009348521606,0.958183841175118,0.8641809135853302,-0.26443076880165567,-0.11237320697979672,0.9068674286489626,0.18640678106381114,0.082051490585689,0.6120157115056528,-0.1366611650543494,1.1471077944637953,0.9721766568420946,0.5995977598527064,1.1945839798380606,0.7652748381572514
1990-01-11,0.5141243247661972,0.9982784858563423,0.8636320817724676,-0.25281651259518934,0.1563925672255081,0.8242825621413933,-0.07957517214757613,0.2355092523335141,0.5238025127625977,0.13635575933795324,1.6460155395057134,0.9434321584766096,0.3773939191942567,1.1042482065125245,0.6450028142721995
1990-01-12,1.0539331758851667,1.0066617404608993,0.939544629871786,0.04973964383370677,0.19952358993408476,0.8272433540815888,0.044236985168466185,0.14506429524148087,0.371994093676632,0.005322765908396207,2.1933352690405155,0.6689306913908963,0.3980781417716706,1.416172717240851,0.7348279133444245
1990-01-13,1.5881131929270274,1.0673618296663596,1.0220904123731371,0.014111803308192995,0.31177472713885906,0.8928901982679086,-0.1237906724004688,0.17261728289391537,0.29334063930236276,0.05953039570824442,2.2628952547122463,0.7520395056730435,0.05572648665629067,1.200837607234241,0.8288071983013646
1990-01-14,1.8828460382541203,0.9689201929674592,1.0440155864361418,0.022407572397910983,0.27954417947376153,0.7938436241101569,-0.1450404080718878,0.2506319963485984,0.12973683414534112,-0.1597000551416215,2.021061536418009,0.965983042150217,0.2536490889924025,1.2789515828078877,0.8181082996337624
1990-01-15,2.046301640275387,0.5454709641555731,1.011897121597979,-0.22533954397872233,0.10949691105484265,0.9143197774428556,-0.42888050389223376,0.3850004856947787,0.28824174922891344,-0.1891227507245939,2.2136706288660193,0.8409722193609095,0.376302045915173,1.3091689356111698,0.5430509692951572
1990-01-16,2.196585534674972,0.04688406029352281,0.9001146183011646,-0.47245523412636264,-0.10653845213483921,0.6550415922853476,-0.5293309737283588,0.6265732157036372,0.47104194458100257,0.1682047528282495,2.2145326707066073,0.7937571918914716,0.8908845170522647,1.2628993908398944,0.6181606874913194
1990-01-17,2.2351106232046924,-0.2094399765034316,0.2084425060409586,-0.623376892077239,-0.07472242197086852,0.3846882238789195,-0.26301250774402074,0.9561443182231282,0.7345622156807714,0.3386061470017187,1.778732823258314,1.0455167905758493,1.3522146660644236,1.1383368011090809,0.5600936203490913
1990-01-18,2.1934082032214435,-0.33855594154827584,-0.34514635713212866,-0.43258748611935366,0.2008332088530735,0.43827888807792437,-0.2025258161728106,1.1179499236774835,0.8300342251786472,0.3463676528292955,1.2391209605799915,1.2442876016874,1.508725396833052,1.3867545408217103,0.7130419457700637
1990-01-19,1.7967867273956408,-0.30022204802630087,-0.5082412557680347,-0.4351423511833954,0.07089011953557929,0.6134071449021045,-0.37905502204344466,1.0414349246814292,0.6589757805052864,0.4317633325325446,0.817013077046835,0.9784807146801353,1.5237965805880065,1.2004732621008904,0.8329269180903736
1990-01-20,1.182875271767051,-0.286192732279664,-0.6426413558211225,-0.19922617985917881,0.18225996648735823,0.8146520058247959,-0.6011206905142792,0.7189641067532168,0.6093774016459632,0.31670130552277576,0.4155705480902756,0.6465726398680334,1.3935695990165995,0.978193817526752,0.8386494006364514
1990-01-21,0.8596088604506394,-0.08823939748589926,-0.7435015104606695,0.07599376977565356,0.19195946984996284,0.5984332845287282,-0.701208816557675,0.41713932901462164,0.6932775169058847,0.3591964242419223,0.3081998460873898,0.41594313629719465,1.3712390796594165,0.8283566201247177,0.724062460239462
1990-01-22,0.4376700699431386,0.18140532194187267,-0.9171803618980897,0.2694145169881682,0.27299766794233404,0.4420978377262296,-0.5357480025005293,0.7830854230157428,1.2287082817291888,0.8913947865505087,0.3191880465113822,0.457307550202642,1.4341779826474266,0.8319257052191334,0.4152325406969925
1990-01-23,0.38708179801094145,0.3073564864952821,-0.7142409755587094,0.3171288413254499,0.5388559308504314,0.13753568479462597,-0.4640179531422296,1.0468895210374234,1.487728565495073,1.2901450395641185,0.17813433540755863,0.46289822495984834,1.3314205402052337,0.8159714409827014,0.03886869238444806
1990-01-24,0.20015968428131292,0.8121548761101341,-0.2843961210206533,0.36955275887266203,0.5673494955575641,0.09317309127307027,-0.5040215323916084,1.1699593330703044,1.5665699200535141,1.2097957488077413,0.29470981241379296,0.5709154528367683,1.3976586957448058,0.9073031594398536,0.09828472980074811
1990-01-25,0.17912874149715902,0.9122441321926039,-0.20022660470624484,0.10644445864256011,0.5533342652944344,-0.15505255125005712,-0.2970562995439749,1.3624543990596323,1.209317292497075,0.8062688505594782,0.3946517494949257,0.9049510310187078,1.32924228844654,1.1226401274452869,-0.04617002624981356
1990-01-26,0.35821651050756104,0.8870636112497366,-0.4423614637561601,0.024708735749282666,0.5685450935456606,-0.09951238094993409,0.255000185361453,1.5078227769401489,0.8472606353862203,0.2614942766101146,0.32818584503080195,1.2553839833079472,1.184879270069804,1.37334811197866,-0.13524591204910635
1990-01-27,0.4980789257165618,1.0217882379800276,-0.9120104121373368,-0.07709205276583911,0.638770780975338,0.03049384040526412,0.5037832772192753,1.7353863446700692,0.9565773854583363,0.32258555342813805,0.6661653213895166,1.279651437463942,1.2502682280673314,1.1970271108312078,-0.4312049513505383
1990-01-28,0.36838692760760505,0.8767342916715369,-0.9381444131486397,-0.027796339309310202,0.488805870808684,-0.24098268312812574,0.737387527913959,2.03283737599364,0.5396299653654207,0.5145505516042773,0.96377839395033,1.29960041322658,1.1440497515618264,0.6247058433744563,-0.3395141296862528
1990-01-29,0.330155589100683,0.5940931589823896,-0.5049189545788852,0.07984448259335518,0.31516197788081085,-0.6393624233447478,0.9080684998223927,2.007180354521509,0.17712508868305807,0.4130734808043239,1.0096057584555398,1.6228853955527982,0.6371967167545705,0.031107497209409727,-0.22681979461089263
1990-01-30,0.47619456855125264,0.1791424036685701,-0.17589891887156972,0.19719546208936178,-0.006241797951378927,-0.8588671361133753,1.4018642697471668,1.9977658174054647,-0.12118766192620328,0.5111873758716078,1.0301690062542106,2.036147160076119,0.5981315901987605,-0.5852351724971562,-0.6364820515597033
1990-01-31,0.8105576461589946,0.09927435934572976,0.29850122357002407,0.33135296986479307,-0.28147644373299063,-0.8848005606396027,1.5709682192623664,2.1155255863669042,0.17880625553008503,0.5087763758109711,1.1006146044153264,2.0773873014321502,0.5650247883267312,-0.340499116571361,-0.8485149886532585
1990-02-01,0.9463748812717278,0.3164018382949889,0.734379805974745,0.23071267185825736,-0.40550725731321785,-0.909136756930072,1.5568853954859183,2.220139264588389,0.389208785863281,0.1741744693391272,1.022374766460574,2.0954537123710852,0.972852357134834,0.381499360781835,-0.9498400774764751
1990-02-02,1.057384918865078,0.44236706240552004,1.2989953535275358,0.16791604704014126,-0.6504060550123179,-0.8582587260680008,1.470959771921298,2.1486808168901534,0.27288927087895637,-0.34487527943977814,0.8270252300560588,2.165360308930766,1.1001728082102993,0.11811207427376122,-0.8701071639826677
1990-02-03,1.2572683002051526,0.5379306543872552,1.9779773824142612,-0.03861856613885637,-0.37494446214945915,-0.602849584151801,1.2862742150796225,1.9204311319778027,0.22792429147730603,-0.4645585802453619,0.589488979643474,2.3609213095625132,0.9538057718131399,-0.20185114104361712,-0.6956222309070577
1990-02-04,1.0456212317006521,0.7150291076144164,2.2994949308210533,0.05694368855992484,0.21141702917471947,0.08045526007380552,1.0470071119791775,1.6496886929470052,-0.021794984114052517,-0.8108927845013438,0.30506165468434415,2.2931414737585745,0.3471577883335827,-0.041746587331819456,-0.3691007999925245
1990-02-05,0.8503336259837443,0.9678991125819809,2.381602266624592,-0.2402677941237688,0.43698357095507145,0.545342479727628,0.5543330863635909,1.5694021164497287,0.1906498914948224,-0.5847002118695399,0.0489310740872946,1.925047046658515,0.3019291796847533,0.06945735639020148,0.06718785917979735
1990-02-06,0.4262192583391003,0.9339710127116397,2.137088063320139,-0.017645346786962546,0.8159875206465943,0.671141103770966,0.21101462693537443,1.7504503053714973,0.46042122301545507,0.2793054614424842,0.15204058938856618,1.6809199800646735,0.687589724310454,-0.2982860060901775,0.22555373657735717
1990-02-07,0.1694825684246606,0.42830539245967186,1.4874885207506077,0.34998128728715683,0.7311014559575221,0.6518532371283278,0.19907815652147354,1.6014981017707621,0.4065708012427692,0.9651133003619488,0.2721260930572862,1.8075267704969546,0.7549505207070076,-0.278876328874149,0.13572321333604948
1990-02-08,0.04806855708386836,0.4339456985593933,1.0436294927781056,0.6617486597749722,0.5022177669899116,0.2478824932299606,0.5297728677917382,1.3422708118610565,0.27796129563086847,1.3019102492228722,0.24851669506360075,1.3046277976493632,0.4647671760261529,-0.30623369866365796,-0.22237403701253275
1990-02-09,-0.07075689889136287,0.7420489596312275,0.6558203612434268,1.0366468076430504,0.41439708734226566,-0.13140585185644074,0.385843832786136,0.6475962108681713,0.22062420539192606,1.1716794474411565,0.6237955052929256,1.171139257389958,0.281833996671356,-0.4815417182097956,-0.7872553734324499
1990-02-10,-0.1669286148743182,0.6532966085556783,0.1649186866880442,1.2309011892556492,0.6053192583057695,-0.5410682591465293,-0.0017297820078509322,0.13882231105225998,-0.3233103695220577,1.0648506529732615,0.6257887571127622,0.8880206631777753,0.34987485944280466,-0.8651603897357584,-0.947813158495682
1990-02-11,-0.3005825509198078,0.3916304463604553,-0.42229032522002263,1.3344785391751999,0.45183379912851973,-0.7800037743960075,-0.2592417948452543,-0.2504307300129431,-0.309283811318327,1.2485633521134512,0.5793001483297818,0.5806447025306452,0.43251031499182147,-1.0724108297967945,-1.1220146624727543
1990-02-12,-0.4814245126005338,0.0691176775048829,-0.9010745393985834,1.3429388953572876,0.0949541444798945,-1.0302923152943415,-0.13047770942561826,-0.1763524340583218,-0.08501373719267784,1.4994100518213411,0.5142183243628582,0.28490132882554053,0.43401392689720175,-1.1120884822688337,-1.3686562258021628
1990-02-13,-0.5625496555165036,0.18339853636657805,-0.8327653391154212,1.1997771950119231,0.013322065902633573,-1.3737433409378814,0.23411663153479964,-0.067930195334538,0.01249982909280092,1.1307609431366978,0.44488309813999427,0.15656971018365143,0.1534936305057995,-0.6933229975605609,-1.3621140065758488
1990-02-14,-0.3850371530346024,0.45799170512958187,-0.6421152015030792,0.8486560401902286,0.14825546508397258,-1.558519430396948,0.4298474252266376,0.20458471821916352,0.03930743621321341,0.6808981494843546,0.4297634457999743,-0.165486476848605,0.043468906743517895,-0.05036651474226446,-1.622164787265412
1990-02-15,-0.035282362625456275,0.5982807572205427,-1.0226895583143092,0.40635711678421677,0.4740021018771351,-1.5640444079631002,0.48047608857556173,0.11222486965290135,-0.212113137536534,0.6706286755434561,0.5786717804173815,-0.5340110087216019,0.19112653373582555,-0.18850549488160478,-2.0835240980390926
1990-02-16,0.2253925925622407,0.6412733001535482,-1.1820240083777296,0.42755160471001613,0.5023569626637229,-1.5361046255396504,0.4010264545008875,0.022798789912048353,-0.5908595565489771,0.6669490417197804,0.9219088700194049,-0.6461791296398056,0.5989856832645081,-0.22875549966561787,-2.541709145554149
1990-02-17,0.25241168300852274,0.7215813056876155,-1.3474607328519088,0.6824346325629171,0.3298109616626678,-1.172183028090518,0.4517202906360748,-0.09503419170651246,-1.4087975907960075,0.7097556006892431,0.7542994812352836,-0.7017730276762779,0.6493473198560717,0.016305415512635354,-2.536246169910382
1990-02-18,0.24686013378650068,0.7721950240401151,-1.2791909470290124,0.7566114779535295,0.07861831829070763,-0.6145832747388509,0.5895780585149432,-0.10296235591810365,-1.9404867427036574,0.45076667320985997,0.7345388209504116,-1.2332846101679944,0.4605545304640242,0.5369209607280511,-2.3487272243662463
1990-02-19,0.3344276793192887,0.8343741202956053,-1.2884368967194444,0.6841847222042424,0.7023876750600035,-0.47594464995073676,0.4274723971431156,-0.47392895849485334,-2.1085036259760894,0.33977059621144723,0.5632976655207436,-1.9320576319416436,0.34689589087995343,0.6795420110322407,-2.4043177911948113
1990-02-20,0.5073070797217949,1.1857498423548516,-1.552109423430833,0.5881228929865204,0.9633164553821705,0.01876337241251416,0.2227674311073967,-0.5735847130195497,-2.1284835623070273,0.301378984860662,0.5032505631829418,-2.3940154304069554,0.2755898454056764,0.6852461285472868,-2.3497706989006235
1990-02-21,0.17761655319382363,1.0928262277392697,-1.8166831191840576,0.6662860404902889,0.9798632949310672,0.4895010655792513,0.13617180681424082,-0.7771244996533789,-2.2365189268608785,0.27322796120344384,0.8192517906670301,-2.3763176616477897,0.3192508457421097,0.49780542799840277,-2.0487876402012253
1990-02-22,-0.29502516024610614,1.0390199697614262,-2.276238679569666,0.48849937548980693,0.9648712401349706,0.6786600176656448,0.28455820739970894,-0.6855549426530235,-2.5880242516153538,0.14257637116489527,1.4523677224596498,-1.9986470484722958,0.28066420107615625,0.36967514915019867,-1.8645770211952772
1990-02-23,-0.580223687176457,1.0873384915181339,-2.4779220240696582,0.2916002890394736,0.5582013219135443,0.7525508981519275,0.35825868650968484,-0.8171301650985028,-2.4987618082897867,0.037358168013136676,1.5498307764366104,-1.9899228998532532,0.5029916162185402,0.19477466912374938,-2.0856253391771093
