,1,2,3,4,5,6,7,8,9,10,11,12,13,14,15
1991-08-21,-0.3057345184849701,-0.3057345184849701,-0.3057345184849701,-0.3057345184849701,-0.3057345184849701,-0.3057345184849701,-0.3057345184849701,-0.3057345184849701,-0.3057345184849701,-0.3057345184849701,-0.3057345184849701,-0.3057345184849701,-0.3057345184849701,-0.3057345184849701,-0.3057345184849701
1991-08-22,-0.370663146058476,-0.370663146058476,-0.370663146058476,-0.370663146058476,-0.370663146058476,-0.370663146058476,-0.370663146058476,-0.370663146058476,-0.370663146058476,-0.370663146058476,-0.370663146058476,-0.370663146058476,-0.370663146058476,-0.370663146058476,-0.370663146058476
1991-08-23,-0.18382565738002787,-0.18382565738002787,-0.18382565738002787,-0.18382565738002787,-0.18382565738002787,-0.18382565738002787,-0.18382565738002787,-0.18382565738002787,-0.18382565738002787,-0.18382565738002787,-0.18382565738002787,-0.18382565738002787,-0.18382565738002787,-0.18382565738002787,-0.18382565738002787
1991-08-24,0.15048361404062835,0.15048361404062835,0.15048361404062835,0.15048361404062835,0.15048361404062835,0.15048361404062835,0.15048361404062835,0.15048361404062835,0.15048361404062835,0.15048361404062835,0.15048361404062835,0.15048361404062835,0.15048361404062835,0.15048361404062835,0.15048361404062835
1991-08-25,-0.0396339024212733,-0.0396339024212733,-0.0396339024212733,-0.0396339024212733,-0.0396339024212733,-0.0396339024212733,-0.0396339024212733,-0.0396339024212733,-0.0396339024212733,-0.0396339024212733,-0.0396339024212733,-0.0396339024212733,-0.0396339024212733,-0.0396339024212733,-0.0396339024212733
1991-08-26,-0.11435189457904106,-0.11435189457904106,-0.11435189457904106,-0.11435189457904106,-0.11435189457904106,-0.11435189457904106,-0.11435189457904106,-0.11435189457904106,-0.11435189457904106,-0.11435189457904106,-0.11435189457904106,-0.11435189457904106,-0.11435189457904106,-0.11435189457904106,-0.11435189457904106
1991-08-27,0.071149833526672,0.071149833526672,0.071149833526672,0.071149833526672,0.071149833526672,0.071149833526672,0.071149833526672,0.071149833526672,0.071149833526672,0.071149833526672,0.071149833526672,0.071149833526672,0.071149833526672,0.071149833526672,0.071149833526672
1991-08-28,0.2784797687841717,0.2784797687841717,0.2784797687841717,0.2784797687841717,0.2784797687841717,0.2784797687841717,0.2784797687841717,0.2784797687841717,0.2784797687841717,0.2784797687841717,0.2784797687841717,0.2784797687841717,0.2784797687841717,0.2784797687841717,0.2784797687841717
1991-08-29,0.14968647159914603,0.14968647159914603,0.14968647159914603,0.14968647159914603,0.14968647159914603,0.14968647159914603,0.14968647159914603,0.14968647159914603,0.14968647159914603,0.14968647159914603,0.14968647159914603,0.14968647159914603,0.14968647159914603,0.14968647159914603,0.14968647159914603
1991-08-30,0.3794969841617248,0.3794969841617248,0.3794969841617248,0.3794969841617248,0.3794969841617248,0.3794969841617248,0.3794969841617248,0.3794969841617248,0.3794969841617248,0.3794969841617248,0.3794969841617248,0.3794969841617248,0.3794969841617248,0.3794969841617248,0.3794969841617248
1991-08-31,0.14795624264088028,0.14795624264088028,0.14795624264088028,0.14795624264088028,0.14795624264088028,0.14795624264088028,0.14795624264088028,0.14795624264088028,0.14795624264088028,0.14795624264088028,0.14795624264088028,0.14795624264088028,0.14795624264088028,0.14795624264088028,0.14795624264088028
1991-09-01,0.31169631033283984,0.31169631033283984,0.31169631033283984,0.31169631033283984,0.31169631033283984,0.31169631033283984,0.31169631033283984,0.31169631033283984,0.31169631033283984,0.31169631033283984,0.31169631033283984,0.31169631033283984,0.31169631033283984,0.31169631033283984,0.31169631033283984
1991-09-02,0.6747206928954487,0.6747206928954487,0.6747206928954487,0.6747206928954487,0.6747206928954487,0.6747206928954487,0.6747206928954487,0.6747206928954487,0.6747206928954487,0.6747206928954487,0.6747206928954487,0.6747206928954487,0.6747206928954487,0.6747206928954487,0.6747206928954487
1991-09-03,0.7348193615837443,0.7348193615837443,0.7348193615837443,0.7348193615837443,0.7348193615837443,0.7348193615837443,0.7348193615837443,0.7348193615837443,0.7348193615837443,0.7348193615837443,0.7348193615837443,0.7348193615837443,0.7348193615837443,0.7348193615837443,0.7348193615837443
1991-09-04,0.3723129322184334,0.3723129322184334,0.3723129322184334,0.3723129322184334,0.3723129322184334,0.3723129322184334,0.3723129322184334,0.3723129322184334,0.3723129322184334,0.3723129322184334,0.3723129322184334,0.3723129322184334,0.3723129322184334,0.3723129322184334,0.3723129322184334
1991-09-05,0.5476247709809249,0.5476247709809249,0.5476247709809249,0.5476247709809249,0.5476247709809249,0.5476247709809249,0.5476247709809249,0.5476247709809249,0.5476247709809249,0.5476247709809249,0.5476247709809249,0.5476247709809249,0.5476247709809249,0.5476247709809249,0.5476247709809249
1991-09-06,0.9732014353816634,0.9732014353816634,0.9732014353816634,0.9732014353816634,0.9732014353816634,0.9732014353816634,0.9732014353816634,0.9732014353816634,0.9732014353816634,0.9732014353816634,0.9732014353816634,0.9732014353816634,0.9732014353816634,0.9732014353816634,0.9732014353816634
1991-09-07,1.359277636805185,1.359277636805185,1.359277636805185,1.359277636805185,1.359277636805185,1.359277636805185,1.359277636805185,1.359277636805185,1.359277636805185,1.359277636805185,1.359277636805185,1.359277636805185,1.359277636805185,1.359277636805185,1.359277636805185
1991-09-08,1.2034232931744446,1.2034232931744446,1.2034232931744446,1.2034232931744446,1.2034232931744446,1.2034232931744446,1.2034232931744446,1.2034232931744446,1.2034232931744446,1.2034232931744446,1.2034232931744446,1.2034232931744446,1.2034232931744446,1.2034232931744446,1.2034232931744446
1991-09-09,1.1588754802619907,1.1588754802619907,1.1588754802619907,1.1588754802619907,1.1588754802619907,1.1588754802619907,1.1588754802619907,1.1588754802619907,1.1588754802619907,1.1588754802619907,1.1588754802619907,1.1588754802619907,1.1588754802619907,1.1588754802619907,1.1588754802619907
1991-09-10,1.3406287851226564,1.3406287851226564,1.3406287851226564,1.3406287851226564,1.3406287851226564,1.3406287851226564,1.3406287851226564,1.3406287851226564,1.3406287851226564,1.3406287851226564,1.3406287851226564,1.3406287851226564,1.3406287851226564,1.3406287851226564,1.3406287851226564
1991-09-11,1.5957560620383406,1.5957560620383406,1.5957560620383406,1.5957560620383406,1.5957560620383406,1.5957560620383406,1.5957560620383406,1.5957560620383406,1.5957560620383406,1.5957560620383406,1.5957560620383406,1.5957560620383406,1.5957560620383406,1.5957560620383406,1.5957560620383406
1991-09-12,1.673817672738174,1.673817672738174,1.673817672738174,1.673817672738174,1.673817672738174,1.673817672738174,1.673817672738174,1.673817672738174,1.673817672738174,1.673817672738174,1.673817672738174,1.673817672738174,1.673817672738174,1.673817672738174,1.673817672738174
1991-09-13,1.4500804315230853,1.4500804315230853,1.4500804315230853,1.4500804315230853,1.4500804315230853,1.4500804315230853,1.4500804315230853,1.4500804315230853,1.4500804315230853,1.4500804315230853,1.4500804315230853,1.4500804315230853,1.4500804315230853,1.4500804315230853,1.4500804315230853
1991-09-14,1.6215960650195402,1.6215960650195402,1.6215960650195402,1.6215960650195402,1.6215960650195402,1.6215960650195402,1.6215960650195402,1.6215960650195402,1.6215960650195402,1.6215960650195402,1.6215960650195402,1.6215960650195402,1.6215960650195402,1.6215960650195402,1.6215960650195402
1991-09-15,1.36915537541986,1.36915537541986,1.36915537541986,1.36915537541986,1.36915537541986,1.36915537541986,1.36915537541986,1.36915537541986,1.36915537541986,1.36915537541986,1.36915537541986,1.36915537541986,1.36915537541986,1.36915537541986,1.36915537541986
1991-09-16,1.1306946389380748,1.1306946389380748,1.1306946389380748,1.1306946389380748,1.1306946389380748,1.1306946389380748,1.1306946389380748,1.1306946389380748,1.1306946389380748,1.1306946389380748,1.1306946389380748,1.1306946389380748,1.1306946389380748,1.1306946389380748,1.1306946389380748
1991-09-17,0.8467475559144334,0.8467475559144334,0.8467475559144334,0.8467475559144334,0.8467475559144334,0.8467475559144334,0.8467475559144334,0.8467475559144334,0.8467475559144334,0.8467475559144334,0.8467475559144334,0.8467475559144334,0.8467475559144334,0.8467475559144334,0.8467475559144334
1991-09-18,0.6103863966661329,0.6103863966661329,0.6103863966661329,0.6103863966661329,0.6103863966661329,0.6103863966661329,0.6103863966661329,0.6103863966661329,0.6103863966661329,0.6103863966661329,0.6103863966661329,0.6103863966661329,0.6103863966661329,0.6103863966661329,0.6103863966661329
1991-09-19,0.3819532435533886,0.3819532435533886,0.3819532435533886,0.3819532435533886,0.3819532435533886,0.3819532435533886,0.3819532435533886,0.3819532435533886,0.3819532435533886,0.3819532435533886,0.3819532435533886,0.3819532435533886,0.3819532435533886,0.3819532435533886,0.3819532435533886
1991-09-20,0.20051237319979,0.20051237319979,0.20051237319979,0.20051237319979,0.20051237319979,0.20051237319979,0.20051237319979,0.20051237319979,0.20051237319979,0.20051237319979,0.20051237319979,0.20051237319979,0.20051237319979,0.20051237319979,0.20051237319979
1991-09-21,-0.07617668500431475,-0.07617668500431475,-0.07617668500431475,-0.07617668500431475,-0.07617668500431475,-0.07617668500431475,-0.07617668500431475,-0.07617668500431475,-0.07617668500431475,-0.07617668500431475,-0.07617668500431475,-0.07617668500431475,-0.07617668500431475,-0.07617668500431475,-0.07617668500431475
1991-09-22,-0.32003840194475225,-0.32003840194475225,-0.32003840194475225,-0.32003840194475225,-0.32003840194475225,-0.32003840194475225,-0.32003840194475225,-0.32003840194475225,-0.32003840194475225,-0.32003840194475225,-0.32003840194475225,-0.32003840194475225,-0.32003840194475225,-0.32003840194475225,-0.32003840194475225
1991-09-23,-0.5585107564893808,-0.5585107564893808,-0.5585107564893808,-0.5585107564893808,-0.5585107564893808,-0.5585107564893808,-0.5585107564893808,-0.5585107564893808,-0.5585107564893808,-0.5585107564893808,-0.5585107564893808,-0.5585107564893808,-0.5585107564893808,-0.5585107564893808,-0.5585107564893808
1991-09-24,-0.5828105986498943,-0.5828105986498943,-0.5828105986498943,-0.5828105986498943,-0.5828105986498943,-0.5828105986498943,-0.5828105986498943,-0.5828105986498943,-0.5828105986498943,-0.5828105986498943,-0.5828105986498943,-0.5828105986498943,-0.5828105986498943,-0.5828105986498943,-0.5828105986498943
1991-09-25,-0.4745509807065159,-0.4745509807065159,-0.4745509807065159,-0.4745509807065159,-0.4745509807065159,-0.4745509807065159,-0.4745509807065159,-0.4745509807065159,-0.4745509807065159,-0.4745509807065159,-0.4745509807065159,-0.4745509807065159,-0.4745509807065159,-0.4745509807065159,-0.4745509807065159
1991-09-26,-0.4047115450679358,-0.4047115450679358,-0.4047115450679358,-0.4047115450679358,-0.4047115450679358,-0.4047115450679358,-0.4047115450679358,-0.4047115450679358,-0.4047115450679358,-0.4047115450679358,-0.4047115450679358,-0.4047115450679358,-0.4047115450679358,-0.4047115450679358,-0.4047115450679358
1991-09-27,-0.3145370407441229,-0.3145370407441229,-0.3145370407441229,-0.3145370407441229,-0.3145370407441229,-0.3145370407441229,-0.3145370407441229,-0.3145370407441229,-0.3145370407441229,-0.3145370407441229,-0.3145370407441229,-0.3145370407441229,-0.3145370407441229,-0.3145370407441229,-0.3145370407441229
1991-09-28,-0.10664309042215897,-0.10664309042215897,-0.10664309042215897,-0.10664309042215897,-0.10664309042215897,-0.10664309042215897,-0.10664309042215897,-0.10664309042215897,-0.10664309042215897,-0.10664309042215897,-0.10664309042215897,-0.10664309042215897,-0.10664309042215897,-0.10664309042215897,-0.10664309042215897
1991-09-29,-0.01438081458957219,-0.01438081458957219,-0.01438081458957219,-0.01438081458957219,-0.01438081458957219,-0.01438081458957219,-0.01438081458957219,-0.01438081458957219,-0.01438081458957219,-0.01438081458957219,-0.01438081458957219,-0.01438081458957219,-0.01438081458957219,-0.01438081458957219,-0.01438081458957219
1991-09-30,0.030149863303826026,0.030149863303826026,0.030149863303826026,0.030149863303826026,0.030149863303826026,0.030149863303826026,0.030149863303826026,0.030149863303826026,0.030149863303826026,0.030149863303826026,0.030149863303826026,0.030149863303826026,0.030149863303826026,0.030149863303826026,0.030149863303826026
1991-10-01,0.28538500703259223,0.28538500703259223,0.28538500703259223,0.28538500703259223,0.28538500703259223,0.28538500703259223,0.28538500703259223,0.28538500703259223,0.28538500703259223,0.28538500703259223,0.28538500703259223,0.28538500703259223,0.28538500703259223,0.28538500703259223,0.28538500703259223
1991-10-02,0.26985367459055143,0.26985367459055143,0.26985367459055143,0.26985367459055143,0.26985367459055143,0.26985367459055143,0.26985367459055143,0.26985367459055143,0.26985367459055143,0.26985367459055143,0.26985367459055143,0.26985367459055143,0.26985367459055143,0.26985367459055143,0.26985367459055143
1991-10-03,0.05559509430426624,0.05559509430426624,0.05559509430426624,0.05559509430426624,0.05559509430426624,0.05559509430426624,0.05559509430426624,0.05559509430426624,0.05559509430426624,0.05559509430426624,0.05559509430426624,0.05559509430426624,0.05559509430426624,0.05559509430426624,0.05559509430426624
1991-10-04,-0.4740890162527155,-0.4740890162527155,-0.4740890162527155,-0.4740890162527155,-0.4740890162527155,-0.4740890162527155,-0.4740890162527155,-0.4740890162527155,-0.4740890162527155,-0.4740890162527155,-0.4740890162527155,-0.4740890162527155,-0.4740890162527155,-0.4740890162527155,-0.4740890162527155
1991-10-05,-0.9802966866089482,-0.9802966866089482,-0.9802966866089482,-0.9802966866089482,-0.9802966866089482,-0.9802966866089482,-0.9802966866089482,-0.9802966866089482,-0.9802966866089482,-0.9802966866089482,-0.9802966866089482,-0.9802966866089482,-0.9802966866089482,-0.9802966866089482,-0.9802966866089482
1991-10-06,-1.338823149544923,-1.338823149544923,-1.338823149544923,-1.338823149544923,-1.338823149544923,-1.338823149544923,-1.338823149544923,-1.338823149544923,-1.338823149544923,-1.338823149544923,-1.338823149544923,-1.338823149544923,-1.338823149544923,-1.338823149544923,-1.338823149544923
1991-10-07,-1.4494788966473642,-1.4494788966473642,-1.4494788966473642,-1.4494788966473642,-1.4494788966473642,-1.4494788966473642,-1.4494788966473642,-1.4494788966473642,-1.4494788966473642,-1.4494788966473642,-1.4494788966473642,-1.4494788966473642,-1.4494788966473642,-1.4494788966473642,-1.4494788966473642
1991-10-08,-1.5818158104719113,-1.5818158104719113,-1.5818158104719113,-1.5818158104719113,-1.5818158104719113,-1.5818158104719113,-1.5818158104719113,-1.5818158104719113,-1.5818158104719113,-1.5818158104719113,-1.5818158104719113,-1.5818158104719113,-1.5818158104719113,-1.5818158104719113,-1.5818158104719113
1991-10-09,-1.7659984212472497,-1.7659984212472497,-1.7659984212472497,-1.7659984212472497,-1.7659984212472497,-1.7659984212472497,-1.7659984212472497,-1.7659984212472497,-1.7659984212472497,-1.7659984212472497,-1.7659984212472497,-1.7659984212472497,-1.7659984212472497,-1.7659984212472497,-1.7659984212472497
1991-10-10,-2.030387404466246,-2.030387404466246,-2.030387404466246,-2.030387404466246,-2.030387404466246,-2.030387404466246,-2.030387404466246,-2.030387404466246,-2.030387404466246,-2.030387404466246,-2.030387404466246,-2.030387404466246,-2.030387404466246,-2.030387404466246,-2.030387404466246
1991-10-11,-2.4324850326863587,-2.4324850326863587,-2.4324850326863587,-2.4324850326863587,-2.4324850326863587,-2.4324850326863587,-2.4324850326863587,-2.4324850326863587,-2.4324850326863587,-2.4324850326863587,-2.4324850326863587,-2.4324850326863587,-2.4324850326863587,-2.4324850326863587,-2.4324850326863587
1991-10-12,-2.216175259455773,-2.216175259455773,-2.216175259455773,-2.216175259455773,-2.216175259455773,-2.216175259455773,-2.216175259455773,-2.216175259455773,-2.216175259455773,-2.216175259455773,-2.216175259455773,-2.216175259455773,-2.216175259455773,-2.216175259455773,-2.216175259455773
1991-10-13,-2.314118477431415,-2.314118477431415,-2.314118477431415,-2.314118477431415,-2.314118477431415,-2.314118477431415,-2.314118477431415,-2.314118477431415,-2.314118477431415,-2.314118477431415,-2.314118477431415,-2.314118477431415,-2.314118477431415,-2.314118477431415,-2.314118477431415
1991-10-14,-2.285215185895965,-2.285215185895965,-2.285215185895965,-2.285215185895965,-2.285215185895965,-2.285215185895965,-2.285215185895965,-2.285215185895965,-2.285215185895965,-2.285215185895965,-2.285215185895965,-2.285215185895965,-2.285215185895965,-2.285215185895965,-2.285215185895965
1991-10-15,-2.1585974362255604,-2.1585974362255604,-2.1585974362255604,-2.1585974362255604,-2.1585974362255604,-2.1585974362255604,-2.1585974362255604,-2.1585974362255604,-2.1585974362255604,-2.1585974362255604,-2.1585974362255604,-2.1585974362255604,-2.1585974362255604,-2.1585974362255604,-2.1585974362255604
1991-10-16,-1.8603900564711346,-1.8603900564711346,-1.8603900564711346,-1.8603900564711346,-1.8603900564711346,-1.8603900564711346,-1.8603900564711346,-1.8603900564711346,-1.8603900564711346,-1.8603900564711346,-1.8603900564711346,-1.8603900564711346,-1.8603900564711346,-1.8603900564711346,-1.8603900564711346
1991-10-17,-1.6130976517307862,-1.6130976517307862,-1.6130976517307862,-1.6130976517307862,-1.6130976517307862,-1.6130976517307862,-1.6130976517307862,-1.6130976517307862,-1.6130976517307862,-1.6130976517307862,-1.6130976517307862,-1.6130976517307862,-1.6130976517307862,-1.6130976517307862,-1.6130976517307862
1991-10-18,-1.3875413022370169,-1.3875413022370169,-1.3875413022370169,-1.3875413022370169,-1.3875413022370169,-1.3875413022370169,-1.3875413022370169,-1.3875413022370169,-1.3875413022370169,-1.3875413022370169,-1.3875413022370169,-1.3875413022370169,-1.3875413022370169,-1.3875413022370169,-1.3875413022370169
1991-10-19,-1.4362689362187473,-1.4362689362187473,-1.4362689362187473,-1.4362689362187473,-1.4362689362187473,-1.4362689362187473,-1.4362689362187473,-1.4362689362187473,-1.4362689362187473,-1.4362689362187473,-1.4362689362187473,-1.4362689362187473,-1.4362689362187473,-1.4362689362187473,-1.4362689362187473
1991-10-20,-1.4764939606202578,-1.4764939606202578,-1.4764939606202578,-1.4764939606202578,-1.4764939606202578,-1.4764939606202578,-1.4764939606202578,-1.4764939606202578,-1.4764939606202578,-1.4764939606202578,-1.4764939606202578,-1.4764939606202578,-1.4764939606202578,-1.4764939606202578,-1.4764939606202578
1991-10-21,-1.4161825105390975,-1.4161825105390975,-1.4161825105390975,-1.4161825105390975,-1.4161825105390975,-1.4161825105390975,-1.4161825105390975,-1.4161825105390975,-1.4161825105390975,-1.4161825105390975,-1.4161825105390975,-1.4161825105390975,-1.4161825105390975,-1.4161825105390975,-1.4161825105390975
1991-10-22,-1.1543855083529015,-1.1543855083529015,-1.1543855083529015,-1.1543855083529015,-1.1543855083529015,-1.1543855083529015,-1.1543855083529015,-1.1543855083529015,-1.1543855083529015,-1.1543855083529015,-1.1543855083529015,-1.1543855083529015,-1.1543855083529015,-1.1543855083529015,-1.1543855083529015
1991-10-23,-0.9156062590422205,-0.9156062590422205,-0.9156062590422205,-0.9156062590422205,-0.9156062590422205,-0.9156062590422205,-0.9156062590422205,-0.9156062590422205,-0.9156062590422205,-0.9156062590422205,-0.9156062590422205,-0.9156062590422205,-0.9156062590422205,-0.9156062590422205,-0.9156062590422205
1991-10-24,-0.8794133106758456,-0.8794133106758456,-0.8794133106758456,-0.8794133106758456,-0.8794133106758456,-0.8794133106758456,-0.8794133106758456,-0.8794133106758456,-0.8794133106758456,-0.8794133106758456,-0.8794133106758456,-0.8794133106758456,-0.8794133106758456,-0.8794133106758456,-0.8794133106758456
1991-10-25,-0.7838060119706728,-0.7838060119706728,-0.7838060119706728,-0.7838060119706728,-0.7838060119706728,-0.7838060119706728,-0.7838060119706728,-0.7838060119706728,-0.7838060119706728,-0.7838060119706728,-0.7838060119706728,-0.7838060119706728,-0.7838060119706728,-0.7838060119706728,-0.7838060119706728
1991-10-26,-0.589721394126706,-0.589721394126706,-0.589721394126706,-0.589721394126706,-0.589721394126706,-0.589721394126706,-0.589721394126706,-0.589721394126706,-0.589721394126706,-0.589721394126706,-0.589721394126706,-0.589721394126706,-0.589721394126706,-0.589721394126706,-0.589721394126706
1991-10-27,-0.31682081549649416,-0.31682081549649416,-0.31682081549649416,-0.31682081549649416,-0.31682081549649416,-0.31682081549649416,-0.31682081549649416,-0.31682081549649416,-0.31682081549649416,-0.31682081549649416,-0.31682081549649416,-0.31682081549649416,-0.31682081549649416,-0.31682081549649416,-0.31682081549649416
1991-10-28,-0.24098459986554718,-0.24098459986554718,-0.24098459986554718,-0.24098459986554718,-0.24098459986554718,-0.24098459986554718,-0.24098459986554718,-0.24098459986554718,-0.24098459986554718,-0.24098459986554718,-0.24098459986554718,-0.24098459986554718,-0.24098459986554718,-0.24098459986554718,-0.24098459986554718
1991-10-29,0.011372167877102577,0.011372167877102577,0.011372167877102577,0.011372167877102577,0.011372167877102577,0.011372167877102577,0.011372167877102577,0.011372167877102577,0.011372167877102577,0.011372167877102577,0.011372167877102577,0.011372167877102577,0.011372167877102577,0.011372167877102577,0.011372167877102577
1991-10-30,0.19358604447073025,0.19358604447073025,0.19358604447073025,0.19358604447073025,0.19358604447073025,0.19358604447073025,0.19358604447073025,0.19358604447073025,0.19358604447073025,0.19358604447073025,0.19358604447073025,0.19358604447073025,0.19358604447073025,0.19358604447073025,0.19358604447073025
1991-10-31,0.28957634185373116,0.28957634185373116,0.28957634185373116,0.28957634185373116,0.28957634185373116,0.28957634185373116,0.28957634185373116,0.28957634185373116,0.28957634185373116,0.28957634185373116,0.28957634185373116,0.28957634185373116,0.28957634185373116,0.28957634185373116,0.28957634185373116
1991-11-01,0.41891140672761895,0.41891140672761895,0.41891140672761895,0.41891140672761895,0.41891140672761895,0.41891140672761895,0.41891140672761895,0.41891140672761895,0.41891140672761895,0.41891140672761895,0.41891140672761895,0.41891140672761895,0.41891140672761895,0.41891140672761895,0.41891140672761895
1991-11-02,0.585245319221393,0.585245319221393,0.585245319221393,0.585245319221393,0.585245319221393,0.585245319221393,0.585245319221393,0.585245319221393,0.585245319221393,0.585245319221393,0.585245319221393,0.585245319221393,0.585245319221393,0.585245319221393,0.585245319221393
1991-11-03,0.6602155304433641,0.6602155304433641,0.6602155304433641,0.6602155304433641,0.6602155304433641,0.6602155304433641,0.6602155304433641,0.6602155304433641,0.6602155304433641,0.6602155304433641,0.6602155304433641,0.6602155304433641,0.6602155304433641,0.6602155304433641,0.6602155304433641
1991-11-04,0.495421164627679,0.495421164627679,0.495421164627679,0.495421164627679,0.495421164627679,0.495421164627679,0.495421164627679,0.495421164627679,0.495421164627679,0.495421164627679,0.495421164627679,0.495421164627679,0.495421164627679,0.495421164627679,0.495421164627679
1991-11-05,0.3690498055862598,0.3690498055862598,0.3690498055862598,0.3690498055862598,0.3690498055862598,0.3690498055862598,0.3690498055862598,0.3690498055862598,0.3690498055862598,0.3690498055862598,0.3690498055862598,0.3690498055862598,0.3690498055862598,0.3690498055862598,0.3690498055862598
1991-11-06,0.3532156989776635,0.3532156989776635,0.3532156989776635,0.3532156989776635,0.3532156989776635,0.3532156989776635,0.3532156989776635,0.3532156989776635,0.3532156989776635,0.3532156989776635,0.3532156989776635,0.3532156989776635,0.3532156989776635,0.3532156989776635,0.3532156989776635
1991-11-07,0.4469567208688828,0.4469567208688828,0.4469567208688828,0.4469567208688828,0.4469567208688828,0.4469567208688828,0.4469567208688828,0.4469567208688828,0.4469567208688828,0.4469567208688828,0.4469567208688828,0.4469567208688828,0.4469567208688828,0.4469567208688828,0.4469567208688828
1991-11-08,0.7002758101340771,0.7002758101340771,0.7002758101340771,0.7002758101340771,0.7002758101340771,0.7002758101340771,0.7002758101340771,0.7002758101340771,0.7002758101340771,0.7002758101340771,0.7002758101340771,0.7002758101340771,0.7002758101340771,0.7002758101340771,0.7002758101340771
1991-11-09,0.6914827817080087,0.6914827817080087,0.6914827817080087,0.6914827817080087,0.6914827817080087,0.6914827817080087,0.6914827817080087,0.6914827817080087,0.6914827817080087,0.6914827817080087,0.6914827817080087,0.6914827817080087,0.6914827817080087,0.6914827817080087,0.6914827817080087
1991-11-10,0.8461317846035872,0.8461317846035872,0.8461317846035872,0.8461317846035872,0.8461317846035872,0.8461317846035872,0.8461317846035872,0.8461317846035872,0.8461317846035872,0.8461317846035872,0.8461317846035872,0.8461317846035872,0.8461317846035872,0.8461317846035872,0.8461317846035872
1991-11-11,0.7576428645526295,0.7576428645526295,0.7576428645526295,0.7576428645526295,0.7576428645526295,0.7576428645526295,0.7576428645526295,0.7576428645526295,0.7576428645526295,0.7576428645526295,0.7576428645526295,0.7576428645526295,0.7576428645526295,0.7576428645526295,0.7576428645526295
1991-11-12,0.859493890187745,0.859493890187745,0.859493890187745,0.859493890187745,0.859493890187745,0.859493890187745,0.859493890187745,0.859493890187745,0.859493890187745,0.859493890187745,0.859493890187745,0.859493890187745,0.859493890187745,0.859493890187745,0.859493890187745
1991-11-13,0.3803468060472314,0.3803468060472314,0.3803468060472314,0.3803468060472314,0.3803468060472314,0.3803468060472314,0.3803468060472314,0.3803468060472314,0.3803468060472314,0.3803468060472314,0.3803468060472314,0.3803468060472314,0.3803468060472314,0.3803468060472314,0.3803468060472314
1991-11-14,0.3000852812540607,0.3000852812540607,0.3000852812540607,0.3000852812540607,0.3000852812540607,0.3000852812540607,0.3000852812540607,0.3000852812540607,0.3000852812540607,0.3000852812540607,0.3000852812540607,0.3000852812540607,0.3000852812540607,0.3000852812540607,0.3000852812540607
1991-11-15,0.15329205602411639,0.15329205602411639,0.15329205602411639,0.15329205602411639,0.15329205602411639,0.15329205602411639,0.15329205602411639,0.15329205602411639,0.15329205602411639,0.15329205602411639,0.15329205602411639,0.15329205602411639,0.15329205602411639,0.15329205602411639,0.15329205602411639
1991-11-16,0.0385056207598516,0.0385056207598516,0.0385056207598516,0.0385056207598516,0.0385056207598516,0.0385056207598516,0.0385056207598516,0.0385056207598516,0.0385056207598516,0.0385056207598516,0.0385056207598516,0.0385056207598516,0.0385056207598516,0.0385056207598516,0.0385056207598516
1991-11-17,0.02940369741955558,0.02940369741955558,0.02940369741955558,0.02940369741955558,0.02940369741955558,0.02940369741955558,0.02940369741955558,0.02940369741955558,0.02940369741955558,0.02940369741955558,0.02940369741955558,0.02940369741955558,0.02940369741955558,0.02940369741955558,0.02940369741955558
1991-11-18,-0.16429471183519873,-0.16429471183519873,-0.16429471183519873,-0.16429471183519873,-0.16429471183519873,-0.16429471183519873,-0.16429471183519873,-0.16429471183519873,-0.16429471183519873,-0.16429471183519873,-0.16429471183519873,-0.16429471183519873,-0.16429471183519873,-0.16429471183519873,-0.16429471183519873
1991-11-19,-0.3331304763090308,-0.3331304763090308,-0.3331304763090308,-0.3331304763090308,-0.3331304763090308,-0.3331304763090308,-0.3331304763090308,-0.3331304763090308,-0.3331304763090308,-0.3331304763090308,-0.3331304763090308,-0.3331304763090308,-0.3331304763090308,-0.3331304763090308,-0.3331304763090308
1991-11-20,-0.7161371975196692,-0.7161371975196692,-0.7161371975196692,-0.7161371975196692,-0.7161371975196692,-0.7161371975196692,-0.7161371975196692,-0.7161371975196692,-0.7161371975196692,-0.7161371975196692,-0.7161371975196692,-0.7161371975196692,-0.7161371975196692,-0.7161371975196692,-0.7161371975196692
1991-11-21,-0.8172173817762165,-0.8172173817762165,-0.8172173817762165,-0.8172173817762165,-0.8172173817762165,-0.8172173817762165,-0.8172173817762165,-0.8172173817762165,-0.8172173817762165,-0.8172173817762165,-0.8172173817762165,-0.8172173817762165,-0.8172173817762165,-0.8172173817762165,-0.8172173817762165
1991-11-22,-0.6180914143652436,-0.6180914143652436,-0.6180914143652436,-0.6180914143652436,-0.6180914143652436,-0.6180914143652436,-0.6180914143652436,-0.6180914143652436,-0.6180914143652436,-0.6180914143652436,-0.6180914143652436,-0.6180914143652436,-0.6180914143652436,-0.6180914143652436,-0.6180914143652436
1991-11-23,-0.30344877164585254,-0.30344877164585254,-0.30344877164585254,-0.30344877164585254,-0.30344877164585254,-0.30344877164585254,-0.30344877164585254,-0.30344877164585254,-0.30344877164585254,-0.30344877164585254,-0.30344877164585254,-0.30344877164585254,-0.30344877164585254,-0.30344877164585254,-0.30344877164585254
1991-11-24,-0.10598422877410482,-0.10598422877410482,-0.10598422877410482,-0.10598422877410482,-0.10598422877410482,-0.10598422877410482,-0.10598422877410482,-0.10598422877410482,-0.10598422877410482,-0.10598422877410482,-0.10598422877410482,-0.10598422877410482,-0.10598422877410482,-0.10598422877410482,-0.10598422877410482
1991-11-25,-0.010074511707713767,-0.010074511707713767,-0.010074511707713767,-0.010074511707713767,-0.010074511707713767,-0.010074511707713767,-0.010074511707713767,-0.010074511707713767,-0.010074511707713767,-0.010074511707713767,-0.010074511707713767,-0.010074511707713767,-0.010074511707713767,-0.010074511707713767,-0.010074511707713767
1991-11-26,0.22484606887203396,0.22484606887203396,0.22484606887203396,0.22484606887203396,0.22484606887203396,0.22484606887203396,0.22484606887203396,0.22484606887203396,0.22484606887203396,0.22484606887203396,0.22484606887203396,0.22484606887203396,0.22484606887203396,0.22484606887203396,0.22484606887203396
1991-11-27,0.6169367865011468,0.6169367865011468,0.6169367865011468,0.6169367865011468,0.6169367865011468,0.6169367865011468,0.6169367865011468,0.6169367865011468,0.6169367865011468,0.6169367865011468,0.6169367865011468,0.6169367865011468,0.6169367865011468,0.6169367865011468,0.6169367865011468
1991-11-28,0.7020260376158711,0.7020260376158711,0.7020260376158711,0.7020260376158711,0.7020260376158711,0.7020260376158711,0.7020260376158711,0.7020260376158711,0.7020260376158711,0.7020260376158711,0.7020260376158711,0.7020260376158711,0.7020260376158711,0.7020260376158711,0.7020260376158711
1991-11-29,0.6353194612733516,0.6353194612733516,0.6353194612733516,0.6353194612733516,0.6353194612733516,0.6353194612733516,0.6353194612733516,0.6353194612733516,0.6353194612733516,0.6353194612733516,0.6353194612733516,0.6353194612733516,0.6353194612733516,0.6353194612733516,0.6353194612733516
1991-11-30,0.6056201807353833,0.6056201807353833,0.6056201807353833,0.6056201807353833,0.6056201807353833,0.6056201807353833,0.6056201807353833,0.6056201807353833,0.6056201807353833,0.6056201807353833,0.6056201807353833,0.6056201807353833,0.6056201807353833,0.6056201807353833,0.6056201807353833
1991-12-01,0.705594943428305,0.705594943428305,0.705594943428305,0.705594943428305,0.705594943428305,0.705594943428305,0.705594943428305,0.705594943428305,0.705594943428305,0.705594943428305,0.705594943428305,0.705594943428305,0.705594943428305,0.705594943428305,0.705594943428305
1991-12-02,0.579774839445067,0.579774839445067,0.579774839445067,0.579774839445067,0.579774839445067,0.579774839445067,0.579774839445067,0.579774839445067,0.579774839445067,0.579774839445067,0.579774839445067,0.579774839445067,0.579774839445067,0.579774839445067,0.579774839445067
1991-12-03,0.632125257905068,0.632125257905068,0.632125257905068,0.632125257905068,0.632125257905068,0.632125257905068,0.632125257905068,0.632125257905068,0.632125257905068,0.632125257905068,0.632125257905068,0.632125257905068,0.632125257905068,0.632125257905068,0.632125257905068
1991-12-04,0.8652139768071628,0.8652139768071628,0.8652139768071628,0.8652139768071628,0.8652139768071628,0.8652139768071628,0.8652139768071628,0.8652139768071628,0.8652139768071628,0.8652139768071628,0.8652139768071628,0.8652139768071628,0.8652139768071628,0.8652139768071628,0.8652139768071628
1991-12-05,0.9791742599042664,0.9791742599042664,0.9791742599042664,0.9791742599042664,0.9791742599042664,0.9791742599042664,0.9791742599042664,0.9791742599042664,0.9791742599042664,0.9791742599042664,0.9791742599042664,0.9791742599042664,0.9791742599042664,0.9791742599042664,0.9791742599042664
1991-12-06,0.7109880848584887,0.7109880848584887,0.7109880848584887,0.7109880848584887,0.7109880848584887,0.7109880848584887,0.7109880848584887,0.7109880848584887,0.7109880848584887,0.7109880848584887,0.7109880848584887,0.7109880848584887,0.7109880848584887,0.7109880848584887,0.7109880848584887
1991-12-07,0.8875560285369714,0.8875560285369714,0.8875560285369714,0.8875560285369714,0.8875560285369714,0.8875560285369714,0.8875560285369714,0.8875560285369714,0.8875560285369714,0.8875560285369714,0.8875560285369714,0.8875560285369714,0.8875560285369714,0.8875560285369714,0.8875560285369714
1991-12-08,1.0958131439011898,1.0958131439011898,1.0958131439011898,1.0958131439011898,1.0958131439011898,1.0958131439011898,1.0958131439011898,1.0958131439011898,1.0958131439011898,1.0958131439011898,1.0958131439011898,1.0958131439011898,1.0958131439011898,1.0958131439011898,1.0958131439011898
1991-12-09,1.1965108187263147,1.1965108187263147,1.1965108187263147,1.1965108187263147,1.1965108187263147,1.1965108187263147,1.1965108187263147,1.1965108187263147,1.1965108187263147,1.1965108187263147,1.1965108187263147,1.1965108187263147,1.1965108187263147,1.1965108187263147,1.1965108187263147
1991-12-10,1.2828419847280355,1.2828419847280355,1.2828419847280355,1.2828419847280355,1.2828419847280355,1.2828419847280355,1.2828419847280355,1.2828419847280355,1.2828419847280355,1.2828419847280355,1.2828419847280355,1.2828419847280355,1.2828419847280355,1.2828419847280355,1.2828419847280355
1991-12-11,1.0881318935575184,1.0881318935575184,1.0881318935575184,1.0881318935575184,1.0881318935575184,1.0881318935575184,1.0881318935575184,1.0881318935575184,1.0881318935575184,1.0881318935575184,1.0881318935575184,1.0881318935575184,1.0881318935575184,1.0881318935575184,1.0881318935575184
1991-12-12,0.9698025234006865,0.9698025234006865,0.9698025234006865,0.9698025234006865,0.9698025234006865,0.9698025234006865,0.9698025234006865,0.9698025234006865,0.9698025234006865,0.9698025234006865,0.9698025234006865,0.9698025234006865,0.9698025234006865,0.9698025234006865,0.9698025234006865
1991-12-13,0.40974469609733816,0.40974469609733816,0.40974469609733816,0.40974469609733816,0.40974469609733816,0.40974469609733816,0.40974469609733816,0.40974469609733816,0.40974469609733816,0.40974469609733816,0.40974469609733816,0.40974469609733816,0.40974469609733816,0.40974469609733816,0.40974469609733816
1991-12-14,0.029773078808302548,0.029773078808302548,0.029773078808302548,0.029773078808302548,0.029773078808302548,0.029773078808302548,0.029773078808302548,0.029773078808302548,0.029773078808302548,0.029773078808302548,0.029773078808302548,0.029773078808302548,0.029773078808302548,0.029773078808302548,0.029773078808302548
1991-12-15,-0.3841948781975847,-0.3841948781975847,-0.3841948781975847,-0.3841948781975847,-0.3841948781975847,-0.3841948781975847,-0.3841948781975847,-0.3841948781975847,-0.3841948781975847,-0.3841948781975847,-0.3841948781975847,-0.3841948781975847,-0.3841948781975847,-0.3841948781975847,-0.3841948781975847
1991-12-16,-0.7351930020887436,-0.7351930020887436,-0.7351930020887436,-0.7351930020887436,-0.7351930020887436,-0.7351930020887436,-0.7351930020887436,-0.7351930020887436,-0.7351930020887436,-0.7351930020887436,-0.7351930020887436,-0.7351930020887436,-0.7351930020887436,-0.7351930020887436,-0.7351930020887436
1991-12-17,-1.0209932251567448,-1.0209932251567448,-1.0209932251567448,-1.0209932251567448,-1.0209932251567448,-1.0209932251567448,-1.0209932251567448,-1.0209932251567448,-1.0209932251567448,-1.0209932251567448,-1.0209932251567448,-1.0209932251567448,-1.0209932251567448,-1.0209932251567448,-1.0209932251567448
1991-12-18,-1.5030270785087072,-1.5030270785087072,-1.5030270785087072,-1.5030270785087072,-1.5030270785087072,-1.5030270785087072,-1.5030270785087072,-1.5030270785087072,-1.5030270785087072,-1.5030270785087072,-1.5030270785087072,-1.5030270785087072,-1.5030270785087072,-1.5030270785087072,-1.5030270785087072
1991-12-19,-2.126218488248351,-2.182218951145755,-2.1292649446297016,-2.115387146254146,-2.2001794013677323,-2.1173336246016454,-2.1531612286531483,-2.11468560754802,-2.066148277396109,-2.1755338058720963,-2.1254900323079307,-2.194003001207148,-2.106055118879406,-2.2335116794268353,-2.08397199273266
1991-12-20,-2.3357426309847105,-2.425601653988368,-2.21202654199268,-2.2788920873904956,-2.149202282288231,-2.2458372773644366,-2.2386100261323687,-2.1003065078856675,-2.199205648332447,-2.1779126746082196,-2.3137930640025357,-2.2687179322775006,-2.2686688654820912,-2.21502069004575,-2.273429891022678
1991-12-21,-2.462790459793107,-2.430698427495852,-2.3218782492909096,-2.440190290824756,-2.2091516726573475,-2.3999907368450053,-2.399059016155013,-2.081978211313845,-2.1971078264885664,-2.3634542779541476,-2.282543272087834,-2.2796597666012945,-2.347584486234358,-2.373631734318546,-2.3655937426997764
1991-12-22,-2.5111918305758185,-2.577190388921502,-2.2875525517799433,-2.533705739587384,-2.1092227221021833,-2.535385770383485,-2.3019695262845903,-2.1248049527696016,-2.019773391063822,-2.1879364469541747,-2.2299839164969204,-2.3890300311226933,-2.324708350657271,-2.4775427455203007,-2.3689841587147304
1991-12-23,-2.283715732717745,-2.1340025415119457,-1.9399321895473505,-2.416260783638999,-1.5818500673150215,-2.568323488511019,-2.0063745556292996,-1.9683071208843397,-1.6496968062791315,-1.9286260272495064,-2.106622011181031,-2.16873483179604,-2.1674147213951995,-2.2329777975613365,-2.0762810509998397
1991-12-24,-1.8675567550079049,-1.678051782940877,-1.7029668646709515,-2.1642586999146842,-1.0878750800646202,-2.2028731689995955,-1.400913602848672,-1.6826083305835964,-1.3541075656747557,-1.3137089652632223,-1.627564358607857,-1.7454178144478079,-1.8214172416436571,-1.710843479849145,-1.6238878614260102
1991-12-25,-1.5521231641556286,-1.2601015739627968,-1.283809681828251,-1.9080518125794836,-0.9788409456627759,-1.814564681369315,-1.2847724244309804,-1.5392465281497436,-1.3249293350844835,-1.0609415345278357,-1.4064181422720077,-1.4152428302854732,-1.657896466962345,-1.559942684173297,-1.2991683182978557
1991-12-26,-1.2846721963544336,-0.7446423342932811,-1.228223638232187,-1.735622849127589,-0.9647752063813203,-1.3492485648982142,-1.1369124121055092,-1.581682419553267,-1.5245423306306045,-0.9203945412356174,-1.2979178575582135,-1.0628413197267799,-1.4847711122340947,-2.064007068043912,-1.1989961282614876
1991-12-27,-1.2096144878240558,-0.48786587692232036,-0.9005752527487446,-1.6512468729794212,-0.9811105391579571,-1.0118502035088222,-0.8053987807747479,-1.6180087543525616,-1.3796367562981162,-0.8854959105525327,-1.1549652311045,-0.9184140125294303,-1.378847611110522,-1.870656427492581,-0.9758291760806788
1991-12-28,-1.0141331690394315,-0.07315398377228761,-0.6483517112359621,-1.2499384599961967,-0.7744318899924036,-0.811022698745626,-0.4621573256081177,-1.2980763486196059,-1.020188988856457,-0.6042337207364176,-0.7958710180290751,-0.8715836109849441,-1.3078632464317075,-1.6983934692744092,-0.5469995897960581
1991-12-29,-0.8714788724729678,0.13020781585637403,-0.42654236801777473,-1.0227454325916139,-0.7120212537324313,-0.6140066791720419,-0.049826274944553814,-1.1572826629553437,-0.8885613948741404,-0.7345353725866828,-0.7694342676297341,-1.08167535662451,-1.1982200039709665,-1.5155942313525705,-0.28397964555962707
1991-12-30,-0.7755221018041686,0.2709242781529134,-0.589323286620906,-0.7359796591021064,-1.1013206383252756,-0.6054810967183202,0.1681314924523852,-0.7747801969726416,-0.7248651146136796,-0.523881395530259,-0.5439270922504604,-1.1785122740350966,-1.2552278409771969,-1.4104958744474783,-0.017155382245055383
1991-12-31,-0.6988447652256153,0.9326079042205633,-0.9253475960899359,-0.9418822529242268,-1.1059048348714702,-0.2137128799723362,0.14495264260199034,-0.5090617042916381,-0.6670116974407768,-0.37746163004199207,-0.805906546979249,-0.9566441700931488,-1.2037214281770845,-1.498520509387666,0.049141639242142945
1992-01-01,-0.639981492415547,1.2366519256376642,-1.0090345883845822,-0.9038741847349322,-0.8897239218392399,-0.15632413570787643,0.34106594770175197,-0.7520261678487986,-0.8418531346493638,0.18768996748965905,-0.974011279343748,-0.8912559054070051,-1.2534181828528532,-1.34939153831686,0.22556800371917896
1992-01-02,-0.5956118130420215,1.54079528333466,-0.6234237414330175,-0.6746352223756775,-0.5828487761781117,0.007687278537280087,0.3823939294589868,-0.8536742085059107,-0.9282577080833536,0.5596636312737794,-1.2860999726535465,-0.8055888169347482,-1.0673182454871506,-1.1172076850501074,0.3187529522270117
1992-01-03,-0.5827431980680228,1.5657528392740496,-0.6469418341697134,-0.5696849228321242,-0.2760522000641468,0.34013023472075066,0.5788867615287127,-0.7892821809416369,-1.1432048027561097,0.7371965338952399,-1.145686286864858,-0.8143373389553681,-0.5476678403791007,-0.9679279513992022,0.4921408072634991
1992-01-04,-0.733044302905978,1.392296146872973,-0.542931705412705,-0.2500795128962027,-0.3063336608793643,0.4614950119890439,0.3064756893117143,-0.6662073178544126,-1.2463983124467586,0.6668085319238417,-1.1324662083050325,-0.7117441761727776,-0.2702764499834969,-0.7867811068288053,0.21770560274231854
1992-01-05,-0.8632253429744601,1.5402731785972552,-0.39294329423526797,-0.2635914373462045,-0.29187566013663824,0.842548814481063,0.10029888567650883,-0.5194207441240911,-1.3982514045434336,0.1756319848342847,-1.071870301850489,-0.7395982080028666,0.037097207517807144,-0.6545663314709784,0.26176183744996706
1992-01-06,-0.6525147738981011,1.397482813434184,-0.5905473669499064,0.07807165575989673,-0.21615655907634965,0.9363882020350612,-0.17680979652501372,-0.6461464515694042,-1.5752503975183139,0.03484447276815584,-0.8816576784980863,-0.6681755320946613,0.21208505178833992,-0.499488958134989,0.3987724183401787
1992-01-07,-0.47020706322280975,1.065295506384257,-0.7004207870920709,0.10435682892518222,0.2096878356819555,0.7778721471100153,-0.1487454699368775,-0.6168258540546743,-1.609708814802621,-0.3311016255442486,-0.8926198526928213,-0.45962834362667626,0.17431208866672043,-0.15802348028713273,0.34728227202589906
1992-01-08,-0.3995082335779781,0.9576834697403102,-0.6394207875470843,-0.1741999328149115,0.4670151509799885,0.6260097442346978,0.04007095980374919,-0.663224730188055,-1.5166856155605541,-0.53829658676744,-0.9995577725851776,-0.5240597663241563,0.04502619949910075,0.42485220609352276,0.5902667020360681
1992-01-09,-0.28436438868765235,0.8115849901545714,-0.9138172421583888,-0.20472387919033483,0.5992258871370654,0.6260519446456018,0.22927014679674698,-0.745696672691045,-1.1661851382392776,-0.5957740104785777,-1.27769007788606,-0.6617681633696674,-0.11960874737602625,0.9507575433640703,0.4811180254723737
1992-01-10,-0.005484135027363528,0.41557173087193894,-1.1597191086842689,-0.047580532936606176,0.656807240337713,0.46069689657954843,0.5048385904294636,-0.7120477430371265,-1.2397951034298043,-0.6003524871954927,-1.5733016162082782,-0.7154116703453152,-0.3304063912206868,1.5168415156077968,0.2985122269299332
1992-01-11,0.34045171841916644,0.15169018885947302,-1.3812531685262492,0.165249950811298,0.5461602376562341,0.20694376675443113,1.0631427034835927,-0.447183478041334,-1.2994991870667225,-0.7338241913800357,-1.4671551061597252,-1.1151404598630021,-0.4693460169494647,1.8982035057664075,0.08696496187340522
1992-01-12,0.5369745019387299,0.3151070569642273,-1.1168444424734472,0.1518459678920152,0.47990373095702965,-0.0519220993424106,1.5278893730694505,-0.4664628922364837,-1.2701141778386642,-0.9978863260867745,-1.4501754995047909,-1.2997251418528946,-0.6242840506571891,2.026151774654115,-0.07439642934481355
1992-01-13,0.6354842591860206,0.31639948589316097,-0.8208165662702517,0.5408197042483482,0.8349285727250673,-0.19613074011610748,1.8016594657659777,-0.7364358545622121,-1.306426633684558,-1.2859069805052126,-1.0631964058688663,-1.3690163979766383,-0.6660162191097038,1.7767695899471767,-0.32284646789369975
1992-01-14,0.527723381036357,0.19503700608419786,-0.7305696911046338,0.47625064277792156,0.7237637281697531,-0.24794074978629785,1.644279144703508,-0.6827750090360133,-0.9766808080138837,-1.4027155553137163,-0.8844412147723001,-1.446378472561161,-0.5683737990226451,1.7789957679101271,-0.32573902105500196
1992-01-15,0.44992469514513594,-0.2803306723324727,-0.5852242330856046,0.570162035684332,0.2899282460508765,-0.08980926181928449,1.6753678957777802,-0.06752358579924203,-0.7971541540472262,-1.597462369258773,-1.316968633325219,-1.0324815364731526,-0.5168854824872526,1.7090104234651242,-0.20512908708697636
1992-01-16,0.1243322271421232,-0.20239141957246493,-0.419048012035441,0.6789146380484259,-0.014017855788287568,-0.1941110348584676,1.9493097288330776,0.20297156215173923,-0.4073846475309022,-1.480199004498371,-1.6508842031014495,-0.6742615163599663,-0.46780088792578844,1.7312891230819525,0.05584543461068555
1992-01-17,-0.26243640203488333,0.12167868820408587,-0.28318073941983957,0.5989115409736391,-0.003973451583118963,-0.2768465780672563,2.0924576113010045,0.7315038462553785,0.28039652795735104,-1.4251891782381356,-1.743521710880054,-0.4930716883343923,-0.24829129828636873,1.2680655180265714,0.127507662106893
1992-01-18,-0.7502407596608435,0.39598468092201977,-0.3552514452703553,0.9142647254407753,0.06284031131425268,-0.12863421136869924,1.7941870879956894,1.1809453629014586,0.7933865499691816,-1.4141580963644158,-1.4406611689281108,-0.551071187526339,-0.04172575591993669,1.0187230062685086,-0.09815047548530856
1992-01-19,-1.0668309177209006,0.5499831585626822,-0.3640336490167279,1.1246778638005148,0.12278290959349342,0.2816763411748269,1.2716402589104303,1.5925489005194007,0.8899371605924802,-1.1099256082664708,-1.0217508968322804,-0.6790639323174035,0.3541118614065628,0.6610700233020208,-0.23294012235942244
1992-01-20,-1.5149841904501655,0.643429594606938,-0.2951078963715797,1.2858185387084056,0.49449634112887375,0.7632908448695904,0.6223115725885497,2.0931098200281655,0.7255565390882416,-1.1242390097466926,-0.35671442059671976,-0.6476208955734435,0.2911315123517272,0.45101918043572714,-0.22673817341805752
1992-01-21,-1.8177675280563428,0.5567865418360668,-0.4278063928264591,1.6021720100937267,0.7545587763666562,1.1504923541095469,0.5319631280102013,2.567057219067085,0.9012964240139117,-0.7427161502191166,0.6773521103950548,-0.5891309212532052,0.31432756309011495,0.0507240040772602,-0.16450814027885033
1992-01-22,-2.0133024959681114,0.5317030382008275,-0.46960890154260226,1.5495506504029162,1.2641624542446726,1.1549091460488061,0.38634645485715136,2.6640589635380105,1.192076819702665,-0.7968891897715069,1.2733361244878283,-0.6694695502212139,0.8345986697783924,-0.081733977851925,-0.11324837317249029
1992-01-23,-1.8628645832284476,0.7097181569130336,-0.7010387538141833,1.386356365586569,1.3916861739327597,1.1212369619667988,0.14249222433423098,2.617696493459137,1.4568933995891764,-0.5284094358729445,1.9752888108158633,-0.8278114865063494,1.2312213785288093,-0.32640476278012204,-0.12386907609693731
1992-01-24,-1.6235615157154644,0.852890204676686,-0.24523715013614983,1.2981689348488605,1.3537804588151907,1.2141268731907844,-0.09677234150350003,2.531551254634703,1.5343793235573027,-0.3592057699924739,2.4155765756802663,-0.16610788999801593,1.6199077950923122,-0.1299318455157808,-0.21242751221058617
1992-01-25,-1.0519949422977803,1.001712289508368,0.18507520572440608,1.2725587175720594,1.2270042416634006,1.1174921966222062,-0.5828050672558118,2.2459311940870985,1.6080216731600085,-0.10199193684489473,2.8575295131090357,0.25880377722236886,1.9423908986625258,-0.04699276768260646,-0.4132172629412803
1992-01-26,-0.4135674531634292,1.080064547987002,0.4246384058031978,1.6458071093779667,1.3799279021617599,0.8343553644901366,-0.651114431231867,1.9027838621330102,1.5021527349912858,-0.310345818004615,3.4697114625087786,0.7703029692984155,1.8023018120434988,0.04651667242402835,-0.29942754979168
1992-01-27,0.12410047325206991,0.7946394980214359,0.6305894659541167,1.4546141004538706,1.5541658132608387,0.7453763503844459,-0.39171705983830374,1.6279877134711864,1.5331267151486567,-0.04713792118805967,3.9120702064102146,1.2958397665298784,2.026496051946382,-0.0831670195273165,0.16124512200166446
1992-01-28,0.7552676504373425,0.570621599513541,0.6253194799021102,1.0427810755033085,1.5309761183137667,0.5238492305209216,-0.3927409470328183,1.2904577774337735,1.5764269570636777,0.3390556782430433,4.142736104195639,1.7325974906893786,1.9897786875856438,-0.04335434806897811,0.3247494006938075
1992-01-29,1.6619293805514754,0.8797654208125112,0.6672726656160933,0.7539245913610743,1.1461930728690755,-0.09106598695408911,-0.30491699032299846,0.8577632504730173,1.5907640029346388,0.3676460303988527,3.9528159604422193,2.1896376598058884,1.2299331580027426,-0.04598344836326573,0.5147752465329526
1992-01-30,2.2175411144251047,0.7098001618968196,0.6254439579605409,0.8813646959442545,0.8875933052854957,-0.06006859311699524,-0.1163255359541945,0.3154159641550615,1.657186914019239,0.22102551968652287,3.6381143906224547,2.464825328827344,1.0790624774156325,0.17752701837089244,0.7202785396500271
1992-01-31,2.719152645431937,0.05656699801920421,0.6715002541266522,1.212591075619822,0.6575467069643567,-0.23770407061041596,-0.011006186729783122,0.2701738897526232,1.651897216607026,0.059371162836575425,2.8640534685121377,2.5124947921583924,0.8860770781159196,0.13419416933679398,0.9663553070324976
1992-02-01,2.9506047818272267,-0.3068716471138788,0.9857475502288631,1.595054337155187,0.6281701576686609,-0.4418535853005948,0.28903304615844755,-0.05241192644254833,1.6621519229436539,0.0798010936702779,2.3962244795039127,2.6438073840201675,0.5819458880463938,-0.05890200481455959,0.9149830650978689
1992-02-02,3.042459676717293,-0.43964024647134003,0.7198451562136731,1.6053962200022813,0.8253790065868284,-0.6820488238465574,0.46754171251624727,-0.3372041497180773,1.7394901522564499,0.10691302623220263,1.6593473687646612,2.4361358860345486,0.49552947409150605,-0.1372935589399848,1.0403861538979193
1992-02-03,3.1406264881847257,-0.2725101280800123,0.6215639281645564,1.4075261074050855,0.8105683158182915,-0.7142752415759251,0.43471101162872117,-0.6390134255688151,1.6551839504540309,-0.061586984172009716,1.1886632803586843,2.079739689571952,0.3311477480226069,-0.23294103835253996,1.0988475620251643
1992-02-04,2.7775023186191916,-0.3814370455744557,0.5232539692741212,1.2152295855862956,0.93942257359787,-0.8545351456450107,0.2659867619171267,-0.7910485193301421,1.5151636583580916,-0.10430368236663366,0.8097640575129552,1.7430286762580627,0.06702420859965931,-0.3227288331988471,1.2437688842778896
1992-02-05,2.404891222423972,-0.4175022620050922,0.729696183227073,1.1318062678411012,0.9728585935156143,-0.7277101044523244,-0.054682781120480035,-0.6687285070368515,1.6482121573802948,0.046769622782264715,0.1810063329477173,1.509474462234098,-0.24706531660163172,-0.5015768808904649,1.4609740782750351
1992-02-06,2.166923930167489,-0.3006879491013752,0.6050908761655504,1.136668222432164,0.9655288327131646,-0.7684437717092741,-0.21344835202128112,-0.4540011953339026,1.9846205745918717,0.08613983553168807,-0.4168209613718635,1.6232460920250216,-0.008108197992279376,-0.4274468324131007,1.8637461256653867
1992-02-07,2.0751898671897475,-0.21801843411734656,0.23150183094515964,1.1904364675642278,0.8709006089777019,-1.0127739921381889,-0.3192884613286275,-0.25959129478679543,2.5013771053724994,0.17534966633793245,-0.7551700820154807,1.9534248340402856,0.24165717352441093,-0.3473249969881568,2.136033361473056
1992-02-08,1.8156819028997948,-0.16048748508341504,-0.09578389272733036,1.6451068077938464,1.0079133735324912,-0.8598960644472744,-0.38243556455939776,0.07167147246773095,2.6973082991743387,0.8105217465617043,-0.32094485666189165,2.404733819328463,0.569859484721988,-0.2860700240800299,2.1187720986784937
1992-02-09,1.432790523636328,0.035297532055002925,-0.1682975853407417,1.8165039385730088,0.8486214234229253,-0.5647567876959114,-0.7969583264858916,0.28456521693493775,2.8457587596054754,1.1916839532040093,0.25999566826413517,2.7528894118166396,0.5184748995420557,-0.4260667749669791,1.9835028085296478
1992-02-10,0.9381108366781052,0.31773831609557174,-0.2885452887086621,1.8228961353908495,0.5956948315499495,-0.630595057640296,-1.2736068175205988,0.7936548037592773,2.3600671549028513,1.6570064145560324,0.6155384562974181,2.964498747114942,0.5984509870168605,-0.5985781143909928,1.8187514741065822
1992-02-11,0.6843776839553825,0.2985870862605044,-0.456664208303452,1.4418909096946548,0.592334096218004,-0.6021537078715262,-1.238148894684108,1.095854272740182,1.6275544804426496,1.9190282993240135,0.9516344298666545,2.8554052714482094,0.6135202369835202,-0.90298015046855,1.5385320046218758
1992-02-12,0.48915345292742635,0.2046183703824353,-0.23325406422652809,1.0863178888877063,0.4242842497201489,-0.6449158461341348,-1.2514453794077176,1.467495022909497,1.350033570219395,2.005824454661605,1.2406876732846677,2.536438546342107,0.3250307185751611,-1.0391357070155485,1.1035865008704855
1992-02-13,0.25713508487858067,0.47924196559341686,-0.14249746138930713,1.0191397399374005,0.11043658898345364,-0.45967506916842693,-1.1674837280056818,1.8910477263448462,0.9982951394373123,1.777256387486978,1.5500572812365978,2.0101233466317785,0.3313537330328812,-1.2858572852108192,0.9096922609037194
1992-02-14,0.2979571183375923,0.5205305246860495,0.05301856828022821,0.9952185442078999,0.19665604657496447,-0.07406260659396628,-1.288691209828722,1.7767436273828843,0.8918060779980276,1.654518696293464,1.3957956203434936,1.3831938365570724,0.2400618632253209,-1.4787824758466108,0.8541099564436444
1992-02-15,0.4246292910585927,0.24545967415481826,0.0583962934297029,0.8728624829147035,0.32151153514900044,-0.04201478815303745,-1.304737718848034,1.4818068747111492,0.9417578274990497,1.6860718780906467,1.225544682599981,0.8531532013200891,0.02678801025238721,-1.4447613965336872,0.837015191815705
1992-02-16,0.57223387973508,-0.08180205949097562,0.557169359654709,0.4352446742174379,0.31997025367429116,0.22440037801809898,-1.0541625096218574,1.4358462355197519,0.8967481137052866,1.6732224423227617,0.9782921761285656,1.01287803501503,-0.42089552865310476,-1.5322370856802752,0.8772677500038653
1992-02-17,0.7344008409973828,-0.6743913631385727,0.6743088110778988,0.09889859679497788,0.099974771363707,0.11695744872534182,-0.5941373171234038,1.284654497786662,1.221462746716218,2.001826897134707,0.5566539850870251,1.0057376222849392,-0.9125749899860074,-1.3607795206703779,1.0278423729811639
