,1,2,3,4,5,6,7,8,9,10,11,12,13,14,15
1992-08-04,-0.17958127998176696,-0.17958127998176696,-0.17958127998176696,-0.17958127998176696,-0.17958127998176696,-0.17958127998176696,-0.17958127998176696,-0.17958127998176696,-0.17958127998176696,-0.17958127998176696,-0.17958127998176696,-0.17958127998176696,-0.17958127998176696,-0.17958127998176696,-0.17958127998176696
1992-08-05,-0.3418563353782715,-0.3418563353782715,-0.3418563353782715,-0.3418563353782715,-0.3418563353782715,-0.3418563353782715,-0.3418563353782715,-0.3418563353782715,-0.3418563353782715,-0.3418563353782715,-0.3418563353782715,-0.3418563353782715,-0.3418563353782715,-0.3418563353782715,-0.3418563353782715
1992-08-06,-0.21276070541332268,-0.21276070541332268,-0.21276070541332268,-0.21276070541332268,-0.21276070541332268,-0.21276070541332268,-0.21276070541332268,-0.21276070541332268,-0.21276070541332268,-0.21276070541332268,-0.21276070541332268,-0.21276070541332268,-0.21276070541332268,-0.21276070541332268,-0.21276070541332268
1992-08-07,-0.364013765291912,-0.364013765291912,-0.364013765291912,-0.364013765291912,-0.364013765291912,-0.364013765291912,-0.364013765291912,-0.364013765291912,-0.364013765291912,-0.364013765291912,-0.364013765291912,-0.364013765291912,-0.364013765291912,-0.364013765291912,-0.364013765291912
1992-08-08,-0.2519013341735944,-0.2519013341735944,-0.2519013341735944,-0.2519013341735944,-0.2519013341735944,-0.2519013341735944,-0.2519013341735944,-0.2519013341735944,-0.2519013341735944,-0.2519013341735944,-0.2519013341735944,-0.2519013341735944,-0.2519013341735944,-0.2519013341735944,-0.2519013341735944
1992-08-09,-0.182307665556063,-0.182307665556063,-0.182307665556063,-0.182307665556063,-0.182307665556063,-0.182307665556063,-0.182307665556063,-0.182307665556063,-0.182307665556063,-0.182307665556063,-0.182307665556063,-0.182307665556063,-0.182307665556063,-0.182307665556063,-0.182307665556063
1992-08-10,-0.26576753395928787,-0.26576753395928787,-0.26576753395928787,-0.26576753395928787,-0.26576753395928787,-0.26576753395928787,-0.26576753395928787,-0.26576753395928787,-0.26576753395928787,-0.26576753395928787,-0.26576753395928787,-0.26576753395928787,-0.26576753395928787,-0.26576753395928787,-0.26576753395928787
1992-08-11,-0.2449036841966615,-0.2449036841966615,-0.2449036841966615,-0.2449036841966615,-0.2449036841966615,-0.2449036841966615,-0.2449036841966615,-0.2449036841966615,-0.2449036841966615,-0.2449036841966615,-0.2449036841966615,-0.2449036841966615,-0.2449036841966615,-0.2449036841966615,-0.2449036841966615
1992-08-12,-0.008623375395845638,-0.008623375395845638,-0.008623375395845638,-0.008623375395845638,-0.008623375395845638,-0.008623375395845638,-0.008623375395845638,-0.008623375395845638,-0.008623375395845638,-0.008623375395845638,-0.008623375395845638,-0.008623375395845638,-0.008623375395845638,-0.008623375395845638,-0.008623375395845638
1992-08-13,0.2678111008827722,0.2678111008827722,0.2678111008827722,0.2678111008827722,0.2678111008827722,0.2678111008827722,0.2678111008827722,0.2678111008827722,0.2678111008827722,0.2678111008827722,0.2678111008827722,0.2678111008827722,0.2678111008827722,0.2678111008827722,0.2678111008827722
1992-08-14,0.6195309089280044,0.6195309089280044,0.6195309089280044,0.6195309089280044,0.6195309089280044,0.6195309089280044,0.6195309089280044,0.6195309089280044,0.6195309089280044,0.6195309089280044,0.6195309089280044,0.6195309089280044,0.6195309089280044,0.6195309089280044,0.6195309089280044
1992-08-15,0.6701364009201829,0.6701364009201829,0.6701364009201829,0.6701364009201829,0.6701364009201829,0.6701364009201829,0.6701364009201829,0.6701364009201829,0.6701364009201829,0.6701364009201829,0.6701364009201829,0.6701364009201829,0.6701364009201829,0.6701364009201829,0.6701364009201829
1992-08-16,1.163709976777469,1.163709976777469,1.163709976777469,1.163709976777469,1.163709976777469,1.163709976777469,1.163709976777469,1.163709976777469,1.163709976777469,1.163709976777469,1.163709976777469,1.163709976777469,1.163709976777469,1.163709976777469,1.163709976777469
1992-08-17,1.5404883169985903,1.5404883169985903,1.5404883169985903,1.5404883169985903,1.5404883169985903,1.5404883169985903,1.5404883169985903,1.5404883169985903,1.5404883169985903,1.5404883169985903,1.5404883169985903,1.5404883169985903,1.5404883169985903,1.5404883169985903,1.5404883169985903
1992-08-18,1.4621040714164135,1.4621040714164135,1.4621040714164135,1.4621040714164135,1.4621040714164135,1.4621040714164135,1.4621040714164135,1.4621040714164135,1.4621040714164135,1.4621040714164135,1.4621040714164135,1.4621040714164135,1.4621040714164135,1.4621040714164135,1.4621040714164135
1992-08-19,1.3934663493921338,1.3934663493921338,1.3934663493921338,1.3934663493921338,1.3934663493921338,1.3934663493921338,1.3934663493921338,1.3934663493921338,1.3934663493921338,1.3934663493921338,1.3934663493921338,1.3934663493921338,1.3934663493921338,1.3934663493921338,1.3934663493921338
1992-08-20,1.461402588907827,1.461402588907827,1.461402588907827,1.461402588907827,1.461402588907827,1.461402588907827,1.461402588907827,1.461402588907827,1.461402588907827,1.461402588907827,1.461402588907827,1.461402588907827,1.461402588907827,1.461402588907827,1.461402588907827
1992-08-21,1.199631146612971,1.199631146612971,1.199631146612971,1.199631146612971,1.199631146612971,1.199631146612971,1.199631146612971,1.199631146612971,1.199631146612971,1.199631146612971,1.199631146612971,1.199631146612971,1.199631146612971,1.199631146612971,1.199631146612971
1992-08-22,0.7223729925038843,0.7223729925038843,0.7223729925038843,0.7223729925038843,0.7223729925038843,0.7223729925038843,0.7223729925038843,0.7223729925038843,0.7223729925038843,0.7223729925038843,0.7223729925038843,0.7223729925038843,0.7223729925038843,0.7223729925038843,0.7223729925038843
1992-08-23,0.5934704526933293,0.5934704526933293,0.5934704526933293,0.5934704526933293,0.5934704526933293,0.5934704526933293,0.5934704526933293,0.5934704526933293,0.5934704526933293,0.5934704526933293,0.5934704526933293,0.5934704526933293,0.5934704526933293,0.5934704526933293,0.5934704526933293
1992-08-24,0.5479691850422628,0.5479691850422628,0.5479691850422628,0.5479691850422628,0.5479691850422628,0.5479691850422628,0.5479691850422628,0.5479691850422628,0.5479691850422628,0.5479691850422628,0.5479691850422628,0.5479691850422628,0.5479691850422628,0.5479691850422628,0.5479691850422628
1992-08-25,0.25836430607636657,0.25836430607636657,0.25836430607636657,0.25836430607636657,0.25836430607636657,0.25836430607636657,0.25836430607636657,0.25836430607636657,0.25836430607636657,0.25836430607636657,0.25836430607636657,0.25836430607636657,0.25836430607636657,0.25836430607636657,0.25836430607636657
1992-08-26,0.4950039588687617,0.4950039588687617,0.4950039588687617,0.4950039588687617,0.4950039588687617,0.4950039588687617,0.4950039588687617,0.4950039588687617,0.4950039588687617,0.4950039588687617,0.4950039588687617,0.4950039588687617,0.4950039588687617,0.4950039588687617,0.4950039588687617
1992-08-27,0.7826286189561696,0.7826286189561696,0.7826286189561696,0.7826286189561696,0.7826286189561696,0.7826286189561696,0.7826286189561696,0.7826286189561696,0.7826286189561696,0.7826286189561696,0.7826286189561696,0.7826286189561696,0.7826286189561696,0.7826286189561696,0.7826286189561696
1992-08-28,1.2303947602286367,1.2303947602286367,1.2303947602286367,1.2303947602286367,1.2303947602286367,1.2303947602286367,1.2303947602286367,1.2303947602286367,1.2303947602286367,1.2303947602286367,1.2303947602286367,1.2303947602286367,1.2303947602286367,1.2303947602286367,1.2303947602286367
1992-08-29,1.5010729558011422,1.5010729558011422,1.5010729558011422,1.5010729558011422,1.5010729558011422,1.5010729558011422,1.5010729558011422,1.5010729558011422,1.5010729558011422,1.5010729558011422,1.5010729558011422,1.5010729558011422,1.5010729558011422,1.5010729558011422,1.5010729558011422
1992-08-30,1.6996114584660844,1.6996114584660844,1.6996114584660844,1.6996114584660844,1.6996114584660844,1.6996114584660844,1.6996114584660844,1.6996114584660844,1.6996114584660844,1.6996114584660844,1.6996114584660844,1.6996114584660844,1.6996114584660844,1.6996114584660844,1.6996114584660844
1992-08-31,1.6621640611781736,1.6621640611781736,1.6621640611781736,1.6621640611781736,1.6621640611781736,1.6621640611781736,1.6621640611781736,1.6621640611781736,1.6621640611781736,1.6621640611781736,1.6621640611781736,1.6621640611781736,1.6621640611781736,1.6621640611781736,1.6621640611781736
1992-09-01,1.3494563983627,1.3494563983627,1.3494563983627,1.3494563983627,1.3494563983627,1.3494563983627,1.3494563983627,1.3494563983627,1.3494563983627,1.3494563983627,1.3494563983627,1.3494563983627,1.3494563983627,1.3494563983627,1.3494563983627
1992-09-02,1.1194922212689349,1.1194922212689349,1.1194922212689349,1.1194922212689349,1.1194922212689349,1.1194922212689349,1.1194922212689349,1.1194922212689349,1.1194922212689349,1.1194922212689349,1.1194922212689349,1.1194922212689349,1.1194922212689349,1.1194922212689349,1.1194922212689349
1992-09-03,0.9956194188025094,0.9956194188025094,0.9956194188025094,0.9956194188025094,0.9956194188025094,0.9956194188025094,0.9956194188025094,0.9956194188025094,0.9956194188025094,0.9956194188025094,0.9956194188025094,0.9956194188025094,0.9956194188025094,0.9956194188025094,0.9956194188025094
1992-09-04,1.0439168907427299,1.0439168907427299,1.0439168907427299,1.0439168907427299,1.0439168907427299,1.0439168907427299,1.0439168907427299,1.0439168907427299,1.0439168907427299,1.0439168907427299,1.0439168907427299,1.0439168907427299,1.0439168907427299,1.0439168907427299,1.0439168907427299
1992-09-05,0.7792371469052423,0.7792371469052423,0.7792371469052423,0.7792371469052423,0.7792371469052423,0.7792371469052423,0.7792371469052423,0.7792371469052423,0.7792371469052423,0.7792371469052423,0.7792371469052423,0.7792371469052423,0.7792371469052423,0.7792371469052423,0.7792371469052423
1992-09-06,0.18214700102855322,0.18214700102855322,0.18214700102855322,0.18214700102855322,0.18214700102855322,0.18214700102855322,0.18214700102855322,0.18214700102855322,0.18214700102855322,0.18214700102855322,0.18214700102855322,0.18214700102855322,0.18214700102855322,0.18214700102855322,0.18214700102855322
1992-09-07,-0.03770634361572586,-0.03770634361572586,-0.03770634361572586,-0.03770634361572586,-0.03770634361572586,-0.03770634361572586,-0.03770634361572586,-0.03770634361572586,-0.03770634361572586,-0.03770634361572586,-0.03770634361572586,-0.03770634361572586,-0.03770634361572586,-0.03770634361572586,-0.03770634361572586
1992-09-08,-0.111971869253024,-0.111971869253024,-0.111971869253024,-0.111971869253024,-0.111971869253024,-0.111971869253024,-0.111971869253024,-0.111971869253024,-0.111971869253024,-0.111971869253024,-0.111971869253024,-0.111971869253024,-0.111971869253024,-0.111971869253024,-0.111971869253024
1992-09-09,-0.31362550465714895,-0.31362550465714895,-0.31362550465714895,-0.31362550465714895,-0.31362550465714895,-0.31362550465714895,-0.31362550465714895,-0.31362550465714895,-0.31362550465714895,-0.31362550465714895,-0.31362550465714895,-0.31362550465714895,-0.31362550465714895,-0.31362550465714895,-0.31362550465714895
1992-09-10,-0.4464535730247254,-0.4464535730247254,-0.4464535730247254,-0.4464535730247254,-0.4464535730247254,-0.4464535730247254,-0.4464535730247254,-0.4464535730247254,-0.4464535730247254,-0.4464535730247254,-0.4464535730247254,-0.4464535730247254,-0.4464535730247254,-0.4464535730247254,-0.4464535730247254
1992-09-11,-0.5257108612000412,-0.5257108612000412,-0.5257108612000412,-0.5257108612000412,-0.5257108612000412,-0.5257108612000412,-0.5257108612000412,-0.5257108612000412,-0.5257108612000412,-0.5257108612000412,-0.5257108612000412,-0.5257108612000412,-0.5257108612000412,-0.5257108612000412,-0.5257108612000412
1992-09-12,-0.6799265793741408,-0.6799265793741408,-0.6799265793741408,-0.6799265793741408,-0.6799265793741408,-0.6799265793741408,-0.6799265793741408,-0.6799265793741408,-0.6799265793741408,-0.6799265793741408,-0.6799265793741408,-0.6799265793741408,-0.6799265793741408,-0.6799265793741408,-0.6799265793741408
1992-09-13,-0.7810566826874663,-0.7810566826874663,-0.7810566826874663,-0.7810566826874663,-0.7810566826874663,-0.7810566826874663,-0.7810566826874663,-0.7810566826874663,-0.7810566826874663,-0.7810566826874663,-0.7810566826874663,-0.7810566826874663,-0.7810566826874663,-0.7810566826874663,-0.7810566826874663
1992-09-14,-1.1483309175439134,-1.1483309175439134,-1.1483309175439134,-1.1483309175439134,-1.1483309175439134,-1.1483309175439134,-1.1483309175439134,-1.1483309175439134,-1.1483309175439134,-1.1483309175439134,-1.1483309175439134,-1.1483309175439134,-1.1483309175439134,-1.1483309175439134,-1.1483309175439134
1992-09-15,-1.1734977654614132,-1.1734977654614132,-1.1734977654614132,-1.1734977654614132,-1.1734977654614132,-1.1734977654614132,-1.1734977654614132,-1.1734977654614132,-1.1734977654614132,-1.1734977654614132,-1.1734977654614132,-1.1734977654614132,-1.1734977654614132,-1.1734977654614132,-1.1734977654614132
1992-09-16,-0.9888947433979025,-0.9888947433979025,-0.9888947433979025,-0.9888947433979025,-0.9888947433979025,-0.9888947433979025,-0.9888947433979025,-0.9888947433979025,-0.9888947433979025,-0.9888947433979025,-0.9888947433979025,-0.9888947433979025,-0.9888947433979025,-0.9888947433979025,-0.9888947433979025
1992-09-17,-1.0111287761596215,-1.0111287761596215,-1.0111287761596215,-1.0111287761596215,-1.0111287761596215,-1.0111287761596215,-1.0111287761596215,-1.0111287761596215,-1.0111287761596215,-1.0111287761596215,-1.0111287761596215,-1.0111287761596215,-1.0111287761596215,-1.0111287761596215,-1.0111287761596215
1992-09-18,-1.0227114458183924,-1.0227114458183924,-1.0227114458183924,-1.0227114458183924,-1.0227114458183924,-1.0227114458183924,-1.0227114458183924,-1.0227114458183924,-1.0227114458183924,-1.0227114458183924,-1.0227114458183924,-1.0227114458183924,-1.0227114458183924,-1.0227114458183924,-1.0227114458183924
1992-09-19,-1.0370766410625676,-1.0370766410625676,-1.0370766410625676,-1.0370766410625676,-1.0370766410625676,-1.0370766410625676,-1.0370766410625676,-1.0370766410625676,-1.0370766410625676,-1.0370766410625676,-1.0370766410625676,-1.0370766410625676,-1.0370766410625676,-1.0370766410625676,-1.0370766410625676
1992-09-20,-0.9924179594046848,-0.9924179594046848,-0.9924179594046848,-0.9924179594046848,-0.9924179594046848,-0.9924179594046848,-0.9924179594046848,-0.9924179594046848,-0.9924179594046848,-0.9924179594046848,-0.9924179594046848,-0.9924179594046848,-0.9924179594046848,-0.9924179594046848,-0.9924179594046848
1992-09-21,-0.8711775085768042,-0.8711775085768042,-0.8711775085768042,-0.8711775085768042,-0.8711775085768042,-0.8711775085768042,-0.8711775085768042,-0.8711775085768042,-0.8711775085768042,-0.8711775085768042,-0.8711775085768042,-0.8711775085768042,-0.8711775085768042,-0.8711775085768042,-0.8711775085768042
1992-09-22,-0.9352510658131424,-0.9352510658131424,-0.9352510658131424,-0.9352510658131424,-0.9352510658131424,-0.9352510658131424,-0.9352510658131424,-0.9352510658131424,-0.9352510658131424,-0.9352510658131424,-0.9352510658131424,-0.9352510658131424,-0.9352510658131424,-0.9352510658131424,-0.9352510658131424
1992-09-23,-0.9735435790291859,-0.9735435790291859,-0.9735435790291859,-0.9735435790291859,-0.9735435790291859,-0.9735435790291859,-0.9735435790291859,-0.9735435790291859,-0.9735435790291859,-0.9735435790291859,-0.9735435790291859,-0.9735435790291859,-0.9735435790291859,-0.9735435790291859,-0.9735435790291859
1992-09-24,-0.7192892869789359,-0.7192892869789359,-0.7192892869789359,-0.7192892869789359,-0.7192892869789359,-0.7192892869789359,-0.7192892869789359,-0.7192892869789359,-0.7192892869789359,-0.7192892869789359,-0.7192892869789359,-0.7192892869789359,-0.7192892869789359,-0.7192892869789359,-0.7192892869789359
1992-09-25,-0.7901296796123738,-0.7901296796123738,-0.7901296796123738,-0.7901296796123738,-0.7901296796123738,-0.7901296796123738,-0.7901296796123738,-0.7901296796123738,-0.7901296796123738,-0.7901296796123738,-0.7901296796123738,-0.7901296796123738,-0.7901296796123738,-0.7901296796123738,-0.7901296796123738
1992-09-26,-0.8871837473682272,-0.8871837473682272,-0.8871837473682272,-0.8871837473682272,-0.8871837473682272,-0.8871837473682272,-0.8871837473682272,-0.8871837473682272,-0.8871837473682272,-0.8871837473682272,-0.8871837473682272,-0.8871837473682272,-0.8871837473682272,-0.8871837473682272,-0.8871837473682272
1992-09-27,-0.9764258132897583,-0.9764258132897583,-0.9764258132897583,-0.9764258132897583,-0.9764258132897583,-0.9764258132897583,-0.9764258132897583,-0.9764258132897583,-0.9764258132897583,-0.9764258132897583,-0.9764258132897583,-0.9764258132897583,-0.9764258132897583,-0.9764258132897583,-0.9764258132897583
1992-09-28,-0.8123258644113407,-0.8123258644113407,-0.8123258644113407,-0.8123258644113407,-0.8123258644113407,-0.8123258644113407,-0.8123258644113407,-0.8123258644113407,-0.8123258644113407,-0.8123258644113407,-0.8123258644113407,-0.8123258644113407,-0.8123258644113407,-0.8123258644113407,-0.8123258644113407
1992-09-29,-0.6330452638488838,-0.6330452638488838,-0.6330452638488838,-0.6330452638488838,-0.6330452638488838,-0.6330452638488838,-0.6330452638488838,-0.6330452638488838,-0.6330452638488838,-0.6330452638488838,-0.6330452638488838,-0.6330452638488838,-0.6330452638488838,-0.6330452638488838,-0.6330452638488838
1992-09-30,-0.458507044113094,-0.458507044113094,-0.458507044113094,-0.458507044113094,-0.458507044113094,-0.458507044113094,-0.458507044113094,-0.458507044113094,-0.458507044113094,-0.458507044113094,-0.458507044113094,-0.458507044113094,-0.458507044113094,-0.458507044113094,-0.458507044113094
1992-10-01,-0.4999439582618845,-0.4999439582618845,-0.4999439582618845,-0.4999439582618845,-0.4999439582618845,-0.4999439582618845,-0.4999439582618845,-0.4999439582618845,-0.4999439582618845,-0.4999439582618845,-0.4999439582618845,-0.4999439582618845,-0.4999439582618845,-0.4999439582618845,-0.4999439582618845
1992-10-02,-0.8390417378451643,-0.8390417378451643,-0.8390417378451643,-0.8390417378451643,-0.8390417378451643,-0.8390417378451643,-0.8390417378451643,-0.8390417378451643,-0.8390417378451643,-0.8390417378451643,-0.8390417378451643,-0.8390417378451643,-0.8390417378451643,-0.8390417378451643,-0.8390417378451643
1992-10-03,-0.9508536765127534,-0.9508536765127534,-0.9508536765127534,-0.9508536765127534,-0.9508536765127534,-0.9508536765127534,-0.9508536765127534,-0.9508536765127534,-0.9508536765127534,-0.9508536765127534,-0.9508536765127534,-0.9508536765127534,-0.9508536765127534,-0.9508536765127534,-0.9508536765127534
1992-10-04,-0.8455116501049303,-0.8455116501049303,-0.8455116501049303,-0.8455116501049303,-0.8455116501049303,-0.8455116501049303,-0.8455116501049303,-0.8455116501049303,-0.8455116501049303,-0.8455116501049303,-0.8455116501049303,-0.8455116501049303,-0.8455116501049303,-0.8455116501049303,-0.8455116501049303
1992-10-05,-0.5613813235538427,-0.5613813235538427,-0.5613813235538427,-0.5613813235538427,-0.5613813235538427,-0.5613813235538427,-0.5613813235538427,-0.5613813235538427,-0.5613813235538427,-0.5613813235538427,-0.5613813235538427,-0.5613813235538427,-0.5613813235538427,-0.5613813235538427,-0.5613813235538427
1992-10-06,-0.25402651004944465,-0.25402651004944465,-0.25402651004944465,-0.25402651004944465,-0.25402651004944465,-0.25402651004944465,-0.25402651004944465,-0.25402651004944465,-0.25402651004944465,-0.25402651004944465,-0.25402651004944465,-0.25402651004944465,-0.25402651004944465,-0.25402651004944465,-0.25402651004944465
1992-10-07,-0.047797580851625235,-0.047797580851625235,-0.047797580851625235,-0.047797580851625235,-0.047797580851625235,-0.047797580851625235,-0.047797580851625235,-0.047797580851625235,-0.047797580851625235,-0.047797580851625235,-0.047797580851625235,-0.047797580851625235,-0.047797580851625235,-0.047797580851625235,-0.047797580851625235
1992-10-08,0.30552366354910043,0.30552366354910043,0.30552366354910043,0.30552366354910043,0.30552366354910043,0.30552366354910043,0.30552366354910043,0.30552366354910043,0.30552366354910043,0.30552366354910043,0.30552366354910043,0.30552366354910043,0.30552366354910043,0.30552366354910043,0.30552366354910043
1992-10-09,0.3879805113505272,0.3879805113505272,0.3879805113505272,0.3879805113505272,0.3879805113505272,0.3879805113505272,0.3879805113505272,0.3879805113505272,0.3879805113505272,0.3879805113505272,0.3879805113505272,0.3879805113505272,0.3879805113505272,0.3879805113505272,0.3879805113505272
1992-10-10,0.6061010075559544,0.6061010075559544,0.6061010075559544,0.6061010075559544,0.6061010075559544,0.6061010075559544,0.6061010075559544,0.6061010075559544,0.6061010075559544,0.6061010075559544,0.6061010075559544,0.6061010075559544,0.6061010075559544,0.6061010075559544,0.6061010075559544
1992-10-11,0.9865894335599713,0.9865894335599713,0.9865894335599713,0.9865894335599713,0.9865894335599713,0.9865894335599713,0.9865894335599713,0.9865894335599713,0.9865894335599713,0.9865894335599713,0.9865894335599713,0.9865894335599713,0.9865894335599713,0.9865894335599713,0.9865894335599713
1992-10-12,1.2699544111319405,1.2699544111319405,1.2699544111319405,1.2699544111319405,1.2699544111319405,1.2699544111319405,1.2699544111319405,1.2699544111319405,1.2699544111319405,1.2699544111319405,1.2699544111319405,1.2699544111319405,1.2699544111319405,1.2699544111319405,1.2699544111319405
1992-10-13,1.330152653126775,1.330152653126775,1.330152653126775,1.330152653126775,1.330152653126775,1.330152653126775,1.330152653126775,1.330152653126775,1.330152653126775,1.330152653126775,1.330152653126775,1.330152653126775,1.330152653126775,1.330152653126775,1.330152653126775
1992-10-14,1.2618462572843674,1.2618462572843674,1.2618462572843674,1.2618462572843674,1.2618462572843674,1.2618462572843674,1.2618462572843674,1.2618462572843674,1.2618462572843674,1.2618462572843674,1.2618462572843674,1.2618462572843674,1.2618462572843674,1.2618462572843674,1.2618462572843674
1992-10-15,1.3392507821600224,1.3392507821600224,1.3392507821600224,1.3392507821600224,1.3392507821600224,1.3392507821600224,1.3392507821600224,1.3392507821600224,1.3392507821600224,1.3392507821600224,1.3392507821600224,1.3392507821600224,1.3392507821600224,1.3392507821600224,1.3392507821600224
1992-10-16,1.4071558796273906,1.4071558796273906,1.4071558796273906,1.4071558796273906,1.4071558796273906,1.4071558796273906,1.4071558796273906,1.4071558796273906,1.4071558796273906,1.4071558796273906,1.4071558796273906,1.4071558796273906,1.4071558796273906,1.4071558796273906,1.4071558796273906
1992-10-17,1.5018249874212086,1.5018249874212086,1.5018249874212086,1.5018249874212086,1.5018249874212086,1.5018249874212086,1.5018249874212086,1.5018249874212086,1.5018249874212086,1.5018249874212086,1.5018249874212086,1.5018249874212086,1.5018249874212086,1.5018249874212086,1.5018249874212086
1992-10-18,1.411255898980296,1.411255898980296,1.411255898980296,1.411255898980296,1.411255898980296,1.411255898980296,1.411255898980296,1.411255898980296,1.411255898980296,1.411255898980296,1.411255898980296,1.411255898980296,1.411255898980296,1.411255898980296,1.411255898980296
1992-10-19,1.3902059187299232,1.3902059187299232,1.3902059187299232,1.3902059187299232,1.3902059187299232,1.3902059187299232,1.3902059187299232,1.3902059187299232,1.3902059187299232,1.3902059187299232,1.3902059187299232,1.3902059187299232,1.3902059187299232,1.3902059187299232,1.3902059187299232
1992-10-20,1.292589121694922,1.292589121694922,1.292589121694922,1.292589121694922,1.292589121694922,1.292589121694922,1.292589121694922,1.292589121694922,1.292589121694922,1.292589121694922,1.292589121694922,1.292589121694922,1.292589121694922,1.292589121694922,1.292589121694922
1992-10-21,1.3549773835932695,1.3549773835932695,1.3549773835932695,1.3549773835932695,1.3549773835932695,1.3549773835932695,1.3549773835932695,1.3549773835932695,1.3549773835932695,1.3549773835932695,1.3549773835932695,1.3549773835932695,1.3549773835932695,1.3549773835932695,1.3549773835932695
1992-10-22,1.4414921132677487,1.4414921132677487,1.4414921132677487,1.4414921132677487,1.4414921132677487,1.4414921132677487,1.4414921132677487,1.4414921132677487,1.4414921132677487,1.4414921132677487,1.4414921132677487,1.4414921132677487,1.4414921132677487,1.4414921132677487,1.4414921132677487
1992-10-23,1.4786176991929891,1.4786176991929891,1.4786176991929891,1.4786176991929891,1.4786176991929891,1.4786176991929891,1.4786176991929891,1.4786176991929891,1.4786176991929891,1.4786176991929891,1.4786176991929891,1.4786176991929891,1.4786176991929891,1.4786176991929891,1.4786176991929891
1992-10-24,1.2462981236708441,1.2462981236708441,1.2462981236708441,1.2462981236708441,1.2462981236708441,1.2462981236708441,1.2462981236708441,1.2462981236708441,1.2462981236708441,1.2462981236708441,1.2462981236708441,1.2462981236708441,1.2462981236708441,1.2462981236708441,1.2462981236708441
1992-10-25,0.9387050304099772,0.9387050304099772,0.9387050304099772,0.9387050304099772,0.9387050304099772,0.9387050304099772,0.9387050304099772,0.9387050304099772,0.9387050304099772,0.9387050304099772,0.9387050304099772,0.9387050304099772,0.9387050304099772,0.9387050304099772,0.9387050304099772
1992-10-26,0.6965628658715971,0.6965628658715971,0.6965628658715971,0.6965628658715971,0.6965628658715971,0.6965628658715971,0.6965628658715971,0.6965628658715971,0.6965628658715971,0.6965628658715971,0.6965628658715971,0.6965628658715971,0.6965628658715971,0.6965628658715971,0.6965628658715971
1992-10-27,0.6664178091317196,0.6664178091317196,0.6664178091317196,0.6664178091317196,0.6664178091317196,0.6664178091317196,0.6664178091317196,0.6664178091317196,0.6664178091317196,0.6664178091317196,0.6664178091317196,0.6664178091317196,0.6664178091317196,0.6664178091317196,0.6664178091317196
1992-10-28,0.5524503179023064,0.5524503179023064,0.5524503179023064,0.5524503179023064,0.5524503179023064,0.5524503179023064,0.5524503179023064,0.5524503179023064,0.5524503179023064,0.5524503179023064,0.5524503179023064,0.5524503179023064,0.5524503179023064,0.5524503179023064,0.5524503179023064
1992-10-29,0.34267572195559026,0.34267572195559026,0.34267572195559026,0.34267572195559026,0.34267572195559026,0.34267572195559026,0.34267572195559026,0.34267572195559026,0.34267572195559026,0.34267572195559026,0.34267572195559026,0.34267572195559026,0.34267572195559026,0.34267572195559026,0.34267572195559026
1992-10-30,0.2363700421106922,0.2363700421106922,0.2363700421106922,0.2363700421106922,0.2363700421106922,0.2363700421106922,0.2363700421106922,0.2363700421106922,0.2363700421106922,0.2363700421106922,0.2363700421106922,0.2363700421106922,0.2363700421106922,0.2363700421106922,0.2363700421106922
1992-10-31,0.1019005618322711,0.1019005618322711,0.1019005618322711,0.1019005618322711,0.1019005618322711,0.1019005618322711,0.1019005618322711,0.1019005618322711,0.1019005618322711,0.1019005618322711,0.1019005618322711,0.1019005618322711,0.1019005618322711,0.1019005618322711,0.1019005618322711
1992-11-01,0.1861716737602573,0.1861716737602573,0.1861716737602573,0.1861716737602573,0.1861716737602573,0.1861716737602573,0.1861716737602573,0.1861716737602573,0.1861716737602573,0.1861716737602573,0.1861716737602573,0.1861716737602573,0.1861716737602573,0.1861716737602573,0.1861716737602573
1992-11-02,-0.29881531691312824,-0.29881531691312824,-0.29881531691312824,-0.29881531691312824,-0.29881531691312824,-0.29881531691312824,-0.29881531691312824,-0.29881531691312824,-0.29881531691312824,-0.29881531691312824,-0.29881531691312824,-0.29881531691312824,-0.29881531691312824,-0.29881531691312824,-0.29881531691312824
1992-11-03,-0.4716320793482952,-0.4716320793482952,-0.4716320793482952,-0.4716320793482952,-0.4716320793482952,-0.4716320793482952,-0.4716320793482952,-0.4716320793482952,-0.4716320793482952,-0.4716320793482952,-0.4716320793482952,-0.4716320793482952,-0.4716320793482952,-0.4716320793482952,-0.4716320793482952
1992-11-04,-0.8468761637252403,-0.8468761637252403,-0.8468761637252403,-0.8468761637252403,-0.8468761637252403,-0.8468761637252403,-0.8468761637252403,-0.8468761637252403,-0.8468761637252403,-0.8468761637252403,-0.8468761637252403,-0.8468761637252403,-0.8468761637252403,-0.8468761637252403,-0.8468761637252403
1992-11-05,-1.0405471689431103,-1.0405471689431103,-1.0405471689431103,-1.0405471689431103,-1.0405471689431103,-1.0405471689431103,-1.0405471689431103,-1.0405471689431103,-1.0405471689431103,-1.0405471689431103,-1.0405471689431103,-1.0405471689431103,-1.0405471689431103,-1.0405471689431103,-1.0405471689431103
1992-11-06,-1.1644965809139258,-1.1644965809139258,-1.1644965809139258,-1.1644965809139258,-1.1644965809139258,-1.1644965809139258,-1.1644965809139258,-1.1644965809139258,-1.1644965809139258,-1.1644965809139258,-1.1644965809139258,-1.1644965809139258,-1.1644965809139258,-1.1644965809139258,-1.1644965809139258
1992-11-07,-1.196912874950844,-1.196912874950844,-1.196912874950844,-1.196912874950844,-1.196912874950844,-1.196912874950844,-1.196912874950844,-1.196912874950844,-1.196912874950844,-1.196912874950844,-1.196912874950844,-1.196912874950844,-1.196912874950844,-1.196912874950844,-1.196912874950844
1992-11-08,-0.9604038869115333,-0.9604038869115333,-0.9604038869115333,-0.9604038869115333,-0.9604038869115333,-0.9604038869115333,-0.9604038869115333,-0.9604038869115333,-0.9604038869115333,-0.9604038869115333,-0.9604038869115333,-0.9604038869115333,-0.9604038869115333,-0.9604038869115333,-0.9604038869115333
1992-11-09,-1.3907564630405722,-1.3907564630405722,-1.3907564630405722,-1.3907564630405722,-1.3907564630405722,-1.3907564630405722,-1.3907564630405722,-1.3907564630405722,-1.3907564630405722,-1.3907564630405722,-1.3907564630405722,-1.3907564630405722,-1.3907564630405722,-1.3907564630405722,-1.3907564630405722
1992-11-10,-1.6221963796375738,-1.6221963796375738,-1.6221963796375738,-1.6221963796375738,-1.6221963796375738,-1.6221963796375738,-1.6221963796375738,-1.6221963796375738,-1.6221963796375738,-1.6221963796375738,-1.6221963796375738,-1.6221963796375738,-1.6221963796375738,-1.6221963796375738,-1.6221963796375738
1992-11-11,-1.429085171110381,-1.429085171110381,-1.429085171110381,-1.429085171110381,-1.429085171110381,-1.429085171110381,-1.429085171110381,-1.429085171110381,-1.429085171110381,-1.429085171110381,-1.429085171110381,-1.429085171110381,-1.429085171110381,-1.429085171110381,-1.429085171110381
1992-11-12,-1.0052056180179825,-1.0052056180179825,-1.0052056180179825,-1.0052056180179825,-1.0052056180179825,-1.0052056180179825,-1.0052056180179825,-1.0052056180179825,-1.0052056180179825,-1.0052056180179825,-1.0052056180179825,-1.0052056180179825,-1.0052056180179825,-1.0052056180179825,-1.0052056180179825
1992-11-13,-0.8463951868782502,-0.8463951868782502,-0.8463951868782502,-0.8463951868782502,-0.8463951868782502,-0.8463951868782502,-0.8463951868782502,-0.8463951868782502,-0.8463951868782502,-0.8463951868782502,-0.8463951868782502,-0.8463951868782502,-0.8463951868782502,-0.8463951868782502,-0.8463951868782502
1992-11-14,-0.7099653773010591,-0.7099653773010591,-0.7099653773010591,-0.7099653773010591,-0.7099653773010591,-0.7099653773010591,-0.7099653773010591,-0.7099653773010591,-0.7099653773010591,-0.7099653773010591,-0.7099653773010591,-0.7099653773010591,-0.7099653773010591,-0.7099653773010591,-0.7099653773010591
1992-11-15,-0.3988566686369789,-0.3988566686369789,-0.3988566686369789,-0.3988566686369789,-0.3988566686369789,-0.3988566686369789,-0.3988566686369789,-0.3988566686369789,-0.3988566686369789,-0.3988566686369789,-0.3988566686369789,-0.3988566686369789,-0.3988566686369789,-0.3988566686369789,-0.3988566686369789
1992-11-16,-0.39768199258039927,-0.39768199258039927,-0.39768199258039927,-0.39768199258039927,-0.39768199258039927,-0.39768199258039927,-0.39768199258039927,-0.39768199258039927,-0.39768199258039927,-0.39768199258039927,-0.39768199258039927,-0.39768199258039927,-0.39768199258039927,-0.39768199258039927,-0.39768199258039927
1992-11-17,-0.24528969838228853,-0.24528969838228853,-0.24528969838228853,-0.24528969838228853,-0.24528969838228853,-0.24528969838228853,-0.24528969838228853,-0.24528969838228853,-0.24528969838228853,-0.24528969838228853,-0.24528969838228853,-0.24528969838228853,-0.24528969838228853,-0.24528969838228853,-0.24528969838228853
1992-11-18,-0.030027019146292418,-0.030027019146292418,-0.030027019146292418,-0.030027019146292418,-0.030027019146292418,-0.030027019146292418,-0.030027019146292418,-0.030027019146292418,-0.030027019146292418,-0.030027019146292418,-0.030027019146292418,-0.030027019146292418,-0.030027019146292418,-0.030027019146292418,-0.030027019146292418
1992-11-19,-0.1872737204492643,-0.1872737204492643,-0.1872737204492643,-0.1872737204492643,-0.1872737204492643,-0.1872737204492643,-0.1872737204492643,-0.1872737204492643,-0.1872737204492643,-0.1872737204492643,-0.1872737204492643,-0.1872737204492643,-0.1872737204492643,-0.1872737204492643,-0.1872737204492643
1992-11-20,-0.14240324899052353,-0.14240324899052353,-0.14240324899052353,-0.14240324899052353,-0.14240324899052353,-0.14240324899052353,-0.14240324899052353,-0.14240324899052353,-0.14240324899052353,-0.14240324899052353,-0.14240324899052353,-0.14240324899052353,-0.14240324899052353,-0.14240324899052353,-0.14240324899052353
1992-11-21,-0.5184869348706379,-0.5184869348706379,-0.5184869348706379,-0.5184869348706379,-0.5184869348706379,-0.5184869348706379,-0.5184869348706379,-0.5184869348706379,-0.5184869348706379,-0.5184869348706379,-0.5184869348706379,-0.5184869348706379,-0.5184869348706379,-0.5184869348706379,-0.5184869348706379
1992-11-22,-0.5253350746431142,-0.5253350746431142,-0.5253350746431142,-0.5253350746431142,-0.5253350746431142,-0.5253350746431142,-0.5253350746431142,-0.5253350746431142,-0.5253350746431142,-0.5253350746431142,-0.5253350746431142,-0.5253350746431142,-0.5253350746431142,-0.5253350746431142,-0.5253350746431142
1992-11-23,-0.8355066021325434,-0.8355066021325434,-0.8355066021325434,-0.8355066021325434,-0.8355066021325434,-0.8355066021325434,-0.8355066021325434,-0.8355066021325434,-0.8355066021325434,-0.8355066021325434,-0.8355066021325434,-0.8355066021325434,-0.8355066021325434,-0.8355066021325434,-0.8355066021325434
1992-11-24,-1.112283833687904,-1.112283833687904,-1.112283833687904,-1.112283833687904,-1.112283833687904,-1.112283833687904,-1.112283833687904,-1.112283833687904,-1.112283833687904,-1.112283833687904,-1.112283833687904,-1.112283833687904,-1.112283833687904,-1.112283833687904,-1.112283833687904
1992-11-25,-0.86833204737804,-0.86833204737804,-0.86833204737804,-0.86833204737804,-0.86833204737804,-0.86833204737804,-0.86833204737804,-0.86833204737804,-0.86833204737804,-0.86833204737804,-0.86833204737804,-0.86833204737804,-0.86833204737804,-0.86833204737804,-0.86833204737804
1992-11-26,-0.759841543496317,-0.759841543496317,-0.759841543496317,-0.759841543496317,-0.759841543496317,-0.759841543496317,-0.759841543496317,-0.759841543496317,-0.759841543496317,-0.759841543496317,-0.759841543496317,-0.759841543496317,-0.759841543496317,-0.759841543496317,-0.759841543496317
1992-11-27,-0.8222189092647813,-0.8222189092647813,-0.8222189092647813,-0.8222189092647813,-0.8222189092647813,-0.8222189092647813,-0.8222189092647813,-0.8222189092647813,-0.8222189092647813,-0.8222189092647813,-0.8222189092647813,-0.8222189092647813,-0.8222189092647813,-0.8222189092647813,-0.8222189092647813
1992-11-28,-1.2123204156046685,-1.2123204156046685,-1.2123204156046685,-1.2123204156046685,-1.2123204156046685,-1.2123204156046685,-1.2123204156046685,-1.2123204156046685,-1.2123204156046685,-1.2123204156046685,-1.2123204156046685,-1.2123204156046685,-1.2123204156046685,-1.2123204156046685,-1.2123204156046685
1992-11-29,-1.6100500038642813,-1.6100500038642813,-1.6100500038642813,-1.6100500038642813,-1.6100500038642813,-1.6100500038642813,-1.6100500038642813,-1.6100500038642813,-1.6100500038642813,-1.6100500038642813,-1.6100500038642813,-1.6100500038642813,-1.6100500038642813,-1.6100500038642813,-1.6100500038642813
1992-11-30,-1.4474159435846905,-1.4474159435846905,-1.4474159435846905,-1.4474159435846905,-1.4474159435846905,-1.4474159435846905,-1.4474159435846905,-1.4474159435846905,-1.4474159435846905,-1.4474159435846905,-1.4474159435846905,-1.4474159435846905,-1.4474159435846905,-1.4474159435846905,-1.4474159435846905
1992-12-01,-1.3146853764001722,-1.3146853764001722,-1.3146853764001722,-1.3146853764001722,-1.3146853764001722,-1.3146853764001722,-1.3146853764001722,-1.3146853764001722,-1.3146853764001722,-1.3146853764001722,-1.3146853764001722,-1.3146853764001722,-1.3146853764001722,-1.3146853764001722,-1.3146853764001722
1992-12-02,-1.7853705118088599,-1.6484454912981237,-1.6969223616178628,-1.8333984155471028,-1.6699471865985591,-1.7533504629982373,-1.677581589105634,-1.775985416153877,-1.8465018270490527,-1.6126634011716612,-1.6273296288105585,-1.915449765632889,-1.7827871349517428,-1.77455654570011,-1.8656736265606941
1992-12-03,-1.2403034324917486,-1.2250567055017583,-1.197177225204988,-1.4431963348731114,-1.0714826780664408,-1.042308299719749,-1.3544194020917206,-1.293362534257053,-1.4266560179837982,-1.1797802510914883,-0.9826287947001606,-1.4753829326928156,-1.490366048664606,-1.2583727516495347,-1.3126161224409778
1992-12-04,-1.175546282959642,-0.9983889476750925,-1.234400832305024,-1.1955707779358677,-0.7305397019641221,-0.9096146495843851,-1.1783385831463724,-1.5019856951576196,-1.388208306803098,-0.9594710880686613,-0.8254105552934096,-1.4535269591090383,-1.4482894347679982,-1.1584161446340162,-1.2291429907456555
1992-12-05,-1.1601327988738455,-1.116530224297072,-1.3638174234518745,-1.0703859956977282,-0.6329209983311211,-0.8453617629163589,-1.3370731770548867,-1.2824075133681656,-1.3400912368202014,-0.8439493220053542,-0.7434040356715138,-1.3809766156593595,-1.273135596875438,-1.247501828758609,-1.3145792864568637
1992-12-06,-0.9668984704419921,-0.8768310075830047,-1.0572929864905791,-0.7215779934819572,-0.403458803480064,-0.7696385839854516,-1.084871195246324,-0.9719319133215394,-1.193715963744143,-0.7830359778811047,-0.6685647153204498,-1.2206368781477983,-1.012057146722015,-1.1352783036191625,-1.07321115279142
1992-12-07,-0.7943794156047133,-0.7526762034701208,-0.8427919456908834,-0.8274437892343605,-0.3644729889663565,-0.4735237962100445,-1.0107940882555784,-0.5006053907844097,-0.9342503153866863,-0.5693595770880844,-0.6180559114389216,-0.9179034562407069,-0.7837633644182003,-0.7810110230288753,-0.7689541773866249
1992-12-08,-0.566378010422572,-0.6028862425525,-0.5641644201201287,-0.5955717752930039,-0.28761299032401894,-0.2714156372746532,-0.71388734503258,-0.36280508532558425,-0.864349307777892,-0.2849156779063071,-0.49529775392999,-0.7192069558782774,-0.44378851619744814,-0.580216993867821,-0.3201249924960894
1992-12-09,-0.5613799936577056,-0.5473434078164495,-0.31705095071458106,-0.75120938737522,-0.2272496412688942,-0.44020148149811866,-0.40671053449066447,-0.4421884850905006,-0.6880568781880568,-0.20968743508428928,-0.6857983565408499,-0.6097623304226878,-0.5031775212308287,-0.45621626053956094,-0.3543570906693454
1992-12-10,-0.7267232630596885,-0.3262935211589904,-0.36615433061078195,-0.47141752268261655,-0.6448689607389695,-0.5391499787982863,-0.44161114712763283,-0.8240658836122627,-0.8846056711021744,-0.3744252938430448,-0.9162946266037522,-0.4381928697248366,-0.5401106511869921,-0.3345456176575813,-0.4099107602279578
1992-12-11,-0.7187941469262854,-0.1657053194468408,-0.4882350635470802,-0.38408964759750996,-0.8461445869084245,-0.566331039915158,-0.13151778570258973,-0.8045926835080803,-1.0589125026536754,-0.42476520184943045,-1.0854576232045985,-0.3584332606507931,-0.5510722502632925,-0.34584810947431804,-0.6000224853844112
1992-12-12,-0.7403408500943124,-0.1363216149261802,-0.41781485136221624,-0.34431500372998664,-0.9444708942216476,-0.5313151036032968,-0.03460869946784338,-0.9419188838484257,-1.221117296481386,-0.9158820940426609,-1.341328557440318,-0.298419749933558,-0.7075345048028595,-0.32376022879382604,-0.6699855753779936
1992-12-13,-0.717990278949447,-0.30995002480595135,-0.46852404349229027,-0.5812085042051038,-0.8509256658075369,-0.4195595919274698,0.06712855963140542,-0.9841669820825025,-1.4399393720332383,-1.033578323689543,-1.374551501615006,-0.5831402199203467,-0.8782871091502297,-0.47972449647717313,-0.7268731429636643
1992-12-14,-0.6537411400281975,-0.5829719446964998,-0.7522932072036553,-0.7027722934088989,-0.7409063748012749,-0.5195550941266157,0.027441658570467407,-0.9501689251519596,-1.2776387101395108,-1.0252324808386188,-1.2021191226440444,-0.541132829609496,-0.8721878954760139,-0.8346542575502269,-0.6659640869623255
1992-12-15,-0.7513112613298806,-1.0376293952562157,-0.9005925981535868,-1.0462471993806572,-0.8871964155560791,-0.7672326978069127,-0.078662884479723,-0.8014435035112248,-1.0374362759138713,-1.2490152702028328,-0.7793237720360647,-0.46792416276464893,-0.9179606512783793,-1.1613889660875278,-0.8397191227602576
1992-12-16,-0.739194155547633,-1.0533351279039014,-0.8156503648474338,-0.9115026116548016,-0.9600741470896119,-0.6010597369698354,-0.12656309953085618,-0.4832510750851805,-0.8847299276252019,-0.9350730050619327,-0.5801450839796047,-0.30771907437568075,-1.277358538972073,-1.2765275027395349,-0.9821308548805412
1992-12-17,-0.47897700146745315,-1.1630453414341377,-0.8169684206337255,-0.8457235099415105,-0.8685651517585788,-0.3414876076132521,0.07591452089114975,0.04050266164325024,-0.5856384865602007,-0.4683994576809834,-0.38182950377645614,-0.34315479988078706,-1.205990966618797,-1.4914498996607977,-0.958259392388325
1992-12-18,-0.4559285010648014,-1.4172127631318003,-0.8894117844814439,-0.623597717080857,-0.739862389709754,-0.2639996046364004,-0.010382109759819921,0.3553041650583712,-0.6686439479316972,-0.40403262634253717,-0.21090641146049482,-0.494326088451785,-1.3359024999826916,-1.6771490382032188,-0.9724507034755642
1992-12-19,-0.6253248578898457,-1.3773844475105002,-1.11205738002151,-0.5108727004023745,-1.078589496815978,-0.33354027988154095,-0.35771710339753016,0.5983991206833719,-0.9283017649226342,-0.44229610713620215,-0.14529597427443833,-0.6592235261767488,-1.546388911485548,-1.8754856919688168,-0.8132277330696549
1992-12-20,-0.6637143088566498,-1.5110720986134736,-1.148670682394986,-0.8015365886156284,-1.4693531431994056,-0.4304501720783686,-0.5851544949000994,0.42775570161210874,-1.0284739832768608,-0.5183588601705504,0.010036406234219643,-0.8340826304397478,-1.554496397715133,-1.8499434124447591,-0.508224728675903
1992-12-21,-0.45450974199109095,-1.5724076524553703,-0.9705797383947351,-0.8995061284329995,-1.552256891674745,-0.24237750834548744,-1.018863414603673,0.5169178432212422,-0.529590083324521,-0.12407543585392601,-0.10043243446925122,-1.0246297639230124,-1.808448447201093,-2.141327205653133,-0.46857046726347856
1992-12-22,-0.27651497844608053,-1.5122223752650328,-0.7590265402036402,-0.8514537808551297,-1.2700924780319498,-0.14244433448697438,-1.2590383366177502,0.5875640353497996,-0.2854205811326053,0.19508043215163964,-0.08585140816913132,-1.2099503136515384,-2.010726372287252,-2.055980712449354,-0.35957669566591
1992-12-23,-0.13633115817096625,-1.3646623287816055,-0.6057443517352592,-0.8698995501221504,-1.1815996541263882,-0.221106594426159,-1.4187824455228697,0.07266261422353833,-0.2685527242994727,0.42002211889842256,-0.4262884711048993,-1.2260619055891573,-2.0427120051228513,-1.7608818116879987,-0.10535161401846645
1992-12-24,-0.052902207714177196,-1.3043052574051883,-0.47860810524526803,-1.030477622495755,-1.1682982868386362,-0.11859287457981545,-1.600649184422209,-0.3940660030535905,-0.1466430221258304,0.30651306196113415,-0.8385029764405606,-1.1557683098524603,-2.0418075785290473,-1.739259491640571,-0.351946988217256
1992-12-25,0.0834550356933788,-1.293119443317994,-0.5011962168682194,-1.3008010256416833,-1.1274507808549594,-0.02708406150179993,-1.7983557927413585,-0.5883829990696712,-0.4471320368281908,-0.042927383759936114,-1.077101607883754,-1.014580110191403,-2.144087578229008,-1.5511401448040099,-0.42472927525289067
1992-12-26,-0.03361814049040734,-1.6964952206333168,-0.681682770145399,-1.3384736278817544,-1.1184903516134685,-0.10613489260069017,-1.9764885083461932,-0.5101668836249011,-0.5505178555220921,-0.26259749070151983,-1.2593611380130505,-0.6878857045885333,-2.1567257864783036,-1.322479642056006,-0.6953763647775922
1992-12-27,-0.44559098985040557,-1.9848164911261448,-1.3268007360636995,-1.1843659043914458,-1.2030020484663169,-0.06345852760473346,-2.0179964350680484,-0.7171855532595562,-1.098481430414874,-0.35394311903306863,-1.3587535678067746,-0.4696357783895147,-2.328300073147839,-1.122030803488201,-0.7231821358737075
1992-12-28,-0.8694712877116181,-2.119525638838629,-1.7907522675715657,-1.0059451635236747,-0.869221038104367,0.009203819237047554,-2.0420448015067167,-1.0922968107913427,-1.498021113001773,-0.7210360172472935,-1.5361546785091973,-0.5316782071131143,-2.4780623566507134,-1.0263862004633506,-0.5429746434461828
1992-12-29,-0.8425735750297954,-2.023377445705868,-2.184800048035672,-1.0498485401473259,-0.8566355515553047,0.24977388138633722,-1.9620840440916254,-1.0775352854503022,-1.651313883416559,-1.172746437394324,-1.770365721903543,-0.6323954921888999,-2.629636710603483,-0.8346764085240916,-0.38855333827303357
1992-12-30,-0.8335308563950073,-1.9985786517131328,-2.1896390516664517,-1.2356125546294954,-0.8248736421245201,0.1553271986785511,-1.7836240627994893,-0.864090617265627,-1.6857146512097312,-1.5300428573409346,-1.7933734690632224,-0.3419150453638846,-2.5130355805587654,-0.5865047871415111,-0.06468833015877898
1992-12-31,-0.8592305014928199,-1.8932184230121016,-2.4509583594697624,-1.1430455603755907,-1.0543413753027977,-0.14994270072916263,-1.4896162504619703,-1.0507164251607841,-1.5049038025021604,-1.8329141298975042,-1.600799992361978,-0.3008093962466372,-2.234375603780014,-0.36077992320875274,-0.017322741988204025
1993-01-01,-0.735587241606727,-1.6181564528730001,-2.3886323979955355,-1.5012215997873357,-1.125193545077908,-0.23393678869915382,-1.2685746575194918,-1.0335453746441452,-1.3475504628887427,-1.7679855797813628,-1.3101825434111245,-0.5121227022804409,-1.8537301502394041,-0.3066551938422123,-0.057611610705270086
1993-01-02,-0.5907840762389636,-1.7828707879672325,-2.1113820096902116,-1.698810517284244,-1.0399849391217653,-0.4265803026953192,-0.9894116215220483,-0.7949051946905873,-1.2032902911527368,-1.4643922828076616,-1.0287046725058437,-0.7894551754254673,-1.5926648996093777,-0.3256548390645815,-0.08772837127942473
1993-01-03,-0.3852096853450671,-2.3524852680528134,-2.1546577863595937,-1.9004339666847598,-0.8770388331025534,-0.48423033996348824,-0.9253126771482788,-0.5515289404433138,-0.9667478731862886,-1.2518521546938202,-0.8231061201779175,-0.8457229125804722,-1.106809130335074,-0.11667843265474698,-0.76109317260156
1993-01-04,-0.1554689669323607,-2.228311221873,-2.204404819912468,-1.684749466023745,-0.7902489269159596,-0.4380207093018977,-0.6176097906490646,-0.5483799554672355,-0.7278048715266547,-1.2154277312908115,-0.7184058010692671,-0.9787342427057637,-0.2882071431721301,0.015930820793449835,-1.122032335266819
1993-01-05,-0.08199514791869307,-1.706930641481924,-2.1529621349116046,-1.4249378045305536,-1.0067022683056037,-0.5284818038711001,-0.19528135519020615,-0.47472698804813296,-0.5754559034262865,-0.9839077024687546,-0.7108885065916877,-0.9429673435394187,0.15625309010171565,0.4299417880907467,-1.4256190328301457
1993-01-06,-0.12772988992471276,-1.330115432239062,-1.8986949052315802,-0.8033844835931131,-0.8524497945244853,-0.6446128915787207,-0.3355173897551802,-0.03778662009881907,-0.45924271798970445,-0.7850294471398422,-0.5748912618831127,-0.7173180034983998,0.2722363861554236,0.5036568513659434,-1.550443227243883
1993-01-07,0.01898429654226414,-0.8629088041952033,-1.6286102903470299,-0.3563729781789767,-0.7863832558238328,-0.6946030075513706,-0.5235519496925636,0.07320238085063793,-0.25936768547923666,-0.5425722614202959,-0.5244707947017405,-0.5495837389507033,0.4987721679645976,0.8357876874225896,-1.5461689809895447
1993-01-08,0.1490873151846806,-0.5127243096114447,-1.1849255123639035,-0.30143750740365277,-0.8666087393498398,-0.5632311184667738,-0.7439571220848822,-0.2107087299162225,-0.15814568292366046,-0.5950212092794972,-0.2726456663807669,-0.2848244321618251,0.3010795542150267,0.8323950358818899,-1.5694919742633742
1993-01-09,0.2597606145607502,-0.32931873817789886,-0.7290142228151346,-0.06354309434391449,-0.9600725928965534,-0.5009391106873929,-0.9215323052943006,-0.23947029201860043,-0.5611855636052013,-0.5587688367820032,-0.06184311408620019,-0.31885375997904847,0.40935069193968204,0.5357966283936998,-1.2901794488282927
1993-01-10,0.3596556367679425,-0.6015584489423308,-0.5316564078099072,0.14857431087859838,-1.1200604286650635,-0.4904603687446239,-0.9921738357939327,-0.26705008947004744,-0.6714108130539763,-0.8919989335919167,0.07122572475740765,-0.2965117391485418,0.7404277115481234,0.30708177906205303,-0.877721051600076
1993-01-11,0.5474371929833807,-0.7689473314504202,-0.13725664441419397,0.03201604223578418,-0.937729803665061,-0.6733155829338813,-0.8216963133950013,-0.04631162104223426,-0.6727091489601027,-0.9545686547186194,-0.048007795842386757,0.025709702503578395,0.8347289530459593,0.1035279958208577,-0.6472031436125111
1993-01-12,0.5189662239558516,-0.5688931995237787,0.16600055457804785,-0.25547325344893457,-0.5600580639359081,-0.6930847090482841,-0.7534209796669666,-0.10784647087733974,-0.5524937847310595,-1.3736715824090382,-0.07488768229289101,0.29034846192235486,0.6655920966063159,0.015712916468876778,-0.3206989341938953
1993-01-13,0.5214469099067041,-0.41966881407672696,0.29535747728123046,-0.6703008713613828,-0.4582670167612789,-0.5749435226618386,-0.7076685648246559,-0.03096021723933496,-0.6951805490274895,-1.7723970117764467,-0.09250910621442769,0.6043871066179288,0.8557585333896789,-0.5132575559864718,-0.06655623119011309
1993-01-14,0.4840255062838332,-0.2442384479047169,0.4454849412568818,-0.9316143122000607,-0.3185794524756148,-0.2803039226738548,-0.802730865294932,0.13371205266658331,-0.7429821514465634,-2.063421416747842,-0.24110620175397895,0.7414928164346506,1.0346352221925856,-0.8159453244631447,0.39768196377053283
1993-01-15,0.17637843893378477,0.08486791303276396,0.5112334833090129,-1.2930738032883744,-0.2275089074325057,0.12534125835967835,-0.5937447492199436,0.502161585991209,-0.7507760213300207,-2.3111230127224185,-0.2776749575712035,0.7136099467880042,1.7988928830180941,-0.7419933884910671,0.2521189279008233
1993-01-16,-0.05460796608055691,0.11857247693401463,0.7244931745846112,-1.6852071525855397,-0.2994298811752449,0.06874320651527605,-0.4668909991057256,0.6429953919229868,-0.6888281280828739,-1.9561295902648066,-0.32658787646042303,0.6058210731528457,1.9774746761592457,-0.9215731702961868,0.2925795079467256
1993-01-17,-0.008178745826141929,0.08127533445894625,1.0095325878452457,-1.6813719159786789,-0.2452934085899444,0.21244395689886425,-0.2539089810688871,0.941789107513364,-0.4894122107148916,-1.6686414905766551,-0.4636630325069369,0.695404724668261,1.7025883637137451,-0.7175712855282022,0.09633801546176884
1993-01-18,0.14215178174137894,0.18119192418968127,1.1702564408673255,-1.655870613210912,-0.023992524156304696,0.3855918806460585,0.02605055282473553,0.9301816457170932,-0.3914395600836895,-1.2368614100015582,-0.4877785201091357,0.7396268383064636,1.5721319278809578,-0.3389570184609072,-0.09885679687239535
1993-01-19,0.2092630492306573,0.0886355298085487,1.1916859491751328,-2.1453741851223462,-0.1883551133357697,0.7416549147493676,0.27665372608764244,1.0738922724771418,-0.3127488043024544,-0.9624292553511674,-0.5558407866488497,0.5452163409428287,1.4862530505011435,-0.19618994554189564,0.13038617936806968
1993-01-20,0.07143995511709861,0.02290359112160196,0.9975568270434207,-2.176316478592402,-0.13948695781859213,0.7291237200193009,0.26280361414930037,0.9095010275616117,-0.5885099751075038,-0.6282432227456223,-0.6211847097709806,0.5546591304067281,1.0597413380677974,-0.2035098703163032,0.5498971833551911
1993-01-21,-0.14839048875766475,0.1970336702819888,0.9696150794716487,-1.8459565849966806,0.19507417383007444,0.6905008141914079,0.4713782238675967,0.7124748233889516,-0.42402058594576764,-0.1580362033292397,-0.6539533221477324,0.187473864976426,0.5731324444895648,-0.2697014324769204,0.894870006767691
1993-01-22,0.03711693967478099,0.18023897352724277,1.01298291787842,-1.0901490726784704,0.48654797781358156,0.7794770091202899,0.28180372655211106,0.5547877235780471,-0.2608002567087055,0.4860317448586797,-0.8514004752561113,0.03502925159314934,0.2958407149992215,-0.8370483509355332,1.2242096094789294
1993-01-23,0.2769699469028825,0.16120502569391412,1.1479279329040237,-0.5010037888931735,0.8689502653853339,0.8091541235143362,0.33232508260749005,0.5998765331462451,-0.4323345798606982,0.5845542898461807,-0.7374863991466233,-0.17974983547179252,-0.19618691604786181,-1.0174784043768934,1.4709831348095084
1993-01-24,0.3377773134965241,0.3517133840745231,1.3110292433529063,0.2924657138339051,0.7436976861066742,0.8880567104065844,0.12095880658515712,0.7451171716670407,-0.42821444458317365,0.5724031379500396,-0.5396373826644841,-0.5549041156985148,-0.37117879542296023,-1.1330405670219172,1.7708167878344978
1993-01-25,0.462012911556968,0.2928031572186822,1.524528723526338,1.0146649844862943,0.5860753960681457,1.042399794334289,0.2394109453041888,0.9880569985599631,-0.2197265787532075,0.8852534315626684,-0.601403869161752,-0.5821530455594597,-0.14894292799266287,-1.3114912444029305,1.8129992401007315
1993-01-26,0.5779059638258909,0.3535029639618964,1.4527510367189358,1.4328977563241647,0.883306496381976,1.170810688720112,0.3515198410359173,1.5319973713863013,0.07025768061776273,1.2808079069864262,-0.3786957964759583,-0.3465139401970538,0.24126355767918298,-1.072635642169719,1.8344975946556217
1993-01-27,0.47933180231506456,0.29060747958683153,1.315408007302596,1.9911824241618095,0.7255160052214201,1.264318955860642,0.48739787662947215,1.6686664497142167,0.3752037714816298,1.281094764567151,-0.3068612660362886,-0.09673658556223376,0.43186897410891273,-0.6517307786483576,1.992174127996328
1993-01-28,0.213307012094327,0.012680898400522124,1.2525080806206421,2.2102711804623416,0.7384423728729079,1.3398052233480753,0.681183256419483,1.247122752620951,0.6555858228109847,1.1713399263793045,-0.3682089968716681,0.15561690096834566,0.44962248245262787,-0.25749729474469757,1.9119700202217969
1993-01-29,0.20385553457831498,-0.2399342151437491,1.1006432416291816,2.0585831133854304,0.5692415276736578,1.343657007802818,0.5584774186360624,1.0215063144469654,0.9873272252770794,0.8781274641725662,-0.31322057073724324,0.3243411576315062,0.5466256740503938,-0.14938549074110669,1.4927642770885179
1993-01-30,0.3735231605015218,-0.10634265270837055,1.0774183941991908,1.880254536828503,0.24715945102555026,1.3578454710617807,0.5883574185205241,0.9408166153827967,1.0683099877427686,0.7726838054768833,-0.20260358595732306,-0.16273554244581787,0.7478122820028691,0.25100642745831175,1.1861465605007164
1993-01-31,0.3437160554476875,-0.11453227176378894,1.1855291787668691,2.0909425835706332,-0.24150595003143682,1.013892870541248,0.7785885080317339,0.94859124603556,1.4737155574804148,0.8188814733329404,-0.49089496485485934,-0.6208164489535748,0.7369512025844845,0.46451432803207593,0.8441112906237087
