,1,2,3,4,5,6,7,8,9,10,11,12,13,14,15
1996-09-15,0.755867273186671,0.755867273186671,0.755867273186671,0.755867273186671,0.755867273186671,0.755867273186671,0.755867273186671,0.755867273186671,0.755867273186671,0.755867273186671,0.755867273186671,0.755867273186671,0.755867273186671,0.755867273186671,0.755867273186671
1996-09-16,0.7020791581566134,0.7020791581566134,0.7020791581566134,0.7020791581566134,0.7020791581566134,0.7020791581566134,0.7020791581566134,0.7020791581566134,0.7020791581566134,0.7020791581566134,0.7020791581566134,0.7020791581566134,0.7020791581566134,0.7020791581566134,0.7020791581566134
1996-09-17,0.7737235198337424,0.7737235198337424,0.7737235198337424,0.7737235198337424,0.7737235198337424,0.7737235198337424,0.7737235198337424,0.7737235198337424,0.7737235198337424,0.7737235198337424,0.7737235198337424,0.7737235198337424,0.7737235198337424,0.7737235198337424,0.7737235198337424
1996-09-18,0.7779364283754263,0.7779364283754263,0.7779364283754263,0.7779364283754263,0.7779364283754263,0.7779364283754263,0.7779364283754263,0.7779364283754263,0.7779364283754263,0.7779364283754263,0.7779364283754263,0.7779364283754263,0.7779364283754263,0.7779364283754263,0.7779364283754263
1996-09-19,0.7366339391864603,0.7366339391864603,0.7366339391864603,0.7366339391864603,0.7366339391864603,0.7366339391864603,0.7366339391864603,0.7366339391864603,0.7366339391864603,0.7366339391864603,0.7366339391864603,0.7366339391864603,0.7366339391864603,0.7366339391864603,0.7366339391864603
1996-09-20,0.7555201275049144,0.7555201275049144,0.7555201275049144,0.7555201275049144,0.7555201275049144,0.7555201275049144,0.7555201275049144,0.7555201275049144,0.7555201275049144,0.7555201275049144,0.7555201275049144,0.7555201275049144,0.7555201275049144,0.7555201275049144,0.7555201275049144
1996-09-21,0.6693799581552213,0.6693799581552213,0.6693799581552213,0.6693799581552213,0.6693799581552213,0.6693799581552213,0.6693799581552213,0.6693799581552213,0.6693799581552213,0.6693799581552213,0.6693799581552213,0.6693799581552213,0.6693799581552213,0.6693799581552213,0.6693799581552213
1996-09-22,0.4521653420671868,0.4521653420671868,0.4521653420671868,0.4521653420671868,0.4521653420671868,0.4521653420671868,0.4521653420671868,0.4521653420671868,0.4521653420671868,0.4521653420671868,0.4521653420671868,0.4521653420671868,0.4521653420671868,0.4521653420671868,0.4521653420671868
1996-09-23,0.21083347913999315,0.21083347913999315,0.21083347913999315,0.21083347913999315,0.21083347913999315,0.21083347913999315,0.21083347913999315,0.21083347913999315,0.21083347913999315,0.21083347913999315,0.21083347913999315,0.21083347913999315,0.21083347913999315,0.21083347913999315,0.21083347913999315
1996-09-24,0.02562566146105348,0.02562566146105348,0.02562566146105348,0.02562566146105348,0.02562566146105348,0.02562566146105348,0.02562566146105348,0.02562566146105348,0.02562566146105348,0.02562566146105348,0.02562566146105348,0.02562566146105348,0.02562566146105348,0.02562566146105348,0.02562566146105348
1996-09-25,-0.2784138925383025,-0.2784138925383025,-0.2784138925383025,-0.2784138925383025,-0.2784138925383025,-0.2784138925383025,-0.2784138925383025,-0.2784138925383025,-0.2784138925383025,-0.2784138925383025,-0.2784138925383025,-0.2784138925383025,-0.2784138925383025,-0.2784138925383025,-0.2784138925383025
1996-09-26,-0.4733060313804019,-0.4733060313804019,-0.4733060313804019,-0.4733060313804019,-0.4733060313804019,-0.4733060313804019,-0.4733060313804019,-0.4733060313804019,-0.4733060313804019,-0.4733060313804019,-0.4733060313804019,-0.4733060313804019,-0.4733060313804019,-0.4733060313804019,-0.4733060313804019
1996-09-27,-0.6171553053781414,-0.6171553053781414,-0.6171553053781414,-0.6171553053781414,-0.6171553053781414,-0.6171553053781414,-0.6171553053781414,-0.6171553053781414,-0.6171553053781414,-0.6171553053781414,-0.6171553053781414,-0.6171553053781414,-0.6171553053781414,-0.6171553053781414,-0.6171553053781414
1996-09-28,-0.55044194340601,-0.55044194340601,-0.55044194340601,-0.55044194340601,-0.55044194340601,-0.55044194340601,-0.55044194340601,-0.55044194340601,-0.55044194340601,-0.55044194340601,-0.55044194340601,-0.55044194340601,-0.55044194340601,-0.55044194340601,-0.55044194340601
1996-09-29,-0.2646402194067673,-0.2646402194067673,-0.2646402194067673,-0.2646402194067673,-0.2646402194067673,-0.2646402194067673,-0.2646402194067673,-0.2646402194067673,-0.2646402194067673,-0.2646402194067673,-0.2646402194067673,-0.2646402194067673,-0.2646402194067673,-0.2646402194067673,-0.2646402194067673
1996-09-30,0.03724168408292014,0.03724168408292014,0.03724168408292014,0.03724168408292014,0.03724168408292014,0.03724168408292014,0.03724168408292014,0.03724168408292014,0.03724168408292014,0.03724168408292014,0.03724168408292014,0.03724168408292014,0.03724168408292014,0.03724168408292014,0.03724168408292014
1996-10-01,-0.15683836739804466,-0.15683836739804466,-0.15683836739804466,-0.15683836739804466,-0.15683836739804466,-0.15683836739804466,-0.15683836739804466,-0.15683836739804466,-0.15683836739804466,-0.15683836739804466,-0.15683836739804466,-0.15683836739804466,-0.15683836739804466,-0.15683836739804466,-0.15683836739804466
1996-10-02,-0.22555929119074095,-0.22555929119074095,-0.22555929119074095,-0.22555929119074095,-0.22555929119074095,-0.22555929119074095,-0.22555929119074095,-0.22555929119074095,-0.22555929119074095,-0.22555929119074095,-0.22555929119074095,-0.22555929119074095,-0.22555929119074095,-0.22555929119074095,-0.22555929119074095
1996-10-03,-0.5689834511799865,-0.5689834511799865,-0.5689834511799865,-0.5689834511799865,-0.5689834511799865,-0.5689834511799865,-0.5689834511799865,-0.5689834511799865,-0.5689834511799865,-0.5689834511799865,-0.5689834511799865,-0.5689834511799865,-0.5689834511799865,-0.5689834511799865,-0.5689834511799865
1996-10-04,-0.6897835775587836,-0.6897835775587836,-0.6897835775587836,-0.6897835775587836,-0.6897835775587836,-0.6897835775587836,-0.6897835775587836,-0.6897835775587836,-0.6897835775587836,-0.6897835775587836,-0.6897835775587836,-0.6897835775587836,-0.6897835775587836,-0.6897835775587836,-0.6897835775587836
1996-10-05,-0.7701375324713867,-0.7701375324713867,-0.7701375324713867,-0.7701375324713867,-0.7701375324713867,-0.7701375324713867,-0.7701375324713867,-0.7701375324713867,-0.7701375324713867,-0.7701375324713867,-0.7701375324713867,-0.7701375324713867,-0.7701375324713867,-0.7701375324713867,-0.7701375324713867
1996-10-06,-0.8594415728952371,-0.8594415728952371,-0.8594415728952371,-0.8594415728952371,-0.8594415728952371,-0.8594415728952371,-0.8594415728952371,-0.8594415728952371,-0.8594415728952371,-0.8594415728952371,-0.8594415728952371,-0.8594415728952371,-0.8594415728952371,-0.8594415728952371,-0.8594415728952371
1996-10-07,-0.8092824250856675,-0.8092824250856675,-0.8092824250856675,-0.8092824250856675,-0.8092824250856675,-0.8092824250856675,-0.8092824250856675,-0.8092824250856675,-0.8092824250856675,-0.8092824250856675,-0.8092824250856675,-0.8092824250856675,-0.8092824250856675,-0.8092824250856675,-0.8092824250856675
1996-10-08,-0.9381604592032459,-0.9381604592032459,-0.9381604592032459,-0.9381604592032459,-0.9381604592032459,-0.9381604592032459,-0.9381604592032459,-0.9381604592032459,-0.9381604592032459,-0.9381604592032459,-0.9381604592032459,-0.9381604592032459,-0.9381604592032459,-0.9381604592032459,-0.9381604592032459
1996-10-09,-0.7388090673757384,-0.7388090673757384,-0.7388090673757384,-0.7388090673757384,-0.7388090673757384,-0.7388090673757384,-0.7388090673757384,-0.7388090673757384,-0.7388090673757384,-0.7388090673757384,-0.7388090673757384,-0.7388090673757384,-0.7388090673757384,-0.7388090673757384,-0.7388090673757384
1996-10-10,-0.38161670723302915,-0.38161670723302915,-0.38161670723302915,-0.38161670723302915,-0.38161670723302915,-0.38161670723302915,-0.38161670723302915,-0.38161670723302915,-0.38161670723302915,-0.38161670723302915,-0.38161670723302915,-0.38161670723302915,-0.38161670723302915,-0.38161670723302915,-0.38161670723302915
1996-10-11,0.06541876315910593,0.06541876315910593,0.06541876315910593,0.06541876315910593,0.06541876315910593,0.06541876315910593,0.06541876315910593,0.06541876315910593,0.06541876315910593,0.06541876315910593,0.06541876315910593,0.06541876315910593,0.06541876315910593,0.06541876315910593,0.06541876315910593
1996-10-12,0.035812555277109394,0.035812555277109394,0.035812555277109394,0.035812555277109394,0.035812555277109394,0.035812555277109394,0.035812555277109394,0.035812555277109394,0.035812555277109394,0.035812555277109394,0.035812555277109394,0.035812555277109394,0.035812555277109394,0.035812555277109394,0.035812555277109394
1996-10-13,-0.15766542398008124,-0.15766542398008124,-0.15766542398008124,-0.15766542398008124,-0.15766542398008124,-0.15766542398008124,-0.15766542398008124,-0.15766542398008124,-0.15766542398008124,-0.15766542398008124,-0.15766542398008124,-0.15766542398008124,-0.15766542398008124,-0.15766542398008124,-0.15766542398008124
1996-10-14,-0.23973368755924515,-0.23973368755924515,-0.23973368755924515,-0.23973368755924515,-0.23973368755924515,-0.23973368755924515,-0.23973368755924515,-0.23973368755924515,-0.23973368755924515,-0.23973368755924515,-0.23973368755924515,-0.23973368755924515,-0.23973368755924515,-0.23973368755924515,-0.23973368755924515
1996-10-15,-0.3568659934509397,-0.3568659934509397,-0.3568659934509397,-0.3568659934509397,-0.3568659934509397,-0.3568659934509397,-0.3568659934509397,-0.3568659934509397,-0.3568659934509397,-0.3568659934509397,-0.3568659934509397,-0.3568659934509397,-0.3568659934509397,-0.3568659934509397,-0.3568659934509397
1996-10-16,-0.45258111325809125,-0.45258111325809125,-0.45258111325809125,-0.45258111325809125,-0.45258111325809125,-0.45258111325809125,-0.45258111325809125,-0.45258111325809125,-0.45258111325809125,-0.45258111325809125,-0.45258111325809125,-0.45258111325809125,-0.45258111325809125,-0.45258111325809125,-0.45258111325809125
1996-10-17,-0.3827396784231016,-0.3827396784231016,-0.3827396784231016,-0.3827396784231016,-0.3827396784231016,-0.3827396784231016,-0.3827396784231016,-0.3827396784231016,-0.3827396784231016,-0.3827396784231016,-0.3827396784231016,-0.3827396784231016,-0.3827396784231016,-0.3827396784231016,-0.3827396784231016
1996-10-18,-0.04980337607770508,-0.04980337607770508,-0.04980337607770508,-0.04980337607770508,-0.04980337607770508,-0.04980337607770508,-0.04980337607770508,-0.04980337607770508,-0.04980337607770508,-0.04980337607770508,-0.04980337607770508,-0.04980337607770508,-0.04980337607770508,-0.04980337607770508,-0.04980337607770508
1996-10-19,0.38438185762606997,0.38438185762606997,0.38438185762606997,0.38438185762606997,0.38438185762606997,0.38438185762606997,0.38438185762606997,0.38438185762606997,0.38438185762606997,0.38438185762606997,0.38438185762606997,0.38438185762606997,0.38438185762606997,0.38438185762606997,0.38438185762606997
1996-10-20,0.5966263964453757,0.5966263964453757,0.5966263964453757,0.5966263964453757,0.5966263964453757,0.5966263964453757,0.5966263964453757,0.5966263964453757,0.5966263964453757,0.5966263964453757,0.5966263964453757,0.5966263964453757,0.5966263964453757,0.5966263964453757,0.5966263964453757
1996-10-21,0.7048503205792329,0.7048503205792329,0.7048503205792329,0.7048503205792329,0.7048503205792329,0.7048503205792329,0.7048503205792329,0.7048503205792329,0.7048503205792329,0.7048503205792329,0.7048503205792329,0.7048503205792329,0.7048503205792329,0.7048503205792329,0.7048503205792329
1996-10-22,0.8712795822027539,0.8712795822027539,0.8712795822027539,0.8712795822027539,0.8712795822027539,0.8712795822027539,0.8712795822027539,0.8712795822027539,0.8712795822027539,0.8712795822027539,0.8712795822027539,0.8712795822027539,0.8712795822027539,0.8712795822027539,0.8712795822027539
1996-10-23,0.9607846236607278,0.9607846236607278,0.9607846236607278,0.9607846236607278,0.9607846236607278,0.9607846236607278,0.9607846236607278,0.9607846236607278,0.9607846236607278,0.9607846236607278,0.9607846236607278,0.9607846236607278,0.9607846236607278,0.9607846236607278,0.9607846236607278
1996-10-24,0.9787215997937839,0.9787215997937839,0.9787215997937839,0.9787215997937839,0.9787215997937839,0.9787215997937839,0.9787215997937839,0.9787215997937839,0.9787215997937839,0.9787215997937839,0.9787215997937839,0.9787215997937839,0.9787215997937839,0.9787215997937839,0.9787215997937839
1996-10-25,1.13199076850962,1.13199076850962,1.13199076850962,1.13199076850962,1.13199076850962,1.13199076850962,1.13199076850962,1.13199076850962,1.13199076850962,1.13199076850962,1.13199076850962,1.13199076850962,1.13199076850962,1.13199076850962,1.13199076850962
1996-10-26,1.5617019579407512,1.5617019579407512,1.5617019579407512,1.5617019579407512,1.5617019579407512,1.5617019579407512,1.5617019579407512,1.5617019579407512,1.5617019579407512,1.5617019579407512,1.5617019579407512,1.5617019579407512,1.5617019579407512,1.5617019579407512,1.5617019579407512
1996-10-27,1.500213341565066,1.500213341565066,1.500213341565066,1.500213341565066,1.500213341565066,1.500213341565066,1.500213341565066,1.500213341565066,1.500213341565066,1.500213341565066,1.500213341565066,1.500213341565066,1.500213341565066,1.500213341565066,1.500213341565066
1996-10-28,1.2702407694746498,1.2702407694746498,1.2702407694746498,1.2702407694746498,1.2702407694746498,1.2702407694746498,1.2702407694746498,1.2702407694746498,1.2702407694746498,1.2702407694746498,1.2702407694746498,1.2702407694746498,1.2702407694746498,1.2702407694746498,1.2702407694746498
1996-10-29,1.2404167382941398,1.2404167382941398,1.2404167382941398,1.2404167382941398,1.2404167382941398,1.2404167382941398,1.2404167382941398,1.2404167382941398,1.2404167382941398,1.2404167382941398,1.2404167382941398,1.2404167382941398,1.2404167382941398,1.2404167382941398,1.2404167382941398
1996-10-30,1.3801633792857027,1.3801633792857027,1.3801633792857027,1.3801633792857027,1.3801633792857027,1.3801633792857027,1.3801633792857027,1.3801633792857027,1.3801633792857027,1.3801633792857027,1.3801633792857027,1.3801633792857027,1.3801633792857027,1.3801633792857027,1.3801633792857027
1996-10-31,1.4477208137823059,1.4477208137823059,1.4477208137823059,1.4477208137823059,1.4477208137823059,1.4477208137823059,1.4477208137823059,1.4477208137823059,1.4477208137823059,1.4477208137823059,1.4477208137823059,1.4477208137823059,1.4477208137823059,1.4477208137823059,1.4477208137823059
1996-11-01,1.5129512199858783,1.5129512199858783,1.5129512199858783,1.5129512199858783,1.5129512199858783,1.5129512199858783,1.5129512199858783,1.5129512199858783,1.5129512199858783,1.5129512199858783,1.5129512199858783,1.5129512199858783,1.5129512199858783,1.5129512199858783,1.5129512199858783
1996-11-02,1.5283276899682918,1.5283276899682918,1.5283276899682918,1.5283276899682918,1.5283276899682918,1.5283276899682918,1.5283276899682918,1.5283276899682918,1.5283276899682918,1.5283276899682918,1.5283276899682918,1.5283276899682918,1.5283276899682918,1.5283276899682918,1.5283276899682918
1996-11-03,1.6464841038270337,1.6464841038270337,1.6464841038270337,1.6464841038270337,1.6464841038270337,1.6464841038270337,1.6464841038270337,1.6464841038270337,1.6464841038270337,1.6464841038270337,1.6464841038270337,1.6464841038270337,1.6464841038270337,1.6464841038270337,1.6464841038270337
1996-11-04,1.6330285342782267,1.6330285342782267,1.6330285342782267,1.6330285342782267,1.6330285342782267,1.6330285342782267,1.6330285342782267,1.6330285342782267,1.6330285342782267,1.6330285342782267,1.6330285342782267,1.6330285342782267,1.6330285342782267,1.6330285342782267,1.6330285342782267
1996-11-05,1.7729159758436686,1.7729159758436686,1.7729159758436686,1.7729159758436686,1.7729159758436686,1.7729159758436686,1.7729159758436686,1.7729159758436686,1.7729159758436686,1.7729159758436686,1.7729159758436686,1.7729159758436686,1.7729159758436686,1.7729159758436686,1.7729159758436686
1996-11-06,1.8290497837280904,1.8290497837280904,1.8290497837280904,1.8290497837280904,1.8290497837280904,1.8290497837280904,1.8290497837280904,1.8290497837280904,1.8290497837280904,1.8290497837280904,1.8290497837280904,1.8290497837280904,1.8290497837280904,1.8290497837280904,1.8290497837280904
1996-11-07,1.655693085018753,1.655693085018753,1.655693085018753,1.655693085018753,1.655693085018753,1.655693085018753,1.655693085018753,1.655693085018753,1.655693085018753,1.655693085018753,1.655693085018753,1.655693085018753,1.655693085018753,1.655693085018753,1.655693085018753
1996-11-08,1.2643927492606404,1.2643927492606404,1.2643927492606404,1.2643927492606404,1.2643927492606404,1.2643927492606404,1.2643927492606404,1.2643927492606404,1.2643927492606404,1.2643927492606404,1.2643927492606404,1.2643927492606404,1.2643927492606404,1.2643927492606404,1.2643927492606404
1996-11-09,0.8500469611945816,0.8500469611945816,0.8500469611945816,0.8500469611945816,0.8500469611945816,0.8500469611945816,0.8500469611945816,0.8500469611945816,0.8500469611945816,0.8500469611945816,0.8500469611945816,0.8500469611945816,0.8500469611945816,0.8500469611945816,0.8500469611945816
1996-11-10,0.44324459179792397,0.44324459179792397,0.44324459179792397,0.44324459179792397,0.44324459179792397,0.44324459179792397,0.44324459179792397,0.44324459179792397,0.44324459179792397,0.44324459179792397,0.44324459179792397,0.44324459179792397,0.44324459179792397,0.44324459179792397,0.44324459179792397
1996-11-11,-0.06004592959521257,-0.06004592959521257,-0.06004592959521257,-0.06004592959521257,-0.06004592959521257,-0.06004592959521257,-0.06004592959521257,-0.06004592959521257,-0.06004592959521257,-0.06004592959521257,-0.06004592959521257,-0.06004592959521257,-0.06004592959521257,-0.06004592959521257,-0.06004592959521257
1996-11-12,-0.4098169465482894,-0.4098169465482894,-0.4098169465482894,-0.4098169465482894,-0.4098169465482894,-0.4098169465482894,-0.4098169465482894,-0.4098169465482894,-0.4098169465482894,-0.4098169465482894,-0.4098169465482894,-0.4098169465482894,-0.4098169465482894,-0.4098169465482894,-0.4098169465482894
1996-11-13,-1.0322259801769307,-1.0322259801769307,-1.0322259801769307,-1.0322259801769307,-1.0322259801769307,-1.0322259801769307,-1.0322259801769307,-1.0322259801769307,-1.0322259801769307,-1.0322259801769307,-1.0322259801769307,-1.0322259801769307,-1.0322259801769307,-1.0322259801769307,-1.0322259801769307
1996-11-14,-1.8612494234089438,-1.8612494234089438,-1.8612494234089438,-1.8612494234089438,-1.8612494234089438,-1.8612494234089438,-1.8612494234089438,-1.8612494234089438,-1.8612494234089438,-1.8612494234089438,-1.8612494234089438,-1.8612494234089438,-1.8612494234089438,-1.8612494234089438,-1.8612494234089438
1996-11-15,-2.5080717033480187,-2.5080717033480187,-2.5080717033480187,-2.5080717033480187,-2.5080717033480187,-2.5080717033480187,-2.5080717033480187,-2.5080717033480187,-2.5080717033480187,-2.5080717033480187,-2.5080717033480187,-2.5080717033480187,-2.5080717033480187,-2.5080717033480187,-2.5080717033480187
1996-11-16,-2.5453743692219972,-2.5453743692219972,-2.5453743692219972,-2.5453743692219972,-2.5453743692219972,-2.5453743692219972,-2.5453743692219972,-2.5453743692219972,-2.5453743692219972,-2.5453743692219972,-2.5453743692219972,-2.5453743692219972,-2.5453743692219972,-2.5453743692219972,-2.5453743692219972
1996-11-17,-2.3242970604087314,-2.3242970604087314,-2.3242970604087314,-2.3242970604087314,-2.3242970604087314,-2.3242970604087314,-2.3242970604087314,-2.3242970604087314,-2.3242970604087314,-2.3242970604087314,-2.3242970604087314,-2.3242970604087314,-2.3242970604087314,-2.3242970604087314,-2.3242970604087314
1996-11-18,-2.2573909374075365,-2.2573909374075365,-2.2573909374075365,-2.2573909374075365,-2.2573909374075365,-2.2573909374075365,-2.2573909374075365,-2.2573909374075365,-2.2573909374075365,-2.2573909374075365,-2.2573909374075365,-2.2573909374075365,-2.2573909374075365,-2.2573909374075365,-2.2573909374075365
1996-11-19,-2.2614806573562865,-2.2614806573562865,-2.2614806573562865,-2.2614806573562865,-2.2614806573562865,-2.2614806573562865,-2.2614806573562865,-2.2614806573562865,-2.2614806573562865,-2.2614806573562865,-2.2614806573562865,-2.2614806573562865,-2.2614806573562865,-2.2614806573562865,-2.2614806573562865
1996-11-20,-2.0744900791209115,-2.0744900791209115,-2.0744900791209115,-2.0744900791209115,-2.0744900791209115,-2.0744900791209115,-2.0744900791209115,-2.0744900791209115,-2.0744900791209115,-2.0744900791209115,-2.0744900791209115,-2.0744900791209115,-2.0744900791209115,-2.0744900791209115,-2.0744900791209115
1996-11-21,-1.7818386499795897,-1.7818386499795897,-1.7818386499795897,-1.7818386499795897,-1.7818386499795897,-1.7818386499795897,-1.7818386499795897,-1.7818386499795897,-1.7818386499795897,-1.7818386499795897,-1.7818386499795897,-1.7818386499795897,-1.7818386499795897,-1.7818386499795897,-1.7818386499795897
1996-11-22,-1.2516499502434912,-1.2516499502434912,-1.2516499502434912,-1.2516499502434912,-1.2516499502434912,-1.2516499502434912,-1.2516499502434912,-1.2516499502434912,-1.2516499502434912,-1.2516499502434912,-1.2516499502434912,-1.2516499502434912,-1.2516499502434912,-1.2516499502434912,-1.2516499502434912
1996-11-23,-0.916957117953163,-0.916957117953163,-0.916957117953163,-0.916957117953163,-0.916957117953163,-0.916957117953163,-0.916957117953163,-0.916957117953163,-0.916957117953163,-0.916957117953163,-0.916957117953163,-0.916957117953163,-0.916957117953163,-0.916957117953163,-0.916957117953163
1996-11-24,-0.702067343713361,-0.702067343713361,-0.702067343713361,-0.702067343713361,-0.702067343713361,-0.702067343713361,-0.702067343713361,-0.702067343713361,-0.702067343713361,-0.702067343713361,-0.702067343713361,-0.702067343713361,-0.702067343713361,-0.702067343713361,-0.702067343713361
1996-11-25,-0.5905468412267872,-0.5905468412267872,-0.5905468412267872,-0.5905468412267872,-0.5905468412267872,-0.5905468412267872,-0.5905468412267872,-0.5905468412267872,-0.5905468412267872,-0.5905468412267872,-0.5905468412267872,-0.5905468412267872,-0.5905468412267872,-0.5905468412267872,-0.5905468412267872
1996-11-26,-0.6876633181735617,-0.6876633181735617,-0.6876633181735617,-0.6876633181735617,-0.6876633181735617,-0.6876633181735617,-0.6876633181735617,-0.6876633181735617,-0.6876633181735617,-0.6876633181735617,-0.6876633181735617,-0.6876633181735617,-0.6876633181735617,-0.6876633181735617,-0.6876633181735617
1996-11-27,-0.3276498664941101,-0.3276498664941101,-0.3276498664941101,-0.3276498664941101,-0.3276498664941101,-0.3276498664941101,-0.3276498664941101,-0.3276498664941101,-0.3276498664941101,-0.3276498664941101,-0.3276498664941101,-0.3276498664941101,-0.3276498664941101,-0.3276498664941101,-0.3276498664941101
1996-11-28,-0.14095554757011367,-0.14095554757011367,-0.14095554757011367,-0.14095554757011367,-0.14095554757011367,-0.14095554757011367,-0.14095554757011367,-0.14095554757011367,-0.14095554757011367,-0.14095554757011367,-0.14095554757011367,-0.14095554757011367,-0.14095554757011367,-0.14095554757011367,-0.14095554757011367
1996-11-29,0.1453980997463211,0.1453980997463211,0.1453980997463211,0.1453980997463211,0.1453980997463211,0.1453980997463211,0.1453980997463211,0.1453980997463211,0.1453980997463211,0.1453980997463211,0.1453980997463211,0.1453980997463211,0.1453980997463211,0.1453980997463211,0.1453980997463211
1996-11-30,0.22650944545662746,0.22650944545662746,0.22650944545662746,0.22650944545662746,0.22650944545662746,0.22650944545662746,0.22650944545662746,0.22650944545662746,0.22650944545662746,0.22650944545662746,0.22650944545662746,0.22650944545662746,0.22650944545662746,0.22650944545662746,0.22650944545662746
1996-12-01,-0.2875778487004946,-0.2875778487004946,-0.2875778487004946,-0.2875778487004946,-0.2875778487004946,-0.2875778487004946,-0.2875778487004946,-0.2875778487004946,-0.2875778487004946,-0.2875778487004946,-0.2875778487004946,-0.2875778487004946,-0.2875778487004946,-0.2875778487004946,-0.2875778487004946
1996-12-02,-0.5492027840348623,-0.5492027840348623,-0.5492027840348623,-0.5492027840348623,-0.5492027840348623,-0.5492027840348623,-0.5492027840348623,-0.5492027840348623,-0.5492027840348623,-0.5492027840348623,-0.5492027840348623,-0.5492027840348623,-0.5492027840348623,-0.5492027840348623,-0.5492027840348623
1996-12-03,-0.5779218763132051,-0.5779218763132051,-0.5779218763132051,-0.5779218763132051,-0.5779218763132051,-0.5779218763132051,-0.5779218763132051,-0.5779218763132051,-0.5779218763132051,-0.5779218763132051,-0.5779218763132051,-0.5779218763132051,-0.5779218763132051,-0.5779218763132051,-0.5779218763132051
1996-12-04,-0.41956172973787526,-0.41956172973787526,-0.41956172973787526,-0.41956172973787526,-0.41956172973787526,-0.41956172973787526,-0.41956172973787526,-0.41956172973787526,-0.41956172973787526,-0.41956172973787526,-0.41956172973787526,-0.41956172973787526,-0.41956172973787526,-0.41956172973787526,-0.41956172973787526
1996-12-05,0.17186472688905888,0.17186472688905888,0.17186472688905888,0.17186472688905888,0.17186472688905888,0.17186472688905888,0.17186472688905888,0.17186472688905888,0.17186472688905888,0.17186472688905888,0.17186472688905888,0.17186472688905888,0.17186472688905888,0.17186472688905888,0.17186472688905888
1996-12-06,0.3158742754871323,0.3158742754871323,0.3158742754871323,0.3158742754871323,0.3158742754871323,0.3158742754871323,0.3158742754871323,0.3158742754871323,0.3158742754871323,0.3158742754871323,0.3158742754871323,0.3158742754871323,0.3158742754871323,0.3158742754871323,0.3158742754871323
1996-12-07,0.004633364267790161,0.004633364267790161,0.004633364267790161,0.004633364267790161,0.004633364267790161,0.004633364267790161,0.004633364267790161,0.004633364267790161,0.004633364267790161,0.004633364267790161,0.004633364267790161,0.004633364267790161,0.004633364267790161,0.004633364267790161,0.004633364267790161
1996-12-08,-0.060243223459989864,-0.060243223459989864,-0.060243223459989864,-0.060243223459989864,-0.060243223459989864,-0.060243223459989864,-0.060243223459989864,-0.060243223459989864,-0.060243223459989864,-0.060243223459989864,-0.060243223459989864,-0.060243223459989864,-0.060243223459989864,-0.060243223459989864,-0.060243223459989864
1996-12-09,0.42007485427752655,0.42007485427752655,0.42007485427752655,0.42007485427752655,0.42007485427752655,0.42007485427752655,0.42007485427752655,0.42007485427752655,0.42007485427752655,0.42007485427752655,0.42007485427752655,0.42007485427752655,0.42007485427752655,0.42007485427752655,0.42007485427752655
1996-12-10,0.7299757853584777,0.7299757853584777,0.7299757853584777,0.7299757853584777,0.7299757853584777,0.7299757853584777,0.7299757853584777,0.7299757853584777,0.7299757853584777,0.7299757853584777,0.7299757853584777,0.7299757853584777,0.7299757853584777,0.7299757853584777,0.7299757853584777
1996-12-11,1.1142509627868162,1.1142509627868162,1.1142509627868162,1.1142509627868162,1.1142509627868162,1.1142509627868162,1.1142509627868162,1.1142509627868162,1.1142509627868162,1.1142509627868162,1.1142509627868162,1.1142509627868162,1.1142509627868162,1.1142509627868162,1.1142509627868162
1996-12-12,1.3082180766423386,1.3082180766423386,1.3082180766423386,1.3082180766423386,1.3082180766423386,1.3082180766423386,1.3082180766423386,1.3082180766423386,1.3082180766423386,1.3082180766423386,1.3082180766423386,1.3082180766423386,1.3082180766423386,1.3082180766423386,1.3082180766423386
1996-12-13,1.4515962858273144,1.4515962858273144,1.4515962858273144,1.4515962858273144,1.4515962858273144,1.4515962858273144,1.4515962858273144,1.4515962858273144,1.4515962858273144,1.4515962858273144,1.4515962858273144,1.4515962858273144,1.4515962858273144,1.4515962858273144,1.4515962858273144
1996-12-14,1.743015166273767,1.743015166273767,1.743015166273767,1.743015166273767,1.743015166273767,1.743015166273767,1.743015166273767,1.743015166273767,1.743015166273767,1.743015166273767,1.743015166273767,1.743015166273767,1.743015166273767,1.743015166273767,1.743015166273767
1996-12-15,1.8330404745670763,1.8330404745670763,1.8330404745670763,1.8330404745670763,1.8330404745670763,1.8330404745670763,1.8330404745670763,1.8330404745670763,1.8330404745670763,1.8330404745670763,1.8330404745670763,1.8330404745670763,1.8330404745670763,1.8330404745670763,1.8330404745670763
1996-12-16,1.8308533363325519,1.8308533363325519,1.8308533363325519,1.8308533363325519,1.8308533363325519,1.8308533363325519,1.8308533363325519,1.8308533363325519,1.8308533363325519,1.8308533363325519,1.8308533363325519,1.8308533363325519,1.8308533363325519,1.8308533363325519,1.8308533363325519
1996-12-17,1.5799424370837742,1.5799424370837742,1.5799424370837742,1.5799424370837742,1.5799424370837742,1.5799424370837742,1.5799424370837742,1.5799424370837742,1.5799424370837742,1.5799424370837742,1.5799424370837742,1.5799424370837742,1.5799424370837742,1.5799424370837742,1.5799424370837742
1996-12-18,1.1488516716762511,1.1488516716762511,1.1488516716762511,1.1488516716762511,1.1488516716762511,1.1488516716762511,1.1488516716762511,1.1488516716762511,1.1488516716762511,1.1488516716762511,1.1488516716762511,1.1488516716762511,1.1488516716762511,1.1488516716762511,1.1488516716762511
1996-12-19,1.1344787793091395,1.1344787793091395,1.1344787793091395,1.1344787793091395,1.1344787793091395,1.1344787793091395,1.1344787793091395,1.1344787793091395,1.1344787793091395,1.1344787793091395,1.1344787793091395,1.1344787793091395,1.1344787793091395,1.1344787793091395,1.1344787793091395
1996-12-20,1.124948078703475,1.124948078703475,1.124948078703475,1.124948078703475,1.124948078703475,1.124948078703475,1.124948078703475,1.124948078703475,1.124948078703475,1.124948078703475,1.124948078703475,1.124948078703475,1.124948078703475,1.124948078703475,1.124948078703475
1996-12-21,1.4035535312013048,1.4035535312013048,1.4035535312013048,1.4035535312013048,1.4035535312013048,1.4035535312013048,1.4035535312013048,1.4035535312013048,1.4035535312013048,1.4035535312013048,1.4035535312013048,1.4035535312013048,1.4035535312013048,1.4035535312013048,1.4035535312013048
1996-12-22,1.6330066139921986,1.6330066139921986,1.6330066139921986,1.6330066139921986,1.6330066139921986,1.6330066139921986,1.6330066139921986,1.6330066139921986,1.6330066139921986,1.6330066139921986,1.6330066139921986,1.6330066139921986,1.6330066139921986,1.6330066139921986,1.6330066139921986
1996-12-23,1.5873327778726556,1.5873327778726556,1.5873327778726556,1.5873327778726556,1.5873327778726556,1.5873327778726556,1.5873327778726556,1.5873327778726556,1.5873327778726556,1.5873327778726556,1.5873327778726556,1.5873327778726556,1.5873327778726556,1.5873327778726556,1.5873327778726556
1996-12-24,1.3031584372375264,1.3031584372375264,1.3031584372375264,1.3031584372375264,1.3031584372375264,1.3031584372375264,1.3031584372375264,1.3031584372375264,1.3031584372375264,1.3031584372375264,1.3031584372375264,1.3031584372375264,1.3031584372375264,1.3031584372375264,1.3031584372375264
1996-12-25,0.9243823290772224,0.9243823290772224,0.9243823290772224,0.9243823290772224,0.9243823290772224,0.9243823290772224,0.9243823290772224,0.9243823290772224,0.9243823290772224,0.9243823290772224,0.9243823290772224,0.9243823290772224,0.9243823290772224,0.9243823290772224,0.9243823290772224
1996-12-26,0.5323089263933616,0.5323089263933616,0.5323089263933616,0.5323089263933616,0.5323089263933616,0.5323089263933616,0.5323089263933616,0.5323089263933616,0.5323089263933616,0.5323089263933616,0.5323089263933616,0.5323089263933616,0.5323089263933616,0.5323089263933616,0.5323089263933616
1996-12-27,-0.16397614078642625,-0.16397614078642625,-0.16397614078642625,-0.16397614078642625,-0.16397614078642625,-0.16397614078642625,-0.16397614078642625,-0.16397614078642625,-0.16397614078642625,-0.16397614078642625,-0.16397614078642625,-0.16397614078642625,-0.16397614078642625,-0.16397614078642625,-0.16397614078642625
1996-12-28,-0.4425539747404431,-0.4425539747404431,-0.4425539747404431,-0.4425539747404431,-0.4425539747404431,-0.4425539747404431,-0.4425539747404431,-0.4425539747404431,-0.4425539747404431,-0.4425539747404431,-0.4425539747404431,-0.4425539747404431,-0.4425539747404431,-0.4425539747404431,-0.4425539747404431
1996-12-29,-0.7710210274875651,-0.7710210274875651,-0.7710210274875651,-0.7710210274875651,-0.7710210274875651,-0.7710210274875651,-0.7710210274875651,-0.7710210274875651,-0.7710210274875651,-0.7710210274875651,-0.7710210274875651,-0.7710210274875651,-0.7710210274875651,-0.7710210274875651,-0.7710210274875651
1996-12-30,-0.9234940713573677,-0.9234940713573677,-0.9234940713573677,-0.9234940713573677,-0.9234940713573677,-0.9234940713573677,-0.9234940713573677,-0.9234940713573677,-0.9234940713573677,-0.9234940713573677,-0.9234940713573677,-0.9234940713573677,-0.9234940713573677,-0.9234940713573677,-0.9234940713573677
1996-12-31,-1.5347630571636386,-1.5347630571636386,-1.5347630571636386,-1.5347630571636386,-1.5347630571636386,-1.5347630571636386,-1.5347630571636386,-1.5347630571636386,-1.5347630571636386,-1.5347630571636386,-1.5347630571636386,-1.5347630571636386,-1.5347630571636386,-1.5347630571636386,-1.5347630571636386
1997-01-01,-1.6344916083088923,-1.6344916083088923,-1.6344916083088923,-1.6344916083088923,-1.6344916083088923,-1.6344916083088923,-1.6344916083088923,-1.6344916083088923,-1.6344916083088923,-1.6344916083088923,-1.6344916083088923,-1.6344916083088923,-1.6344916083088923,-1.6344916083088923,-1.6344916083088923
1997-01-02,-1.5605540757548582,-1.5605540757548582,-1.5605540757548582,-1.5605540757548582,-1.5605540757548582,-1.5605540757548582,-1.5605540757548582,-1.5605540757548582,-1.5605540757548582,-1.5605540757548582,-1.5605540757548582,-1.5605540757548582,-1.5605540757548582,-1.5605540757548582,-1.5605540757548582
1997-01-03,-1.5771553361204833,-1.5771553361204833,-1.5771553361204833,-1.5771553361204833,-1.5771553361204833,-1.5771553361204833,-1.5771553361204833,-1.5771553361204833,-1.5771553361204833,-1.5771553361204833,-1.5771553361204833,-1.5771553361204833,-1.5771553361204833,-1.5771553361204833,-1.5771553361204833
1997-01-04,-1.7090268841386806,-1.7090268841386806,-1.7090268841386806,-1.7090268841386806,-1.7090268841386806,-1.7090268841386806,-1.7090268841386806,-1.7090268841386806,-1.7090268841386806,-1.7090268841386806,-1.7090268841386806,-1.7090268841386806,-1.7090268841386806,-1.7090268841386806,-1.7090268841386806
1997-01-05,-1.72859849302803,-1.72859849302803,-1.72859849302803,-1.72859849302803,-1.72859849302803,-1.72859849302803,-1.72859849302803,-1.72859849302803,-1.72859849302803,-1.72859849302803,-1.72859849302803,-1.72859849302803,-1.72859849302803,-1.72859849302803,-1.72859849302803
1997-01-06,-1.7290174661290043,-1.7290174661290043,-1.7290174661290043,-1.7290174661290043,-1.7290174661290043,-1.7290174661290043,-1.7290174661290043,-1.7290174661290043,-1.7290174661290043,-1.7290174661290043,-1.7290174661290043,-1.7290174661290043,-1.7290174661290043,-1.7290174661290043,-1.7290174661290043
1997-01-07,-1.7483517700052118,-1.7483517700052118,-1.7483517700052118,-1.7483517700052118,-1.7483517700052118,-1.7483517700052118,-1.7483517700052118,-1.7483517700052118,-1.7483517700052118,-1.7483517700052118,-1.7483517700052118,-1.7483517700052118,-1.7483517700052118,-1.7483517700052118,-1.7483517700052118
1997-01-08,-1.6852485807533608,-1.6852485807533608,-1.6852485807533608,-1.6852485807533608,-1.6852485807533608,-1.6852485807533608,-1.6852485807533608,-1.6852485807533608,-1.6852485807533608,-1.6852485807533608,-1.6852485807533608,-1.6852485807533608,-1.6852485807533608,-1.6852485807533608,-1.6852485807533608
1997-01-09,-1.7646602791741075,-1.7646602791741075,-1.7646602791741075,-1.7646602791741075,-1.7646602791741075,-1.7646602791741075,-1.7646602791741075,-1.7646602791741075,-1.7646602791741075,-1.7646602791741075,-1.7646602791741075,-1.7646602791741075,-1.7646602791741075,-1.7646602791741075,-1.7646602791741075
1997-01-10,-1.6920901232322312,-1.6920901232322312,-1.6920901232322312,-1.6920901232322312,-1.6920901232322312,-1.6920901232322312,-1.6920901232322312,-1.6920901232322312,-1.6920901232322312,-1.6920901232322312,-1.6920901232322312,-1.6920901232322312,-1.6920901232322312,-1.6920901232322312,-1.6920901232322312
1997-01-11,-1.5754919812849792,-1.5754919812849792,-1.5754919812849792,-1.5754919812849792,-1.5754919812849792,-1.5754919812849792,-1.5754919812849792,-1.5754919812849792,-1.5754919812849792,-1.5754919812849792,-1.5754919812849792,-1.5754919812849792,-1.5754919812849792,-1.5754919812849792,-1.5754919812849792
1997-01-12,-1.3383870525909325,-1.3383870525909325,-1.3383870525909325,-1.3383870525909325,-1.3383870525909325,-1.3383870525909325,-1.3383870525909325,-1.3383870525909325,-1.3383870525909325,-1.3383870525909325,-1.3383870525909325,-1.3383870525909325,-1.3383870525909325,-1.3383870525909325,-1.3383870525909325
1997-01-13,-1.368458715172592,-1.3771303516388431,-1.3022071552966943,-1.4332231446503845,-1.3244015831087184,-1.3927025018781134,-1.42775256695118,-1.2405534845940605,-1.394857628049393,-1.3276476395357795,-1.3130471743286962,-1.3541630617708798,-1.4216300999232308,-1.3975401458563412,-1.2764368234142163
1997-01-14,-1.2048016716885763,-0.8937776621007435,-1.2278026315582624,-1.0847231575054495,-1.0604735154313834,-0.9717514211213026,-1.1475132965523382,-1.227858184355101,-1.1031496215409844,-1.0411841837219433,-0.9268271322895675,-1.317586796240793,-1.3552813317129424,-0.9471974682920298,-0.8770754200284177
1997-01-15,-0.990641238971445,-0.8549419605523162,-1.0840876795142378,-0.8440018829342044,-0.7865076080087213,-0.668597161131344,-1.0151599127968804,-1.1882111925533287,-0.8263611761421458,-0.8263849038236233,-0.648839008389618,-1.2804845485434873,-1.1398626116334614,-0.6452903092999723,-0.5489897642857821
1997-01-16,-1.051234857926506,-0.9750121872890494,-1.1661743375573814,-0.8072399743540327,-0.7655976389737624,-0.6328431327652095,-1.2164521924107643,-1.4853347353631758,-1.0487984795022443,-0.7006056987663987,-0.5567886957474362,-1.2721723750079608,-1.181259262697615,-0.5090900310120405,-0.5167571162513364
1997-01-17,-0.9245357401584097,-0.8310750325310003,-1.1646078821975923,-0.6983573238354671,-0.782517206844025,-0.4123774107881441,-1.0443684767404042,-1.5725182611111943,-0.9339871337368874,-0.5284660689202233,-0.30298457561186737,-1.1228359309719933,-1.0865270870621464,-0.5451004566950137,-0.29259025000181615
1997-01-18,-0.7715478427228155,-0.8909380003921327,-0.9684532489601146,-0.45801336268837256,-0.5937194346202953,-0.2626358720346869,-0.8019212670218654,-1.3265326704748974,-0.9612441973618768,-0.4165077459419789,-0.054766807518454724,-0.806087319852312,-0.7660847261850274,-0.2281737996486587,-0.007428490847829502
1997-01-19,-0.46179236981793714,-0.5594514704926733,-0.8062302728632711,-0.2017005025235303,-0.2168820938251287,-0.11333128239684083,-0.6391168060612242,-0.9408053424605063,-0.7521872784442447,-0.22804411453646506,0.1536242702796252,-0.6193045048696848,-0.5161524370728554,-0.1139120370531737,0.20141949945809043
1997-01-20,-0.28867774323784384,-0.719426417330477,-0.47925157080536845,-0.08300238175865024,-0.13478646978507525,-0.11535165891622785,-0.6016993549324336,-0.8535762632371915,-0.7822715457493702,-0.20699973439229666,0.5506312876768803,-0.44036072934561915,-0.49937061506763875,0.1284445081908166,0.19097151969172477
1997-01-21,0.06978483148810959,-0.6030029267950708,-0.16495775670473195,0.3007203792702015,0.1879118520289586,0.1793221572021731,-0.519413340425515,-0.6234228735004033,-0.38203038949739393,0.05136343967723923,0.5651426436679503,-0.04589892813974375,-0.1944615573958793,0.33159452223281555,0.5341318599940217
1997-01-22,0.28415613791295063,-0.5605765347614343,-0.04538379302972944,0.6054759721942199,0.31510634569787865,0.4279682381526246,-0.6040886388397142,-0.6046460159096401,-0.17442892120385836,0.15098054670059405,0.4778257402117462,0.27761661974294194,0.06975414846828655,0.5748117394927685,0.670869309658814
1997-01-23,0.3569585803143441,-0.30327526932998367,-0.1212322795324345,0.5813796970298792,0.42650842128121086,0.45193561784917474,-0.5638518635092931,-0.7666737651854687,-0.268438576867321,-0.13599743898006214,0.35640123551094316,0.47605542777559273,0.17481875258724613,0.456612803621022,0.5073530589982863
1997-01-24,0.0807316081056151,-0.46076146488279124,-0.01178279836930351,0.8449357049450452,0.6488453228508027,0.4419085065683027,-0.4039001405586558,-0.8313169239873798,-0.2860454469939787,-0.30761279283883325,0.35805678178133776,0.4722060137093907,0.18503179698274266,0.7920124982594964,0.07400034374252563
1997-01-25,0.04157403835743991,-0.5594981237211305,0.14613718674645437,0.8904436953375352,1.0754512146065898,0.3040471804401885,-0.06006288801290905,-0.747509535232775,-0.13168909992558664,-0.515910802312756,0.31517209360498755,0.43694399870928674,0.49168910683257416,1.244814771104471,-0.29503680451373593
1997-01-26,0.0997555042605795,-0.47614988675693126,0.16541736891854864,0.7271382667610542,0.8750949745775816,-0.07995553266315035,-0.2402796095254281,-0.9605256291189015,-0.016130998291713165,-0.4744983021870975,0.6004091751194852,0.459828442702263,0.6992972358799208,1.2925305317864602,-0.5252716600166891
1997-01-27,0.3100352655767534,-0.16849639034591474,0.24472166965114533,0.8427701591373779,0.4048222872275491,-0.20455954918627123,-0.07812569776367333,-0.8180857501668051,0.026753426721406584,-0.33650282058309744,0.9074511772431872,0.274710231919546,0.6880000667106633,1.293880617293801,-0.7140020377985288
1997-01-28,0.47258351509946833,-0.22703879612731873,0.5363202144187075,1.0702376467794394,0.4362660794670231,-0.31507125117732737,0.0050821166822335685,-0.5837501438923555,-0.26670959041888875,-0.40228976654635895,0.5809102997075488,0.03099079759796658,0.5896485388259497,0.9875955840712332,-0.6184192515532373
1997-01-29,0.32613538111263096,-0.26446622125771946,0.6518806134197392,1.1160611912691456,0.19059714423726062,-0.2734342721053842,0.30166013511865736,-0.27980654404704786,-0.4403239572051534,-0.4183437882180671,0.42271772990367124,0.13691602243492865,0.1816595260963735,0.2963929894100182,-0.5730855031655551
1997-01-30,0.24746752567713584,0.05010015888516174,0.5079482655367348,0.9489057972342044,-0.44580531008176355,0.035525415812413065,0.42875964194344296,-0.13022352098359496,-0.27321624113353904,-0.5815654734133778,0.4548722307794627,0.23681394786637797,-0.0030542702344593872,-0.1674715362591319,-0.49636913617624295
1997-01-31,0.399079849006906,0.1445019448094902,0.35682210165136924,1.030348236035452,-0.7191610408819508,0.40609457325327347,0.48678491336593965,0.26173345506409607,-0.32552775459911965,-0.5909887254157103,0.4280326704072361,0.34741331609174325,-0.26330683343205813,-0.14510324335453081,-0.11507337439966933
1997-02-01,0.5699007579307833,0.5780060530368792,0.37609953566205306,0.8723942140356992,-0.8951456313799989,0.6503132331381759,0.6188506578390762,0.4061384806531499,-0.5914030650507771,-0.14572760102399157,0.7542328368931934,0.423646118701855,-0.2357560014231432,-0.284487504369976,0.15137936595480064
1997-02-02,0.8490755976525384,0.5459441546972396,0.553978392435928,0.9217815877310588,-0.8203607273425779,0.7965989140182218,0.6608173769837571,0.6764919070373686,-0.5560087966993937,-0.039712094263181855,1.1827954948470278,0.18800278773225348,-0.2125670171393088,-0.0724992572008937,-0.03917071764326373
1997-02-03,1.0974219062392265,0.2518289922643478,0.7619534367559774,0.9316605752405238,-0.5590911767327319,0.8294527278728054,0.6671506509105443,0.4978562800405958,-0.8922297184783867,-0.13637790039638037,1.3320654648883088,0.10270732265979252,-0.6346614208358428,0.11298437609276508,-0.18620749228079048
1997-02-04,1.0818769106491937,-0.3185899780075031,1.1930070269283095,0.691950304645395,-0.36910384118361944,0.8194194399045184,1.023569510521908,0.5761338310382808,-0.9256615525104187,-0.3928331016232915,1.2572585068990738,0.13239395621439914,-0.741511215378035,0.016317090999204042,-0.5189433729898891
1997-02-05,1.2582367907494325,-0.8399359513969047,1.2931213113599613,0.7651815622471676,-0.2265504876080735,0.7625591016195025,0.9850007017477524,0.6178201691771968,-1.111835417803635,-0.6224550818434572,1.287684994143532,0.2155696435023997,-0.8009009643784452,0.011966506568152839,-0.7305761034103737
1997-02-06,1.5288084587549773,-1.0127795551623027,1.1103051986208978,0.8001323925315853,0.032309856181893186,0.871601127880625,0.8134301412070772,1.040057397711899,-1.1146994835559467,-0.6922729397440709,1.407156574946611,0.4655446432900089,-0.7378483131906748,-0.4373514198692008,-0.9515067808776155
1997-02-07,1.7747970396183221,-0.9392746343048735,1.0724801538602529,0.7732376987913959,0.1662451904809921,0.7386452617093914,0.5646079972692293,1.125580851864884,-0.7995635875675122,-0.6400112090281008,1.2290526949598666,0.8121997360716408,-0.7593442020427928,-0.9702402767601492,-0.7971397384333888
1997-02-08,1.8515105709475754,-0.9647129048722859,0.982790911368382,0.5979997158298859,0.5142557381452358,0.620306033441789,0.7066830525792328,1.1538635186324986,-0.40293382423281854,-0.6097402057739256,0.9673979946260665,1.0871779420130743,-0.7742712414998952,-1.074791615959992,-0.5534467265975822
1997-02-09,1.7945379656362652,-0.6768136915346779,1.0016375853938582,0.813000536032419,0.9759649229519444,0.0739181774499465,0.8446624020395805,1.5507382480751981,-0.3294427440222735,-0.6679101459128879,0.6419807153113904,1.1662075609590665,-0.7818132164670125,-1.1002609972216075,-0.37252846723392824
1997-02-10,1.7701504042901663,-0.2653582415062435,0.9306448257171777,1.0163126820059443,1.0416502815176412,-0.6190516425460149,0.8199333932069273,2.2852252742340724,-0.23673230699001233,-0.6850975664915827,0.7435917427002765,1.0644422124362272,-0.36683447721274104,-1.234762519130228,-0.07850242385999431
1997-02-11,1.8426320352121344,-0.11415447956548515,0.5450722334572516,1.170768471596084,0.8222924142942244,-1.0895007590361085,0.5325656521721642,2.265639655325949,0.1612004807270225,-0.4228927120133352,0.9029325617025434,1.1732409834604889,0.3163984703858507,-1.500194576224743,0.0019959181906329267
1997-02-12,1.8105170815728653,-0.017194458960305806,-0.10272658307464588,1.1686534414715186,0.8814442349735689,-1.0926404410032562,0.8450461335988858,2.714028797940704,0.3850032206060196,-0.10482843903913526,1.013773015989153,0.9523057887449727,0.7292442176515102,-1.6841575159123272,-0.036037133267103366
1997-02-13,1.5980648916286087,0.20951381865017007,-0.3651658288987778,1.2225246867107427,1.271640566734965,-0.8863034534744217,1.0262428743512177,3.0514380839206705,0.28710327852966705,-0.028535455999876714,0.9191094524206076,0.6163277699460843,0.7089220264871848,-1.5211374763462875,-0.0707841119183267
1997-02-14,1.2224069287010961,0.16697134855375056,-0.250115517781888,1.1042847655823045,1.392109642222007,-0.7483667835544114,0.8828815387284341,2.9451465956624783,0.055485939109531465,-0.0815514922502989,0.7408037151846496,0.5886351683186511,0.7263868703894403,-0.9466688057712757,0.02946547204749807
1997-02-15,1.1172564380366228,-0.15486756977096083,0.044380726569040185,1.0813697109579279,1.0576002758877636,-0.4982710407515757,0.7449301218118336,2.3789979874513376,0.2837480139272653,-0.04436399689155841,0.4962777562582222,0.6012069168878831,1.1995885660348728,-0.5205881750945235,0.16231537289213102
1997-02-16,0.9127511635147023,-0.13948488729813557,0.417452535501972,1.2260229095684947,0.5803916846459747,-0.4180450646991909,0.7535906993772773,2.0371510169339686,0.5008080827363086,0.11478893686159587,0.3701746577976908,0.968677421865622,1.2954979806302733,-0.6357837098710472,0.42914350411693336
1997-02-17,0.6063066501898746,-0.14612113022638776,0.4606406633796996,0.8161300398110144,0.31320660614858203,-0.2781264908588166,0.8147635488607325,1.3005624706712742,0.8494999016663879,0.1680298817281594,0.422632404925226,1.2785353323598787,1.2867798345012245,-0.6789156136051744,0.3323529627793804
1997-02-18,0.39747163934894225,-0.18568856488319122,0.5226459018982021,0.9315425381860446,0.5411926403052167,0.28698037706985224,0.8948385869681367,0.7121946576969901,0.9848315246785272,-0.2948107983707639,0.4029493435026,1.586832991880384,1.2138129872074814,-0.6075025370716194,0.21764098767491338
1997-02-19,0.3918368030970201,-0.45196236769290093,0.9491982154191627,1.1328257080439001,0.5258941064345741,0.8174168245004744,0.7951099342061672,0.5272404486145024,0.8661046946393344,-0.4973106979617614,0.44599260508344307,1.605653717263802,1.3617203530688142,-0.8096437084111228,0.04308895706560446
1997-02-20,0.0858581511649372,-0.2774103325273879,1.0216052654905952,1.3661358084667685,0.43580169103308786,1.0208800219644267,0.5841506745991324,0.20454381340664896,0.8942718516056959,-0.7819923098831765,0.6284146090315488,1.296593981677637,1.5425431175814197,-0.7473109398247169,0.23624224171383096
1997-02-21,-0.0755870383285158,-0.11018778818300876,1.230378402124254,1.1931302209318226,0.41080980973035736,1.218622307034654,0.7087391232312572,-0.011568887395920142,0.7695537598317405,-0.8100238712113002,0.5854212602436758,1.2367394943095924,1.194604316395574,-1.0741168244980788,-0.00907954840260081
1997-02-22,-0.052341615985881024,0.051516176793765515,1.439021709267856,0.7879133328151172,0.5290287891018244,1.348727259678364,0.6663601447494775,-0.32318568672091713,0.92977180274682,-0.6147977195394863,0.4631601866589261,0.8820369822739343,0.8858373078490848,-0.9352724989117266,-0.19254477060852812
1997-02-23,-0.012989418479745638,0.241586346518304,1.5800446636849232,0.42444229764960884,0.2999211460970037,1.6666449049738603,0.27995664694963707,-0.23571239654905246,1.1617261489757036,-0.5482723908048479,0.44062867347260676,0.35064045365884633,0.8255254369066306,-0.6067580794249661,-0.1158647880027197
1997-02-24,0.06484206394802454,0.19376997644399915,1.2067286079840982,-0.13046031329354568,0.35488720920481626,1.8679815103733923,-0.21110716589091957,-0.03059752666502533,1.2914439825705357,-0.5814890199279518,0.3964571222406417,0.24547700093453995,0.6607926230223515,-0.1155695733182692,-0.06031639423817323
1997-02-25,0.07405325562075295,0.26239942797990007,1.21541408490841,-0.7551796704876305,0.3640602536904599,1.6512354166959282,-0.7156878814577491,0.2915399696581077,0.9515264885434993,-0.43491261086772903,0.3270300722553639,0.37759244537822007,0.31919938719658636,0.29196385217645854,0.2590375512748072
1997-02-26,0.08168826566444883,0.5870393891283726,1.343459170825602,-1.1220810385724624,0.09514953476232409,1.3297575724382154,-0.8200069370592044,0.4192671000273263,0.6034832775173219,-0.08310080735608336,-0.024049104382435006,0.3120913847842543,0.16346360981163313,0.3696127700616661,0.1630100539993332
1997-02-27,-0.18246557587238266,0.6863180724532795,1.5778187831425303,-0.9476322053315144,0.17516125003347152,1.1330851259060788,-0.4731275822558336,0.4587937066211275,0.6087249136874341,0.1498340893645673,-0.31248814506027334,0.20890422993106364,-0.17886702684536684,0.4254923739615517,0.01705574344913126
1997-02-28,-0.39088248389538277,0.6795321439572516,1.652909240432297,-1.0934224541577109,-0.1050433648740996,0.9588737542672484,-0.6056767386901709,0.5824151875686683,0.4201663120497982,0.36755269159605103,-0.37346188422550514,0.08797974240302195,-0.40607026756504916,0.4806713879071397,0.3110762222172153
1997-03-01,-0.6688121581278539,0.39374443833529504,1.389556748684301,-1.2565269231131349,-0.6606678006048311,0.7217608201506523,-0.780637137035306,0.49841439123040676,0.1489500240818159,0.505975349086346,0.16735968051549824,0.394513109375496,-0.2082110654842902,0.24197651129822942,0.5560817536054331
1997-03-02,-0.6666189826123965,0.4186788162937537,1.189486792712748,-1.3222830991274999,-0.9260766887403692,0.19410400357207458,-0.6620562661397803,0.8419876089926247,-0.08406807364571778,0.8959409606746118,-0.06761767803878961,0.6904855442039862,-0.06102446519969511,-0.12506727881934743,0.5302604999420247
1997-03-03,-0.4312622258494497,0.5169372572009413,1.3433759383704984,-1.570874054528347,-1.054759792609408,-0.05898180681048163,-0.4111323495621973,0.99372058593722,-0.30755251313090387,1.4997330031842782,-0.4290252305693363,0.9674978693261572,-0.26439295721074335,-0.27122705952269227,0.17355186383742766
1997-03-04,-0.4675212252384355,0.3026180075815237,1.5846346580099429,-1.7951615605497049,-0.8429578316950522,-0.24004342679081028,-0.3235490369426232,0.8590517021503402,-1.0009196925279615,1.4105951122825935,-0.7647159616662651,0.73285366011568,-0.4410391721647609,-0.24237421751758947,0.2062856449584463
1997-03-05,-0.2997272830447439,0.1672410301423732,1.532400159636,-2.1444398480850397,-0.7091610803595111,-0.19862873569518896,-0.2694057199622767,1.0748407093966148,-1.7278540605138584,1.4830815738372733,-0.8983823715713206,0.6161857938000692,-0.35450676232296074,-0.46960874083357973,0.41640313177213295
1997-03-06,-0.05091400498483476,-0.22277571501159796,1.318889665770768,-2.152066519572021,-0.5019968380270129,0.27482023158658975,-0.11771012402233066,1.2665135292132064,-2.1375796208765787,1.2931313697419113,-1.258891767241389,0.6233844198625339,-0.027498330910699708,-0.6266487091941492,0.6897706815339922
1997-03-07,0.08980238506646257,-0.26109101588703393,0.7860336744939247,-2.126130748480092,-0.24558279745543657,0.4006986248060322,-0.16130227198197278,1.4646887847201833,-2.563620826171765,1.3440361342622758,-1.4003280131710603,0.6746966316975038,0.20642943282433449,-0.5181742786835417,0.6782952460208911
1997-03-08,0.015777153123487656,-0.14596226404890036,0.325981621278528,-1.9477373410074776,-0.03655884909650285,0.043321447321788754,-0.21846885639194147,1.2053521070811912,-2.7052963269568306,1.7004662801033914,-1.1971698317819337,0.9058368741559832,0.372460685980027,-0.0021501555430326154,0.6634197708253241
1997-03-09,0.23805751898150718,0.11177233008084353,0.518713072003712,-1.6381202030191,0.04639104997084223,-0.22855638318146024,-0.3030883448207311,1.647393826182529,-2.928381864106033,1.7761565637302017,-1.1070355147917694,1.0105655567469007,0.4415146234483362,0.5777828455073581,0.21458884338983894
1997-03-10,0.3317256251036169,0.318645596636557,0.8289874389497303,-1.677336897333027,0.6395718471201787,-0.4023747852443907,-0.3543053652109087,1.6583106396598972,-3.0797868155227524,1.736475688632101,-1.387169380618558,0.6856621309672049,0.6875084975066247,1.0616480601977685,-0.23692772808041235
1997-03-11,0.03059500833260664,0.9643161434599195,1.059422333369798,-1.8225373477193352,1.0637180161029525,-0.5370022206065229,-0.3714363661213081,1.6868960606911207,-2.7257319264662243,1.5534387219439434,-1.650667283146136,-0.23985816831676116,0.7656733554770739,1.4219968442721345,-0.23229686259794102
1997-03-12,-0.41767621740921956,1.0485321673833334,0.9849834343170205,-1.9334383520050638,0.90128487918261,-0.9642202076704212,-0.536244005735472,1.45360603619331,-2.648435887437592,1.3389875486187404,-1.704220265300523,-0.6556885867715808,0.8571251894425377,1.3058199194318745,-0.17132787802746108
1997-03-13,-0.6328528185505978,0.9391634676234956,1.143386402609365,-2.0348685894736644,0.5498695873552929,-1.2282893886126047,-0.81926776046722,1.179443892632414,-2.2343332584328186,0.8450215003156573,-1.6156252837555936,-0.5531774263370749,0.8338598695031034,0.9092170642723396,-0.2371338250625164
1997-03-14,-0.48002316522133154,0.6908650693414025,1.3955698837038664,-2.002652530033183,0.2674851370952546,-1.5384583700197312,-1.2111584899810486,0.972380297428768,-2.0746042477839954,0.32844508545725093,-1.5925043946267117,-0.6724850687423823,0.6696058145530962,0.8141094241349082,-0.5453396536102922
