,1,2,3,4,5,6,7,8,9,10,11,12,13,14,15
2002-08-20,1.0571920189122235,1.0571920189122235,1.0571920189122235,1.0571920189122235,1.0571920189122235,1.0571920189122235,1.0571920189122235,1.0571920189122235,1.0571920189122235,1.0571920189122235,1.0571920189122235,1.0571920189122235,1.0571920189122235,1.0571920189122235,1.0571920189122235
2002-08-21,0.6674788153002903,0.6674788153002903,0.6674788153002903,0.6674788153002903,0.6674788153002903,0.6674788153002903,0.6674788153002903,0.6674788153002903,0.6674788153002903,0.6674788153002903,0.6674788153002903,0.6674788153002903,0.6674788153002903,0.6674788153002903,0.6674788153002903
2002-08-22,0.20668633637087652,0.20668633637087652,0.20668633637087652,0.20668633637087652,0.20668633637087652,0.20668633637087652,0.20668633637087652,0.20668633637087652,0.20668633637087652,0.20668633637087652,0.20668633637087652,0.20668633637087652,0.20668633637087652,0.20668633637087652,0.20668633637087652
2002-08-23,-0.18872802456204815,-0.18872802456204815,-0.18872802456204815,-0.18872802456204815,-0.18872802456204815,-0.18872802456204815,-0.18872802456204815,-0.18872802456204815,-0.18872802456204815,-0.18872802456204815,-0.18872802456204815,-0.18872802456204815,-0.18872802456204815,-0.18872802456204815,-0.18872802456204815
2002-08-24,-0.43453453597842906,-0.43453453597842906,-0.43453453597842906,-0.43453453597842906,-0.43453453597842906,-0.43453453597842906,-0.43453453597842906,-0.43453453597842906,-0.43453453597842906,-0.43453453597842906,-0.43453453597842906,-0.43453453597842906,-0.43453453597842906,-0.43453453597842906,-0.43453453597842906
2002-08-25,-0.5307375967599447,-0.5307375967599447,-0.5307375967599447,-0.5307375967599447,-0.5307375967599447,-0.5307375967599447,-0.5307375967599447,-0.5307375967599447,-0.5307375967599447,-0.5307375967599447,-0.5307375967599447,-0.5307375967599447,-0.5307375967599447,-0.5307375967599447,-0.5307375967599447
2002-08-26,-0.3195582401219638,-0.3195582401219638,-0.3195582401219638,-0.3195582401219638,-0.3195582401219638,-0.3195582401219638,-0.3195582401219638,-0.3195582401219638,-0.3195582401219638,-0.3195582401219638,-0.3195582401219638,-0.3195582401219638,-0.3195582401219638,-0.3195582401219638,-0.3195582401219638
2002-08-27,-0.2613262774245618,-0.2613262774245618,-0.2613262774245618,-0.2613262774245618,-0.2613262774245618,-0.2613262774245618,-0.2613262774245618,-0.2613262774245618,-0.2613262774245618,-0.2613262774245618,-0.2613262774245618,-0.2613262774245618,-0.2613262774245618,-0.2613262774245618,-0.2613262774245618
2002-08-28,-0.39085328116435125,-0.39085328116435125,-0.39085328116435125,-0.39085328116435125,-0.39085328116435125,-0.39085328116435125,-0.39085328116435125,-0.39085328116435125,-0.39085328116435125,-0.39085328116435125,-0.39085328116435125,-0.39085328116435125,-0.39085328116435125,-0.39085328116435125,-0.39085328116435125
2002-08-29,-0.24262879994404474,-0.24262879994404474,-0.24262879994404474,-0.24262879994404474,-0.24262879994404474,-0.24262879994404474,-0.24262879994404474,-0.24262879994404474,-0.24262879994404474,-0.24262879994404474,-0.24262879994404474,-0.24262879994404474,-0.24262879994404474,-0.24262879994404474,-0.24262879994404474
2002-08-30,-0.0893431675902229,-0.0893431675902229,-0.0893431675902229,-0.0893431675902229,-0.0893431675902229,-0.0893431675902229,-0.0893431675902229,-0.0893431675902229,-0.0893431675902229,-0.0893431675902229,-0.0893431675902229,-0.0893431675902229,-0.0893431675902229,-0.0893431675902229,-0.0893431675902229
2002-08-31,0.005183540042536234,0.005183540042536234,0.005183540042536234,0.005183540042536234,0.005183540042536234,0.005183540042536234,0.005183540042536234,0.005183540042536234,0.005183540042536234,0.005183540042536234,0.005183540042536234,0.005183540042536234,0.005183540042536234,0.005183540042536234,0.005183540042536234
2002-09-01,0.129239144276642,0.129239144276642,0.129239144276642,0.129239144276642,0.129239144276642,0.129239144276642,0.129239144276642,0.129239144276642,0.129239144276642,0.129239144276642,0.129239144276642,0.129239144276642,0.129239144276642,0.129239144276642,0.129239144276642
2002-09-02,0.2224875278402581,0.2224875278402581,0.2224875278402581,0.2224875278402581,0.2224875278402581,0.2224875278402581,0.2224875278402581,0.2224875278402581,0.2224875278402581,0.2224875278402581,0.2224875278402581,0.2224875278402581,0.2224875278402581,0.2224875278402581,0.2224875278402581
2002-09-03,0.1954646906722155,0.1954646906722155,0.1954646906722155,0.1954646906722155,0.1954646906722155,0.1954646906722155,0.1954646906722155,0.1954646906722155,0.1954646906722155,0.1954646906722155,0.1954646906722155,0.1954646906722155,0.1954646906722155,0.1954646906722155,0.1954646906722155
2002-09-04,0.24902809577798038,0.24902809577798038,0.24902809577798038,0.24902809577798038,0.24902809577798038,0.24902809577798038,0.24902809577798038,0.24902809577798038,0.24902809577798038,0.24902809577798038,0.24902809577798038,0.24902809577798038,0.24902809577798038,0.24902809577798038,0.24902809577798038
2002-09-05,0.17198677059570222,0.17198677059570222,0.17198677059570222,0.17198677059570222,0.17198677059570222,0.17198677059570222,0.17198677059570222,0.17198677059570222,0.17198677059570222,0.17198677059570222,0.17198677059570222,0.17198677059570222,0.17198677059570222,0.17198677059570222,0.17198677059570222
2002-09-06,0.40622819805875543,0.40622819805875543,0.40622819805875543,0.40622819805875543,0.40622819805875543,0.40622819805875543,0.40622819805875543,0.40622819805875543,0.40622819805875543,0.40622819805875543,0.40622819805875543,0.40622819805875543,0.40622819805875543,0.40622819805875543,0.40622819805875543
2002-09-07,0.5080035407342515,0.5080035407342515,0.5080035407342515,0.5080035407342515,0.5080035407342515,0.5080035407342515,0.5080035407342515,0.5080035407342515,0.5080035407342515,0.5080035407342515,0.5080035407342515,0.5080035407342515,0.5080035407342515,0.5080035407342515,0.5080035407342515
2002-09-08,0.4866270129849912,0.4866270129849912,0.4866270129849912,0.4866270129849912,0.4866270129849912,0.4866270129849912,0.4866270129849912,0.4866270129849912,0.4866270129849912,0.4866270129849912,0.4866270129849912,0.4866270129849912,0.4866270129849912,0.4866270129849912,0.4866270129849912
2002-09-09,0.48524375067138226,0.48524375067138226,0.48524375067138226,0.48524375067138226,0.48524375067138226,0.48524375067138226,0.48524375067138226,0.48524375067138226,0.48524375067138226,0.48524375067138226,0.48524375067138226,0.48524375067138226,0.48524375067138226,0.48524375067138226,0.48524375067138226
2002-09-10,0.7018931840103887,0.7018931840103887,0.7018931840103887,0.7018931840103887,0.7018931840103887,0.7018931840103887,0.7018931840103887,0.7018931840103887,0.7018931840103887,0.7018931840103887,0.7018931840103887,0.7018931840103887,0.7018931840103887,0.7018931840103887,0.7018931840103887
2002-09-11,0.8159803645768042,0.8159803645768042,0.8159803645768042,0.8159803645768042,0.8159803645768042,0.8159803645768042,0.8159803645768042,0.8159803645768042,0.8159803645768042,0.8159803645768042,0.8159803645768042,0.8159803645768042,0.8159803645768042,0.8159803645768042,0.8159803645768042
2002-09-12,0.783736137032338,0.783736137032338,0.783736137032338,0.783736137032338,0.783736137032338,0.783736137032338,0.783736137032338,0.783736137032338,0.783736137032338,0.783736137032338,0.783736137032338,0.783736137032338,0.783736137032338,0.783736137032338,0.783736137032338
2002-09-13,0.6330251701286662,0.6330251701286662,0.6330251701286662,0.6330251701286662,0.6330251701286662,0.6330251701286662,0.6330251701286662,0.6330251701286662,0.6330251701286662,0.6330251701286662,0.6330251701286662,0.6330251701286662,0.6330251701286662,0.6330251701286662,0.6330251701286662
2002-09-14,0.3385720001493436,0.3385720001493436,0.3385720001493436,0.3385720001493436,0.3385720001493436,0.3385720001493436,0.3385720001493436,0.3385720001493436,0.3385720001493436,0.3385720001493436,0.3385720001493436,0.3385720001493436,0.3385720001493436,0.3385720001493436,0.3385720001493436
2002-09-15,0.34301636499389637,0.34301636499389637,0.34301636499389637,0.34301636499389637,0.34301636499389637,0.34301636499389637,0.34301636499389637,0.34301636499389637,0.34301636499389637,0.34301636499389637,0.34301636499389637,0.34301636499389637,0.34301636499389637,0.34301636499389637,0.34301636499389637
2002-09-16,0.17537374312168766,0.17537374312168766,0.17537374312168766,0.17537374312168766,0.17537374312168766,0.17537374312168766,0.17537374312168766,0.17537374312168766,0.17537374312168766,0.17537374312168766,0.17537374312168766,0.17537374312168766,0.17537374312168766,0.17537374312168766,0.17537374312168766
2002-09-17,0.3625350159550315,0.3625350159550315,0.3625350159550315,0.3625350159550315,0.3625350159550315,0.3625350159550315,0.3625350159550315,0.3625350159550315,0.3625350159550315,0.3625350159550315,0.3625350159550315,0.3625350159550315,0.3625350159550315,0.3625350159550315,0.3625350159550315
2002-09-18,0.02135065391961659,0.02135065391961659,0.02135065391961659,0.02135065391961659,0.02135065391961659,0.02135065391961659,0.02135065391961659,0.02135065391961659,0.02135065391961659,0.02135065391961659,0.02135065391961659,0.02135065391961659,0.02135065391961659,0.02135065391961659,0.02135065391961659
2002-09-19,-0.14741098567761848,-0.14741098567761848,-0.14741098567761848,-0.14741098567761848,-0.14741098567761848,-0.14741098567761848,-0.14741098567761848,-0.14741098567761848,-0.14741098567761848,-0.14741098567761848,-0.14741098567761848,-0.14741098567761848,-0.14741098567761848,-0.14741098567761848,-0.14741098567761848
2002-09-20,-0.19422423860420707,-0.19422423860420707,-0.19422423860420707,-0.19422423860420707,-0.19422423860420707,-0.19422423860420707,-0.19422423860420707,-0.19422423860420707,-0.19422423860420707,-0.19422423860420707,-0.19422423860420707,-0.19422423860420707,-0.19422423860420707,-0.19422423860420707,-0.19422423860420707
2002-09-21,-0.27827576774866836,-0.27827576774866836,-0.27827576774866836,-0.27827576774866836,-0.27827576774866836,-0.27827576774866836,-0.27827576774866836,-0.27827576774866836,-0.27827576774866836,-0.27827576774866836,-0.27827576774866836,-0.27827576774866836,-0.27827576774866836,-0.27827576774866836,-0.27827576774866836
2002-09-22,-0.278754000109646,-0.278754000109646,-0.278754000109646,-0.278754000109646,-0.278754000109646,-0.278754000109646,-0.278754000109646,-0.278754000109646,-0.278754000109646,-0.278754000109646,-0.278754000109646,-0.278754000109646,-0.278754000109646,-0.278754000109646,-0.278754000109646
2002-09-23,-0.3145199885490264,-0.3145199885490264,-0.3145199885490264,-0.3145199885490264,-0.3145199885490264,-0.3145199885490264,-0.3145199885490264,-0.3145199885490264,-0.3145199885490264,-0.3145199885490264,-0.3145199885490264,-0.3145199885490264,-0.3145199885490264,-0.3145199885490264,-0.3145199885490264
2002-09-24,-0.2703740701336743,-0.2703740701336743,-0.2703740701336743,-0.2703740701336743,-0.2703740701336743,-0.2703740701336743,-0.2703740701336743,-0.2703740701336743,-0.2703740701336743,-0.2703740701336743,-0.2703740701336743,-0.2703740701336743,-0.2703740701336743,-0.2703740701336743,-0.2703740701336743
2002-09-25,-0.4642391396124206,-0.4642391396124206,-0.4642391396124206,-0.4642391396124206,-0.4642391396124206,-0.4642391396124206,-0.4642391396124206,-0.4642391396124206,-0.4642391396124206,-0.4642391396124206,-0.4642391396124206,-0.4642391396124206,-0.4642391396124206,-0.4642391396124206,-0.4642391396124206
2002-09-26,-0.5496045030883271,-0.5496045030883271,-0.5496045030883271,-0.5496045030883271,-0.5496045030883271,-0.5496045030883271,-0.5496045030883271,-0.5496045030883271,-0.5496045030883271,-0.5496045030883271,-0.5496045030883271,-0.5496045030883271,-0.5496045030883271,-0.5496045030883271,-0.5496045030883271
2002-09-27,-0.6174282727411496,-0.6174282727411496,-0.6174282727411496,-0.6174282727411496,-0.6174282727411496,-0.6174282727411496,-0.6174282727411496,-0.6174282727411496,-0.6174282727411496,-0.6174282727411496,-0.6174282727411496,-0.6174282727411496,-0.6174282727411496,-0.6174282727411496,-0.6174282727411496
2002-09-28,-0.43333477169608964,-0.43333477169608964,-0.43333477169608964,-0.43333477169608964,-0.43333477169608964,-0.43333477169608964,-0.43333477169608964,-0.43333477169608964,-0.43333477169608964,-0.43333477169608964,-0.43333477169608964,-0.43333477169608964,-0.43333477169608964,-0.43333477169608964,-0.43333477169608964
2002-09-29,-0.28574238173041244,-0.28574238173041244,-0.28574238173041244,-0.28574238173041244,-0.28574238173041244,-0.28574238173041244,-0.28574238173041244,-0.28574238173041244,-0.28574238173041244,-0.28574238173041244,-0.28574238173041244,-0.28574238173041244,-0.28574238173041244,-0.28574238173041244,-0.28574238173041244
2002-09-30,-0.2099088685484173,-0.2099088685484173,-0.2099088685484173,-0.2099088685484173,-0.2099088685484173,-0.2099088685484173,-0.2099088685484173,-0.2099088685484173,-0.2099088685484173,-0.2099088685484173,-0.2099088685484173,-0.2099088685484173,-0.2099088685484173,-0.2099088685484173,-0.2099088685484173
2002-10-01,-0.24294568637479713,-0.24294568637479713,-0.24294568637479713,-0.24294568637479713,-0.24294568637479713,-0.24294568637479713,-0.24294568637479713,-0.24294568637479713,-0.24294568637479713,-0.24294568637479713,-0.24294568637479713,-0.24294568637479713,-0.24294568637479713,-0.24294568637479713,-0.24294568637479713
2002-10-02,-0.4575761676570078,-0.4575761676570078,-0.4575761676570078,-0.4575761676570078,-0.4575761676570078,-0.4575761676570078,-0.4575761676570078,-0.4575761676570078,-0.4575761676570078,-0.4575761676570078,-0.4575761676570078,-0.4575761676570078,-0.4575761676570078,-0.4575761676570078,-0.4575761676570078
2002-10-03,-0.05405291772654944,-0.05405291772654944,-0.05405291772654944,-0.05405291772654944,-0.05405291772654944,-0.05405291772654944,-0.05405291772654944,-0.05405291772654944,-0.05405291772654944,-0.05405291772654944,-0.05405291772654944,-0.05405291772654944,-0.05405291772654944,-0.05405291772654944,-0.05405291772654944
2002-10-04,0.03440800833219268,0.03440800833219268,0.03440800833219268,0.03440800833219268,0.03440800833219268,0.03440800833219268,0.03440800833219268,0.03440800833219268,0.03440800833219268,0.03440800833219268,0.03440800833219268,0.03440800833219268,0.03440800833219268,0.03440800833219268,0.03440800833219268
2002-10-05,0.5719655184585465,0.5719655184585465,0.5719655184585465,0.5719655184585465,0.5719655184585465,0.5719655184585465,0.5719655184585465,0.5719655184585465,0.5719655184585465,0.5719655184585465,0.5719655184585465,0.5719655184585465,0.5719655184585465,0.5719655184585465,0.5719655184585465
2002-10-06,0.9506488938877499,0.9506488938877499,0.9506488938877499,0.9506488938877499,0.9506488938877499,0.9506488938877499,0.9506488938877499,0.9506488938877499,0.9506488938877499,0.9506488938877499,0.9506488938877499,0.9506488938877499,0.9506488938877499,0.9506488938877499,0.9506488938877499
2002-10-07,1.0994742786863467,1.0994742786863467,1.0994742786863467,1.0994742786863467,1.0994742786863467,1.0994742786863467,1.0994742786863467,1.0994742786863467,1.0994742786863467,1.0994742786863467,1.0994742786863467,1.0994742786863467,1.0994742786863467,1.0994742786863467,1.0994742786863467
2002-10-08,1.1211455071245644,1.1211455071245644,1.1211455071245644,1.1211455071245644,1.1211455071245644,1.1211455071245644,1.1211455071245644,1.1211455071245644,1.1211455071245644,1.1211455071245644,1.1211455071245644,1.1211455071245644,1.1211455071245644,1.1211455071245644,1.1211455071245644
2002-10-09,1.03320315351183,1.03320315351183,1.03320315351183,1.03320315351183,1.03320315351183,1.03320315351183,1.03320315351183,1.03320315351183,1.03320315351183,1.03320315351183,1.03320315351183,1.03320315351183,1.03320315351183,1.03320315351183,1.03320315351183
2002-10-10,0.793685751265992,0.793685751265992,0.793685751265992,0.793685751265992,0.793685751265992,0.793685751265992,0.793685751265992,0.793685751265992,0.793685751265992,0.793685751265992,0.793685751265992,0.793685751265992,0.793685751265992,0.793685751265992,0.793685751265992
2002-10-11,0.7228151202897276,0.7228151202897276,0.7228151202897276,0.7228151202897276,0.7228151202897276,0.7228151202897276,0.7228151202897276,0.7228151202897276,0.7228151202897276,0.7228151202897276,0.7228151202897276,0.7228151202897276,0.7228151202897276,0.7228151202897276,0.7228151202897276
2002-10-12,0.7744282538952378,0.7744282538952378,0.7744282538952378,0.7744282538952378,0.7744282538952378,0.7744282538952378,0.7744282538952378,0.7744282538952378,0.7744282538952378,0.7744282538952378,0.7744282538952378,0.7744282538952378,0.7744282538952378,0.7744282538952378,0.7744282538952378
2002-10-13,0.4946756548105776,0.4946756548105776,0.4946756548105776,0.4946756548105776,0.4946756548105776,0.4946756548105776,0.4946756548105776,0.4946756548105776,0.4946756548105776,0.4946756548105776,0.4946756548105776,0.4946756548105776,0.4946756548105776,0.4946756548105776,0.4946756548105776
2002-10-14,0.34538752130739747,0.34538752130739747,0.34538752130739747,0.34538752130739747,0.34538752130739747,0.34538752130739747,0.34538752130739747,0.34538752130739747,0.34538752130739747,0.34538752130739747,0.34538752130739747,0.34538752130739747,0.34538752130739747,0.34538752130739747,0.34538752130739747
2002-10-15,0.40313102429384856,0.40313102429384856,0.40313102429384856,0.40313102429384856,0.40313102429384856,0.40313102429384856,0.40313102429384856,0.40313102429384856,0.40313102429384856,0.40313102429384856,0.40313102429384856,0.40313102429384856,0.40313102429384856,0.40313102429384856,0.40313102429384856
2002-10-16,0.22668362937145692,0.22668362937145692,0.22668362937145692,0.22668362937145692,0.22668362937145692,0.22668362937145692,0.22668362937145692,0.22668362937145692,0.22668362937145692,0.22668362937145692,0.22668362937145692,0.22668362937145692,0.22668362937145692,0.22668362937145692,0.22668362937145692
2002-10-17,0.09817308999469679,0.09817308999469679,0.09817308999469679,0.09817308999469679,0.09817308999469679,0.09817308999469679,0.09817308999469679,0.09817308999469679,0.09817308999469679,0.09817308999469679,0.09817308999469679,0.09817308999469679,0.09817308999469679,0.09817308999469679,0.09817308999469679
2002-10-18,0.011101456844059786,0.011101456844059786,0.011101456844059786,0.011101456844059786,0.011101456844059786,0.011101456844059786,0.011101456844059786,0.011101456844059786,0.011101456844059786,0.011101456844059786,0.011101456844059786,0.011101456844059786,0.011101456844059786,0.011101456844059786,0.011101456844059786
2002-10-19,-0.23159618263946086,-0.23159618263946086,-0.23159618263946086,-0.23159618263946086,-0.23159618263946086,-0.23159618263946086,-0.23159618263946086,-0.23159618263946086,-0.23159618263946086,-0.23159618263946086,-0.23159618263946086,-0.23159618263946086,-0.23159618263946086,-0.23159618263946086,-0.23159618263946086
2002-10-20,-0.36570184827794944,-0.36570184827794944,-0.36570184827794944,-0.36570184827794944,-0.36570184827794944,-0.36570184827794944,-0.36570184827794944,-0.36570184827794944,-0.36570184827794944,-0.36570184827794944,-0.36570184827794944,-0.36570184827794944,-0.36570184827794944,-0.36570184827794944,-0.36570184827794944
2002-10-21,-0.5583445194283264,-0.5583445194283264,-0.5583445194283264,-0.5583445194283264,-0.5583445194283264,-0.5583445194283264,-0.5583445194283264,-0.5583445194283264,-0.5583445194283264,-0.5583445194283264,-0.5583445194283264,-0.5583445194283264,-0.5583445194283264,-0.5583445194283264,-0.5583445194283264
2002-10-22,-0.6496488831868295,-0.6496488831868295,-0.6496488831868295,-0.6496488831868295,-0.6496488831868295,-0.6496488831868295,-0.6496488831868295,-0.6496488831868295,-0.6496488831868295,-0.6496488831868295,-0.6496488831868295,-0.6496488831868295,-0.6496488831868295,-0.6496488831868295,-0.6496488831868295
2002-10-23,-0.826300491118195,-0.826300491118195,-0.826300491118195,-0.826300491118195,-0.826300491118195,-0.826300491118195,-0.826300491118195,-0.826300491118195,-0.826300491118195,-0.826300491118195,-0.826300491118195,-0.826300491118195,-0.826300491118195,-0.826300491118195,-0.826300491118195
2002-10-24,-0.8925937027284595,-0.8925937027284595,-0.8925937027284595,-0.8925937027284595,-0.8925937027284595,-0.8925937027284595,-0.8925937027284595,-0.8925937027284595,-0.8925937027284595,-0.8925937027284595,-0.8925937027284595,-0.8925937027284595,-0.8925937027284595,-0.8925937027284595,-0.8925937027284595
2002-10-25,-0.8931578821577222,-0.8931578821577222,-0.8931578821577222,-0.8931578821577222,-0.8931578821577222,-0.8931578821577222,-0.8931578821577222,-0.8931578821577222,-0.8931578821577222,-0.8931578821577222,-0.8931578821577222,-0.8931578821577222,-0.8931578821577222,-0.8931578821577222,-0.8931578821577222
2002-10-26,-1.0376651354192243,-1.0376651354192243,-1.0376651354192243,-1.0376651354192243,-1.0376651354192243,-1.0376651354192243,-1.0376651354192243,-1.0376651354192243,-1.0376651354192243,-1.0376651354192243,-1.0376651354192243,-1.0376651354192243,-1.0376651354192243,-1.0376651354192243,-1.0376651354192243
2002-10-27,-1.1008413018546523,-1.1008413018546523,-1.1008413018546523,-1.1008413018546523,-1.1008413018546523,-1.1008413018546523,-1.1008413018546523,-1.1008413018546523,-1.1008413018546523,-1.1008413018546523,-1.1008413018546523,-1.1008413018546523,-1.1008413018546523,-1.1008413018546523,-1.1008413018546523
2002-10-28,-1.281464230606957,-1.281464230606957,-1.281464230606957,-1.281464230606957,-1.281464230606957,-1.281464230606957,-1.281464230606957,-1.281464230606957,-1.281464230606957,-1.281464230606957,-1.281464230606957,-1.281464230606957,-1.281464230606957,-1.281464230606957,-1.281464230606957
2002-10-29,-1.1905562928870328,-1.1905562928870328,-1.1905562928870328,-1.1905562928870328,-1.1905562928870328,-1.1905562928870328,-1.1905562928870328,-1.1905562928870328,-1.1905562928870328,-1.1905562928870328,-1.1905562928870328,-1.1905562928870328,-1.1905562928870328,-1.1905562928870328,-1.1905562928870328
2002-10-30,-1.2168550837737246,-1.2168550837737246,-1.2168550837737246,-1.2168550837737246,-1.2168550837737246,-1.2168550837737246,-1.2168550837737246,-1.2168550837737246,-1.2168550837737246,-1.2168550837737246,-1.2168550837737246,-1.2168550837737246,-1.2168550837737246,-1.2168550837737246,-1.2168550837737246
2002-10-31,-1.0042311430179804,-1.0042311430179804,-1.0042311430179804,-1.0042311430179804,-1.0042311430179804,-1.0042311430179804,-1.0042311430179804,-1.0042311430179804,-1.0042311430179804,-1.0042311430179804,-1.0042311430179804,-1.0042311430179804,-1.0042311430179804,-1.0042311430179804,-1.0042311430179804
2002-11-01,-1.137039639530762,-1.137039639530762,-1.137039639530762,-1.137039639530762,-1.137039639530762,-1.137039639530762,-1.137039639530762,-1.137039639530762,-1.137039639530762,-1.137039639530762,-1.137039639530762,-1.137039639530762,-1.137039639530762,-1.137039639530762,-1.137039639530762
2002-11-02,-1.20442117379272,-1.20442117379272,-1.20442117379272,-1.20442117379272,-1.20442117379272,-1.20442117379272,-1.20442117379272,-1.20442117379272,-1.20442117379272,-1.20442117379272,-1.20442117379272,-1.20442117379272,-1.20442117379272,-1.20442117379272,-1.20442117379272
2002-11-03,-1.2471670772694814,-1.2471670772694814,-1.2471670772694814,-1.2471670772694814,-1.2471670772694814,-1.2471670772694814,-1.2471670772694814,-1.2471670772694814,-1.2471670772694814,-1.2471670772694814,-1.2471670772694814,-1.2471670772694814,-1.2471670772694814,-1.2471670772694814,-1.2471670772694814
2002-11-04,-1.166730468960591,-1.166730468960591,-1.166730468960591,-1.166730468960591,-1.166730468960591,-1.166730468960591,-1.166730468960591,-1.166730468960591,-1.166730468960591,-1.166730468960591,-1.166730468960591,-1.166730468960591,-1.166730468960591,-1.166730468960591,-1.166730468960591
2002-11-05,-0.9065757384668665,-0.9065757384668665,-0.9065757384668665,-0.9065757384668665,-0.9065757384668665,-0.9065757384668665,-0.9065757384668665,-0.9065757384668665,-0.9065757384668665,-0.9065757384668665,-0.9065757384668665,-0.9065757384668665,-0.9065757384668665,-0.9065757384668665,-0.9065757384668665
2002-11-06,-0.5838410150079703,-0.5838410150079703,-0.5838410150079703,-0.5838410150079703,-0.5838410150079703,-0.5838410150079703,-0.5838410150079703,-0.5838410150079703,-0.5838410150079703,-0.5838410150079703,-0.5838410150079703,-0.5838410150079703,-0.5838410150079703,-0.5838410150079703,-0.5838410150079703
2002-11-07,-0.29455331243704974,-0.29455331243704974,-0.29455331243704974,-0.29455331243704974,-0.29455331243704974,-0.29455331243704974,-0.29455331243704974,-0.29455331243704974,-0.29455331243704974,-0.29455331243704974,-0.29455331243704974,-0.29455331243704974,-0.29455331243704974,-0.29455331243704974,-0.29455331243704974
2002-11-08,-0.07260129278281333,-0.07260129278281333,-0.07260129278281333,-0.07260129278281333,-0.07260129278281333,-0.07260129278281333,-0.07260129278281333,-0.07260129278281333,-0.07260129278281333,-0.07260129278281333,-0.07260129278281333,-0.07260129278281333,-0.07260129278281333,-0.07260129278281333,-0.07260129278281333
2002-11-09,0.06585143858124036,0.06585143858124036,0.06585143858124036,0.06585143858124036,0.06585143858124036,0.06585143858124036,0.06585143858124036,0.06585143858124036,0.06585143858124036,0.06585143858124036,0.06585143858124036,0.06585143858124036,0.06585143858124036,0.06585143858124036,0.06585143858124036
2002-11-10,0.1385795346714221,0.1385795346714221,0.1385795346714221,0.1385795346714221,0.1385795346714221,0.1385795346714221,0.1385795346714221,0.1385795346714221,0.1385795346714221,0.1385795346714221,0.1385795346714221,0.1385795346714221,0.1385795346714221,0.1385795346714221,0.1385795346714221
2002-11-11,0.20763629809731862,0.20763629809731862,0.20763629809731862,0.20763629809731862,0.20763629809731862,0.20763629809731862,0.20763629809731862,0.20763629809731862,0.20763629809731862,0.20763629809731862,0.20763629809731862,0.20763629809731862,0.20763629809731862,0.20763629809731862,0.20763629809731862
2002-11-12,0.3064453667340202,0.3064453667340202,0.3064453667340202,0.3064453667340202,0.3064453667340202,0.3064453667340202,0.3064453667340202,0.3064453667340202,0.3064453667340202,0.3064453667340202,0.3064453667340202,0.3064453667340202,0.3064453667340202,0.3064453667340202,0.3064453667340202
2002-11-13,0.49182377338195504,0.49182377338195504,0.49182377338195504,0.49182377338195504,0.49182377338195504,0.49182377338195504,0.49182377338195504,0.49182377338195504,0.49182377338195504,0.49182377338195504,0.49182377338195504,0.49182377338195504,0.49182377338195504,0.49182377338195504,0.49182377338195504
2002-11-14,0.670310691173008,0.670310691173008,0.670310691173008,0.670310691173008,0.670310691173008,0.670310691173008,0.670310691173008,0.670310691173008,0.670310691173008,0.670310691173008,0.670310691173008,0.670310691173008,0.670310691173008,0.670310691173008,0.670310691173008
2002-11-15,0.813567279895358,0.813567279895358,0.813567279895358,0.813567279895358,0.813567279895358,0.813567279895358,0.813567279895358,0.813567279895358,0.813567279895358,0.813567279895358,0.813567279895358,0.813567279895358,0.813567279895358,0.813567279895358,0.813567279895358
2002-11-16,0.8788331240688034,0.8788331240688034,0.8788331240688034,0.8788331240688034,0.8788331240688034,0.8788331240688034,0.8788331240688034,0.8788331240688034,0.8788331240688034,0.8788331240688034,0.8788331240688034,0.8788331240688034,0.8788331240688034,0.8788331240688034,0.8788331240688034
2002-11-17,0.7229088555239488,0.7229088555239488,0.7229088555239488,0.7229088555239488,0.7229088555239488,0.7229088555239488,0.7229088555239488,0.7229088555239488,0.7229088555239488,0.7229088555239488,0.7229088555239488,0.7229088555239488,0.7229088555239488,0.7229088555239488,0.7229088555239488
2002-11-18,1.1503057312560592,1.1503057312560592,1.1503057312560592,1.1503057312560592,1.1503057312560592,1.1503057312560592,1.1503057312560592,1.1503057312560592,1.1503057312560592,1.1503057312560592,1.1503057312560592,1.1503057312560592,1.1503057312560592,1.1503057312560592,1.1503057312560592
2002-11-19,1.6601378640276017,1.6601378640276017,1.6601378640276017,1.6601378640276017,1.6601378640276017,1.6601378640276017,1.6601378640276017,1.6601378640276017,1.6601378640276017,1.6601378640276017,1.6601378640276017,1.6601378640276017,1.6601378640276017,1.6601378640276017,1.6601378640276017
2002-11-20,1.809644707549262,1.809644707549262,1.809644707549262,1.809644707549262,1.809644707549262,1.809644707549262,1.809644707549262,1.809644707549262,1.809644707549262,1.809644707549262,1.809644707549262,1.809644707549262,1.809644707549262,1.809644707549262,1.809644707549262
2002-11-21,1.7905818998843916,1.7905818998843916,1.7905818998843916,1.7905818998843916,1.7905818998843916,1.7905818998843916,1.7905818998843916,1.7905818998843916,1.7905818998843916,1.7905818998843916,1.7905818998843916,1.7905818998843916,1.7905818998843916,1.7905818998843916,1.7905818998843916
2002-11-22,1.8254490884162078,1.8254490884162078,1.8254490884162078,1.8254490884162078,1.8254490884162078,1.8254490884162078,1.8254490884162078,1.8254490884162078,1.8254490884162078,1.8254490884162078,1.8254490884162078,1.8254490884162078,1.8254490884162078,1.8254490884162078,1.8254490884162078
2002-11-23,1.9412715186428176,1.9412715186428176,1.9412715186428176,1.9412715186428176,1.9412715186428176,1.9412715186428176,1.9412715186428176,1.9412715186428176,1.9412715186428176,1.9412715186428176,1.9412715186428176,1.9412715186428176,1.9412715186428176,1.9412715186428176,1.9412715186428176
2002-11-24,2.023715502722215,2.023715502722215,2.023715502722215,2.023715502722215,2.023715502722215,2.023715502722215,2.023715502722215,2.023715502722215,2.023715502722215,2.023715502722215,2.023715502722215,2.023715502722215,2.023715502722215,2.023715502722215,2.023715502722215
2002-11-25,1.9710784677660038,1.9710784677660038,1.9710784677660038,1.9710784677660038,1.9710784677660038,1.9710784677660038,1.9710784677660038,1.9710784677660038,1.9710784677660038,1.9710784677660038,1.9710784677660038,1.9710784677660038,1.9710784677660038,1.9710784677660038,1.9710784677660038
2002-11-26,1.7281358770252424,1.7281358770252424,1.7281358770252424,1.7281358770252424,1.7281358770252424,1.7281358770252424,1.7281358770252424,1.7281358770252424,1.7281358770252424,1.7281358770252424,1.7281358770252424,1.7281358770252424,1.7281358770252424,1.7281358770252424,1.7281358770252424
2002-11-27,1.550441426067187,1.550441426067187,1.550441426067187,1.550441426067187,1.550441426067187,1.550441426067187,1.550441426067187,1.550441426067187,1.550441426067187,1.550441426067187,1.550441426067187,1.550441426067187,1.550441426067187,1.550441426067187,1.550441426067187
2002-11-28,1.3088558490863362,1.3088558490863362,1.3088558490863362,1.3088558490863362,1.3088558490863362,1.3088558490863362,1.3088558490863362,1.3088558490863362,1.3088558490863362,1.3088558490863362,1.3088558490863362,1.3088558490863362,1.3088558490863362,1.3088558490863362,1.3088558490863362
2002-11-29,0.9812060321504917,0.9812060321504917,0.9812060321504917,0.9812060321504917,0.9812060321504917,0.9812060321504917,0.9812060321504917,0.9812060321504917,0.9812060321504917,0.9812060321504917,0.9812060321504917,0.9812060321504917,0.9812060321504917,0.9812060321504917,0.9812060321504917
2002-11-30,1.0160762255344506,1.0160762255344506,1.0160762255344506,1.0160762255344506,1.0160762255344506,1.0160762255344506,1.0160762255344506,1.0160762255344506,1.0160762255344506,1.0160762255344506,1.0160762255344506,1.0160762255344506,1.0160762255344506,1.0160762255344506,1.0160762255344506
2002-12-01,0.7546299633932239,0.7546299633932239,0.7546299633932239,0.7546299633932239,0.7546299633932239,0.7546299633932239,0.7546299633932239,0.7546299633932239,0.7546299633932239,0.7546299633932239,0.7546299633932239,0.7546299633932239,0.7546299633932239,0.7546299633932239,0.7546299633932239
2002-12-02,0.2015620831656804,0.2015620831656804,0.2015620831656804,0.2015620831656804,0.2015620831656804,0.2015620831656804,0.2015620831656804,0.2015620831656804,0.2015620831656804,0.2015620831656804,0.2015620831656804,0.2015620831656804,0.2015620831656804,0.2015620831656804,0.2015620831656804
2002-12-03,-0.38909390697042767,-0.38909390697042767,-0.38909390697042767,-0.38909390697042767,-0.38909390697042767,-0.38909390697042767,-0.38909390697042767,-0.38909390697042767,-0.38909390697042767,-0.38909390697042767,-0.38909390697042767,-0.38909390697042767,-0.38909390697042767,-0.38909390697042767,-0.38909390697042767
2002-12-04,-0.9064267443047167,-0.9064267443047167,-0.9064267443047167,-0.9064267443047167,-0.9064267443047167,-0.9064267443047167,-0.9064267443047167,-0.9064267443047167,-0.9064267443047167,-0.9064267443047167,-0.9064267443047167,-0.9064267443047167,-0.9064267443047167,-0.9064267443047167,-0.9064267443047167
2002-12-05,-1.3871354201301778,-1.3871354201301778,-1.3871354201301778,-1.3871354201301778,-1.3871354201301778,-1.3871354201301778,-1.3871354201301778,-1.3871354201301778,-1.3871354201301778,-1.3871354201301778,-1.3871354201301778,-1.3871354201301778,-1.3871354201301778,-1.3871354201301778,-1.3871354201301778
2002-12-06,-1.7016578272567118,-1.7016578272567118,-1.7016578272567118,-1.7016578272567118,-1.7016578272567118,-1.7016578272567118,-1.7016578272567118,-1.7016578272567118,-1.7016578272567118,-1.7016578272567118,-1.7016578272567118,-1.7016578272567118,-1.7016578272567118,-1.7016578272567118,-1.7016578272567118
2002-12-07,-1.6887421617921687,-1.6887421617921687,-1.6887421617921687,-1.6887421617921687,-1.6887421617921687,-1.6887421617921687,-1.6887421617921687,-1.6887421617921687,-1.6887421617921687,-1.6887421617921687,-1.6887421617921687,-1.6887421617921687,-1.6887421617921687,-1.6887421617921687,-1.6887421617921687
2002-12-08,-1.7996844086933312,-1.7996844086933312,-1.7996844086933312,-1.7996844086933312,-1.7996844086933312,-1.7996844086933312,-1.7996844086933312,-1.7996844086933312,-1.7996844086933312,-1.7996844086933312,-1.7996844086933312,-1.7996844086933312,-1.7996844086933312,-1.7996844086933312,-1.7996844086933312
2002-12-09,-1.595707323133797,-1.595707323133797,-1.595707323133797,-1.595707323133797,-1.595707323133797,-1.595707323133797,-1.595707323133797,-1.595707323133797,-1.595707323133797,-1.595707323133797,-1.595707323133797,-1.595707323133797,-1.595707323133797,-1.595707323133797,-1.595707323133797
2002-12-10,-1.372343165284277,-1.372343165284277,-1.372343165284277,-1.372343165284277,-1.372343165284277,-1.372343165284277,-1.372343165284277,-1.372343165284277,-1.372343165284277,-1.372343165284277,-1.372343165284277,-1.372343165284277,-1.372343165284277,-1.372343165284277,-1.372343165284277
2002-12-11,-1.2181925385242964,-1.2181925385242964,-1.2181925385242964,-1.2181925385242964,-1.2181925385242964,-1.2181925385242964,-1.2181925385242964,-1.2181925385242964,-1.2181925385242964,-1.2181925385242964,-1.2181925385242964,-1.2181925385242964,-1.2181925385242964,-1.2181925385242964,-1.2181925385242964
2002-12-12,-1.0877127260729855,-1.0877127260729855,-1.0877127260729855,-1.0877127260729855,-1.0877127260729855,-1.0877127260729855,-1.0877127260729855,-1.0877127260729855,-1.0877127260729855,-1.0877127260729855,-1.0877127260729855,-1.0877127260729855,-1.0877127260729855,-1.0877127260729855,-1.0877127260729855
2002-12-13,-1.01242122018065,-1.01242122018065,-1.01242122018065,-1.01242122018065,-1.01242122018065,-1.01242122018065,-1.01242122018065,-1.01242122018065,-1.01242122018065,-1.01242122018065,-1.01242122018065,-1.01242122018065,-1.01242122018065,-1.01242122018065,-1.01242122018065
2002-12-14,-1.3269285192219584,-1.3269285192219584,-1.3269285192219584,-1.3269285192219584,-1.3269285192219584,-1.3269285192219584,-1.3269285192219584,-1.3269285192219584,-1.3269285192219584,-1.3269285192219584,-1.3269285192219584,-1.3269285192219584,-1.3269285192219584,-1.3269285192219584,-1.3269285192219584
2002-12-15,-1.390453504707292,-1.390453504707292,-1.390453504707292,-1.390453504707292,-1.390453504707292,-1.390453504707292,-1.390453504707292,-1.390453504707292,-1.390453504707292,-1.390453504707292,-1.390453504707292,-1.390453504707292,-1.390453504707292,-1.390453504707292,-1.390453504707292
2002-12-16,-1.6618199718532145,-1.6618199718532145,-1.6618199718532145,-1.6618199718532145,-1.6618199718532145,-1.6618199718532145,-1.6618199718532145,-1.6618199718532145,-1.6618199718532145,-1.6618199718532145,-1.6618199718532145,-1.6618199718532145,-1.6618199718532145,-1.6618199718532145,-1.6618199718532145
2002-12-17,-1.8092362990983497,-1.8092362990983497,-1.8092362990983497,-1.8092362990983497,-1.8092362990983497,-1.8092362990983497,-1.8092362990983497,-1.8092362990983497,-1.8092362990983497,-1.8092362990983497,-1.8092362990983497,-1.8092362990983497,-1.8092362990983497,-1.8092362990983497,-1.8092362990983497
2002-12-18,-2.245779779288823,-2.1458449405652043,-2.1671737950229883,-2.183151511759816,-2.2452378728624467,-2.0999335404632897,-2.1508387563534725,-2.2143277229962584,-2.1393838353898897,-2.21904987495863,-2.176389038701078,-2.2036533131186005,-2.1440963282649577,-2.236682133945126,-2.2106911859397056
2002-12-19,-1.8143088318333687,-1.5465125623006057,-1.7790494312094116,-1.7467489302096337,-1.8487461879139164,-1.6089119699728975,-1.696793674129654,-1.7205853506765594,-1.6363429658695532,-1.6843534896032122,-1.7532151015547628,-1.7452580734438996,-1.7295041651337781,-1.7487428492035981,-1.8438498960556662
2002-12-20,-1.4345394347337062,-1.1841732685428779,-1.1476164788905936,-1.3083431794894425,-1.4308480551817664,-1.3940912139051473,-1.3713386459902248,-1.2320363167952872,-1.3444520571540757,-1.1402385429279287,-1.3442940910509287,-1.3543931942797236,-1.2102261197098638,-1.389746321463254,-1.1467110548287218
2002-12-21,-1.0449928279258025,-0.8123423360785933,-0.7882818762044489,-0.7805455998604973,-0.941852463167781,-1.1854024719923077,-0.8398775501239911,-0.7745990344475329,-0.7245215737588524,-0.8492895519113605,-0.9024573076656501,-0.6761947369278911,-0.7162118453273592,-0.9611367199724725,-0.7022883208920753
2002-12-22,-0.5932057597997289,-0.24941660905347474,-0.3738621000036997,-0.09694463035795392,-0.3331680703847768,-0.7001079179821331,-0.27749630884681586,-0.36252058189109393,0.015814019001172925,-0.3143392250273711,-0.5669446694750989,-0.14893846088255422,-0.24212992828678678,-0.40096894219490914,-0.08823048273319073
2002-12-23,-0.05742559282540203,0.1469015135856029,0.18551872405718592,0.5313488859188096,0.47258414303091145,-0.2608127867919296,0.5254736792870331,0.27342799492347636,0.24025055675608545,0.35244487917177447,0.03424068474816436,0.5579757868074382,0.3474119168327585,0.27575723460584534,0.28574640642936056
2002-12-24,0.030021437227393477,0.40887577235668904,0.1843710930943282,0.8300262263187969,0.678749635502736,-0.09192655189336889,0.8567592180824667,0.5224872872154399,0.2715112567273666,0.6851042295582245,0.08437876031873726,0.7105635221713821,0.6561297852161916,0.4704808143708833,0.7327617310716433
2002-12-25,0.2740000383124243,0.6938072168968767,0.31740933426570533,0.8845926222383775,0.944712043938833,0.04311755039821029,1.0702766683635243,0.6926473177534094,0.208548228155337,0.911283954170058,0.09461132205516505,0.9706107917494937,0.9700694086677625,0.5305240313322684,0.9942359465282988
2002-12-26,0.6914360185732475,0.9975157086469267,0.35530570521865784,0.9785273940128423,1.0222633844159645,0.4908216237552975,1.1804213542638382,0.7848110656926833,0.5222211134344811,0.8062175792329542,0.47899511190634586,0.8999454935585152,0.9410839825041958,0.4725126936972227,1.193277789063142
2002-12-27,1.0571123383992929,1.5054501358735195,0.7128070739425126,1.0812220458184274,0.7496661979632584,0.7577417418934932,1.3990643836251095,0.917195791291096,0.5421846967831022,1.2391811273864186,0.7426981454138736,0.8817850929899257,0.7964522385753786,0.7335027550753774,1.2844735991920777
2002-12-28,0.7816146056815476,1.550776584766414,0.6783191348774855,1.0471385348008864,0.7598221149709288,0.5350161747222785,0.9151514463285663,1.0544766930176097,0.5434983377172686,1.2251646643875993,0.8342490605150918,0.746624605475159,0.7610807990894248,0.7252073146919329,1.1652795834961707
2002-12-29,0.529952725744413,1.3384604059178167,0.9068421988265942,0.7464587329011189,0.703571072500888,0.3467887535566143,0.5030265441511192,1.1046386390651337,0.37607618740625354,1.0268184909878226,0.815977548496995,0.6473516587468496,0.8979780433691745,0.34922203745009656,0.9943745542903348
2002-12-30,0.4263816560607533,1.1877136658035745,1.103280176780694,0.6263477844587958,0.48178371793714425,0.3422372014387545,0.30366870145453495,0.9688220917099393,0.34890062541768824,0.9809761289812733,0.9755416849399248,0.8154645413181745,0.8192191934960176,0.14756916490372232,0.8613520404289247
2002-12-31,0.5347196512166321,1.0662402781262008,1.40804261910528,0.6015246332718016,0.22876347362428365,0.39542052891581336,0.1462195567946951,0.80300620544821,0.40067810278518223,0.946591963123309,0.6863831986422552,0.9174797130459493,0.7321081359672198,-0.033155609974451064,0.5803565866869195
2003-01-01,0.5878321085631032,0.752751012072579,1.6873721854943466,0.25282632808835875,0.08634360415784716,0.5656845055557027,0.3782334819999844,0.5886693611310118,0.5713238598435,0.9067493455220982,0.5437051089939443,1.1303004708742115,0.7152801297971025,-0.15866602635839214,0.5674683937055932
2003-01-02,0.856140632041259,0.7674810264774192,1.8860129688590315,0.032970665465875716,-0.09074255444268013,0.6042745265269588,1.12519137516805,0.5836499614377205,0.7027731941201005,1.0311132298618662,0.6285541588425038,1.5892050070806403,0.6323166166450482,-0.057541402589586274,0.7878627403880261
2003-01-03,1.032801916739284,0.7706180546206818,1.770251341911566,-0.0885477916451646,0.2600451693724308,0.8332955600779562,1.334006548580116,0.7223833494925123,0.7042773005122128,1.081318825294291,0.6489269876446305,1.7388593327960433,0.6662739997608773,0.4216912304356362,0.9446536754819223
2003-01-04,0.9863801958148984,0.5664163422172366,2.1092312185046076,0.1486959341746707,0.09627191250641566,0.9863216730289127,1.258041940493187,0.9047030938248324,0.7500806393506041,1.117095348252204,0.734435317590401,1.665402258956828,1.0838756514743133,0.893641336070849,1.4993717452573634
2003-01-05,0.9660029375922403,0.643041217718832,2.1916313565595864,0.40072872387299485,-0.055365792060158674,1.011733622974551,1.2917134957126275,1.0357281819384585,0.9074376628041525,1.2978258203127315,0.4514585634432123,1.7877757112905743,1.1510306877463679,1.1045235777200322,1.5581676473866624
2003-01-06,0.9298464311254014,0.6978689744653942,2.133421734931615,0.6629649789827352,-0.11732936305039932,1.1418052672261172,1.2692960532892028,0.8395049986696871,0.8053619968422948,1.681965330244166,0.15056087656952957,1.7774115813559668,1.367684156412035,1.0391573686232518,1.4041237825553936
2003-01-07,1.1340968053726268,0.6427838914337044,1.912295187579087,0.7931330422837957,0.153015039768549,1.2478231207091617,1.5340976854910926,0.7540009444245986,0.41374317573840297,1.9936522915391959,0.116856864562352,1.2730324733554987,1.6843215956718536,1.3235765316386798,1.1952593433317962
2003-01-08,1.4699296204118497,0.3497498705557747,1.8631436289570278,0.5286812562370241,0.571714827082934,1.6131536102691335,1.2880068845731723,0.6988177060755493,0.19538887666213955,1.969967420366915,-0.24163499647443817,0.9140718605672259,1.7987114666346002,1.3558601410696451,1.1387236049053804
2003-01-09,1.7107006659683188,0.08118946103759254,1.3032251952721248,0.5248078466580255,0.616161343970487,1.704034224275702,1.293706038639592,0.42334780082578305,-0.17688711665519652,2.0286965773759835,-0.12804272680480192,0.7478148213270487,1.7196075659476258,0.8917412118542359,0.7698813159401895
2003-01-10,1.8894189409919984,-0.15654043469574339,1.1085296943889704,0.383255176229798,0.624929894319847,1.8337112441289898,1.459222068608481,-0.1754319801013403,-0.28362856343470666,2.113526015550458,-0.25025933656830207,0.42434147820513224,1.4791791076993102,0.3796883145848714,0.29209782824838454
2003-01-11,1.8375159626956714,-0.14226907821478119,1.0182595206187268,0.321195078889727,0.7116127275461414,1.6912771788833776,1.479801574622491,-0.13650090929210398,-0.45794271142956106,1.9764398667276182,-0.5336911696692419,0.3170738122351948,1.0743743927608225,-0.3229639868348976,-0.17651217262373647
2003-01-12,1.6981140255136906,-0.07178257523261543,0.7839108090118382,-0.07861496759012748,0.6418605938404162,1.4265942082478689,1.548617617082491,-0.38268873400570186,-0.6982815200381108,1.6218046215794746,-0.8675323163712052,0.024034511310302556,1.0217571047085408,-0.6154394204985753,-0.10287183823918246
2003-01-13,1.3976031716106907,0.06131281171581752,0.9374008779263282,-0.5602429464191063,0.3819772985875472,1.577801744272283,1.2741229648482355,-0.5519482146860472,-0.9747588541842352,1.4342737045038916,-1.0822618696488853,-0.05543625782909261,0.998755817272733,-0.9334000016442064,0.07836559543641333
2003-01-14,1.0609916330361695,0.2890722526368234,1.1073607097157043,-0.6983400659474325,0.24576595095003176,1.4936553397577939,0.7190098550571558,-0.7084518046084688,-1.3409880532879428,1.6715965042894894,-1.0551905657804879,-0.06198333861783457,0.8403794284994756,-1.0911993882277362,0.20415999677626676
2003-01-15,0.9530504818407626,0.3765478342894013,1.4516593662366648,-0.60796332619497,0.14524904597322752,1.3103996306392247,0.5060737974131903,-0.6238857110677968,-1.2094407434232595,1.7498973776307658,-1.300105457039207,-0.5084422507401163,0.8233897177380789,-0.9150416748989442,0.31785686814044684
2003-01-16,0.7801618085297696,0.5722693295283234,1.3929272059723383,-0.6165871278405671,0.33345780510995815,1.093690713514209,0.029240985005128558,-0.5227421050444451,-0.7545767127472993,1.5339486013039336,-1.393065031873493,-0.4012955418639682,0.34408190576486664,-0.7544686564966736,0.7285464468382746
2003-01-17,0.6584951076303779,0.5831425153588675,1.5127611337820777,-0.8773163418626891,0.48177600306915386,0.43303708670854163,-0.029858048995692096,-0.6330529395616386,-0.8496070682752905,1.3460022603464517,-1.8502886012345054,-0.20106985506370653,0.5320982601237899,-0.3477293117142348,1.2966100225051866
2003-01-18,0.4851228896187015,0.7328410550899401,1.5404586716214077,-1.3281030326600067,0.24329399345073083,-0.03177524000407665,-0.14788899292185062,-0.6522613760312116,-0.9827199190903575,1.2884022888432094,-2.069800703168402,-0.07194902533142138,0.4166015176863052,-0.059915575316860765,1.6048778672055846
2003-01-19,0.028567429647582437,1.0992858961372753,1.1749758590990897,-1.3847741468626316,0.277290557200636,-0.4287016372923407,-0.20606399481902526,-0.49500189258081556,-0.7468175102478907,1.0892830099403672,-2.00008294185877,0.2063735611361134,0.4217249609202092,0.11704301189074331,1.6448733959739799
2003-01-20,-0.2163553254042546,1.1401522605749672,0.44617677598115035,-1.0794244853333854,0.05260332806506204,-0.5580901835262159,-0.32994935014559534,-0.5276764718054222,-0.22274502296311846,0.6244484891172195,-2.197058920314353,0.40566421106290246,0.3067556736848436,0.09389102149335861,1.3487904335997287
2003-01-21,-0.4957577332065147,1.3160779444116104,-0.025080210097937043,-1.116952604432997,-0.1347476128396828,-0.6427208566286533,-0.23261346117119486,-0.5165886077137732,0.17310016062951306,0.10742058543704976,-2.3535476692126864,0.24714915798189357,0.008087389921512965,0.12162773288592056,1.277985340935894
2003-01-22,-0.5489470970474611,1.3632615629971843,0.23907175883129742,-0.9504267337598944,-0.22722959278933777,-0.8362563260326613,-0.1451295825041383,-0.27485781237098106,-0.10036817102947952,-0.2556801248330394,-2.1903597261546834,0.3970460181166565,-0.05913659978357151,0.017181846082765934,1.3621809830586729
2003-01-23,-0.3177153100863989,1.2946107376980447,0.3108115429280747,-0.8209064040238808,-0.49436243394748963,-0.9852553308715034,-0.07499336619139586,-0.14878242913993808,-0.5157229921165492,-0.19042170728555186,-2.048956602326753,0.5812036886948404,0.03179977053808639,-0.4557234615010138,0.631246556967874
2003-01-24,-0.5740687444663373,1.1005973674154557,0.5728103242338618,-0.44559774728260404,-0.38502680230940856,-1.2696205243657583,0.05358733536716111,0.023156557655703004,-1.0380452264878106,0.12000871929506146,-2.0657318672743465,0.5152379560104249,-0.25754632048130893,-0.7021245905808517,0.14248696808173597
2003-01-25,-0.9879497177407395,0.9457323519048192,0.5747169049691514,-0.4153491369294592,-0.1774766991517826,-1.4549801974169911,0.6424951406179159,0.0344943890680569,-0.915356345590354,0.3576682735120832,-1.9993000510106569,0.30181013121512323,-0.47722779408203125,-0.4565327705856489,-0.4761130226092207
2003-01-26,-1.2703591733725048,1.0217595398439188,0.4900408954910158,-0.6569443841973982,-0.14130151613775832,-1.4118698751677754,0.929259090595265,0.10516617606574434,-0.8093103300124586,0.39243625315890196,-1.3974110300330274,-0.11112875360424848,-0.8115347222794362,-0.37088253604296045,-1.2032005372512524
2003-01-27,-1.1793593207892128,0.884974675502354,0.6848977098799618,-0.4587303423662086,-0.05185177610422696,-1.2694777403447575,1.2017945460840236,0.2679134258614639,-1.1029985669107787,0.12322144638789655,-1.000489783132488,-0.2645641497703092,-1.0632444180853355,-0.44827059045565076,-1.3111743088994732
2003-01-28,-0.9344995522274887,0.7558028744309364,0.7206230093125165,-0.16783894745334907,0.03181246600444255,-0.7544561061374939,1.1768627771182396,0.020568344454342486,-1.4620558782215967,-0.1476486142300601,-1.090744148958872,-0.13882319803678506,-1.1122123908792503,-0.4828956910982531,-1.1540286837569764
2003-01-29,-1.1386584021968884,0.5005168789242147,0.6766704896735555,0.23824215925675402,-0.09521046711300604,-0.4343225668403507,1.049294895618167,-0.10942857303247475,-1.4491165961859456,-0.4117371245342649,-1.2945361833936497,-0.118215701293306,-0.965802456207163,-0.554617009861459,-1.587255237800574
2003-01-30,-1.5895552053827093,0.2979429932034657,0.29576163100897795,0.8131732287918874,-0.20553383162818825,-0.2614675596063817,0.929973086349971,0.009264588370064768,-1.328973694418328,-0.7790397968055752,-1.362484700198718,-0.4468687277362681,-0.7512137649238595,-0.5562495211399676,-1.4639686331697337
2003-01-31,-1.749459283723249,-0.15370921972340776,0.29988591292787,1.2582790258832806,-0.5304593554381618,-0.3304350522166838,0.5332395908069134,0.3216802689800768,-0.8885326324809183,-1.0162409593787503,-1.1627346766869926,-0.6585188999504658,-0.6879593411476255,-0.4301820599216549,-1.177760344483143
2003-02-01,-1.6323614144981609,-0.8539772643257802,0.24203955638546484,1.7495882651991173,-0.3693257603945669,-0.2594916715626485,0.026722222835022708,0.4137463213000201,-0.8130391901831515,-0.9974880433931875,-1.0517714644471028,-0.9048297191771458,-0.9238513461785419,-0.37018532638071444,-0.7149903162586771
2003-02-02,-1.6070626555348693,-1.6688175397852414,-0.08806086425716268,2.1135241381786702,0.07906150808743158,-0.3876004280634385,-0.6141006608373837,0.3608585402087678,-0.5385553529609268,-0.7442066175479096,-1.186527666199127,-0.899440995542501,-0.7502702552146064,-0.7235391204045306,-0.40741089854597495
2003-02-03,-1.9096704645336544,-2.408013421505887,-0.2906004837100826,2.3859863436304507,0.30478309788849695,-0.2690740436872159,-0.995989681123479,0.6142449820738513,-0.281061879362609,-0.7899839478805484,-0.4846043599537088,-1.057013055837518,-0.9354989843777509,-0.8758455995785263,-0.045125112926431295
2003-02-04,-2.163795988375616,-2.8397113016502944,-0.25617413029298136,2.519158518073104,0.5930706877735036,-0.1738605736264772,-0.9036275698256666,0.9624184994021454,0.04669677421588497,-0.6460348409999795,-0.1923511284446833,-0.9593707553126705,-1.1894144527101416,-0.587733003418753,0.061186541971123415
2003-02-05,-2.033148909678137,-2.9170107294570222,0.03887136792280064,2.692595686245911,0.6852692729703203,-0.1647491916091043,-0.6019601460177939,1.5438266871078739,0.05246862779311848,-0.31718946931599085,0.1220318944804127,-0.36801328785193776,-1.3326249670203607,-0.24044883692548746,0.08530716943821683
2003-02-06,-1.7839714047425597,-3.120050098032536,-0.05088679447077941,2.97038230792262,0.8759966305140003,-0.3560420233279012,-0.29988304211542505,2.030271338784211,0.37626296103494883,-0.030251523340753397,0.18760578658518826,-0.10491821845061815,-1.1245413199757122,-0.4765677905980409,0.1294197300570271
2003-02-07,-1.5962343086048785,-2.921802809688814,-0.12736571364353338,3.2790581770211387,0.8770342594369436,-0.43662293927061835,-0.38050027133675424,2.1693110903950807,0.6633858039830266,0.3740742831442361,0.11795254874505362,-0.2855680954583909,-0.5804664778631837,-0.818182689413977,-0.07440185451709398
2003-02-08,-1.3935674505929332,-2.7246764142865167,0.05291304340697567,3.119426891220469,0.6753521266758578,-0.26267411845424143,-0.5275244357160175,1.5143423163978178,0.8979595893590847,0.4677131909545668,0.06890186261051144,-0.13945946231453732,-0.44799673257869765,-1.1354040021147525,-0.22825843855186803
2003-02-09,-0.9298060948560805,-2.210801334818029,0.18695204772239402,2.98481616477145,0.5682886917666286,-0.040419821309252875,-0.36070912094655644,0.6733372762408524,0.867067615808765,0.6739172635919767,0.024142677440175047,-0.0978094244089539,-0.2589352719746734,-1.511885811464152,-0.43092572178556526
2003-02-10,-0.1852922933537555,-1.3873623988073067,0.30741447371995,2.533494443324724,0.629844809031141,0.1820054258462017,-0.21797198896368594,0.25602487088600484,1.0453731799742703,0.5969860320851578,0.16631521275265984,-0.1186404683477393,-0.09514800425113042,-1.6439723463880878,-0.49671758410310196
2003-02-11,0.4211269488766163,-0.53894242078177,0.26880630790827886,2.194691383638957,1.180908617217575,0.35046419030637177,-0.22853924859454103,-0.20248059543937438,1.1468203734265867,0.45547491436581106,0.3662538828997421,0.08862053242873266,0.2146732298667698,-1.3027502423376474,-0.42953808153397094
2003-02-12,0.8691104780059252,0.3900900934317651,0.18086553053453125,1.7694690793902217,1.8208255516048968,0.5790270204487359,-0.14715043678767856,-0.564361226474795,1.104188031454768,0.23634833635745028,0.6242193227571781,0.33609445283023265,0.08003280610778919,-0.9220203737993279,-0.02637973238819396
2003-02-13,0.8265533995418419,0.9081934452006306,0.2095697489826026,1.2973644067008687,2.0443479136158196,0.666053648708756,-0.16010736510851922,-0.8822293623337659,1.3175742550353529,-0.0033899351616744774,0.867028754777794,0.5501439573780859,-0.16069801985999912,-0.5804013986746619,0.24700703697114368
2003-02-14,0.9179401731033118,1.4452274062303547,0.24682430228121213,1.3142656808517315,2.043119776512043,0.5710637590655994,-0.2152090567850259,-1.0669748814863418,1.6871086332404612,-0.10924326809631854,0.9049689877020122,0.6150322883523498,-0.3604766064840193,-0.24738007082456406,0.5877161663785622
2003-02-15,1.1180730056124077,1.9008946609531767,0.25340204862559973,0.971017803158352,1.692203563699611,0.6738680799629402,-0.6753221227393483,-0.5766452308306611,1.868156338145621,0.14711458360136914,0.9793176218910488,0.6573581470824456,0.043650375563344335,0.17778241236282077,1.0603614288037382
2003-02-16,1.190070997748202,1.7115879140054615,0.1912794269652005,0.8722907973018452,1.6095011640466417,0.7395827976306116,-1.0134922158421333,-0.28194681889268164,2.149954977722911,0.20133258796504042,1.174274012070378,0.9621990644398174,0.13549965994995392,0.24356794638874346,1.1326558660703903
