,1,2,3,4,5,6,7,8,9,10,11,12,13,14,15
2002-08-20,1.0571920189122235,1.0571920189122235,1.0571920189122235,1.0571920189122235,1.0571920189122235,1.0571920189122235,1.0571920189122235,1.0571920189122235,1.0571920189122235,1.0571920189122235,1.0571920189122235,1.0571920189122235,1.0571920189122235,1.0571920189122235,1.0571920189122235
2002-08-21,0.6674788153002903,0.6674788153002903,0.6674788153002903,0.6674788153002903,0.6674788153002903,0.6674788153002903,0.6674788153002903,0.6674788153002903,0.6674788153002903,0.6674788153002903,0.6674788153002903,0.6674788153002903,0.6674788153002903,0.6674788153002903,0.6674788153002903
2002-08-22,0.20668633637087652,0.20668633637087652,0.20668633637087652,0.20668633637087652,0.20668633637087652,0.20668633637087652,0.20668633637087652,0.20668633637087652,0.20668633637087652,0.20668633637087652,0.20668633637087652,0.20668633637087652,0.20668633637087652,0.20668633637087652,0.20668633637087652
2002-08-23,-0.18872802456204815,-0.18872802456204815,-0.18872802456204815,-0.18872802456204815,-0.18872802456204815,-0.18872802456204815,-0.18872802456204815,-0.18872802456204815,-0.18872802456204815,-0.18872802456204815,-0.18872802456204815,-0.18872802456204815,-0.18872802456204815,-0.18872802456204815,-0.18872802456204815
2002-08-24,-0.43453453597842906,-0.43453453597842906,-0.43453453597842906,-0.43453453597842906,-0.43453453597842906,-0.43453453597842906,-0.43453453597842906,-0.43453453597842906,-0.43453453597842906,-0.43453453597842906,-0.43453453597842906,-0.43453453597842906,-0.43453453597842906,-0.43453453597842906,-0.43453453597842906
2002-08-25,-0.5307375967599447,-0.5307375967599447,-0.5307375967599447,-0.5307375967599447,-0.5307375967599447,-0.5307375967599447,-0.5307375967599447,-0.5307375967599447,-0.5307375967599447,-0.5307375967599447,-0.5307375967599447,-0.5307375967599447,-0.5307375967599447,-0.5307375967599447,-0.5307375967599447
2002-08-26,-0.3195582401219638,-0.3195582401219638,-0.3195582401219638,-0.3195582401219638,-0.3195582401219638,-0.3195582401219638,-0.3195582401219638,-0.3195582401219638,-0.3195582401219638,-0.3195582401219638,-0.3195582401219638,-0.3195582401219638,-0.3195582401219638,-0.3195582401219638,-0.3195582401219638
2002-08-27,-0.2613262774245618,-0.2613262774245618,-0.2613262774245618,-0.2613262774245618,-0.2613262774245618,-0.2613262774245618,-0.2613262774245618,-0.2613262774245618,-0.2613262774245618,-0.2613262774245618,-0.2613262774245618,-0.2613262774245618,-0.2613262774245618,-0.2613262774245618,-0.2613262774245618
2002-08-28,-0.39085328116435125,-0.39085328116435125,-0.39085328116435125,-0.39085328116435125,-0.39085328116435125,-0.39085328116435125,-0.39085328116435125,-0.39085328116435125,-0.39085328116435125,-0.39085328116435125,-0.39085328116435125,-0.39085328116435125,-0.39085328116435125,-0.39085328116435125,-0.39085328116435125
2002-08-29,-0.24262879994404474,-0.24262879994404474,-0.24262879994404474,-0.24262879994404474,-0.24262879994404474,-0.24262879994404474,-0.24262879994404474,-0.24262879994404474,-0.24262879994404474,-0.24262879994404474,-0.24262879994404474,-0.24262879994404474,-0.24262879994404474,-0.24262879994404474,-0.24262879994404474
2002-08-30,-0.0893431675902229,-0.0893431675902229,-0.0893431675902229,-0.0893431675902229,-0.0893431675902229,-0.0893431675902229,-0.0893431675902229,-0.0893431675902229,-0.0893431675902229,-0.0893431675902229,-0.0893431675902229,-0.0893431675902229,-0.0893431675902229,-0.0893431675902229,-0.0893431675902229
2002-08-31,0.005183540042536234,0.005183540042536234,0.005183540042536234,0.005183540042536234,0.005183540042536234,0.005183540042536234,0.005183540042536234,0.005183540042536234,0.005183540042536234,0.005183540042536234,0.005183540042536234,0.005183540042536234,0.005183540042536234,0.005183540042536234,0.005183540042536234
2002-09-01,0.129239144276642,0.129239144276642,0.129239144276642,0.129239144276642,0.129239144276642,0.129239144276642,0.129239144276642,0.129239144276642,0.129239144276642,0.129239144276642,0.129239144276642,0.129239144276642,0.129239144276642,0.129239144276642,0.129239144276642
2002-09-02,0.2224875278402581,0.2224875278402581,0.2224875278402581,0.2224875278402581,0.2224875278402581,0.2224875278402581,0.2224875278402581,0.2224875278402581,0.2224875278402581,0.2224875278402581,0.2224875278402581,0.2224875278402581,0.2224875278402581,0.2224875278402581,0.2224875278402581
2002-09-03,0.1954646906722155,0.1954646906722155,0.1954646906722155,0.1954646906722155,0.1954646906722155,0.1954646906722155,0.1954646906722155,0.1954646906722155,0.1954646906722155,0.1954646906722155,0.1954646906722155,0.1954646906722155,0.1954646906722155,0.1954646906722155,0.1954646906722155
2002-09-04,0.24902809577798038,0.24902809577798038,0.24902809577798038,0.24902809577798038,0.24902809577798038,0.24902809577798038,0.24902809577798038,0.24902809577798038,0.24902809577798038,0.24902809577798038,0.24902809577798038,0.24902809577798038,0.24902809577798038,0.24902809577798038,0.24902809577798038
2002-09-05,0.17198677059570222,0.17198677059570222,0.17198677059570222,0.17198677059570222,0.17198677059570222,0.17198677059570222,0.17198677059570222,0.17198677059570222,0.17198677059570222,0.17198677059570222,0.17198677059570222,0.17198677059570222,0.17198677059570222,0.17198677059570222,0.17198677059570222
2002-09-06,0.40622819805875543,0.40622819805875543,0.40622819805875543,0.40622819805875543,0.40622819805875543,0.40622819805875543,0.40622819805875543,0.40622819805875543,0.40622819805875543,0.40622819805875543,0.40622819805875543,0.40622819805875543,0.40622819805875543,0.40622819805875543,0.40622819805875543
2002-09-07,0.5080035407342515,0.5080035407342515,0.5080035407342515,0.5080035407342515,0.5080035407342515,0.5080035407342515,0.5080035407342515,0.5080035407342515,0.5080035407342515,0.5080035407342515,0.5080035407342515,0.5080035407342515,0.5080035407342515,0.5080035407342515,0.5080035407342515
2002-09-08,0.4866270129849912,0.4866270129849912,0.4866270129849912,0.4866270129849912,0.4866270129849912,0.4866270129849912,0.4866270129849912,0.4866270129849912,0.4866270129849912,0.4866270129849912,0.4866270129849912,0.4866270129849912,0.4866270129849912,0.4866270129849912,0.4866270129849912
2002-09-09,0.48524375067138226,0.48524375067138226,0.48524375067138226,0.48524375067138226,0.48524375067138226,0.48524375067138226,0.48524375067138226,0.48524375067138226,0.48524375067138226,0.48524375067138226,0.48524375067138226,0.48524375067138226,0.48524375067138226,0.48524375067138226,0.48524375067138226
2002-09-10,0.7018931840103887,0.7018931840103887,0.7018931840103887,0.7018931840103887,0.7018931840103887,0.7018931840103887,0.7018931840103887,0.7018931840103887,0.7018931840103887,0.7018931840103887,0.7018931840103887,0.7018931840103887,0.7018931840103887,0.7018931840103887,0.7018931840103887
2002-09-11,0.8159803645768042,0.8159803645768042,0.8159803645768042,0.8159803645768042,0.8159803645768042,0.8159803645768042,0.8159803645768042,0.8159803645768042,0.8159803645768042,0.8159803645768042,0.8159803645768042,0.8159803645768042,0.8159803645768042,0.8159803645768042,0.8159803645768042
2002-09-12,0.783736137032338,0.783736137032338,0.783736137032338,0.783736137032338,0.783736137032338,0.783736137032338,0.783736137032338,0.783736137032338,0.783736137032338,0.783736137032338,0.783736137032338,0.783736137032338,0.783736137032338,0.783736137032338,0.783736137032338
2002-09-13,0.6330251701286662,0.6330251701286662,0.6330251701286662,0.6330251701286662,0.6330251701286662,0.6330251701286662,0.6330251701286662,0.6330251701286662,0.6330251701286662,0.6330251701286662,0.6330251701286662,0.6330251701286662,0.6330251701286662,0.6330251701286662,0.6330251701286662
2002-09-14,0.3385720001493436,0.3385720001493436,0.3385720001493436,0.3385720001493436,0.3385720001493436,0.3385720001493436,0.3385720001493436,0.3385720001493436,0.3385720001493436,0.3385720001493436,0.3385720001493436,0.3385720001493436,0.3385720001493436,0.3385720001493436,0.3385720001493436
2002-09-15,0.34301636499389637,0.34301636499389637,0.34301636499389637,0.34301636499389637,0.34301636499389637,0.34301636499389637,0.34301636499389637,0.34301636499389637,0.34301636499389637,0.34301636499389637,0.34301636499389637,0.34301636499389637,0.34301636499389637,0.34301636499389637,0.34301636499389637
2002-09-16,0.17537374312168766,0.17537374312168766,0.17537374312168766,0.17537374312168766,0.17537374312168766,0.17537374312168766,0.17537374312168766,0.17537374312168766,0.17537374312168766,0.17537374312168766,0.17537374312168766,0.17537374312168766,0.17537374312168766,0.17537374312168766,0.17537374312168766
2002-09-17,0.3625350159550315,0.3625350159550315,0.3625350159550315,0.3625350159550315,0.3625350159550315,0.3625350159550315,0.3625350159550315,0.3625350159550315,0.3625350159550315,0.3625350159550315,0.3625350159550315,0.3625350159550315,0.3625350159550315,0.3625350159550315,0.3625350159550315
2002-09-18,0.02135065391961659,0.02135065391961659,0.02135065391961659,0.02135065391961659,0.02135065391961659,0.02135065391961659,0.02135065391961659,0.02135065391961659,0.02135065391961659,0.02135065391961659,0.02135065391961659,0.02135065391961659,0.02135065391961659,0.02135065391961659,0.02135065391961659
2002-09-19,-0.14741098567761848,-0.14741098567761848,-0.14741098567761848,-0.14741098567761848,-0.14741098567761848,-0.14741098567761848,-0.14741098567761848,-0.14741098567761848,-0.14741098567761848,-0.14741098567761848,-0.14741098567761848,-0.14741098567761848,-0.14741098567761848,-0.14741098567761848,-0.14741098567761848
2002-09-20,-0.19422423860420707,-0.19422423860420707,-0.19422423860420707,-0.19422423860420707,-0.19422423860420707,-0.19422423860420707,-0.19422423860420707,-0.19422423860420707,-0.19422423860420707,-0.19422423860420707,-0.19422423860420707,-0.19422423860420707,-0.19422423860420707,-0.19422423860420707,-0.19422423860420707
2002-09-21,-0.27827576774866836,-0.27827576774866836,-0.27827576774866836,-0.27827576774866836,-0.27827576774866836,-0.27827576774866836,-0.27827576774866836,-0.27827576774866836,-0.27827576774866836,-0.27827576774866836,-0.27827576774866836,-0.27827576774866836,-0.27827576774866836,-0.27827576774866836,-0.27827576774866836
2002-09-22,-0.278754000109646,-0.278754000109646,-0.278754000109646,-0.278754000109646,-0.278754000109646,-0.278754000109646,-0.278754000109646,-0.278754000109646,-0.278754000109646,-0.278754000109646,-0.278754000109646,-0.278754000109646,-0.278754000109646,-0.278754000109646,-0.278754000109646
2002-09-23,-0.3145199885490264,-0.3145199885490264,-0.3145199885490264,-0.3145199885490264,-0.3145199885490264,-0.3145199885490264,-0.3145199885490264,-0.3145199885490264,-0.3145199885490264,-0.3145199885490264,-0.3145199885490264,-0.3145199885490264,-0.3145199885490264,-0.3145199885490264,-0.3145199885490264
2002-09-24,-0.2703740701336743,-0.2703740701336743,-0.2703740701336743,-0.2703740701336743,-0.2703740701336743,-0.2703740701336743,-0.2703740701336743,-0.2703740701336743,-0.2703740701336743,-0.2703740701336743,-0.2703740701336743,-0.2703740701336743,-0.2703740701336743,-0.2703740701336743,-0.2703740701336743
2002-09-25,-0.4642391396124206,-0.4642391396124206,-0.4642391396124206,-0.4642391396124206,-0.4642391396124206,-0.4642391396124206,-0.4642391396124206,-0.4642391396124206,-0.4642391396124206,-0.4642391396124206,-0.4642391396124206,-0.4642391396124206,-0.4642391396124206,-0.4642391396124206,-0.4642391396124206
2002-09-26,-0.5496045030883271,-0.5496045030883271,-0.5496045030883271,-0.5496045030883271,-0.5496045030883271,-0.5496045030883271,-0.5496045030883271,-0.5496045030883271,-0.5496045030883271,-0.5496045030883271,-0.5496045030883271,-0.5496045030883271,-0.5496045030883271,-0.5496045030883271,-0.5496045030883271
2002-09-27,-0.6174282727411496,-0.6174282727411496,-0.6174282727411496,-0.6174282727411496,-0.6174282727411496,-0.6174282727411496,-0.6174282727411496,-0.6174282727411496,-0.6174282727411496,-0.6174282727411496,-0.6174282727411496,-0.6174282727411496,-0.6174282727411496,-0.6174282727411496,-0.6174282727411496
2002-09-28,-0.43333477169608964,-0.43333477169608964,-0.43333477169608964,-0.43333477169608964,-0.43333477169608964,-0.43333477169608964,-0.43333477169608964,-0.43333477169608964,-0.43333477169608964,-0.43333477169608964,-0.43333477169608964,-0.43333477169608964,-0.43333477169608964,-0.43333477169608964,-0.43333477169608964
2002-09-29,-0.28574238173041244,-0.28574238173041244,-0.28574238173041244,-0.28574238173041244,-0.28574238173041244,-0.28574238173041244,-0.28574238173041244,-0.28574238173041244,-0.28574238173041244,-0.28574238173041244,-0.28574238173041244,-0.28574238173041244,-0.28574238173041244,-0.28574238173041244,-0.28574238173041244
2002-09-30,-0.2099088685484173,-0.2099088685484173,-0.2099088685484173,-0.2099088685484173,-0.2099088685484173,-0.2099088685484173,-0.2099088685484173,-0.2099088685484173,-0.2099088685484173,-0.2099088685484173,-0.2099088685484173,-0.2099088685484173,-0.2099088685484173,-0.2099088685484173,-0.2099088685484173
2002-10-01,-0.24294568637479713,-0.24294568637479713,-0.24294568637479713,-0.24294568637479713,-0.24294568637479713,-0.24294568637479713,-0.24294568637479713,-0.24294568637479713,-0.24294568637479713,-0.24294568637479713,-0.24294568637479713,-0.24294568637479713,-0.24294568637479713,-0.24294568637479713,-0.24294568637479713
2002-10-02,-0.4575761676570078,-0.4575761676570078,-0.4575761676570078,-0.4575761676570078,-0.4575761676570078,-0.4575761676570078,-0.4575761676570078,-0.4575761676570078,-0.4575761676570078,-0.4575761676570078,-0.4575761676570078,-0.4575761676570078,-0.4575761676570078,-0.4575761676570078,-0.4575761676570078
2002-10-03,-0.05405291772654944,-0.05405291772654944,-0.05405291772654944,-0.05405291772654944,-0.05405291772654944,-0.05405291772654944,-0.05405291772654944,-0.05405291772654944,-0.05405291772654944,-0.05405291772654944,-0.05405291772654944,-0.05405291772654944,-0.05405291772654944,-0.05405291772654944,-0.05405291772654944
2002-10-04,0.03440800833219268,0.03440800833219268,0.03440800833219268,0.03440800833219268,0.03440800833219268,0.03440800833219268,0.03440800833219268,0.03440800833219268,0.03440800833219268,0.03440800833219268,0.03440800833219268,0.03440800833219268,0.03440800833219268,0.03440800833219268,0.03440800833219268
2002-10-05,0.5719655184585465,0.5719655184585465,0.5719655184585465,0.5719655184585465,0.5719655184585465,0.5719655184585465,0.5719655184585465,0.5719655184585465,0.5719655184585465,0.5719655184585465,0.5719655184585465,0.5719655184585465,0.5719655184585465,0.5719655184585465,0.5719655184585465
2002-10-06,0.9506488938877499,0.9506488938877499,0.9506488938877499,0.9506488938877499,0.9506488938877499,0.9506488938877499,0.9506488938877499,0.9506488938877499,0.9506488938877499,0.9506488938877499,0.9506488938877499,0.9506488938877499,0.9506488938877499,0.9506488938877499,0.9506488938877499
2002-10-07,1.0994742786863467,1.0994742786863467,1.0994742786863467,1.0994742786863467,1.0994742786863467,1.0994742786863467,1.0994742786863467,1.0994742786863467,1.0994742786863467,1.0994742786863467,1.0994742786863467,1.0994742786863467,1.0994742786863467,1.0994742786863467,1.0994742786863467
2002-10-08,1.1211455071245644,1.1211455071245644,1.1211455071245644,1.1211455071245644,1.1211455071245644,1.1211455071245644,1.1211455071245644,1.1211455071245644,1.1211455071245644,1.1211455071245644,1.1211455071245644,1.1211455071245644,1.1211455071245644,1.1211455071245644,1.1211455071245644
2002-10-09,1.03320315351183,1.03320315351183,1.03320315351183,1.03320315351183,1.03320315351183,1.03320315351183,1.03320315351183,1.03320315351183,1.03320315351183,1.03320315351183,1.03320315351183,1.03320315351183,1.03320315351183,1.03320315351183,1.03320315351183
2002-10-10,0.793685751265992,0.793685751265992,0.793685751265992,0.793685751265992,0.793685751265992,0.793685751265992,0.793685751265992,0.793685751265992,0.793685751265992,0.793685751265992,0.793685751265992,0.793685751265992,0.793685751265992,0.793685751265992,0.793685751265992
2002-10-11,0.7228151202897276,0.7228151202897276,0.7228151202897276,0.7228151202897276,0.7228151202897276,0.7228151202897276,0.7228151202897276,0.7228151202897276,0.7228151202897276,0.7228151202897276,0.7228151202897276,0.7228151202897276,0.7228151202897276,0.7228151202897276,0.7228151202897276
2002-10-12,0.7744282538952378,0.7744282538952378,0.7744282538952378,0.7744282538952378,0.7744282538952378,0.7744282538952378,0.7744282538952378,0.7744282538952378,0.7744282538952378,0.7744282538952378,0.7744282538952378,0.7744282538952378,0.7744282538952378,0.7744282538952378,0.7744282538952378
2002-10-13,0.4946756548105776,0.4946756548105776,0.4946756548105776,0.4946756548105776,0.4946756548105776,0.4946756548105776,0.4946756548105776,0.4946756548105776,0.4946756548105776,0.4946756548105776,0.4946756548105776,0.4946756548105776,0.4946756548105776,0.4946756548105776,0.4946756548105776
2002-10-14,0.34538752130739747,0.34538752130739747,0.34538752130739747,0.34538752130739747,0.34538752130739747,0.34538752130739747,0.34538752130739747,0.34538752130739747,0.34538752130739747,0.34538752130739747,0.34538752130739747,0.34538752130739747,0.34538752130739747,0.34538752130739747,0.34538752130739747
2002-10-15,0.40313102429384856,0.40313102429384856,0.40313102429384856,0.40313102429384856,0.40313102429384856,0.40313102429384856,0.40313102429384856,0.40313102429384856,0.40313102429384856,0.40313102429384856,0.40313102429384856,0.40313102429384856,0.40313102429384856,0.40313102429384856,0.40313102429384856
2002-10-16,0.22668362937145692,0.22668362937145692,0.22668362937145692,0.22668362937145692,0.22668362937145692,0.22668362937145692,0.22668362937145692,0.22668362937145692,0.22668362937145692,0.22668362937145692,0.22668362937145692,0.22668362937145692,0.22668362937145692,0.22668362937145692,0.22668362937145692
2002-10-17,0.09817308999469679,0.09817308999469679,0.09817308999469679,0.09817308999469679,0.09817308999469679,0.09817308999469679,0.09817308999469679,0.09817308999469679,0.09817308999469679,0.09817308999469679,0.09817308999469679,0.09817308999469679,0.09817308999469679,0.09817308999469679,0.09817308999469679
2002-10-18,0.011101456844059786,0.011101456844059786,0.011101456844059786,0.011101456844059786,0.011101456844059786,0.011101456844059786,0.011101456844059786,0.011101456844059786,0.011101456844059786,0.011101456844059786,0.011101456844059786,0.011101456844059786,0.011101456844059786,0.011101456844059786,0.011101456844059786
2002-10-19,-0.23159618263946086,-0.23159618263946086,-0.23159618263946086,-0.23159618263946086,-0.23159618263946086,-0.23159618263946086,-0.23159618263946086,-0.23159618263946086,-0.23159618263946086,-0.23159618263946086,-0.23159618263946086,-0.23159618263946086,-0.23159618263946086,-0.23159618263946086,-0.23159618263946086
2002-10-20,-0.36570184827794944,-0.36570184827794944,-0.36570184827794944,-0.36570184827794944,-0.36570184827794944,-0.36570184827794944,-0.36570184827794944,-0.36570184827794944,-0.36570184827794944,-0.36570184827794944,-0.36570184827794944,-0.36570184827794944,-0.36570184827794944,-0.36570184827794944,-0.36570184827794944
2002-10-21,-0.5583445194283264,-0.5583445194283264,-0.5583445194283264,-0.5583445194283264,-0.5583445194283264,-0.5583445194283264,-0.5583445194283264,-0.5583445194283264,-0.5583445194283264,-0.5583445194283264,-0.5583445194283264,-0.5583445194283264,-0.5583445194283264,-0.5583445194283264,-0.5583445194283264
2002-10-22,-0.6496488831868295,-0.6496488831868295,-0.6496488831868295,-0.6496488831868295,-0.6496488831868295,-0.6496488831868295,-0.6496488831868295,-0.6496488831868295,-0.6496488831868295,-0.6496488831868295,-0.6496488831868295,-0.6496488831868295,-0.6496488831868295,-0.6496488831868295,-0.6496488831868295
2002-10-23,-0.826300491118195,-0.826300491118195,-0.826300491118195,-0.826300491118195,-0.826300491118195,-0.826300491118195,-0.826300491118195,-0.826300491118195,-0.826300491118195,-0.826300491118195,-0.826300491118195,-0.826300491118195,-0.826300491118195,-0.826300491118195,-0.826300491118195
2002-10-24,-0.8925937027284595,-0.8925937027284595,-0.8925937027284595,-0.8925937027284595,-0.8925937027284595,-0.8925937027284595,-0.8925937027284595,-0.8925937027284595,-0.8925937027284595,-0.8925937027284595,-0.8925937027284595,-0.8925937027284595,-0.8925937027284595,-0.8925937027284595,-0.8925937027284595
2002-10-25,-0.8931578821577222,-0.8931578821577222,-0.8931578821577222,-0.8931578821577222,-0.8931578821577222,-0.8931578821577222,-0.8931578821577222,-0.8931578821577222,-0.8931578821577222,-0.8931578821577222,-0.8931578821577222,-0.8931578821577222,-0.8931578821577222,-0.8931578821577222,-0.8931578821577222
2002-10-26,-1.0376651354192243,-1.0376651354192243,-1.0376651354192243,-1.0376651354192243,-1.0376651354192243,-1.0376651354192243,-1.0376651354192243,-1.0376651354192243,-1.0376651354192243,-1.0376651354192243,-1.0376651354192243,-1.0376651354192243,-1.0376651354192243,-1.0376651354192243,-1.0376651354192243
2002-10-27,-1.1008413018546523,-1.1008413018546523,-1.1008413018546523,-1.1008413018546523,-1.1008413018546523,-1.1008413018546523,-1.1008413018546523,-1.1008413018546523,-1.1008413018546523,-1.1008413018546523,-1.1008413018546523,-1.1008413018546523,-1.1008413018546523,-1.1008413018546523,-1.1008413018546523
2002-10-28,-1.281464230606957,-1.281464230606957,-1.281464230606957,-1.281464230606957,-1.281464230606957,-1.281464230606957,-1.281464230606957,-1.281464230606957,-1.281464230606957,-1.281464230606957,-1.281464230606957,-1.281464230606957,-1.281464230606957,-1.281464230606957,-1.281464230606957
2002-10-29,-1.1905562928870328,-1.1905562928870328,-1.1905562928870328,-1.1905562928870328,-1.1905562928870328,-1.1905562928870328,-1.1905562928870328,-1.1905562928870328,-1.1905562928870328,-1.1905562928870328,-1.1905562928870328,-1.1905562928870328,-1.1905562928870328,-1.1905562928870328,-1.1905562928870328
2002-10-30,-1.2168550837737246,-1.2168550837737246,-1.2168550837737246,-1.2168550837737246,-1.2168550837737246,-1.2168550837737246,-1.2168550837737246,-1.2168550837737246,-1.2168550837737246,-1.2168550837737246,-1.2168550837737246,-1.2168550837737246,-1.2168550837737246,-1.2168550837737246,-1.2168550837737246
2002-10-31,-1.0042311430179804,-1.0042311430179804,-1.0042311430179804,-1.0042311430179804,-1.0042311430179804,-1.0042311430179804,-1.0042311430179804,-1.0042311430179804,-1.0042311430179804,-1.0042311430179804,-1.0042311430179804,-1.0042311430179804,-1.0042311430179804,-1.0042311430179804,-1.0042311430179804
2002-11-01,-1.137039639530762,-1.137039639530762,-1.137039639530762,-1.137039639530762,-1.137039639530762,-1.137039639530762,-1.137039639530762,-1.137039639530762,-1.137039639530762,-1.137039639530762,-1.137039639530762,-1.137039639530762,-1.137039639530762,-1.137039639530762,-1.137039639530762
2002-11-02,-1.20442117379272,-1.20442117379272,-1.20442117379272,-1.20442117379272,-1.20442117379272,-1.20442117379272,-1.20442117379272,-1.20442117379272,-1.20442117379272,-1.20442117379272,-1.20442117379272,-1.20442117379272,-1.20442117379272,-1.20442117379272,-1.20442117379272
2002-11-03,-1.2471670772694814,-1.2471670772694814,-1.2471670772694814,-1.2471670772694814,-1.2471670772694814,-1.2471670772694814,-1.2471670772694814,-1.2471670772694814,-1.2471670772694814,-1.2471670772694814,-1.2471670772694814,-1.2471670772694814,-1.2471670772694814,-1.2471670772694814,-1.2471670772694814
2002-11-04,-1.166730468960591,-1.166730468960591,-1.166730468960591,-1.166730468960591,-1.166730468960591,-1.166730468960591,-1.166730468960591,-1.166730468960591,-1.166730468960591,-1.166730468960591,-1.166730468960591,-1.166730468960591,-1.166730468960591,-1.166730468960591,-1.166730468960591
2002-11-05,-0.9065757384668665,-0.9065757384668665,-0.9065757384668665,-0.9065757384668665,-0.9065757384668665,-0.9065757384668665,-0.9065757384668665,-0.9065757384668665,-0.9065757384668665,-0.9065757384668665,-0.9065757384668665,-0.9065757384668665,-0.9065757384668665,-0.9065757384668665,-0.9065757384668665
2002-11-06,-0.5838410150079703,-0.5838410150079703,-0.5838410150079703,-0.5838410150079703,-0.5838410150079703,-0.5838410150079703,-0.5838410150079703,-0.5838410150079703,-0.5838410150079703,-0.5838410150079703,-0.5838410150079703,-0.5838410150079703,-0.5838410150079703,-0.5838410150079703,-0.5838410150079703
2002-11-07,-0.29455331243704974,-0.29455331243704974,-0.29455331243704974,-0.29455331243704974,-0.29455331243704974,-0.29455331243704974,-0.29455331243704974,-0.29455331243704974,-0.29455331243704974,-0.29455331243704974,-0.29455331243704974,-0.29455331243704974,-0.29455331243704974,-0.29455331243704974,-0.29455331243704974
2002-11-08,-0.07260129278281333,-0.07260129278281333,-0.07260129278281333,-0.07260129278281333,-0.07260129278281333,-0.07260129278281333,-0.07260129278281333,-0.07260129278281333,-0.07260129278281333,-0.07260129278281333,-0.07260129278281333,-0.07260129278281333,-0.07260129278281333,-0.07260129278281333,-0.07260129278281333
2002-11-09,0.06585143858124036,0.06585143858124036,0.06585143858124036,0.06585143858124036,0.06585143858124036,0.06585143858124036,0.06585143858124036,0.06585143858124036,0.06585143858124036,0.06585143858124036,0.06585143858124036,0.06585143858124036,0.06585143858124036,0.06585143858124036,0.06585143858124036
2002-11-10,0.1385795346714221,0.1385795346714221,0.1385795346714221,0.1385795346714221,0.1385795346714221,0.1385795346714221,0.1385795346714221,0.1385795346714221,0.1385795346714221,0.1385795346714221,0.1385795346714221,0.1385795346714221,0.1385795346714221,0.1385795346714221,0.1385795346714221
2002-11-11,0.20763629809731862,0.20763629809731862,0.20763629809731862,0.20763629809731862,0.20763629809731862,0.20763629809731862,0.20763629809731862,0.20763629809731862,0.20763629809731862,0.20763629809731862,0.20763629809731862,0.20763629809731862,0.20763629809731862,0.20763629809731862,0.20763629809731862
2002-11-12,0.3064453667340202,0.3064453667340202,0.3064453667340202,0.3064453667340202,0.3064453667340202,0.3064453667340202,0.3064453667340202,0.3064453667340202,0.3064453667340202,0.3064453667340202,0.3064453667340202,0.3064453667340202,0.3064453667340202,0.3064453667340202,0.3064453667340202
2002-11-13,0.49182377338195504,0.49182377338195504,0.49182377338195504,0.49182377338195504,0.49182377338195504,0.49182377338195504,0.49182377338195504,0.49182377338195504,0.49182377338195504,0.49182377338195504,0.49182377338195504,0.49182377338195504,0.49182377338195504,0.49182377338195504,0.49182377338195504
2002-11-14,0.670310691173008,0.670310691173008,0.670310691173008,0.670310691173008,0.670310691173008,0.670310691173008,0.670310691173008,0.670310691173008,0.670310691173008,0.670310691173008,0.670310691173008,0.670310691173008,0.670310691173008,0.670310691173008,0.670310691173008
2002-11-15,0.813567279895358,0.813567279895358,0.813567279895358,0.813567279895358,0.813567279895358,0.813567279895358,0.813567279895358,0.813567279895358,0.813567279895358,0.813567279895358,0.813567279895358,0.813567279895358,0.813567279895358,0.813567279895358,0.813567279895358
2002-11-16,0.8788331240688034,0.8788331240688034,0.8788331240688034,0.8788331240688034,0.8788331240688034,0.8788331240688034,0.8788331240688034,0.8788331240688034,0.8788331240688034,0.8788331240688034,0.8788331240688034,0.8788331240688034,0.8788331240688034,0.8788331240688034,0.8788331240688034
2002-11-17,0.7229088555239488,0.7229088555239488,0.7229088555239488,0.7229088555239488,0.7229088555239488,0.7229088555239488,0.7229088555239488,0.7229088555239488,0.7229088555239488,0.7229088555239488,0.7229088555239488,0.7229088555239488,0.7229088555239488,0.7229088555239488,0.7229088555239488
2002-11-18,1.1503057312560592,1.1503057312560592,1.1503057312560592,1.1503057312560592,1.1503057312560592,1.1503057312560592,1.1503057312560592,1.1503057312560592,1.1503057312560592,1.1503057312560592,1.1503057312560592,1.1503057312560592,1.1503057312560592,1.1503057312560592,1.1503057312560592
2002-11-19,1.6601378640276017,1.6601378640276017,1.6601378640276017,1.6601378640276017,1.6601378640276017,1.6601378640276017,1.6601378640276017,1.6601378640276017,1.6601378640276017,1.6601378640276017,1.6601378640276017,1.6601378640276017,1.6601378640276017,1.6601378640276017,1.6601378640276017
2002-11-20,1.809644707549262,1.809644707549262,1.809644707549262,1.809644707549262,1.809644707549262,1.809644707549262,1.809644707549262,1.809644707549262,1.809644707549262,1.809644707549262,1.809644707549262,1.809644707549262,1.809644707549262,1.809644707549262,1.809644707549262
2002-11-21,1.7905818998843916,1.7905818998843916,1.7905818998843916,1.7905818998843916,1.7905818998843916,1.7905818998843916,1.7905818998843916,1.7905818998843916,1.7905818998843916,1.7905818998843916,1.7905818998843916,1.7905818998843916,1.7905818998843916,1.7905818998843916,1.7905818998843916
2002-11-22,1.8254490884162078,1.8254490884162078,1.8254490884162078,1.8254490884162078,1.8254490884162078,1.8254490884162078,1.8254490884162078,1.8254490884162078,1.8254490884162078,1.8254490884162078,1.8254490884162078,1.8254490884162078,1.8254490884162078,1.8254490884162078,1.8254490884162078
2002-11-23,1.9412715186428176,1.9412715186428176,1.9412715186428176,1.9412715186428176,1.9412715186428176,1.9412715186428176,1.9412715186428176,1.9412715186428176,1.9412715186428176,1.9412715186428176,1.9412715186428176,1.9412715186428176,1.9412715186428176,1.9412715186428176,1.9412715186428176
2002-11-24,2.023715502722215,2.023715502722215,2.023715502722215,2.023715502722215,2.023715502722215,2.023715502722215,2.023715502722215,2.023715502722215,2.023715502722215,2.023715502722215,2.023715502722215,2.023715502722215,2.023715502722215,2.023715502722215,2.023715502722215
2002-11-25,1.9710784677660038,1.9710784677660038,1.9710784677660038,1.9710784677660038,1.9710784677660038,1.9710784677660038,1.9710784677660038,1.9710784677660038,1.9710784677660038,1.9710784677660038,1.9710784677660038,1.9710784677660038,1.9710784677660038,1.9710784677660038,1.9710784677660038
2002-11-26,1.7281358770252424,1.7281358770252424,1.7281358770252424,1.7281358770252424,1.7281358770252424,1.7281358770252424,1.7281358770252424,1.7281358770252424,1.7281358770252424,1.7281358770252424,1.7281358770252424,1.7281358770252424,1.7281358770252424,1.7281358770252424,1.7281358770252424
2002-11-27,1.550441426067187,1.550441426067187,1.550441426067187,1.550441426067187,1.550441426067187,1.550441426067187,1.550441426067187,1.550441426067187,1.550441426067187,1.550441426067187,1.550441426067187,1.550441426067187,1.550441426067187,1.550441426067187,1.550441426067187
2002-11-28,1.3088558490863362,1.3088558490863362,1.3088558490863362,1.3088558490863362,1.3088558490863362,1.3088558490863362,1.3088558490863362,1.3088558490863362,1.3088558490863362,1.3088558490863362,1.3088558490863362,1.3088558490863362,1.3088558490863362,1.3088558490863362,1.3088558490863362
2002-11-29,0.9812060321504917,0.9812060321504917,0.9812060321504917,0.9812060321504917,0.9812060321504917,0.9812060321504917,0.9812060321504917,0.9812060321504917,0.9812060321504917,0.9812060321504917,0.9812060321504917,0.9812060321504917,0.9812060321504917,0.9812060321504917,0.9812060321504917
2002-11-30,1.0160762255344506,1.0160762255344506,1.0160762255344506,1.0160762255344506,1.0160762255344506,1.0160762255344506,1.0160762255344506,1.0160762255344506,1.0160762255344506,1.0160762255344506,1.0160762255344506,1.0160762255344506,1.0160762255344506,1.0160762255344506,1.0160762255344506
2002-12-01,0.7546299633932239,0.7546299633932239,0.7546299633932239,0.7546299633932239,0.7546299633932239,0.7546299633932239,0.7546299633932239,0.7546299633932239,0.7546299633932239,0.7546299633932239,0.7546299633932239,0.7546299633932239,0.7546299633932239,0.7546299633932239,0.7546299633932239
2002-12-02,0.2015620831656804,0.2015620831656804,0.2015620831656804,0.2015620831656804,0.2015620831656804,0.2015620831656804,0.2015620831656804,0.2015620831656804,0.2015620831656804,0.2015620831656804,0.2015620831656804,0.2015620831656804,0.2015620831656804,0.2015620831656804,0.2015620831656804
2002-12-03,-0.38909390697042767,-0.38909390697042767,-0.38909390697042767,-0.38909390697042767,-0.38909390697042767,-0.38909390697042767,-0.38909390697042767,-0.38909390697042767,-0.38909390697042767,-0.38909390697042767,-0.38909390697042767,-0.38909390697042767,-0.38909390697042767,-0.38909390697042767,-0.38909390697042767
2002-12-04,-0.9064267443047167,-0.9064267443047167,-0.9064267443047167,-0.9064267443047167,-0.9064267443047167,-0.9064267443047167,-0.9064267443047167,-0.9064267443047167,-0.9064267443047167,-0.9064267443047167,-0.9064267443047167,-0.9064267443047167,-0.9064267443047167,-0.9064267443047167,-0.9064267443047167
2002-12-05,-1.3871354201301778,-1.3871354201301778,-1.3871354201301778,-1.3871354201301778,-1.3871354201301778,-1.3871354201301778,-1.3871354201301778,-1.3871354201301778,-1.3871354201301778,-1.3871354201301778,-1.3871354201301778,-1.3871354201301778,-1.3871354201301778,-1.3871354201301778,-1.3871354201301778
2002-12-06,-1.7016578272567118,-1.7016578272567118,-1.7016578272567118,-1.7016578272567118,-1.7016578272567118,-1.7016578272567118,-1.7016578272567118,-1.7016578272567118,-1.7016578272567118,-1.7016578272567118,-1.7016578272567118,-1.7016578272567118,-1.7016578272567118,-1.7016578272567118,-1.7016578272567118
2002-12-07,-1.6887421617921687,-1.6887421617921687,-1.6887421617921687,-1.6887421617921687,-1.6887421617921687,-1.6887421617921687,-1.6887421617921687,-1.6887421617921687,-1.6887421617921687,-1.6887421617921687,-1.6887421617921687,-1.6887421617921687,-1.6887421617921687,-1.6887421617921687,-1.6887421617921687
2002-12-08,-1.7996844086933312,-1.7996844086933312,-1.7996844086933312,-1.7996844086933312,-1.7996844086933312,-1.7996844086933312,-1.7996844086933312,-1.7996844086933312,-1.7996844086933312,-1.7996844086933312,-1.7996844086933312,-1.7996844086933312,-1.7996844086933312,-1.7996844086933312,-1.7996844086933312
2002-12-09,-1.595707323133797,-1.595707323133797,-1.595707323133797,-1.595707323133797,-1.595707323133797,-1.595707323133797,-1.595707323133797,-1.595707323133797,-1.595707323133797,-1.595707323133797,-1.595707323133797,-1.595707323133797,-1.595707323133797,-1.595707323133797,-1.595707323133797
2002-12-10,-1.372343165284277,-1.372343165284277,-1.372343165284277,-1.372343165284277,-1.372343165284277,-1.372343165284277,-1.372343165284277,-1.372343165284277,-1.372343165284277,-1.372343165284277,-1.372343165284277,-1.372343165284277,-1.372343165284277,-1.372343165284277,-1.372343165284277
2002-12-11,-1.2181925385242964,-1.2181925385242964,-1.2181925385242964,-1.2181925385242964,-1.2181925385242964,-1.2181925385242964,-1.2181925385242964,-1.2181925385242964,-1.2181925385242964,-1.2181925385242964,-1.2181925385242964,-1.2181925385242964,-1.2181925385242964,-1.2181925385242964,-1.2181925385242964
2002-12-12,-1.0877127260729855,-1.0877127260729855,-1.0877127260729855,-1.0877127260729855,-1.0877127260729855,-1.0877127260729855,-1.0877127260729855,-1.0877127260729855,-1.0877127260729855,-1.0877127260729855,-1.0877127260729855,-1.0877127260729855,-1.0877127260729855,-1.0877127260729855,-1.0877127260729855
2002-12-13,-1.01242122018065,-1.01242122018065,-1.01242122018065,-1.01242122018065,-1.01242122018065,-1.01242122018065,-1.01242122018065,-1.01242122018065,-1.01242122018065,-1.01242122018065,-1.01242122018065,-1.01242122018065,-1.01242122018065,-1.01242122018065,-1.01242122018065
2002-12-14,-1.3269285192219584,-1.3269285192219584,-1.3269285192219584,-1.3269285192219584,-1.3269285192219584,-1.3269285192219584,-1.3269285192219584,-1.3269285192219584,-1.3269285192219584,-1.3269285192219584,-1.3269285192219584,-1.3269285192219584,-1.3269285192219584,-1.3269285192219584,-1.3269285192219584
2002-12-15,-1.390453504707292,-1.390453504707292,-1.390453504707292,-1.390453504707292,-1.390453504707292,-1.390453504707292,-1.390453504707292,-1.390453504707292,-1.390453504707292,-1.390453504707292,-1.390453504707292,-1.390453504707292,-1.390453504707292,-1.390453504707292,-1.390453504707292
2002-12-16,-1.6618199718532145,-1.6618199718532145,-1.6618199718532145,-1.6618199718532145,-1.6618199718532145,-1.6618199718532145,-1.6618199718532145,-1.6618199718532145,-1.6618199718532145,-1.6618199718532145,-1.6618199718532145,-1.6618199718532145,-1.6618199718532145,-1.6618199718532145,-1.6618199718532145
2002-12-17,-1.8092362990983497,-1.8092362990983497,-1.8092362990983497,-1.8092362990983497,-1.8092362990983497,-1.8092362990983497,-1.8092362990983497,-1.8092362990983497,-1.8092362990983497,-1.8092362990983497,-1.8092362990983497,-1.8092362990983497,-1.8092362990983497,-1.8092362990983497,-1.8092362990983497
2002-12-18,-2.020718638900689,-1.917870965604669,-1.9425484266159156,-1.942528550301721,-2.0139865694135572,-1.8695251438515255,-1.9078961113912687,-1.9978475077380662,-1.9221527050535827,-1.9906407943912698,-1.9575152963150024,-1.9747663397538449,-1.919700441704821,-1.9997462299760855,-1.9769758050800497
2002-12-19,-1.6718470701700638,-1.415387325724853,-1.649827683429063,-1.6095641460166064,-1.673367911832448,-1.4819377250328638,-1.5545915936448726,-1.5529328099208728,-1.5539477173184375,-1.4989780129434895,-1.6305531615265958,-1.6406906138570305,-1.577653500942727,-1.6245719520346062,-1.6947015634849514
2002-12-20,-1.2754568203173762,-1.0392953128951936,-1.0725209653456913,-1.0716392819060132,-1.3944630393470725,-1.2306742751504565,-1.277713081469692,-1.0940361072537694,-1.189049938682318,-1.0903522198178635,-1.1790267030417767,-1.2129131164490259,-1.1059048266400247,-1.320541944799158,-1.0213365652777093
2002-12-21,-0.9766720204955185,-0.6496724322528667,-0.7394992852190635,-0.6117824773693709,-0.9040021857846898,-1.0240403087813637,-0.772919814724661,-0.6151646709180145,-0.6930429490951399,-0.7851867525618155,-0.7377121170067525,-0.5761801932695899,-0.5500826246683945,-0.8694335852887464,-0.6457426492774554
2002-12-22,-0.45736852882157847,-0.09743218744580824,-0.2584072170867064,0.11165452707354936,-0.26353402705497075,-0.4646272464649105,-0.03439721296281306,-0.21586096316911976,0.045663107585204685,-0.24128609119828406,-0.2962424779986266,-0.10939181902591488,-0.1037544393336486,-0.304291774941119,0.015498863417209886
2002-12-23,-0.15492155717875,0.016070578847552638,0.059081982884017066,0.6990158329136096,0.20963908497864558,-0.24583020015779547,0.46697976107857037,0.0972349234807935,0.2588617760357326,0.2806578899378703,0.023148721923906494,0.47932318528160106,0.2170641464201011,0.06269109051229668,0.40033228829576273
2002-12-24,0.05858276136136619,0.1435002540503646,0.2974250486873124,0.8745940232039343,0.49315760345191445,-0.06592290226926745,0.7771081253651675,0.33582401518702026,0.2593221444243729,0.5878149894014645,0.017327650147192664,0.6073555212808006,0.45034977325053305,0.2764295216998423,0.9422091004538147
2002-12-25,0.2754810291346912,0.5072680687665403,0.3922833201510179,0.9687114621508391,0.6582764901735422,0.04938771597711449,1.035330602261369,0.7231103486280661,0.0689102245415148,0.8665226586635185,0.16366572849040356,1.1079645635166795,0.7176778518650712,0.376332803779159,1.406702724347569
2002-12-26,0.6480378216251143,0.769362679848425,0.2536348763016631,0.9734849709944341,1.0541522201826707,0.4443479137895173,1.218495153369311,0.8297699935621015,0.1512717047608211,0.9526897382316682,0.505232399755911,1.0707383035975726,0.8539683463162135,0.48241227483666815,1.5893918603355175
2002-12-27,0.8378555789249864,0.9968765942825871,0.2769623639102723,0.810989682458393,0.8054825305945107,0.4286260723815344,1.521156782099034,0.820217003428611,0.38663033217696535,1.1762233968672005,0.8608366574035189,1.0014596354468992,0.8487642384824495,0.4846465559854987,1.4129445061254742
2002-12-28,0.8420935366832064,1.1331868177465734,0.47014829807770175,0.6962424331325886,0.6243601391294307,0.37720283043511454,1.4521381344640898,0.8126412546358117,0.6857204446257824,1.1647519657251566,1.1991087440017518,0.6944585343068155,0.7055071732750726,0.16710897937737618,1.490578698114822
2002-12-29,0.9268268332814005,0.9090702104915095,0.4540779189389516,0.6112061931942812,0.8116133807054634,0.611969076481191,1.358250770759777,0.8063701014832882,0.7703147640962466,0.9753378661219421,1.3460058670543773,0.579707461578949,0.5599288546048689,-0.20423169919775927,1.5236083885829976
2002-12-30,0.697973483400947,0.8692053478077575,0.68265138685843,0.5095240504156081,0.6032979430684372,0.9314070877756807,1.0991303850186658,0.9148655021298671,0.7263498494331617,0.7291670980640785,1.4785179399151733,0.5092929820023068,0.5180761881978933,-0.4124000070338318,1.4018052388377944
2002-12-31,0.6766882478691891,0.8868366019143948,1.1708302388226677,0.29747570308920834,0.1994969618593878,0.8881719064987282,0.6552063890237065,1.1008751083374329,0.9246227580447651,0.4093096981439973,1.3383620152595153,0.35753205459752213,0.6017768796278941,-0.5839516912467949,1.2959627795530162
2003-01-01,0.8241704438790364,0.9561984207097503,1.6001393403083355,0.24818469531515772,0.06598777752544716,1.2157929764355309,0.27981965880317217,0.9691821377041666,0.8060525577877975,0.30680855641368815,1.3826017805352762,0.9996647907405616,0.6730308924008356,-0.26341845334476827,1.0703718463293297
2003-01-02,0.8438090383532492,0.961908288110596,1.7062944256503314,0.22654711862505952,-0.18481675556118668,1.148805080903894,-0.0014685544793277144,0.9901924354444259,0.7672946304787258,0.5474290859681664,1.2662932279036827,1.324051857083823,0.69318049755375,0.05476865768948142,0.9003075973866753
2003-01-03,1.096269517076748,0.8632709255539384,1.8084737233818517,0.025788370400396957,-0.15698827473862176,1.2006757183593302,0.03660452332714074,0.8520546258801941,0.6477816168106908,0.6894097094243644,1.1503052495203592,1.458172808105652,0.5886087158620399,0.23346361329951212,0.6008239516611551
2003-01-04,1.4508149897932598,0.5524978736003873,1.854945491270862,-0.30748423952955445,0.08447542534334333,1.3794671141433066,0.38456946721741375,0.9744155174571357,0.6636126601829904,0.5871786599951111,0.6914738717739403,1.5751229930795032,0.6680040441490831,0.47723705712714093,0.3255653489262054
2003-01-05,1.72246706284944,0.049983216204459356,1.9939291626583573,-0.6285056188584971,0.29676215645148085,1.2176674397635812,0.8699845289439976,0.8768323640913008,0.776086659778916,1.0313198196490667,0.5599411680240829,2.0357038230371858,0.6941615021871085,0.7064809840125816,0.03683958229897685
2003-01-06,1.8953361756686609,-0.12935961642009655,2.2899029577037133,-0.43497129888651787,0.059772287897858205,0.9345462933926759,0.7457620313150888,0.6461210141193142,0.6323479180835584,1.8135682976928575,0.577878486387917,2.0032225312706107,1.0453057006183186,0.8483482090822456,0.12507445946358148
2003-01-07,1.9935721139994902,-0.22111380299369712,2.034086312919172,-0.3556740522447839,0.14507643125503636,0.6762254857488369,0.9089006747090456,0.701400931821135,0.3208773591984124,2.0713627358528894,0.4408820745063414,1.7440017749591223,0.9698005795719764,0.9385730077794384,0.3432867723639515
2003-01-08,1.9142230269111449,-0.10807846412875796,1.6575073383167156,-0.1656437355877959,0.419841836781879,0.6534134233056935,0.9743204305737396,0.9550109784289037,-0.10209658761726118,1.973526788346033,0.343129076557787,1.5149960827245612,0.6021609027613959,0.7324276882137015,0.08059462642885644
2003-01-09,1.8288019300734863,-0.3144321124484214,1.2737669355945491,-0.3494167394256688,0.5169400081341714,0.7858903394164898,1.3939571908380448,1.015312363650915,-0.4112314056816845,1.7238333079169557,0.23542342901528018,1.5518797549916397,0.3192866484179015,0.27969629373047056,-0.373307526480227
2003-01-10,1.9976489534910875,-0.8266497365502081,0.8925876761096407,-0.51699094044471,0.4303422152736639,0.8564285284248558,1.7123623174726834,0.468774050057077,-0.45215915050934863,1.6566792120837754,-0.05633451102544655,1.779766143789969,0.05543998213537082,-0.08553919979375015,-0.5786679301547544
2003-01-11,1.7128571077257746,-0.8254885203123783,1.2280224683500824,-0.7161398580535465,0.34424955174323263,0.7177031957227834,1.7565156448361712,0.06140650826638968,-0.1700425343199827,1.4237299548644013,0.013838888545443382,1.9482073854019328,-0.15179399446216582,-0.03215489048611573,-0.49699887512763874
2003-01-12,1.237426505113361,-0.6554316807670181,1.569638959252494,-0.9602388847860858,0.21690920580434855,0.7382994130396665,1.5959940078323256,-0.6772385781517904,-0.003024375549293217,1.2256143241004516,-0.29940895941745743,1.8468416844018511,-0.32523841278958354,-0.030423272346555567,-0.7591397944997851
2003-01-13,0.9144967197441403,-0.36553005709889624,1.2761441622316878,-0.8977859894635656,0.39386308116143043,0.5328549742551028,1.1439064773266832,-0.89285193033144,0.4156666832830228,1.0171354051458088,-0.7224063768322052,2.085433403952918,-0.6260837801640283,-0.44128202985235176,-1.0962701575072582
2003-01-14,0.552136880336687,-0.027957991006906102,0.9061557459607714,-0.783352814524682,0.6498569369696123,-0.04626205468120183,1.1549068736749004,-1.0528817114351627,0.4838233396487026,1.0279387003340463,-0.7195375609702416,2.0316553532359722,-0.8129076771749733,-0.6990170664115883,-1.3126461313934894
2003-01-15,-0.002470569599019932,0.19459365246390473,0.759208519277695,-0.6974098334984209,0.8061478452852913,-0.35354345883178817,0.9496568253334949,-1.347512114331871,0.4150634392482718,1.1886196666383493,-0.8778173437899046,1.830167024689525,-0.6784255671556607,-0.6908846128561398,-1.5345066565846532
2003-01-16,-0.6245291130334353,0.43309989972414215,0.377493589498052,-0.8279881315985822,0.9626559987984545,-0.37708084126257224,0.13130204847076343,-1.8359429466134947,0.32153077514518175,1.520181139067783,-0.8506867466417426,1.6796736015178197,-0.7818953125274481,-0.4483894428382464,-1.9224630757990506
2003-01-17,-0.9349718839742213,0.5403979767023013,-0.011254975274131898,-0.9641125345038221,1.1207928855823321,-0.5192301053463149,-0.034498560528453306,-1.925005396907844,0.33988731535747324,1.6596462835652728,-0.9234425702640812,1.4564078785347154,-0.4453452154367541,-0.28809876866442535,-1.7706334667655184
2003-01-18,-1.2267906161739384,0.6093789118393224,-0.11271322134057486,-0.966698148520526,0.7547605028103546,-0.8419397434522793,0.06117729232980904,-1.6765299033163177,0.6513319415611042,1.8012065146295198,-0.7601215084693242,1.0728094256250236,-0.7065129610394568,-0.4257687207264235,-1.511087021438204
2003-01-19,-1.5579368979657888,0.3761053363250986,-0.32070167463102894,-0.5753348060759365,0.6464316645520213,-0.6566719217085522,0.1916502114315332,-1.3625992883221614,0.9531592875524024,1.8771727305647896,-0.921370027835269,0.48370042866114726,-0.9130763125628034,-0.5334058087321923,-1.070438788615497
2003-01-20,-1.767518805199697,0.20677468655674458,-0.7895045205267159,-0.04396525937767522,0.644744676188159,-0.541581979224863,0.3007118517996351,-1.5169052583855032,0.961499949725387,2.176181515691027,-1.2143926846352857,0.13767271419927066,-1.2037560473723257,-0.3545959579953862,-0.6276290362601801
2003-01-21,-1.5740202482278887,0.36134680443028777,-1.0582140011076067,-0.09244198555268053,0.5603644163504709,-0.573732939027822,0.32686851157716496,-1.4453538528669327,1.0277994877649403,2.040727990649725,-0.9920043694153314,-0.355310736724994,-1.4643324477679287,-0.04083540082993124,-0.40587121903910117
2003-01-22,-1.5313141405286796,0.7754655911074632,-1.3921748492332053,-0.42076783786542943,0.34484397208794726,-0.8675433368046422,0.25608902053792615,-1.225315585685085,1.3150483505563066,1.9913113410293968,-0.36931571969959914,-0.36457403003060146,-1.6592744054672877,0.5138141999972062,-0.0033945552357959696
2003-01-23,-1.6877159268585886,0.97584995911332,-1.1494957582006167,-0.520022821250342,0.26480946644453524,-0.696996946463754,0.6676418158899897,-0.54442581134365,1.0460140088861392,2.0750876362243695,-0.3382452613107638,-0.4415425045242929,-1.7357011801520508,0.8225658305233867,0.1726748852087836
2003-01-24,-1.7543593332495688,0.9549999387053655,-0.37703196441243486,-0.3842045527404545,-0.3840617178815762,-0.4949651756964385,0.9930190572119101,0.10210010227770001,0.6534723636179782,1.8895281919699232,0.005101035258041104,-0.832372806796765,-1.5035213119808115,0.9851694680540957,0.4806609329198874
2003-01-25,-1.7554613244613797,1.0107160739874577,-0.446950697145929,-0.18390808956592833,-0.47587572244865306,-0.3112918622447659,1.2772970851089842,0.5564755644421345,0.18761571113308328,1.3113529736691794,0.20873118829967913,-1.142099577201569,-1.2860505353513787,0.9686135043225166,0.6270033041795777
2003-01-26,-2.044734532191178,0.833344618909789,-0.085729678716114,-0.1375275459800152,-0.4444995720787276,-0.09688258882281124,0.970146262870948,0.9282579488936209,0.03223378565451502,0.604577241812139,0.4764686243144757,-1.3740678199986274,-1.1358028455730116,1.1499202475606467,1.0654750898519596
2003-01-27,-2.5342551395142574,0.38667758048223977,0.34193060969059175,0.05187355107126844,-0.3306332283082102,-0.12702750990653616,0.9443548360155369,1.1153029961306744,-0.14389672926927347,0.30049628383638227,0.43049161542071895,-1.6051350441435301,-1.164293817415009,1.0423186851177035,1.0628631192286704
2003-01-28,-2.7577226777416044,0.3616855428160956,0.8451691078715482,0.40238542281964135,-0.31062326101516086,-0.1187021497416703,0.7638262404105994,1.1992169045115244,0.07915985665022014,-0.11331536725093218,0.28803855796952765,-1.960569411440957,-0.9587134807161001,0.37324576803962156,0.981516992421709
2003-01-29,-2.8118915607466457,0.4925075827257848,1.2720694055579134,0.7356193522428147,-0.36716410189011306,0.006740006262097305,0.6013242582884308,1.1704676356220594,0.05343190858795722,-0.40177547470977665,0.5598516969120574,-2.0315992396125355,-0.6431342323153335,-0.3900003350215417,0.6222269222652795
2003-01-30,-2.7642772429866835,0.6708421181070979,1.2642647226753336,0.854216018530726,-0.3098369870534783,0.4860439122637464,0.20152008134583546,1.4274909813438414,-0.3460570220345867,-0.4971662830499703,0.6455546848401117,-1.9681255558679747,-0.2518408811850092,-0.4663852857989847,0.21070309985921395
2003-01-31,-2.5386430009913643,1.0886481903707033,1.1385843004885963,1.2155418916436473,-0.46395873894261574,0.4880713746019744,-0.4167032543705958,1.707350042271465,-0.4452150244414103,-0.44574490463493993,0.8573421274669296,-1.4928657350617316,0.2435141428244945,-0.4056012167842297,-0.0044759037505049705
2003-02-01,-2.209486678839242,1.2245595651343304,0.6796746586298966,1.4690154113480323,-0.3917310404842707,0.42155562678272385,-0.8530302827453405,1.8684708404464825,-0.9507613025033548,-0.7519751102555087,1.0190642960172431,-0.9895815188775446,0.401339099844402,-0.6612980242266118,0.05518255019229121
2003-02-02,-1.8597907997804413,1.6062370230357181,-0.18120306733717362,1.5503230268662274,-0.3092640909334182,0.6527274255876973,-1.3107906312653386,1.972199782568358,-1.2339926965480406,-1.0288847902771503,0.9295152413388251,-0.37260923699106024,0.5749165553510056,-0.8249772120146842,-0.07920671080382818
2003-02-03,-1.5638895007288676,2.05104362678337,-0.6367371304200655,1.865038126476663,0.05537623470050785,0.6127970987732299,-1.571068968651317,1.7214829728632683,-1.4567983764490564,-1.124822111732079,1.0497132953869852,-0.22951822236917824,0.9076353882733512,-0.5581121883395995,-0.26957661121587073
2003-02-04,-0.9053412989546366,2.0755710393842635,-0.8018301016411431,1.9825456081946147,0.521053309450107,0.44561730146560613,-1.497461508502083,1.507527293150601,-1.5205737640364902,-0.894324414307544,0.832616615241973,-0.3903831568855952,1.6727618279251657,-0.46085084258222214,-0.2621920738404171
2003-02-05,-0.5144868249852957,2.0487032296234537,-0.5180016880024964,2.158032320131884,0.5884133146235219,0.36302156835869953,-1.4137315336062082,1.4221678241142408,-1.92898734625296,-0.2766254926988099,0.7746437318902089,-0.2789407925392942,1.912224297598807,-0.06521896042526107,-0.18804279436153648
2003-02-06,-0.2727533690933407,1.807812609982227,-0.17747194434948152,2.0773544522446628,0.718869363028827,0.18283165813752877,-1.6851890686087938,1.2585761173824475,-2.093493347828894,0.24349606673062085,0.8243901663092356,-0.21409015243808693,1.9785677401535535,0.3581150011219713,-0.10969932568725035
2003-02-07,-0.33838764741874494,1.2955660358402887,-0.5423716629215777,2.4335927912450876,0.7074344375344712,0.16518380322771414,-1.9490589115753973,1.1698647131719597,-2.0736950488306385,0.5644632148424247,0.6919581054115049,-0.3478297783163824,1.7379537635434175,0.7108488146985178,-0.022038863810475425
2003-02-08,-0.2290147097514335,0.7954635098861484,-1.1368770470371032,2.4289707999911307,0.5577113939079774,0.15578156707513902,-1.958106620278042,0.7751129043562484,-1.766608948210941,1.0368246822179448,0.422090438837057,-0.4557903922943239,1.7757168578099392,0.9704007793009909,-0.08011208661737607
2003-02-09,-0.11527086917109368,0.44913548791237495,-1.1207566767348356,2.3320855476812867,0.39093009137283985,0.34779557940606226,-1.851128477852731,0.3600028568612952,-1.6557769516496936,1.3299134385423914,0.38823820479387483,-0.5922774008557978,1.6541095948901496,0.9889592970358677,0.16170099267937268
2003-02-10,0.07352588981283834,-0.10598700427857446,-0.9873728818264023,2.2845705606792133,0.01911810664502717,0.7455932629157098,-1.486525994637405,0.27665705069796165,-1.214703156051239,1.3802496025563782,-0.12802582686481295,-0.36911361098286943,1.15333919539379,1.1131027298419252,-0.11635438979699524
2003-02-11,0.44654574663190527,-0.367058600689404,-0.8950370576204307,2.0759423989063923,0.46903158279824614,0.5259517888475645,-1.229924360087302,0.36338121209285357,-0.6571623907833324,1.1174116867262935,-0.8467227698489066,-0.45960929941754114,0.6911038989832904,1.1976966732815484,-0.13566870686949425
2003-02-12,0.7342711353681166,0.04191213533487653,-0.46162617211190715,2.0844837050504874,0.7030654364063491,0.49763496745826513,-1.2275347542871755,0.5980118344207548,-0.22671021674712916,0.8795676348384113,-1.4910517590934746,-0.18038457436336663,0.25639257038082314,1.5256069487320685,0.07300735406695905
2003-02-13,0.8010786369223715,0.12800921012973188,-0.11190717123313282,1.7596290341911003,0.8969976473620099,0.03049065713086432,-1.426585582325482,0.8385041000450641,0.23160693642537827,0.9319226040276591,-1.4191041425774304,0.0053334477609479885,0.34253073678682316,1.3759036914546086,0.6539236548631984
2003-02-14,0.8736473785787686,-0.1975444380359583,-0.07635829307652471,1.2621673992588955,1.2572568115468525,-0.135504845833113,-1.6290944725606256,0.9776589352729944,0.5272902122643638,0.5390175332401858,-1.3665990054769275,0.025744550757430443,0.47945577505830056,1.1355257268058097,0.8296329900084825
2003-02-15,0.8324650007058771,-0.684335149629221,0.3922543049102584,0.7761933073588021,1.8619532095721354,-0.14752477894273772,-1.8743807836595914,0.9792867410222496,0.6198832285968606,0.2885194331602609,-1.1108835950149178,0.019797476479158346,1.0997452519951936,0.8139215509804018,0.8348851101075664
2003-02-16,0.8809624294372569,-1.0905350699457537,0.4890032883355561,0.8138941074217984,1.8192423762788374,-0.22559594749368486,-1.9754506391534756,0.952030325986984,0.6410755431571228,0.1423746342905929,-0.8998619463023154,-0.02832545606997983,1.0510359476105349,0.8329974618144433,0.7984211102450149
