,1,2,3,4,5,6,7,8,9,10,11,12,13,14,15
2002-08-20,1.4996037797676347,1.4996037797676347,1.4996037797676347,1.4996037797676347,1.4996037797676347,1.4996037797676347,1.4996037797676347,1.4996037797676347,1.4996037797676347,1.4996037797676347,1.4996037797676347,1.4996037797676347,1.4996037797676347,1.4996037797676347,1.4996037797676347
2002-08-21,1.17008387188406,1.17008387188406,1.17008387188406,1.17008387188406,1.17008387188406,1.17008387188406,1.17008387188406,1.17008387188406,1.17008387188406,1.17008387188406,1.17008387188406,1.17008387188406,1.17008387188406,1.17008387188406,1.17008387188406
2002-08-22,1.1703465070510053,1.1703465070510053,1.1703465070510053,1.1703465070510053,1.1703465070510053,1.1703465070510053,1.1703465070510053,1.1703465070510053,1.1703465070510053,1.1703465070510053,1.1703465070510053,1.1703465070510053,1.1703465070510053,1.1703465070510053,1.1703465070510053
2002-08-23,1.0292879858597346,1.0292879858597346,1.0292879858597346,1.0292879858597346,1.0292879858597346,1.0292879858597346,1.0292879858597346,1.0292879858597346,1.0292879858597346,1.0292879858597346,1.0292879858597346,1.0292879858597346,1.0292879858597346,1.0292879858597346,1.0292879858597346
2002-08-24,1.181712066475684,1.181712066475684,1.181712066475684,1.181712066475684,1.181712066475684,1.181712066475684,1.181712066475684,1.181712066475684,1.181712066475684,1.181712066475684,1.181712066475684,1.181712066475684,1.181712066475684,1.181712066475684,1.181712066475684
2002-08-25,1.187750524685646,1.187750524685646,1.187750524685646,1.187750524685646,1.187750524685646,1.187750524685646,1.187750524685646,1.187750524685646,1.187750524685646,1.187750524685646,1.187750524685646,1.187750524685646,1.187750524685646,1.187750524685646,1.187750524685646
2002-08-26,1.2069272275337228,1.2069272275337228,1.2069272275337228,1.2069272275337228,1.2069272275337228,1.2069272275337228,1.2069272275337228,1.2069272275337228,1.2069272275337228,1.2069272275337228,1.2069272275337228,1.2069272275337228,1.2069272275337228,1.2069272275337228,1.2069272275337228
2002-08-27,1.0676551950752802,1.0676551950752802,1.0676551950752802,1.0676551950752802,1.0676551950752802,1.0676551950752802,1.0676551950752802,1.0676551950752802,1.0676551950752802,1.0676551950752802,1.0676551950752802,1.0676551950752802,1.0676551950752802,1.0676551950752802,1.0676551950752802
2002-08-28,1.2159962834395954,1.2159962834395954,1.2159962834395954,1.2159962834395954,1.2159962834395954,1.2159962834395954,1.2159962834395954,1.2159962834395954,1.2159962834395954,1.2159962834395954,1.2159962834395954,1.2159962834395954,1.2159962834395954,1.2159962834395954,1.2159962834395954
2002-08-29,1.1831499344264542,1.1831499344264542,1.1831499344264542,1.1831499344264542,1.1831499344264542,1.1831499344264542,1.1831499344264542,1.1831499344264542,1.1831499344264542,1.1831499344264542,1.1831499344264542,1.1831499344264542,1.1831499344264542,1.1831499344264542,1.1831499344264542
2002-08-30,1.05942388539265,1.05942388539265,1.05942388539265,1.05942388539265,1.05942388539265,1.05942388539265,1.05942388539265,1.05942388539265,1.05942388539265,1.05942388539265,1.05942388539265,1.05942388539265,1.05942388539265,1.05942388539265,1.05942388539265
2002-08-31,0.8012172905233496,0.8012172905233496,0.8012172905233496,0.8012172905233496,0.8012172905233496,0.8012172905233496,0.8012172905233496,0.8012172905233496,0.8012172905233496,0.8012172905233496,0.8012172905233496,0.8012172905233496,0.8012172905233496,0.8012172905233496,0.8012172905233496
2002-09-01,0.8179799190217469,0.8179799190217469,0.8179799190217469,0.8179799190217469,0.8179799190217469,0.8179799190217469,0.8179799190217469,0.8179799190217469,0.8179799190217469,0.8179799190217469,0.8179799190217469,0.8179799190217469,0.8179799190217469,0.8179799190217469,0.8179799190217469
2002-09-02,0.9596790154621269,0.9596790154621269,0.9596790154621269,0.9596790154621269,0.9596790154621269,0.9596790154621269,0.9596790154621269,0.9596790154621269,0.9596790154621269,0.9596790154621269,0.9596790154621269,0.9596790154621269,0.9596790154621269,0.9596790154621269,0.9596790154621269
2002-09-03,1.1870887408153883,1.1870887408153883,1.1870887408153883,1.1870887408153883,1.1870887408153883,1.1870887408153883,1.1870887408153883,1.1870887408153883,1.1870887408153883,1.1870887408153883,1.1870887408153883,1.1870887408153883,1.1870887408153883,1.1870887408153883,1.1870887408153883
2002-09-04,0.9249021681755265,0.9249021681755265,0.9249021681755265,0.9249021681755265,0.9249021681755265,0.9249021681755265,0.9249021681755265,0.9249021681755265,0.9249021681755265,0.9249021681755265,0.9249021681755265,0.9249021681755265,0.9249021681755265,0.9249021681755265,0.9249021681755265
2002-09-05,0.8245317085131978,0.8245317085131978,0.8245317085131978,0.8245317085131978,0.8245317085131978,0.8245317085131978,0.8245317085131978,0.8245317085131978,0.8245317085131978,0.8245317085131978,0.8245317085131978,0.8245317085131978,0.8245317085131978,0.8245317085131978,0.8245317085131978
2002-09-06,0.6691842999264778,0.6691842999264778,0.6691842999264778,0.6691842999264778,0.6691842999264778,0.6691842999264778,0.6691842999264778,0.6691842999264778,0.6691842999264778,0.6691842999264778,0.6691842999264778,0.6691842999264778,0.6691842999264778,0.6691842999264778,0.6691842999264778
2002-09-07,0.09135237222106458,0.09135237222106458,0.09135237222106458,0.09135237222106458,0.09135237222106458,0.09135237222106458,0.09135237222106458,0.09135237222106458,0.09135237222106458,0.09135237222106458,0.09135237222106458,0.09135237222106458,0.09135237222106458,0.09135237222106458,0.09135237222106458
2002-09-08,0.18562823748822851,0.18562823748822851,0.18562823748822851,0.18562823748822851,0.18562823748822851,0.18562823748822851,0.18562823748822851,0.18562823748822851,0.18562823748822851,0.18562823748822851,0.18562823748822851,0.18562823748822851,0.18562823748822851,0.18562823748822851,0.18562823748822851
2002-09-09,0.2636193912992994,0.2636193912992994,0.2636193912992994,0.2636193912992994,0.2636193912992994,0.2636193912992994,0.2636193912992994,0.2636193912992994,0.2636193912992994,0.2636193912992994,0.2636193912992994,0.2636193912992994,0.2636193912992994,0.2636193912992994,0.2636193912992994
2002-09-10,0.2814114885589184,0.2814114885589184,0.2814114885589184,0.2814114885589184,0.2814114885589184,0.2814114885589184,0.2814114885589184,0.2814114885589184,0.2814114885589184,0.2814114885589184,0.2814114885589184,0.2814114885589184,0.2814114885589184,0.2814114885589184,0.2814114885589184
2002-09-11,0.5493926466228105,0.5493926466228105,0.5493926466228105,0.5493926466228105,0.5493926466228105,0.5493926466228105,0.5493926466228105,0.5493926466228105,0.5493926466228105,0.5493926466228105,0.5493926466228105,0.5493926466228105,0.5493926466228105,0.5493926466228105,0.5493926466228105
2002-09-12,0.465689850726591,0.465689850726591,0.465689850726591,0.465689850726591,0.465689850726591,0.465689850726591,0.465689850726591,0.465689850726591,0.465689850726591,0.465689850726591,0.465689850726591,0.465689850726591,0.465689850726591,0.465689850726591,0.465689850726591
2002-09-13,0.6594362205628075,0.6594362205628075,0.6594362205628075,0.6594362205628075,0.6594362205628075,0.6594362205628075,0.6594362205628075,0.6594362205628075,0.6594362205628075,0.6594362205628075,0.6594362205628075,0.6594362205628075,0.6594362205628075,0.6594362205628075,0.6594362205628075
2002-09-14,0.884641037303612,0.884641037303612,0.884641037303612,0.884641037303612,0.884641037303612,0.884641037303612,0.884641037303612,0.884641037303612,0.884641037303612,0.884641037303612,0.884641037303612,0.884641037303612,0.884641037303612,0.884641037303612,0.884641037303612
2002-09-15,0.7173032536501894,0.7173032536501894,0.7173032536501894,0.7173032536501894,0.7173032536501894,0.7173032536501894,0.7173032536501894,0.7173032536501894,0.7173032536501894,0.7173032536501894,0.7173032536501894,0.7173032536501894,0.7173032536501894,0.7173032536501894,0.7173032536501894
2002-09-16,0.8948700748788719,0.8948700748788719,0.8948700748788719,0.8948700748788719,0.8948700748788719,0.8948700748788719,0.8948700748788719,0.8948700748788719,0.8948700748788719,0.8948700748788719,0.8948700748788719,0.8948700748788719,0.8948700748788719,0.8948700748788719,0.8948700748788719
2002-09-17,1.2124722673879527,1.2124722673879527,1.2124722673879527,1.2124722673879527,1.2124722673879527,1.2124722673879527,1.2124722673879527,1.2124722673879527,1.2124722673879527,1.2124722673879527,1.2124722673879527,1.2124722673879527,1.2124722673879527,1.2124722673879527,1.2124722673879527
2002-09-18,1.1919049130643078,1.1919049130643078,1.1919049130643078,1.1919049130643078,1.1919049130643078,1.1919049130643078,1.1919049130643078,1.1919049130643078,1.1919049130643078,1.1919049130643078,1.1919049130643078,1.1919049130643078,1.1919049130643078,1.1919049130643078,1.1919049130643078
2002-09-19,1.0942435668922337,1.0942435668922337,1.0942435668922337,1.0942435668922337,1.0942435668922337,1.0942435668922337,1.0942435668922337,1.0942435668922337,1.0942435668922337,1.0942435668922337,1.0942435668922337,1.0942435668922337,1.0942435668922337,1.0942435668922337,1.0942435668922337
2002-09-20,0.8045097692523513,0.8045097692523513,0.8045097692523513,0.8045097692523513,0.8045097692523513,0.8045097692523513,0.8045097692523513,0.8045097692523513,0.8045097692523513,0.8045097692523513,0.8045097692523513,0.8045097692523513,0.8045097692523513,0.8045097692523513,0.8045097692523513
2002-09-21,0.4420625160294968,0.4420625160294968,0.4420625160294968,0.4420625160294968,0.4420625160294968,0.4420625160294968,0.4420625160294968,0.4420625160294968,0.4420625160294968,0.4420625160294968,0.4420625160294968,0.4420625160294968,0.4420625160294968,0.4420625160294968,0.4420625160294968
2002-09-22,-0.0050312720085541945,-0.0050312720085541945,-0.0050312720085541945,-0.0050312720085541945,-0.0050312720085541945,-0.0050312720085541945,-0.0050312720085541945,-0.0050312720085541945,-0.0050312720085541945,-0.0050312720085541945,-0.0050312720085541945,-0.0050312720085541945,-0.0050312720085541945,-0.0050312720085541945,-0.0050312720085541945
2002-09-23,-0.2910833193502952,-0.2910833193502952,-0.2910833193502952,-0.2910833193502952,-0.2910833193502952,-0.2910833193502952,-0.2910833193502952,-0.2910833193502952,-0.2910833193502952,-0.2910833193502952,-0.2910833193502952,-0.2910833193502952,-0.2910833193502952,-0.2910833193502952,-0.2910833193502952
2002-09-24,-0.3656510562111842,-0.3656510562111842,-0.3656510562111842,-0.3656510562111842,-0.3656510562111842,-0.3656510562111842,-0.3656510562111842,-0.3656510562111842,-0.3656510562111842,-0.3656510562111842,-0.3656510562111842,-0.3656510562111842,-0.3656510562111842,-0.3656510562111842,-0.3656510562111842
2002-09-25,-0.5986751584316415,-0.5986751584316415,-0.5986751584316415,-0.5986751584316415,-0.5986751584316415,-0.5986751584316415,-0.5986751584316415,-0.5986751584316415,-0.5986751584316415,-0.5986751584316415,-0.5986751584316415,-0.5986751584316415,-0.5986751584316415,-0.5986751584316415,-0.5986751584316415
2002-09-26,-0.7651407182517351,-0.7651407182517351,-0.7651407182517351,-0.7651407182517351,-0.7651407182517351,-0.7651407182517351,-0.7651407182517351,-0.7651407182517351,-0.7651407182517351,-0.7651407182517351,-0.7651407182517351,-0.7651407182517351,-0.7651407182517351,-0.7651407182517351,-0.7651407182517351
2002-09-27,-0.5176958132336801,-0.5176958132336801,-0.5176958132336801,-0.5176958132336801,-0.5176958132336801,-0.5176958132336801,-0.5176958132336801,-0.5176958132336801,-0.5176958132336801,-0.5176958132336801,-0.5176958132336801,-0.5176958132336801,-0.5176958132336801,-0.5176958132336801,-0.5176958132336801
2002-09-28,-0.5143870729873545,-0.5143870729873545,-0.5143870729873545,-0.5143870729873545,-0.5143870729873545,-0.5143870729873545,-0.5143870729873545,-0.5143870729873545,-0.5143870729873545,-0.5143870729873545,-0.5143870729873545,-0.5143870729873545,-0.5143870729873545,-0.5143870729873545,-0.5143870729873545
2002-09-29,-0.36529192494822776,-0.36529192494822776,-0.36529192494822776,-0.36529192494822776,-0.36529192494822776,-0.36529192494822776,-0.36529192494822776,-0.36529192494822776,-0.36529192494822776,-0.36529192494822776,-0.36529192494822776,-0.36529192494822776,-0.36529192494822776,-0.36529192494822776,-0.36529192494822776
2002-09-30,-0.3000545102475888,-0.3000545102475888,-0.3000545102475888,-0.3000545102475888,-0.3000545102475888,-0.3000545102475888,-0.3000545102475888,-0.3000545102475888,-0.3000545102475888,-0.3000545102475888,-0.3000545102475888,-0.3000545102475888,-0.3000545102475888,-0.3000545102475888,-0.3000545102475888
2002-10-01,-0.4633742681731347,-0.4633742681731347,-0.4633742681731347,-0.4633742681731347,-0.4633742681731347,-0.4633742681731347,-0.4633742681731347,-0.4633742681731347,-0.4633742681731347,-0.4633742681731347,-0.4633742681731347,-0.4633742681731347,-0.4633742681731347,-0.4633742681731347,-0.4633742681731347
2002-10-02,-0.5173958595125131,-0.5173958595125131,-0.5173958595125131,-0.5173958595125131,-0.5173958595125131,-0.5173958595125131,-0.5173958595125131,-0.5173958595125131,-0.5173958595125131,-0.5173958595125131,-0.5173958595125131,-0.5173958595125131,-0.5173958595125131,-0.5173958595125131,-0.5173958595125131
2002-10-03,-0.5840552130660155,-0.5840552130660155,-0.5840552130660155,-0.5840552130660155,-0.5840552130660155,-0.5840552130660155,-0.5840552130660155,-0.5840552130660155,-0.5840552130660155,-0.5840552130660155,-0.5840552130660155,-0.5840552130660155,-0.5840552130660155,-0.5840552130660155,-0.5840552130660155
2002-10-04,-0.37746237524691617,-0.37746237524691617,-0.37746237524691617,-0.37746237524691617,-0.37746237524691617,-0.37746237524691617,-0.37746237524691617,-0.37746237524691617,-0.37746237524691617,-0.37746237524691617,-0.37746237524691617,-0.37746237524691617,-0.37746237524691617,-0.37746237524691617,-0.37746237524691617
2002-10-05,-0.2111305474768522,-0.2111305474768522,-0.2111305474768522,-0.2111305474768522,-0.2111305474768522,-0.2111305474768522,-0.2111305474768522,-0.2111305474768522,-0.2111305474768522,-0.2111305474768522,-0.2111305474768522,-0.2111305474768522,-0.2111305474768522,-0.2111305474768522,-0.2111305474768522
2002-10-06,-0.07174825865071481,-0.07174825865071481,-0.07174825865071481,-0.07174825865071481,-0.07174825865071481,-0.07174825865071481,-0.07174825865071481,-0.07174825865071481,-0.07174825865071481,-0.07174825865071481,-0.07174825865071481,-0.07174825865071481,-0.07174825865071481,-0.07174825865071481,-0.07174825865071481
2002-10-07,0.25590773444923337,0.25590773444923337,0.25590773444923337,0.25590773444923337,0.25590773444923337,0.25590773444923337,0.25590773444923337,0.25590773444923337,0.25590773444923337,0.25590773444923337,0.25590773444923337,0.25590773444923337,0.25590773444923337,0.25590773444923337,0.25590773444923337
2002-10-08,0.3625590070849606,0.3625590070849606,0.3625590070849606,0.3625590070849606,0.3625590070849606,0.3625590070849606,0.3625590070849606,0.3625590070849606,0.3625590070849606,0.3625590070849606,0.3625590070849606,0.3625590070849606,0.3625590070849606,0.3625590070849606,0.3625590070849606
2002-10-09,0.25670771839808004,0.25670771839808004,0.25670771839808004,0.25670771839808004,0.25670771839808004,0.25670771839808004,0.25670771839808004,0.25670771839808004,0.25670771839808004,0.25670771839808004,0.25670771839808004,0.25670771839808004,0.25670771839808004,0.25670771839808004,0.25670771839808004
2002-10-10,0.3960162083502828,0.3960162083502828,0.3960162083502828,0.3960162083502828,0.3960162083502828,0.3960162083502828,0.3960162083502828,0.3960162083502828,0.3960162083502828,0.3960162083502828,0.3960162083502828,0.3960162083502828,0.3960162083502828,0.3960162083502828,0.3960162083502828
2002-10-11,0.4938309525537244,0.4938309525537244,0.4938309525537244,0.4938309525537244,0.4938309525537244,0.4938309525537244,0.4938309525537244,0.4938309525537244,0.4938309525537244,0.4938309525537244,0.4938309525537244,0.4938309525537244,0.4938309525537244,0.4938309525537244,0.4938309525537244
2002-10-12,0.42348114472598547,0.42348114472598547,0.42348114472598547,0.42348114472598547,0.42348114472598547,0.42348114472598547,0.42348114472598547,0.42348114472598547,0.42348114472598547,0.42348114472598547,0.42348114472598547,0.42348114472598547,0.42348114472598547,0.42348114472598547,0.42348114472598547
2002-10-13,0.33169314475367345,0.33169314475367345,0.33169314475367345,0.33169314475367345,0.33169314475367345,0.33169314475367345,0.33169314475367345,0.33169314475367345,0.33169314475367345,0.33169314475367345,0.33169314475367345,0.33169314475367345,0.33169314475367345,0.33169314475367345,0.33169314475367345
2002-10-14,0.319252667271254,0.319252667271254,0.319252667271254,0.319252667271254,0.319252667271254,0.319252667271254,0.319252667271254,0.319252667271254,0.319252667271254,0.319252667271254,0.319252667271254,0.319252667271254,0.319252667271254,0.319252667271254,0.319252667271254
2002-10-15,0.6236563636416566,0.6236563636416566,0.6236563636416566,0.6236563636416566,0.6236563636416566,0.6236563636416566,0.6236563636416566,0.6236563636416566,0.6236563636416566,0.6236563636416566,0.6236563636416566,0.6236563636416566,0.6236563636416566,0.6236563636416566,0.6236563636416566
2002-10-16,0.5968870886740838,0.5968870886740838,0.5968870886740838,0.5968870886740838,0.5968870886740838,0.5968870886740838,0.5968870886740838,0.5968870886740838,0.5968870886740838,0.5968870886740838,0.5968870886740838,0.5968870886740838,0.5968870886740838,0.5968870886740838,0.5968870886740838
2002-10-17,0.6725386490713816,0.6725386490713816,0.6725386490713816,0.6725386490713816,0.6725386490713816,0.6725386490713816,0.6725386490713816,0.6725386490713816,0.6725386490713816,0.6725386490713816,0.6725386490713816,0.6725386490713816,0.6725386490713816,0.6725386490713816,0.6725386490713816
2002-10-18,0.5216211359435605,0.5216211359435605,0.5216211359435605,0.5216211359435605,0.5216211359435605,0.5216211359435605,0.5216211359435605,0.5216211359435605,0.5216211359435605,0.5216211359435605,0.5216211359435605,0.5216211359435605,0.5216211359435605,0.5216211359435605,0.5216211359435605
2002-10-19,0.46359818680389847,0.46359818680389847,0.46359818680389847,0.46359818680389847,0.46359818680389847,0.46359818680389847,0.46359818680389847,0.46359818680389847,0.46359818680389847,0.46359818680389847,0.46359818680389847,0.46359818680389847,0.46359818680389847,0.46359818680389847,0.46359818680389847
2002-10-20,0.3998529605414836,0.3998529605414836,0.3998529605414836,0.3998529605414836,0.3998529605414836,0.3998529605414836,0.3998529605414836,0.3998529605414836,0.3998529605414836,0.3998529605414836,0.3998529605414836,0.3998529605414836,0.3998529605414836,0.3998529605414836,0.3998529605414836
2002-10-21,0.6069249665832213,0.6069249665832213,0.6069249665832213,0.6069249665832213,0.6069249665832213,0.6069249665832213,0.6069249665832213,0.6069249665832213,0.6069249665832213,0.6069249665832213,0.6069249665832213,0.6069249665832213,0.6069249665832213,0.6069249665832213,0.6069249665832213
2002-10-22,0.5954769144968508,0.5954769144968508,0.5954769144968508,0.5954769144968508,0.5954769144968508,0.5954769144968508,0.5954769144968508,0.5954769144968508,0.5954769144968508,0.5954769144968508,0.5954769144968508,0.5954769144968508,0.5954769144968508,0.5954769144968508,0.5954769144968508
2002-10-23,0.650249866587812,0.650249866587812,0.650249866587812,0.650249866587812,0.650249866587812,0.650249866587812,0.650249866587812,0.650249866587812,0.650249866587812,0.650249866587812,0.650249866587812,0.650249866587812,0.650249866587812,0.650249866587812,0.650249866587812
2002-10-24,0.3589909152692163,0.3589909152692163,0.3589909152692163,0.3589909152692163,0.3589909152692163,0.3589909152692163,0.3589909152692163,0.3589909152692163,0.3589909152692163,0.3589909152692163,0.3589909152692163,0.3589909152692163,0.3589909152692163,0.3589909152692163,0.3589909152692163
2002-10-25,0.07520748437603995,0.07520748437603995,0.07520748437603995,0.07520748437603995,0.07520748437603995,0.07520748437603995,0.07520748437603995,0.07520748437603995,0.07520748437603995,0.07520748437603995,0.07520748437603995,0.07520748437603995,0.07520748437603995,0.07520748437603995,0.07520748437603995
2002-10-26,-0.10380602123388212,-0.10380602123388212,-0.10380602123388212,-0.10380602123388212,-0.10380602123388212,-0.10380602123388212,-0.10380602123388212,-0.10380602123388212,-0.10380602123388212,-0.10380602123388212,-0.10380602123388212,-0.10380602123388212,-0.10380602123388212,-0.10380602123388212,-0.10380602123388212
2002-10-27,-0.23901433134044894,-0.23901433134044894,-0.23901433134044894,-0.23901433134044894,-0.23901433134044894,-0.23901433134044894,-0.23901433134044894,-0.23901433134044894,-0.23901433134044894,-0.23901433134044894,-0.23901433134044894,-0.23901433134044894,-0.23901433134044894,-0.23901433134044894,-0.23901433134044894
2002-10-28,-0.4119436620400514,-0.4119436620400514,-0.4119436620400514,-0.4119436620400514,-0.4119436620400514,-0.4119436620400514,-0.4119436620400514,-0.4119436620400514,-0.4119436620400514,-0.4119436620400514,-0.4119436620400514,-0.4119436620400514,-0.4119436620400514,-0.4119436620400514,-0.4119436620400514
2002-10-29,-0.7058286501822663,-0.7058286501822663,-0.7058286501822663,-0.7058286501822663,-0.7058286501822663,-0.7058286501822663,-0.7058286501822663,-0.7058286501822663,-0.7058286501822663,-0.7058286501822663,-0.7058286501822663,-0.7058286501822663,-0.7058286501822663,-0.7058286501822663,-0.7058286501822663
2002-10-30,-0.8916589433789877,-0.8916589433789877,-0.8916589433789877,-0.8916589433789877,-0.8916589433789877,-0.8916589433789877,-0.8916589433789877,-0.8916589433789877,-0.8916589433789877,-0.8916589433789877,-0.8916589433789877,-0.8916589433789877,-0.8916589433789877,-0.8916589433789877,-0.8916589433789877
2002-10-31,-0.8564045955420765,-0.8564045955420765,-0.8564045955420765,-0.8564045955420765,-0.8564045955420765,-0.8564045955420765,-0.8564045955420765,-0.8564045955420765,-0.8564045955420765,-0.8564045955420765,-0.8564045955420765,-0.8564045955420765,-0.8564045955420765,-0.8564045955420765,-0.8564045955420765
2002-11-01,-0.8045905892182005,-0.8045905892182005,-0.8045905892182005,-0.8045905892182005,-0.8045905892182005,-0.8045905892182005,-0.8045905892182005,-0.8045905892182005,-0.8045905892182005,-0.8045905892182005,-0.8045905892182005,-0.8045905892182005,-0.8045905892182005,-0.8045905892182005,-0.8045905892182005
2002-11-02,-1.0022059221330761,-1.0022059221330761,-1.0022059221330761,-1.0022059221330761,-1.0022059221330761,-1.0022059221330761,-1.0022059221330761,-1.0022059221330761,-1.0022059221330761,-1.0022059221330761,-1.0022059221330761,-1.0022059221330761,-1.0022059221330761,-1.0022059221330761,-1.0022059221330761
2002-11-03,-1.0744739192227983,-1.0744739192227983,-1.0744739192227983,-1.0744739192227983,-1.0744739192227983,-1.0744739192227983,-1.0744739192227983,-1.0744739192227983,-1.0744739192227983,-1.0744739192227983,-1.0744739192227983,-1.0744739192227983,-1.0744739192227983,-1.0744739192227983,-1.0744739192227983
2002-11-04,-1.4665929233959587,-1.4665929233959587,-1.4665929233959587,-1.4665929233959587,-1.4665929233959587,-1.4665929233959587,-1.4665929233959587,-1.4665929233959587,-1.4665929233959587,-1.4665929233959587,-1.4665929233959587,-1.4665929233959587,-1.4665929233959587,-1.4665929233959587,-1.4665929233959587
2002-11-05,-1.7517902163192232,-1.7517902163192232,-1.7517902163192232,-1.7517902163192232,-1.7517902163192232,-1.7517902163192232,-1.7517902163192232,-1.7517902163192232,-1.7517902163192232,-1.7517902163192232,-1.7517902163192232,-1.7517902163192232,-1.7517902163192232,-1.7517902163192232,-1.7517902163192232
2002-11-06,-1.889750658351798,-1.889750658351798,-1.889750658351798,-1.889750658351798,-1.889750658351798,-1.889750658351798,-1.889750658351798,-1.889750658351798,-1.889750658351798,-1.889750658351798,-1.889750658351798,-1.889750658351798,-1.889750658351798,-1.889750658351798,-1.889750658351798
2002-11-07,-1.8307753016320256,-1.8307753016320256,-1.8307753016320256,-1.8307753016320256,-1.8307753016320256,-1.8307753016320256,-1.8307753016320256,-1.8307753016320256,-1.8307753016320256,-1.8307753016320256,-1.8307753016320256,-1.8307753016320256,-1.8307753016320256,-1.8307753016320256,-1.8307753016320256
2002-11-08,-1.7612140871420066,-1.7612140871420066,-1.7612140871420066,-1.7612140871420066,-1.7612140871420066,-1.7612140871420066,-1.7612140871420066,-1.7612140871420066,-1.7612140871420066,-1.7612140871420066,-1.7612140871420066,-1.7612140871420066,-1.7612140871420066,-1.7612140871420066,-1.7612140871420066
2002-11-09,-2.1258439516280188,-2.1258439516280188,-2.1258439516280188,-2.1258439516280188,-2.1258439516280188,-2.1258439516280188,-2.1258439516280188,-2.1258439516280188,-2.1258439516280188,-2.1258439516280188,-2.1258439516280188,-2.1258439516280188,-2.1258439516280188,-2.1258439516280188,-2.1258439516280188
2002-11-10,-2.049788237883431,-2.049788237883431,-2.049788237883431,-2.049788237883431,-2.049788237883431,-2.049788237883431,-2.049788237883431,-2.049788237883431,-2.049788237883431,-2.049788237883431,-2.049788237883431,-2.049788237883431,-2.049788237883431,-2.049788237883431,-2.049788237883431
2002-11-11,-1.931168113008652,-1.931168113008652,-1.931168113008652,-1.931168113008652,-1.931168113008652,-1.931168113008652,-1.931168113008652,-1.931168113008652,-1.931168113008652,-1.931168113008652,-1.931168113008652,-1.931168113008652,-1.931168113008652,-1.931168113008652,-1.931168113008652
2002-11-12,-2.2059570356744254,-2.2059570356744254,-2.2059570356744254,-2.2059570356744254,-2.2059570356744254,-2.2059570356744254,-2.2059570356744254,-2.2059570356744254,-2.2059570356744254,-2.2059570356744254,-2.2059570356744254,-2.2059570356744254,-2.2059570356744254,-2.2059570356744254,-2.2059570356744254
2002-11-13,-2.433768290091872,-2.433768290091872,-2.433768290091872,-2.433768290091872,-2.433768290091872,-2.433768290091872,-2.433768290091872,-2.433768290091872,-2.433768290091872,-2.433768290091872,-2.433768290091872,-2.433768290091872,-2.433768290091872,-2.433768290091872,-2.433768290091872
2002-11-14,-2.289848833918684,-2.289848833918684,-2.289848833918684,-2.289848833918684,-2.289848833918684,-2.289848833918684,-2.289848833918684,-2.289848833918684,-2.289848833918684,-2.289848833918684,-2.289848833918684,-2.289848833918684,-2.289848833918684,-2.289848833918684,-2.289848833918684
2002-11-15,-2.219773867690938,-2.219773867690938,-2.219773867690938,-2.219773867690938,-2.219773867690938,-2.219773867690938,-2.219773867690938,-2.219773867690938,-2.219773867690938,-2.219773867690938,-2.219773867690938,-2.219773867690938,-2.219773867690938,-2.219773867690938,-2.219773867690938
2002-11-16,-2.2774118756758797,-2.2774118756758797,-2.2774118756758797,-2.2774118756758797,-2.2774118756758797,-2.2774118756758797,-2.2774118756758797,-2.2774118756758797,-2.2774118756758797,-2.2774118756758797,-2.2774118756758797,-2.2774118756758797,-2.2774118756758797,-2.2774118756758797,-2.2774118756758797
2002-11-17,-2.205809458189018,-2.205809458189018,-2.205809458189018,-2.205809458189018,-2.205809458189018,-2.205809458189018,-2.205809458189018,-2.205809458189018,-2.205809458189018,-2.205809458189018,-2.205809458189018,-2.205809458189018,-2.205809458189018,-2.205809458189018,-2.205809458189018
2002-11-18,-2.263079545925563,-2.263079545925563,-2.263079545925563,-2.263079545925563,-2.263079545925563,-2.263079545925563,-2.263079545925563,-2.263079545925563,-2.263079545925563,-2.263079545925563,-2.263079545925563,-2.263079545925563,-2.263079545925563,-2.263079545925563,-2.263079545925563
2002-11-19,-2.0494745355224686,-2.0494745355224686,-2.0494745355224686,-2.0494745355224686,-2.0494745355224686,-2.0494745355224686,-2.0494745355224686,-2.0494745355224686,-2.0494745355224686,-2.0494745355224686,-2.0494745355224686,-2.0494745355224686,-2.0494745355224686,-2.0494745355224686,-2.0494745355224686
2002-11-20,-1.5798417834451888,-1.5798417834451888,-1.5798417834451888,-1.5798417834451888,-1.5798417834451888,-1.5798417834451888,-1.5798417834451888,-1.5798417834451888,-1.5798417834451888,-1.5798417834451888,-1.5798417834451888,-1.5798417834451888,-1.5798417834451888,-1.5798417834451888,-1.5798417834451888
2002-11-21,-1.3748742810353525,-1.3748742810353525,-1.3748742810353525,-1.3748742810353525,-1.3748742810353525,-1.3748742810353525,-1.3748742810353525,-1.3748742810353525,-1.3748742810353525,-1.3748742810353525,-1.3748742810353525,-1.3748742810353525,-1.3748742810353525,-1.3748742810353525,-1.3748742810353525
2002-11-22,-0.9840003044994917,-0.9840003044994917,-0.9840003044994917,-0.9840003044994917,-0.9840003044994917,-0.9840003044994917,-0.9840003044994917,-0.9840003044994917,-0.9840003044994917,-0.9840003044994917,-0.9840003044994917,-0.9840003044994917,-0.9840003044994917,-0.9840003044994917,-0.9840003044994917
2002-11-23,-0.6113308581702617,-0.6113308581702617,-0.6113308581702617,-0.6113308581702617,-0.6113308581702617,-0.6113308581702617,-0.6113308581702617,-0.6113308581702617,-0.6113308581702617,-0.6113308581702617,-0.6113308581702617,-0.6113308581702617,-0.6113308581702617,-0.6113308581702617,-0.6113308581702617
2002-11-24,-0.09734557458803451,-0.09734557458803451,-0.09734557458803451,-0.09734557458803451,-0.09734557458803451,-0.09734557458803451,-0.09734557458803451,-0.09734557458803451,-0.09734557458803451,-0.09734557458803451,-0.09734557458803451,-0.09734557458803451,-0.09734557458803451,-0.09734557458803451,-0.09734557458803451
2002-11-25,0.5303253664450802,0.5303253664450802,0.5303253664450802,0.5303253664450802,0.5303253664450802,0.5303253664450802,0.5303253664450802,0.5303253664450802,0.5303253664450802,0.5303253664450802,0.5303253664450802,0.5303253664450802,0.5303253664450802,0.5303253664450802,0.5303253664450802
2002-11-26,0.6878037756244497,0.6878037756244497,0.6878037756244497,0.6878037756244497,0.6878037756244497,0.6878037756244497,0.6878037756244497,0.6878037756244497,0.6878037756244497,0.6878037756244497,0.6878037756244497,0.6878037756244497,0.6878037756244497,0.6878037756244497,0.6878037756244497
2002-11-27,1.009450794587378,1.009450794587378,1.009450794587378,1.009450794587378,1.009450794587378,1.009450794587378,1.009450794587378,1.009450794587378,1.009450794587378,1.009450794587378,1.009450794587378,1.009450794587378,1.009450794587378,1.009450794587378,1.009450794587378
2002-11-28,1.368105032937866,1.368105032937866,1.368105032937866,1.368105032937866,1.368105032937866,1.368105032937866,1.368105032937866,1.368105032937866,1.368105032937866,1.368105032937866,1.368105032937866,1.368105032937866,1.368105032937866,1.368105032937866,1.368105032937866
2002-11-29,1.7316437583721662,1.7316437583721662,1.7316437583721662,1.7316437583721662,1.7316437583721662,1.7316437583721662,1.7316437583721662,1.7316437583721662,1.7316437583721662,1.7316437583721662,1.7316437583721662,1.7316437583721662,1.7316437583721662,1.7316437583721662,1.7316437583721662
2002-11-30,1.8424730496912143,1.8424730496912143,1.8424730496912143,1.8424730496912143,1.8424730496912143,1.8424730496912143,1.8424730496912143,1.8424730496912143,1.8424730496912143,1.8424730496912143,1.8424730496912143,1.8424730496912143,1.8424730496912143,1.8424730496912143,1.8424730496912143
2002-12-01,1.6992114295054237,1.6992114295054237,1.6992114295054237,1.6992114295054237,1.6992114295054237,1.6992114295054237,1.6992114295054237,1.6992114295054237,1.6992114295054237,1.6992114295054237,1.6992114295054237,1.6992114295054237,1.6992114295054237,1.6992114295054237,1.6992114295054237
2002-12-02,1.6720462962055735,1.6720462962055735,1.6720462962055735,1.6720462962055735,1.6720462962055735,1.6720462962055735,1.6720462962055735,1.6720462962055735,1.6720462962055735,1.6720462962055735,1.6720462962055735,1.6720462962055735,1.6720462962055735,1.6720462962055735,1.6720462962055735
2002-12-03,1.5917011669844916,1.5917011669844916,1.5917011669844916,1.5917011669844916,1.5917011669844916,1.5917011669844916,1.5917011669844916,1.5917011669844916,1.5917011669844916,1.5917011669844916,1.5917011669844916,1.5917011669844916,1.5917011669844916,1.5917011669844916,1.5917011669844916
2002-12-04,1.3102170807666136,1.3102170807666136,1.3102170807666136,1.3102170807666136,1.3102170807666136,1.3102170807666136,1.3102170807666136,1.3102170807666136,1.3102170807666136,1.3102170807666136,1.3102170807666136,1.3102170807666136,1.3102170807666136,1.3102170807666136,1.3102170807666136
2002-12-05,1.1510630783936995,1.1510630783936995,1.1510630783936995,1.1510630783936995,1.1510630783936995,1.1510630783936995,1.1510630783936995,1.1510630783936995,1.1510630783936995,1.1510630783936995,1.1510630783936995,1.1510630783936995,1.1510630783936995,1.1510630783936995,1.1510630783936995
2002-12-06,1.0038529890504904,1.0038529890504904,1.0038529890504904,1.0038529890504904,1.0038529890504904,1.0038529890504904,1.0038529890504904,1.0038529890504904,1.0038529890504904,1.0038529890504904,1.0038529890504904,1.0038529890504904,1.0038529890504904,1.0038529890504904,1.0038529890504904
2002-12-07,0.7501103518198423,0.7501103518198423,0.7501103518198423,0.7501103518198423,0.7501103518198423,0.7501103518198423,0.7501103518198423,0.7501103518198423,0.7501103518198423,0.7501103518198423,0.7501103518198423,0.7501103518198423,0.7501103518198423,0.7501103518198423,0.7501103518198423
2002-12-08,0.4469250543478376,0.4469250543478376,0.4469250543478376,0.4469250543478376,0.4469250543478376,0.4469250543478376,0.4469250543478376,0.4469250543478376,0.4469250543478376,0.4469250543478376,0.4469250543478376,0.4469250543478376,0.4469250543478376,0.4469250543478376,0.4469250543478376
2002-12-09,0.10860574030444976,0.10860574030444976,0.10860574030444976,0.10860574030444976,0.10860574030444976,0.10860574030444976,0.10860574030444976,0.10860574030444976,0.10860574030444976,0.10860574030444976,0.10860574030444976,0.10860574030444976,0.10860574030444976,0.10860574030444976,0.10860574030444976
2002-12-10,-0.23133870030259068,-0.23133870030259068,-0.23133870030259068,-0.23133870030259068,-0.23133870030259068,-0.23133870030259068,-0.23133870030259068,-0.23133870030259068,-0.23133870030259068,-0.23133870030259068,-0.23133870030259068,-0.23133870030259068,-0.23133870030259068,-0.23133870030259068,-0.23133870030259068
2002-12-11,-0.3616992917173533,-0.3616992917173533,-0.3616992917173533,-0.3616992917173533,-0.3616992917173533,-0.3616992917173533,-0.3616992917173533,-0.3616992917173533,-0.3616992917173533,-0.3616992917173533,-0.3616992917173533,-0.3616992917173533,-0.3616992917173533,-0.3616992917173533,-0.3616992917173533
2002-12-12,-0.5041757670550792,-0.5041757670550792,-0.5041757670550792,-0.5041757670550792,-0.5041757670550792,-0.5041757670550792,-0.5041757670550792,-0.5041757670550792,-0.5041757670550792,-0.5041757670550792,-0.5041757670550792,-0.5041757670550792,-0.5041757670550792,-0.5041757670550792,-0.5041757670550792
2002-12-13,-0.6392336458963345,-0.6392336458963345,-0.6392336458963345,-0.6392336458963345,-0.6392336458963345,-0.6392336458963345,-0.6392336458963345,-0.6392336458963345,-0.6392336458963345,-0.6392336458963345,-0.6392336458963345,-0.6392336458963345,-0.6392336458963345,-0.6392336458963345,-0.6392336458963345
2002-12-14,-0.844557237678679,-0.844557237678679,-0.844557237678679,-0.844557237678679,-0.844557237678679,-0.844557237678679,-0.844557237678679,-0.844557237678679,-0.844557237678679,-0.844557237678679,-0.844557237678679,-0.844557237678679,-0.844557237678679,-0.844557237678679,-0.844557237678679
2002-12-15,-1.05452337666533,-1.05452337666533,-1.05452337666533,-1.05452337666533,-1.05452337666533,-1.05452337666533,-1.05452337666533,-1.05452337666533,-1.05452337666533,-1.05452337666533,-1.05452337666533,-1.05452337666533,-1.05452337666533,-1.05452337666533,-1.05452337666533
2002-12-16,-1.129974329389134,-1.129974329389134,-1.129974329389134,-1.129974329389134,-1.129974329389134,-1.129974329389134,-1.129974329389134,-1.129974329389134,-1.129974329389134,-1.129974329389134,-1.129974329389134,-1.129974329389134,-1.129974329389134,-1.129974329389134,-1.129974329389134
2002-12-17,-1.7068378037010592,-1.7068378037010592,-1.7068378037010592,-1.7068378037010592,-1.7068378037010592,-1.7068378037010592,-1.7068378037010592,-1.7068378037010592,-1.7068378037010592,-1.7068378037010592,-1.7068378037010592,-1.7068378037010592,-1.7068378037010592,-1.7068378037010592,-1.7068378037010592
2002-12-18,-2.1435842148945494,-2.1755971066407005,-2.1662929739243943,-2.0996659515283564,-2.0601112879422434,-2.1802765714625405,-2.1688011758068306,-2.055079556392697,-2.101772084916401,-2.1946786120950765,-2.164262452031268,-2.085059986375621,-2.1657719630133663,-2.109337830068878,-2.11234586425345
2002-12-19,-2.0613449638717833,-1.9913162571538554,-2.206353844822194,-1.8733744146009799,-1.9962028289676792,-2.1209904098854286,-1.8753262857543298,-2.093994207546631,-1.8787754869340862,-2.2828405657770743,-1.9162793564979463,-2.043965296390991,-2.133676350134596,-1.979945978759561,-2.127562899418541
2002-12-20,-2.3694382015495927,-2.1862039749514905,-2.653012803313151,-2.0808963356538928,-2.353035803034201,-2.398939598214431,-2.209982725854289,-2.2832076943675212,-2.080096019301551,-2.6971956211830523,-2.113686820873125,-2.552589590814061,-2.401355987489435,-2.270948496219717,-2.4335478144815106
2002-12-21,-2.5001085491537935,-2.0383592255048,-2.50800602287487,-2.126277544631892,-2.568375464783041,-2.453009754356074,-2.3190839379288057,-2.2273489932849713,-2.292805791556759,-2.737337698410452,-2.060156612290976,-2.4180102870148232,-2.54074254799213,-2.4470388345776715,-2.3206041160344855
2002-12-22,-2.4708685455448722,-1.8157035651522822,-2.5102853363952318,-2.1442043656218224,-2.517311822339532,-2.466898427403364,-2.133756283390261,-2.239843334320716,-2.0622187011582316,-2.732467906910957,-1.8932826430772247,-2.318745709985674,-2.5947537873354976,-2.3701680571063948,-2.245612354604216
2002-12-23,-2.545983999002286,-1.8343927077285223,-2.5214158496917,-2.109762224927955,-2.414183638317694,-2.757533257500498,-2.039126128403211,-2.1320513911919385,-1.8914582978214431,-2.780089993914139,-1.811093557277764,-2.0740502611987592,-2.5913470271287395,-2.0479777581848015,-2.4445623616366534
2002-12-24,-2.58654198619643,-1.7493393184795916,-2.5659676852306967,-1.9591099376026286,-2.354437661142858,-3.01855011316295,-1.9104139525381156,-2.239010907120572,-1.7561442509583678,-2.8358928378441006,-2.005753142019024,-1.9469931386773298,-2.493865931329452,-1.80377329341089,-2.5725416758929986
2002-12-25,-2.331047957041555,-1.1442027435440454,-2.3337019203965297,-1.4212968801407473,-1.8984691900898234,-2.6958920659738888,-1.4869558870658859,-1.973960090785763,-1.6070492710223119,-2.35976142070054,-1.9828187827837291,-1.3324223740125138,-2.2819782451282196,-1.6419096583176676,-2.2012880600836344
2002-12-26,-1.9792068978001065,-0.7412978112853525,-2.3652528205478314,-0.9456995258002625,-1.6983109965488257,-2.243693597880051,-0.9066340256371609,-1.7080005146864865,-1.2028211139612528,-1.9784957879988516,-1.8289648566053622,-0.9147076037005243,-1.8595245914587517,-1.1893172871795534,-1.8357215427817974
2002-12-27,-1.6859179357406924,-0.597588178873876,-2.423974594601662,-0.7089097485301283,-1.472387817200027,-2.3105830113675334,-0.668790629210271,-1.6366322261257078,-1.1352101187901815,-1.8072851181728637,-1.5620229362856501,-0.809352550910983,-1.433427863575393,-1.1264583955995449,-1.5867055796046792
2002-12-28,-1.5916634684114626,-0.5014638548704144,-2.5106171626845675,-0.5853335641774156,-1.2366977288396233,-2.37180922108618,-0.5796019035732755,-1.152389612955258,-0.9930081904519014,-1.5693734546732063,-1.6312559433084952,-0.6225603044744656,-1.192231153497276,-1.1349221281648918,-1.3325059213157011
2002-12-29,-1.6966317699314981,-0.2836987815089267,-2.6547221426787866,-0.47917175814816354,-1.0284250029317865,-2.1933442214282652,-0.1951775798256565,-0.6909483131070615,-0.8917604737332532,-1.4939846485057922,-1.5459223167161937,-0.44248660921376404,-1.1479402202385063,-1.0463085762840538,-1.1066560353581207
2002-12-30,-1.628696637366334,-0.48766766891006746,-2.870434020644919,-0.19142000992575595,-0.8798298492215277,-1.6918556005124394,-0.0591480465682291,-0.11569067333374547,-0.7795725737685669,-1.1091675925345081,-1.2227363605817452,-0.5094679972527534,-1.1718794345360326,-1.0466368134574657,-0.7586004122811243
2002-12-31,-1.413229137706024,-0.16471180001082783,-2.574335255586832,0.014450208048594145,-0.7898105933054265,-1.3037816031185052,-0.25257761812100193,0.3414169628521151,-0.7946540011213965,-0.7559386068709372,-0.8260281663385362,-0.6627226164604814,-1.10353633195286,-0.7329104510383895,-0.636834989686388
2003-01-01,-1.4529631493119126,0.026830326423898335,-2.657382319317944,0.00617745491788931,-0.6647671162650884,-0.8222231676423896,-0.49281659123897603,0.3868112950737613,-0.8443273795183331,-0.8022088093395998,-0.619886975200537,-0.7215665249418233,-0.8641334537498134,-0.9550735340015051,-0.3989359836047574
2003-01-02,-1.2479890503675601,0.04121598601821914,-2.4402308535211485,-0.05029985919953846,-0.6239500860639031,-0.6319333875982208,-0.6360624510951924,0.5839159859030297,-0.8272371163098593,-1.2037479574100385,-0.4201367904593386,-0.9492919929411434,-0.884439792111457,-0.8722867963652765,-0.13341297169858987
2003-01-03,-0.9722734195800136,0.045932385943155796,-2.207380563867978,0.014440870241839597,-0.5804317997157781,-0.25032534133791307,-0.43008604874152545,0.6962571412985825,-0.5757803918163825,-0.8779476825185806,-0.17092201985581051,-0.8869286056142993,-0.8493300370722455,-0.8518537383186515,0.16568279291530488
2003-01-04,-0.6269665279933291,0.10320732795244102,-1.831844542505055,0.13483761177118575,-0.8435226118582472,-0.10101261344724133,-0.14760812181591018,1.0257107322371317,-0.574298440111172,-0.6136766268845997,0.3594172426663639,-0.7402111457602452,-0.56680890949618,-0.7959071264352943,0.4642779504395206
2003-01-05,-0.28136590227942787,0.18878981082242197,-1.6698716068922321,0.21179579944872667,-0.6585338292222918,0.15815800030338104,-0.2149086212648859,1.2501667114196848,-0.6032913805169567,-0.6453898111709939,0.638742101943601,-0.34377148501497706,-0.2165709720851887,-0.8926396464268241,0.4649380636863377
2003-01-06,0.1882479713840351,-0.022487084350906877,-1.0683155711374364,0.39742303844003896,-0.3127834904084436,0.49298112924847026,-0.39312113245748564,1.493650964103486,-0.42939822872305844,-0.7487458293660515,0.9883234866471984,0.02385961436156321,0.33622422731702595,-0.5344631874456104,0.5927340349355684
2003-01-07,0.6766153410225398,0.05728182447085287,-0.6343318599907439,0.5405506962213618,-0.3266277030675009,0.7143496710953815,-0.1794396381282156,1.7715379574221233,-0.13119790354291302,-1.07026658028161,1.0243370399338787,0.4863275997728465,0.8029163267334065,-0.06329265767737159,0.7562789790672346
2003-01-08,0.9850294968664512,0.023679131156275887,-0.14523046392430106,0.8475032426456532,-0.39365602604516076,0.7303628053954206,0.37497146661409797,2.01872923160121,-0.2109344190510898,-0.8494389987426751,1.245580610528492,0.6744579152699699,0.7760574463227803,0.14562658549072524,1.0630344627190038
2003-01-09,1.3272986791129586,0.32725388918872705,0.30008836236949965,1.0646867857681195,-0.32059816210891173,0.8272956974914814,0.3683557567058362,1.9141620008400577,-0.03789534515526125,-0.5030402480152916,1.1828480792774292,0.5539867109667815,0.9044640988005683,0.5639004667204627,1.4325430280025708
2003-01-10,1.729958024761587,0.490980524869365,0.39666350850672366,1.0385133484239315,-0.4055692404403516,0.9177645790947488,0.27960732408460365,2.1307922180635317,-0.45170366584497246,-0.2827654830132999,1.2936900463853471,0.5317812647751897,1.0259231710502368,1.1347454318918178,1.7407232974214668
2003-01-11,2.0820099355492827,0.31994092918450734,0.5848638220699115,0.8211578974751693,-0.4384092188561063,0.7861759458877214,0.38660482253773115,1.6010337172695566,-0.7788542291764701,-0.12349525448349563,1.3531160245699048,0.7468169143715595,0.9721746945248485,1.1640714427354155,1.701649572142401
2003-01-12,2.4358695044036573,-0.1563783971617194,1.0039670321623295,0.6788606886930352,-0.4274326058408799,0.9488103128637827,0.7131194859665207,1.5926392712978423,-0.7795653209291197,0.13305466383792788,1.5493409815921606,1.4196490278845268,0.7843112768316391,1.3168595982518032,1.5742353986086697
2003-01-13,2.803706462361725,-0.5721139044894646,1.3885044691944577,0.4438407428677088,-0.4363413499923714,1.1505001315287133,0.9589881216577839,1.5221454262318177,-0.6052698279262967,0.38005695989632315,1.8238574640695175,1.7905867568921918,0.5991254169909892,1.3387790581018484,1.594643628832568
2003-01-14,2.899830373089988,-0.7804913437316922,1.2764309717689044,-0.11239687123651768,-0.3649414151981647,1.4549199775488495,0.7693727356078932,1.441922109710859,-0.40875636246304875,0.47520492539485787,1.7205465252396839,2.0535723373526342,0.3481242235753357,1.2847443776488712,1.1282799078716144
2003-01-15,2.8978481649254433,-0.8017069919087816,1.46190145444238,-0.379509899683136,-0.2847704063027559,1.422457759317539,0.764392792916487,1.6644850260857063,-0.22045821842360844,0.6051903063525336,1.4156455184032106,2.332553608690412,0.27119438688793324,1.08097959716881,0.7517438876885195
2003-01-16,2.9508693419014125,-0.7344524504673238,1.7581233950861643,-0.801254186852772,-0.1665097022662733,1.0941222366398538,1.019588350271274,1.819800237771104,0.09625441429788181,0.7136458115377329,1.285842036466358,2.6847706107046774,0.3812521340261295,0.9311332634163771,0.43602956299183854
2003-01-17,2.9613182971742833,-0.46061887054303186,1.862104322256838,-1.1202650981538658,0.33993347346707387,0.6054479699167182,1.2978875471323275,1.9436572714564089,0.3264585433520745,0.977764262033995,1.1754133832499274,3.0171195015605465,0.6215162534659023,0.7533683265244778,0.17864397758877296
2003-01-18,2.7508303959004277,-0.253625704488145,2.1201993537024095,-0.9297740538085894,0.622498049249531,0.856045132149781,1.3497929385433673,1.560652419731827,0.49465639839548203,1.1469478732169156,0.9708194898850045,2.782386031251869,0.6133345606452651,0.6608732546570494,0.24946712947452407
2003-01-19,2.4743378120527786,-0.19607054752557523,2.131052827937431,-0.6602522439911662,0.5684262276498989,0.7852974807713333,1.4529264622055302,1.120800651310071,0.6499223272397002,1.0978249953180925,1.1881032350010006,2.98127311329266,0.8208778764530419,1.1293379335009912,0.3747595993078969
2003-01-20,2.0367052275959776,-0.171669681278177,1.7224733811110642,-0.5725064637961538,0.8385290360809855,0.6991600805610937,1.4276407831456053,0.6367008070365193,0.8231909424279759,1.0828346507851807,1.0722856009259099,3.059977673754381,1.0172997052924138,1.3394306526965438,0.36820726446663316
2003-01-21,1.8260412798578072,-0.4766614575640271,1.241135444241716,-0.5529507614683957,1.299877139806963,0.5704767073706077,1.3437865572332854,0.13962866850921024,1.1051344655104947,1.0132182603953288,0.9891344497209773,2.9863008108418883,1.096723133217235,0.9366219436791305,0.0675827035425143
2003-01-22,1.6955077150965432,-0.8267096736797463,1.0011954820686784,-0.7499534283984495,1.2431541408182776,0.5538036705237468,1.167130157683954,-0.33572740606067764,1.4146594806302022,0.8040152793929107,0.8556469553611604,2.870649643632794,1.0841659736185245,0.450366297999954,-0.48617994931022174
2003-01-23,1.371107729024114,-1.0800451324640794,0.6831386199860586,-0.7435907271875064,1.0489629103451654,0.1985559887904453,1.0933214877322546,-0.6887466732751377,1.6742364066578002,0.8945011205248952,0.7259823396083898,2.7551685150278944,0.5957986824393926,0.2599700580267964,-0.44623135539588
2003-01-24,1.365235926959117,-0.9618181695004748,0.6789607467363443,-0.5371330469579696,0.9300140708111957,0.5352979181133157,1.1163657067364192,-0.9440856746236905,1.8396111844446204,1.071181852711767,0.5067944433991011,2.938899287228729,0.7036777631075505,0.5606855497962403,-0.14476310449834578
2003-01-25,1.2313515547880285,-0.8907727739581642,0.9494012986980993,-0.43533653596504046,1.1561594728976614,0.7866336282154687,1.1372975149225106,-0.9552049144299524,1.9192136435666016,1.1657103948609162,0.528240775189302,2.9331935137204477,0.6759426230171219,0.8792570185918338,-0.13490715438766038
2003-01-26,0.661128076910796,-1.2970166421884144,1.1418993710525134,-0.22056438730965233,1.2157192966972357,0.7061711279466573,1.300152200969411,-0.7246904865340298,2.0781550328353666,1.105733727691965,0.4121495442518738,2.952230039405716,0.1273914988439532,1.0129780335559229,-0.0016250217182074826
2003-01-27,0.2248982697031563,-1.2001364382372706,1.1573831262630068,-0.2884205957871546,0.9684232657155321,0.35442679388830617,1.3618209815806719,-0.5795415500066016,2.112853793428697,0.8951909765517062,0.3381107001554901,3.045825003455787,-0.427786661077723,1.1795063898122038,0.13998354423919707
2003-01-28,0.20593345311420183,-1.20647963105646,1.3231953276193222,-0.5983865462373676,0.664308980456549,0.08955552499079047,1.469163724219266,-0.6674224642725156,1.876774620210793,1.162353362314691,0.4272342573414155,2.681230689326793,-1.0520764507573337,1.1864986414376535,0.1373539045194946
2003-01-29,0.18174214473816286,-1.0133174365586444,1.5348492600151835,-0.6908196073030246,0.44384589475110764,-0.06560435634339554,1.6480369585206225,-0.8252081368933554,1.817647157306217,1.1262675323002889,0.22734310571946625,1.9544995941570216,-1.408197413313055,1.0627667698295644,0.17672198748796386
2003-01-30,0.05955263265170632,-1.1288610612659697,1.4259931251241584,-0.5961867281104131,0.291528141003052,0.18742024465659746,1.464251731683503,-0.4870665098761009,1.8135137902890959,0.9930908050550957,0.4287029231271749,1.3540069287691219,-1.5838690186197169,0.932160759793061,0.22596393972003315
2003-01-31,-0.09728786293743014,-1.0187878339013827,1.5250291506879017,-0.5500345270433051,0.449645262486939,0.727062037124063,1.2568571939087132,-0.14109581671353735,2.1138947968437676,0.9265716626671036,0.44557813133530083,0.9402001446409042,-1.504353427750827,0.7583664824846791,0.25972444971482594
2003-02-01,-0.38382455863992,-0.5332705833892446,1.5965026311424833,-0.7982082594924388,0.5131437525096999,1.0357460467741026,1.3419675883531208,0.10797256467903156,2.070070348919829,0.8809406680450769,0.47090037904867926,0.758562844249602,-1.794562131656437,0.37225103450566605,0.10824114104495751
2003-02-02,-0.5673637132002656,-0.023584230288625267,1.608366225081848,-1.1039313930931323,0.8054169086007185,1.2182150089515915,1.094542136244483,0.028687142911626114,1.9687535893935277,0.651713066743584,0.7747331542421987,0.5231376031552619,-1.620684822738522,0.34717607882544627,0.010106866446093002
2003-02-03,-0.609780690881571,0.5263448323022815,1.1700415604596992,-1.4631755130245798,0.59408731436449,1.2512710267693627,0.738572391638278,-0.24674556541670725,1.8324223555074874,0.38394322987851837,0.9014803937534673,0.5764276238766821,-1.1838786196226907,0.13611150249043052,-0.27813785636241656
2003-02-04,-0.5207371658733725,0.9052194234158059,1.1263110803454548,-1.4927213439586087,0.6677362137076822,1.3708065457381713,0.6396661694807618,-0.43037271500832486,1.609686683777137,0.2815676912318602,0.9989708518015508,0.8717241030444187,-1.0265643099598298,-0.31687994339867853,-0.28971550464307205
2003-02-05,-0.45751042852012547,1.1501772795507592,1.3568757023517881,-1.2477318907064459,0.7236091132386624,1.496297032231523,0.5149136214338664,-0.24252751747605947,1.3738442286412804,0.3325842608271738,1.2852468623576618,1.045888413086954,-1.0873479824022172,-0.5533526937868626,-0.5602517777676562
2003-02-06,-0.6274583967092355,1.1305404913711,1.5178396796253244,-0.8599786050677424,0.8682751591041864,1.9627102210542153,0.13928291755000421,-0.29018745283556907,1.1075549363989807,0.19907894528817355,1.6109487873257826,1.4302940386802274,-1.0296115283516418,-0.8379454821522786,-0.4811682487556898
2003-02-07,-0.6616316181243237,1.4050824315211647,0.9791357452645993,-0.18466465157341547,0.9970446827020019,1.986866334082285,0.14755557635955027,0.19448892202480664,1.0207545708338954,0.1788222854656181,2.0138290381243413,1.5629564584224929,-0.7393907655169397,-0.8018364236274474,-0.23052549477114537
2003-02-08,-0.6882831513884604,1.560170206492033,0.4497688351947606,0.09899623958989578,1.0060339862368488,1.890445351082769,0.21872793378319474,0.6921673789076902,0.8342987769998061,0.41706221626979634,2.600245349714056,1.0251238368378996,-0.25995456542943424,-0.941765981017207,0.358730757401597
2003-02-09,-0.9268698303907055,1.6754317720879985,0.23556368896368904,0.1792660677026398,1.1090167436574576,1.6341255982441725,0.26604231801760597,1.1033684777259627,0.8646100508093659,0.4776632678765017,2.9534037683054617,0.8912903239430295,-0.27865552152711454,-1.028213994278966,0.6958565931871632
2003-02-10,-1.0848092512595262,1.719037694955522,-0.18583258889494858,0.6415758260004633,1.1251454449696097,1.848351888100015,0.20916310949333414,0.7374313250650416,0.5504643098331816,0.8197811292146436,2.6319116442903394,0.7898944706893163,-0.40127838680216255,-0.8522549789466376,0.894420488264978
2003-02-11,-1.4289480815245597,1.515837424542051,-0.28972496581968543,1.1363092995791333,1.0361665352777216,1.8657983589749507,-0.16384044032827222,0.6603077600394873,0.42253267155022595,0.7376420251539,1.948058044306189,0.3332720034189252,-0.40384216248637356,-0.5029178825588324,1.0207818503562744
2003-02-12,-1.5565551209703665,1.5868255244497536,-0.056937072785211644,1.4397017290132055,1.0605370879565441,1.7093075073967994,-0.22107868354736376,0.730314986288345,0.29695768970372044,1.0414915146621258,1.332370694028773,-0.05363981677167136,-0.40292620773173954,-0.27948272282338077,1.1657986402434422
2003-02-13,-1.4104161306946774,2.0830305074276225,0.1194905060769561,1.348147196824755,0.9126350543366617,1.6640738028124586,0.05638570953869628,1.1328411065108226,0.32679626162240655,1.3684281424677618,1.2384772337931664,-0.1517866121396415,-0.419898537408231,-0.051923464107104036,1.2409877706490304
2003-02-14,-1.1044280003402949,2.4267142346403943,0.26304153743296244,1.3623048300675087,1.0505904534730557,1.5081756093699445,0.21056391466761426,1.2631579455958546,0.2510386970038424,1.4827760042267886,1.1771302172791391,-0.2117881600621466,-0.5108313316445409,0.3405399132864073,1.3631935524910463
2003-02-15,-0.8552335290675589,2.267621848220864,0.011781599617601586,1.5822290442274933,1.5072493411347925,1.3857067545034771,0.48217122189622835,1.393292001166266,0.378956479112991,1.429179244688096,0.9426478529756015,-0.4682764206078842,-0.6425621636516993,0.5764567050103035,1.1880347716809707
2003-02-16,-0.5402970321610253,2.085542247790282,-0.15641453683035855,1.638594378684921,1.7813389636611348,1.3919726257549687,0.44323519243428783,1.3353479026961448,0.5556188022893412,1.3745937554154364,0.8579445716102276,-0.8309826609175919,-0.4697227272423802,0.6481565750712334,1.2433379063486734
