,1,2,3,4,5,6,7,8,9,10,11,12,13,14,15
2005-09-08,2.03965856683345,2.03965856683345,2.03965856683345,2.03965856683345,2.03965856683345,2.03965856683345,2.03965856683345,2.03965856683345,2.03965856683345,2.03965856683345,2.03965856683345,2.03965856683345,2.03965856683345,2.03965856683345,2.03965856683345
2005-09-09,1.973926928449968,1.973926928449968,1.973926928449968,1.973926928449968,1.973926928449968,1.973926928449968,1.973926928449968,1.973926928449968,1.973926928449968,1.973926928449968,1.973926928449968,1.973926928449968,1.973926928449968,1.973926928449968,1.973926928449968
2005-09-10,1.763688468151207,1.763688468151207,1.763688468151207,1.763688468151207,1.763688468151207,1.763688468151207,1.763688468151207,1.763688468151207,1.763688468151207,1.763688468151207,1.763688468151207,1.763688468151207,1.763688468151207,1.763688468151207,1.763688468151207
2005-09-11,1.6287631801316023,1.6287631801316023,1.6287631801316023,1.6287631801316023,1.6287631801316023,1.6287631801316023,1.6287631801316023,1.6287631801316023,1.6287631801316023,1.6287631801316023,1.6287631801316023,1.6287631801316023,1.6287631801316023,1.6287631801316023,1.6287631801316023
2005-09-12,1.5629076896592848,1.5629076896592848,1.5629076896592848,1.5629076896592848,1.5629076896592848,1.5629076896592848,1.5629076896592848,1.5629076896592848,1.5629076896592848,1.5629076896592848,1.5629076896592848,1.5629076896592848,1.5629076896592848,1.5629076896592848,1.5629076896592848
2005-09-13,1.6135480926790382,1.6135480926790382,1.6135480926790382,1.6135480926790382,1.6135480926790382,1.6135480926790382,1.6135480926790382,1.6135480926790382,1.6135480926790382,1.6135480926790382,1.6135480926790382,1.6135480926790382,1.6135480926790382,1.6135480926790382,1.6135480926790382
2005-09-14,1.5655856913986939,1.5655856913986939,1.5655856913986939,1.5655856913986939,1.5655856913986939,1.5655856913986939,1.5655856913986939,1.5655856913986939,1.5655856913986939,1.5655856913986939,1.5655856913986939,1.5655856913986939,1.5655856913986939,1.5655856913986939,1.5655856913986939
2005-09-15,1.446763587111088,1.446763587111088,1.446763587111088,1.446763587111088,1.446763587111088,1.446763587111088,1.446763587111088,1.446763587111088,1.446763587111088,1.446763587111088,1.446763587111088,1.446763587111088,1.446763587111088,1.446763587111088,1.446763587111088
2005-09-16,1.246503392793373,1.246503392793373,1.246503392793373,1.246503392793373,1.246503392793373,1.246503392793373,1.246503392793373,1.246503392793373,1.246503392793373,1.246503392793373,1.246503392793373,1.246503392793373,1.246503392793373,1.246503392793373,1.246503392793373
2005-09-17,0.7024822918341184,0.7024822918341184,0.7024822918341184,0.7024822918341184,0.7024822918341184,0.7024822918341184,0.7024822918341184,0.7024822918341184,0.7024822918341184,0.7024822918341184,0.7024822918341184,0.7024822918341184,0.7024822918341184,0.7024822918341184,0.7024822918341184
2005-09-18,0.2273422813919915,0.2273422813919915,0.2273422813919915,0.2273422813919915,0.2273422813919915,0.2273422813919915,0.2273422813919915,0.2273422813919915,0.2273422813919915,0.2273422813919915,0.2273422813919915,0.2273422813919915,0.2273422813919915,0.2273422813919915,0.2273422813919915
2005-09-19,-0.183279572224102,-0.183279572224102,-0.183279572224102,-0.183279572224102,-0.183279572224102,-0.183279572224102,-0.183279572224102,-0.183279572224102,-0.183279572224102,-0.183279572224102,-0.183279572224102,-0.183279572224102,-0.183279572224102,-0.183279572224102,-0.183279572224102
2005-09-20,-0.6407910235199705,-0.6407910235199705,-0.6407910235199705,-0.6407910235199705,-0.6407910235199705,-0.6407910235199705,-0.6407910235199705,-0.6407910235199705,-0.6407910235199705,-0.6407910235199705,-0.6407910235199705,-0.6407910235199705,-0.6407910235199705,-0.6407910235199705,-0.6407910235199705
2005-09-21,-1.1039618474941664,-1.1039618474941664,-1.1039618474941664,-1.1039618474941664,-1.1039618474941664,-1.1039618474941664,-1.1039618474941664,-1.1039618474941664,-1.1039618474941664,-1.1039618474941664,-1.1039618474941664,-1.1039618474941664,-1.1039618474941664,-1.1039618474941664,-1.1039618474941664
2005-09-22,-1.428415140871034,-1.428415140871034,-1.428415140871034,-1.428415140871034,-1.428415140871034,-1.428415140871034,-1.428415140871034,-1.428415140871034,-1.428415140871034,-1.428415140871034,-1.428415140871034,-1.428415140871034,-1.428415140871034,-1.428415140871034,-1.428415140871034
2005-09-23,-1.4355296152908075,-1.4355296152908075,-1.4355296152908075,-1.4355296152908075,-1.4355296152908075,-1.4355296152908075,-1.4355296152908075,-1.4355296152908075,-1.4355296152908075,-1.4355296152908075,-1.4355296152908075,-1.4355296152908075,-1.4355296152908075,-1.4355296152908075,-1.4355296152908075
2005-09-24,-1.2536348501805696,-1.2536348501805696,-1.2536348501805696,-1.2536348501805696,-1.2536348501805696,-1.2536348501805696,-1.2536348501805696,-1.2536348501805696,-1.2536348501805696,-1.2536348501805696,-1.2536348501805696,-1.2536348501805696,-1.2536348501805696,-1.2536348501805696,-1.2536348501805696
2005-09-25,-1.0307060804884358,-1.0307060804884358,-1.0307060804884358,-1.0307060804884358,-1.0307060804884358,-1.0307060804884358,-1.0307060804884358,-1.0307060804884358,-1.0307060804884358,-1.0307060804884358,-1.0307060804884358,-1.0307060804884358,-1.0307060804884358,-1.0307060804884358,-1.0307060804884358
2005-09-26,-1.0530879863721456,-1.0530879863721456,-1.0530879863721456,-1.0530879863721456,-1.0530879863721456,-1.0530879863721456,-1.0530879863721456,-1.0530879863721456,-1.0530879863721456,-1.0530879863721456,-1.0530879863721456,-1.0530879863721456,-1.0530879863721456,-1.0530879863721456,-1.0530879863721456
2005-09-27,-0.9627551903655276,-0.9627551903655276,-0.9627551903655276,-0.9627551903655276,-0.9627551903655276,-0.9627551903655276,-0.9627551903655276,-0.9627551903655276,-0.9627551903655276,-0.9627551903655276,-0.9627551903655276,-0.9627551903655276,-0.9627551903655276,-0.9627551903655276,-0.9627551903655276
2005-09-28,-0.8643536509322116,-0.8643536509322116,-0.8643536509322116,-0.8643536509322116,-0.8643536509322116,-0.8643536509322116,-0.8643536509322116,-0.8643536509322116,-0.8643536509322116,-0.8643536509322116,-0.8643536509322116,-0.8643536509322116,-0.8643536509322116,-0.8643536509322116,-0.8643536509322116
2005-09-29,-0.8513912904582785,-0.8513912904582785,-0.8513912904582785,-0.8513912904582785,-0.8513912904582785,-0.8513912904582785,-0.8513912904582785,-0.8513912904582785,-0.8513912904582785,-0.8513912904582785,-0.8513912904582785,-0.8513912904582785,-0.8513912904582785,-0.8513912904582785,-0.8513912904582785
2005-09-30,-0.8726748906938362,-0.8726748906938362,-0.8726748906938362,-0.8726748906938362,-0.8726748906938362,-0.8726748906938362,-0.8726748906938362,-0.8726748906938362,-0.8726748906938362,-0.8726748906938362,-0.8726748906938362,-0.8726748906938362,-0.8726748906938362,-0.8726748906938362,-0.8726748906938362
2005-10-01,-1.0088630122639322,-1.0088630122639322,-1.0088630122639322,-1.0088630122639322,-1.0088630122639322,-1.0088630122639322,-1.0088630122639322,-1.0088630122639322,-1.0088630122639322,-1.0088630122639322,-1.0088630122639322,-1.0088630122639322,-1.0088630122639322,-1.0088630122639322,-1.0088630122639322
2005-10-02,-0.9790426618743538,-0.9790426618743538,-0.9790426618743538,-0.9790426618743538,-0.9790426618743538,-0.9790426618743538,-0.9790426618743538,-0.9790426618743538,-0.9790426618743538,-0.9790426618743538,-0.9790426618743538,-0.9790426618743538,-0.9790426618743538,-0.9790426618743538,-0.9790426618743538
2005-10-03,-0.8969740469851502,-0.8969740469851502,-0.8969740469851502,-0.8969740469851502,-0.8969740469851502,-0.8969740469851502,-0.8969740469851502,-0.8969740469851502,-0.8969740469851502,-0.8969740469851502,-0.8969740469851502,-0.8969740469851502,-0.8969740469851502,-0.8969740469851502,-0.8969740469851502
2005-10-04,-1.0397500220990987,-1.0397500220990987,-1.0397500220990987,-1.0397500220990987,-1.0397500220990987,-1.0397500220990987,-1.0397500220990987,-1.0397500220990987,-1.0397500220990987,-1.0397500220990987,-1.0397500220990987,-1.0397500220990987,-1.0397500220990987,-1.0397500220990987,-1.0397500220990987
2005-10-05,-1.4396827971310928,-1.4396827971310928,-1.4396827971310928,-1.4396827971310928,-1.4396827971310928,-1.4396827971310928,-1.4396827971310928,-1.4396827971310928,-1.4396827971310928,-1.4396827971310928,-1.4396827971310928,-1.4396827971310928,-1.4396827971310928,-1.4396827971310928,-1.4396827971310928
2005-10-06,-1.6410073234300802,-1.6410073234300802,-1.6410073234300802,-1.6410073234300802,-1.6410073234300802,-1.6410073234300802,-1.6410073234300802,-1.6410073234300802,-1.6410073234300802,-1.6410073234300802,-1.6410073234300802,-1.6410073234300802,-1.6410073234300802,-1.6410073234300802,-1.6410073234300802
2005-10-07,-1.584587876453644,-1.584587876453644,-1.584587876453644,-1.584587876453644,-1.584587876453644,-1.584587876453644,-1.584587876453644,-1.584587876453644,-1.584587876453644,-1.584587876453644,-1.584587876453644,-1.584587876453644,-1.584587876453644,-1.584587876453644,-1.584587876453644
2005-10-08,-1.451151387350458,-1.451151387350458,-1.451151387350458,-1.451151387350458,-1.451151387350458,-1.451151387350458,-1.451151387350458,-1.451151387350458,-1.451151387350458,-1.451151387350458,-1.451151387350458,-1.451151387350458,-1.451151387350458,-1.451151387350458,-1.451151387350458
2005-10-09,-1.3190802462855464,-1.3190802462855464,-1.3190802462855464,-1.3190802462855464,-1.3190802462855464,-1.3190802462855464,-1.3190802462855464,-1.3190802462855464,-1.3190802462855464,-1.3190802462855464,-1.3190802462855464,-1.3190802462855464,-1.3190802462855464,-1.3190802462855464,-1.3190802462855464
2005-10-10,-1.0899365798256544,-1.0899365798256544,-1.0899365798256544,-1.0899365798256544,-1.0899365798256544,-1.0899365798256544,-1.0899365798256544,-1.0899365798256544,-1.0899365798256544,-1.0899365798256544,-1.0899365798256544,-1.0899365798256544,-1.0899365798256544,-1.0899365798256544,-1.0899365798256544
2005-10-11,-0.904616073917189,-0.904616073917189,-0.904616073917189,-0.904616073917189,-0.904616073917189,-0.904616073917189,-0.904616073917189,-0.904616073917189,-0.904616073917189,-0.904616073917189,-0.904616073917189,-0.904616073917189,-0.904616073917189,-0.904616073917189,-0.904616073917189
2005-10-12,-0.7422493898954208,-0.7422493898954208,-0.7422493898954208,-0.7422493898954208,-0.7422493898954208,-0.7422493898954208,-0.7422493898954208,-0.7422493898954208,-0.7422493898954208,-0.7422493898954208,-0.7422493898954208,-0.7422493898954208,-0.7422493898954208,-0.7422493898954208,-0.7422493898954208
2005-10-13,-0.4153902218308241,-0.4153902218308241,-0.4153902218308241,-0.4153902218308241,-0.4153902218308241,-0.4153902218308241,-0.4153902218308241,-0.4153902218308241,-0.4153902218308241,-0.4153902218308241,-0.4153902218308241,-0.4153902218308241,-0.4153902218308241,-0.4153902218308241,-0.4153902218308241
2005-10-14,0.11472079417504448,0.11472079417504448,0.11472079417504448,0.11472079417504448,0.11472079417504448,0.11472079417504448,0.11472079417504448,0.11472079417504448,0.11472079417504448,0.11472079417504448,0.11472079417504448,0.11472079417504448,0.11472079417504448,0.11472079417504448,0.11472079417504448
2005-10-15,0.745859808174551,0.745859808174551,0.745859808174551,0.745859808174551,0.745859808174551,0.745859808174551,0.745859808174551,0.745859808174551,0.745859808174551,0.745859808174551,0.745859808174551,0.745859808174551,0.745859808174551,0.745859808174551,0.745859808174551
2005-10-16,1.0312079202095235,1.0312079202095235,1.0312079202095235,1.0312079202095235,1.0312079202095235,1.0312079202095235,1.0312079202095235,1.0312079202095235,1.0312079202095235,1.0312079202095235,1.0312079202095235,1.0312079202095235,1.0312079202095235,1.0312079202095235,1.0312079202095235
2005-10-17,0.9732972736799179,0.9732972736799179,0.9732972736799179,0.9732972736799179,0.9732972736799179,0.9732972736799179,0.9732972736799179,0.9732972736799179,0.9732972736799179,0.9732972736799179,0.9732972736799179,0.9732972736799179,0.9732972736799179,0.9732972736799179,0.9732972736799179
2005-10-18,1.0725227087317784,1.0725227087317784,1.0725227087317784,1.0725227087317784,1.0725227087317784,1.0725227087317784,1.0725227087317784,1.0725227087317784,1.0725227087317784,1.0725227087317784,1.0725227087317784,1.0725227087317784,1.0725227087317784,1.0725227087317784,1.0725227087317784
2005-10-19,1.1384206401980654,1.1384206401980654,1.1384206401980654,1.1384206401980654,1.1384206401980654,1.1384206401980654,1.1384206401980654,1.1384206401980654,1.1384206401980654,1.1384206401980654,1.1384206401980654,1.1384206401980654,1.1384206401980654,1.1384206401980654,1.1384206401980654
2005-10-20,1.0550128203655051,1.0550128203655051,1.0550128203655051,1.0550128203655051,1.0550128203655051,1.0550128203655051,1.0550128203655051,1.0550128203655051,1.0550128203655051,1.0550128203655051,1.0550128203655051,1.0550128203655051,1.0550128203655051,1.0550128203655051,1.0550128203655051
2005-10-21,0.6545383433210632,0.6545383433210632,0.6545383433210632,0.6545383433210632,0.6545383433210632,0.6545383433210632,0.6545383433210632,0.6545383433210632,0.6545383433210632,0.6545383433210632,0.6545383433210632,0.6545383433210632,0.6545383433210632,0.6545383433210632,0.6545383433210632
2005-10-22,0.4286711414845447,0.4286711414845447,0.4286711414845447,0.4286711414845447,0.4286711414845447,0.4286711414845447,0.4286711414845447,0.4286711414845447,0.4286711414845447,0.4286711414845447,0.4286711414845447,0.4286711414845447,0.4286711414845447,0.4286711414845447,0.4286711414845447
2005-10-23,0.2965909366267502,0.2965909366267502,0.2965909366267502,0.2965909366267502,0.2965909366267502,0.2965909366267502,0.2965909366267502,0.2965909366267502,0.2965909366267502,0.2965909366267502,0.2965909366267502,0.2965909366267502,0.2965909366267502,0.2965909366267502,0.2965909366267502
2005-10-24,0.19169528967311014,0.19169528967311014,0.19169528967311014,0.19169528967311014,0.19169528967311014,0.19169528967311014,0.19169528967311014,0.19169528967311014,0.19169528967311014,0.19169528967311014,0.19169528967311014,0.19169528967311014,0.19169528967311014,0.19169528967311014,0.19169528967311014
2005-10-25,0.36125377007957427,0.36125377007957427,0.36125377007957427,0.36125377007957427,0.36125377007957427,0.36125377007957427,0.36125377007957427,0.36125377007957427,0.36125377007957427,0.36125377007957427,0.36125377007957427,0.36125377007957427,0.36125377007957427,0.36125377007957427,0.36125377007957427
2005-10-26,0.6613412555950318,0.6613412555950318,0.6613412555950318,0.6613412555950318,0.6613412555950318,0.6613412555950318,0.6613412555950318,0.6613412555950318,0.6613412555950318,0.6613412555950318,0.6613412555950318,0.6613412555950318,0.6613412555950318,0.6613412555950318,0.6613412555950318
2005-10-27,0.8400429397916079,0.8400429397916079,0.8400429397916079,0.8400429397916079,0.8400429397916079,0.8400429397916079,0.8400429397916079,0.8400429397916079,0.8400429397916079,0.8400429397916079,0.8400429397916079,0.8400429397916079,0.8400429397916079,0.8400429397916079,0.8400429397916079
2005-10-28,0.9666634976854236,0.9666634976854236,0.9666634976854236,0.9666634976854236,0.9666634976854236,0.9666634976854236,0.9666634976854236,0.9666634976854236,0.9666634976854236,0.9666634976854236,0.9666634976854236,0.9666634976854236,0.9666634976854236,0.9666634976854236,0.9666634976854236
2005-10-29,1.3293103987195245,1.3293103987195245,1.3293103987195245,1.3293103987195245,1.3293103987195245,1.3293103987195245,1.3293103987195245,1.3293103987195245,1.3293103987195245,1.3293103987195245,1.3293103987195245,1.3293103987195245,1.3293103987195245,1.3293103987195245,1.3293103987195245
2005-10-30,1.6428416244712543,1.6428416244712543,1.6428416244712543,1.6428416244712543,1.6428416244712543,1.6428416244712543,1.6428416244712543,1.6428416244712543,1.6428416244712543,1.6428416244712543,1.6428416244712543,1.6428416244712543,1.6428416244712543,1.6428416244712543,1.6428416244712543
2005-10-31,1.6137397872574675,1.6137397872574675,1.6137397872574675,1.6137397872574675,1.6137397872574675,1.6137397872574675,1.6137397872574675,1.6137397872574675,1.6137397872574675,1.6137397872574675,1.6137397872574675,1.6137397872574675,1.6137397872574675,1.6137397872574675,1.6137397872574675
2005-11-01,1.479727733881979,1.479727733881979,1.479727733881979,1.479727733881979,1.479727733881979,1.479727733881979,1.479727733881979,1.479727733881979,1.479727733881979,1.479727733881979,1.479727733881979,1.479727733881979,1.479727733881979,1.479727733881979,1.479727733881979
2005-11-02,1.505710483866544,1.505710483866544,1.505710483866544,1.505710483866544,1.505710483866544,1.505710483866544,1.505710483866544,1.505710483866544,1.505710483866544,1.505710483866544,1.505710483866544,1.505710483866544,1.505710483866544,1.505710483866544,1.505710483866544
2005-11-03,1.2451636401743273,1.2451636401743273,1.2451636401743273,1.2451636401743273,1.2451636401743273,1.2451636401743273,1.2451636401743273,1.2451636401743273,1.2451636401743273,1.2451636401743273,1.2451636401743273,1.2451636401743273,1.2451636401743273,1.2451636401743273,1.2451636401743273
2005-11-04,0.9315241823889584,0.9315241823889584,0.9315241823889584,0.9315241823889584,0.9315241823889584,0.9315241823889584,0.9315241823889584,0.9315241823889584,0.9315241823889584,0.9315241823889584,0.9315241823889584,0.9315241823889584,0.9315241823889584,0.9315241823889584,0.9315241823889584
2005-11-05,0.8899022704734247,0.8899022704734247,0.8899022704734247,0.8899022704734247,0.8899022704734247,0.8899022704734247,0.8899022704734247,0.8899022704734247,0.8899022704734247,0.8899022704734247,0.8899022704734247,0.8899022704734247,0.8899022704734247,0.8899022704734247,0.8899022704734247
2005-11-06,0.8141816945258352,0.8141816945258352,0.8141816945258352,0.8141816945258352,0.8141816945258352,0.8141816945258352,0.8141816945258352,0.8141816945258352,0.8141816945258352,0.8141816945258352,0.8141816945258352,0.8141816945258352,0.8141816945258352,0.8141816945258352,0.8141816945258352
2005-11-07,0.6677828516870498,0.6677828516870498,0.6677828516870498,0.6677828516870498,0.6677828516870498,0.6677828516870498,0.6677828516870498,0.6677828516870498,0.6677828516870498,0.6677828516870498,0.6677828516870498,0.6677828516870498,0.6677828516870498,0.6677828516870498,0.6677828516870498
2005-11-08,0.5784424101125176,0.5784424101125176,0.5784424101125176,0.5784424101125176,0.5784424101125176,0.5784424101125176,0.5784424101125176,0.5784424101125176,0.5784424101125176,0.5784424101125176,0.5784424101125176,0.5784424101125176,0.5784424101125176,0.5784424101125176,0.5784424101125176
2005-11-09,0.4001367155246559,0.4001367155246559,0.4001367155246559,0.4001367155246559,0.4001367155246559,0.4001367155246559,0.4001367155246559,0.4001367155246559,0.4001367155246559,0.4001367155246559,0.4001367155246559,0.4001367155246559,0.4001367155246559,0.4001367155246559,0.4001367155246559
2005-11-10,0.44102995792866767,0.44102995792866767,0.44102995792866767,0.44102995792866767,0.44102995792866767,0.44102995792866767,0.44102995792866767,0.44102995792866767,0.44102995792866767,0.44102995792866767,0.44102995792866767,0.44102995792866767,0.44102995792866767,0.44102995792866767,0.44102995792866767
2005-11-11,0.6211286930984764,0.6211286930984764,0.6211286930984764,0.6211286930984764,0.6211286930984764,0.6211286930984764,0.6211286930984764,0.6211286930984764,0.6211286930984764,0.6211286930984764,0.6211286930984764,0.6211286930984764,0.6211286930984764,0.6211286930984764,0.6211286930984764
2005-11-12,0.5119058358872207,0.5119058358872207,0.5119058358872207,0.5119058358872207,0.5119058358872207,0.5119058358872207,0.5119058358872207,0.5119058358872207,0.5119058358872207,0.5119058358872207,0.5119058358872207,0.5119058358872207,0.5119058358872207,0.5119058358872207,0.5119058358872207
2005-11-13,0.44484796048203024,0.44484796048203024,0.44484796048203024,0.44484796048203024,0.44484796048203024,0.44484796048203024,0.44484796048203024,0.44484796048203024,0.44484796048203024,0.44484796048203024,0.44484796048203024,0.44484796048203024,0.44484796048203024,0.44484796048203024,0.44484796048203024
2005-11-14,0.38519305833739836,0.38519305833739836,0.38519305833739836,0.38519305833739836,0.38519305833739836,0.38519305833739836,0.38519305833739836,0.38519305833739836,0.38519305833739836,0.38519305833739836,0.38519305833739836,0.38519305833739836,0.38519305833739836,0.38519305833739836,0.38519305833739836
2005-11-15,0.3204404657239046,0.3204404657239046,0.3204404657239046,0.3204404657239046,0.3204404657239046,0.3204404657239046,0.3204404657239046,0.3204404657239046,0.3204404657239046,0.3204404657239046,0.3204404657239046,0.3204404657239046,0.3204404657239046,0.3204404657239046,0.3204404657239046
2005-11-16,-0.14243117136220607,-0.14243117136220607,-0.14243117136220607,-0.14243117136220607,-0.14243117136220607,-0.14243117136220607,-0.14243117136220607,-0.14243117136220607,-0.14243117136220607,-0.14243117136220607,-0.14243117136220607,-0.14243117136220607,-0.14243117136220607,-0.14243117136220607,-0.14243117136220607
2005-11-17,-0.635705292989594,-0.635705292989594,-0.635705292989594,-0.635705292989594,-0.635705292989594,-0.635705292989594,-0.635705292989594,-0.635705292989594,-0.635705292989594,-0.635705292989594,-0.635705292989594,-0.635705292989594,-0.635705292989594,-0.635705292989594,-0.635705292989594
2005-11-18,-0.7340447134163935,-0.7340447134163935,-0.7340447134163935,-0.7340447134163935,-0.7340447134163935,-0.7340447134163935,-0.7340447134163935,-0.7340447134163935,-0.7340447134163935,-0.7340447134163935,-0.7340447134163935,-0.7340447134163935,-0.7340447134163935,-0.7340447134163935,-0.7340447134163935
2005-11-19,-0.9371069616630954,-0.9371069616630954,-0.9371069616630954,-0.9371069616630954,-0.9371069616630954,-0.9371069616630954,-0.9371069616630954,-0.9371069616630954,-0.9371069616630954,-0.9371069616630954,-0.9371069616630954,-0.9371069616630954,-0.9371069616630954,-0.9371069616630954,-0.9371069616630954
2005-11-20,-1.24108391620901,-1.24108391620901,-1.24108391620901,-1.24108391620901,-1.24108391620901,-1.24108391620901,-1.24108391620901,-1.24108391620901,-1.24108391620901,-1.24108391620901,-1.24108391620901,-1.24108391620901,-1.24108391620901,-1.24108391620901,-1.24108391620901
2005-11-21,-1.3589115300325536,-1.3589115300325536,-1.3589115300325536,-1.3589115300325536,-1.3589115300325536,-1.3589115300325536,-1.3589115300325536,-1.3589115300325536,-1.3589115300325536,-1.3589115300325536,-1.3589115300325536,-1.3589115300325536,-1.3589115300325536,-1.3589115300325536,-1.3589115300325536
2005-11-22,-1.444877049277763,-1.444877049277763,-1.444877049277763,-1.444877049277763,-1.444877049277763,-1.444877049277763,-1.444877049277763,-1.444877049277763,-1.444877049277763,-1.444877049277763,-1.444877049277763,-1.444877049277763,-1.444877049277763,-1.444877049277763,-1.444877049277763
2005-11-23,-1.3037502824954803,-1.3037502824954803,-1.3037502824954803,-1.3037502824954803,-1.3037502824954803,-1.3037502824954803,-1.3037502824954803,-1.3037502824954803,-1.3037502824954803,-1.3037502824954803,-1.3037502824954803,-1.3037502824954803,-1.3037502824954803,-1.3037502824954803,-1.3037502824954803
2005-11-24,-0.8809977183568058,-0.8809977183568058,-0.8809977183568058,-0.8809977183568058,-0.8809977183568058,-0.8809977183568058,-0.8809977183568058,-0.8809977183568058,-0.8809977183568058,-0.8809977183568058,-0.8809977183568058,-0.8809977183568058,-0.8809977183568058,-0.8809977183568058,-0.8809977183568058
2005-11-25,-0.5955281880717443,-0.5955281880717443,-0.5955281880717443,-0.5955281880717443,-0.5955281880717443,-0.5955281880717443,-0.5955281880717443,-0.5955281880717443,-0.5955281880717443,-0.5955281880717443,-0.5955281880717443,-0.5955281880717443,-0.5955281880717443,-0.5955281880717443,-0.5955281880717443
2005-11-26,-0.39618883720809706,-0.39618883720809706,-0.39618883720809706,-0.39618883720809706,-0.39618883720809706,-0.39618883720809706,-0.39618883720809706,-0.39618883720809706,-0.39618883720809706,-0.39618883720809706,-0.39618883720809706,-0.39618883720809706,-0.39618883720809706,-0.39618883720809706,-0.39618883720809706
2005-11-27,-0.22254279209032798,-0.22254279209032798,-0.22254279209032798,-0.22254279209032798,-0.22254279209032798,-0.22254279209032798,-0.22254279209032798,-0.22254279209032798,-0.22254279209032798,-0.22254279209032798,-0.22254279209032798,-0.22254279209032798,-0.22254279209032798,-0.22254279209032798,-0.22254279209032798
2005-11-28,-0.2641076868651253,-0.2641076868651253,-0.2641076868651253,-0.2641076868651253,-0.2641076868651253,-0.2641076868651253,-0.2641076868651253,-0.2641076868651253,-0.2641076868651253,-0.2641076868651253,-0.2641076868651253,-0.2641076868651253,-0.2641076868651253,-0.2641076868651253,-0.2641076868651253
2005-11-29,-0.015676274291408648,-0.015676274291408648,-0.015676274291408648,-0.015676274291408648,-0.015676274291408648,-0.015676274291408648,-0.015676274291408648,-0.015676274291408648,-0.015676274291408648,-0.015676274291408648,-0.015676274291408648,-0.015676274291408648,-0.015676274291408648,-0.015676274291408648,-0.015676274291408648
2005-11-30,0.18091590453826417,0.18091590453826417,0.18091590453826417,0.18091590453826417,0.18091590453826417,0.18091590453826417,0.18091590453826417,0.18091590453826417,0.18091590453826417,0.18091590453826417,0.18091590453826417,0.18091590453826417,0.18091590453826417,0.18091590453826417,0.18091590453826417
2005-12-01,0.10476805888887394,0.10476805888887394,0.10476805888887394,0.10476805888887394,0.10476805888887394,0.10476805888887394,0.10476805888887394,0.10476805888887394,0.10476805888887394,0.10476805888887394,0.10476805888887394,0.10476805888887394,0.10476805888887394,0.10476805888887394,0.10476805888887394
2005-12-02,-0.21742177733178608,-0.21742177733178608,-0.21742177733178608,-0.21742177733178608,-0.21742177733178608,-0.21742177733178608,-0.21742177733178608,-0.21742177733178608,-0.21742177733178608,-0.21742177733178608,-0.21742177733178608,-0.21742177733178608,-0.21742177733178608,-0.21742177733178608,-0.21742177733178608
2005-12-03,-0.41836714785727974,-0.41836714785727974,-0.41836714785727974,-0.41836714785727974,-0.41836714785727974,-0.41836714785727974,-0.41836714785727974,-0.41836714785727974,-0.41836714785727974,-0.41836714785727974,-0.41836714785727974,-0.41836714785727974,-0.41836714785727974,-0.41836714785727974,-0.41836714785727974
2005-12-04,-0.737035314526295,-0.737035314526295,-0.737035314526295,-0.737035314526295,-0.737035314526295,-0.737035314526295,-0.737035314526295,-0.737035314526295,-0.737035314526295,-0.737035314526295,-0.737035314526295,-0.737035314526295,-0.737035314526295,-0.737035314526295,-0.737035314526295
2005-12-05,-0.8035844992176534,-0.8035844992176534,-0.8035844992176534,-0.8035844992176534,-0.8035844992176534,-0.8035844992176534,-0.8035844992176534,-0.8035844992176534,-0.8035844992176534,-0.8035844992176534,-0.8035844992176534,-0.8035844992176534,-0.8035844992176534,-0.8035844992176534,-0.8035844992176534
2005-12-06,-0.316403742668029,-0.316403742668029,-0.316403742668029,-0.316403742668029,-0.316403742668029,-0.316403742668029,-0.316403742668029,-0.316403742668029,-0.316403742668029,-0.316403742668029,-0.316403742668029,-0.316403742668029,-0.316403742668029,-0.316403742668029,-0.316403742668029
2005-12-07,-0.33970676591575777,-0.33970676591575777,-0.33970676591575777,-0.33970676591575777,-0.33970676591575777,-0.33970676591575777,-0.33970676591575777,-0.33970676591575777,-0.33970676591575777,-0.33970676591575777,-0.33970676591575777,-0.33970676591575777,-0.33970676591575777,-0.33970676591575777,-0.33970676591575777
2005-12-08,-0.40897609465712836,-0.40897609465712836,-0.40897609465712836,-0.40897609465712836,-0.40897609465712836,-0.40897609465712836,-0.40897609465712836,-0.40897609465712836,-0.40897609465712836,-0.40897609465712836,-0.40897609465712836,-0.40897609465712836,-0.40897609465712836,-0.40897609465712836,-0.40897609465712836
2005-12-09,0.02945802617987463,0.02945802617987463,0.02945802617987463,0.02945802617987463,0.02945802617987463,0.02945802617987463,0.02945802617987463,0.02945802617987463,0.02945802617987463,0.02945802617987463,0.02945802617987463,0.02945802617987463,0.02945802617987463,0.02945802617987463,0.02945802617987463
2005-12-10,0.4425521269544668,0.4425521269544668,0.4425521269544668,0.4425521269544668,0.4425521269544668,0.4425521269544668,0.4425521269544668,0.4425521269544668,0.4425521269544668,0.4425521269544668,0.4425521269544668,0.4425521269544668,0.4425521269544668,0.4425521269544668,0.4425521269544668
2005-12-11,0.5318678836958382,0.5318678836958382,0.5318678836958382,0.5318678836958382,0.5318678836958382,0.5318678836958382,0.5318678836958382,0.5318678836958382,0.5318678836958382,0.5318678836958382,0.5318678836958382,0.5318678836958382,0.5318678836958382,0.5318678836958382,0.5318678836958382
2005-12-12,0.09654940973532117,0.09654940973532117,0.09654940973532117,0.09654940973532117,0.09654940973532117,0.09654940973532117,0.09654940973532117,0.09654940973532117,0.09654940973532117,0.09654940973532117,0.09654940973532117,0.09654940973532117,0.09654940973532117,0.09654940973532117,0.09654940973532117
2005-12-13,0.009162281369649307,0.009162281369649307,0.009162281369649307,0.009162281369649307,0.009162281369649307,0.009162281369649307,0.009162281369649307,0.009162281369649307,0.009162281369649307,0.009162281369649307,0.009162281369649307,0.009162281369649307,0.009162281369649307,0.009162281369649307,0.009162281369649307
2005-12-14,-0.03275117077461455,-0.03275117077461455,-0.03275117077461455,-0.03275117077461455,-0.03275117077461455,-0.03275117077461455,-0.03275117077461455,-0.03275117077461455,-0.03275117077461455,-0.03275117077461455,-0.03275117077461455,-0.03275117077461455,-0.03275117077461455,-0.03275117077461455,-0.03275117077461455
2005-12-15,-0.29070304651349704,-0.29070304651349704,-0.29070304651349704,-0.29070304651349704,-0.29070304651349704,-0.29070304651349704,-0.29070304651349704,-0.29070304651349704,-0.29070304651349704,-0.29070304651349704,-0.29070304651349704,-0.29070304651349704,-0.29070304651349704,-0.29070304651349704,-0.29070304651349704
2005-12-16,-0.43633459222134935,-0.43633459222134935,-0.43633459222134935,-0.43633459222134935,-0.43633459222134935,-0.43633459222134935,-0.43633459222134935,-0.43633459222134935,-0.43633459222134935,-0.43633459222134935,-0.43633459222134935,-0.43633459222134935,-0.43633459222134935,-0.43633459222134935,-0.43633459222134935
2005-12-17,0.019185497761970767,0.019185497761970767,0.019185497761970767,0.019185497761970767,0.019185497761970767,0.019185497761970767,0.019185497761970767,0.019185497761970767,0.019185497761970767,0.019185497761970767,0.019185497761970767,0.019185497761970767,0.019185497761970767,0.019185497761970767,0.019185497761970767
2005-12-18,0.2587706732821989,0.2587706732821989,0.2587706732821989,0.2587706732821989,0.2587706732821989,0.2587706732821989,0.2587706732821989,0.2587706732821989,0.2587706732821989,0.2587706732821989,0.2587706732821989,0.2587706732821989,0.2587706732821989,0.2587706732821989,0.2587706732821989
2005-12-19,0.6502189274159768,0.6502189274159768,0.6502189274159768,0.6502189274159768,0.6502189274159768,0.6502189274159768,0.6502189274159768,0.6502189274159768,0.6502189274159768,0.6502189274159768,0.6502189274159768,0.6502189274159768,0.6502189274159768,0.6502189274159768,0.6502189274159768
2005-12-20,0.890790762085136,0.890790762085136,0.890790762085136,0.890790762085136,0.890790762085136,0.890790762085136,0.890790762085136,0.890790762085136,0.890790762085136,0.890790762085136,0.890790762085136,0.890790762085136,0.890790762085136,0.890790762085136,0.890790762085136
2005-12-21,0.8969630162033433,0.8969630162033433,0.8969630162033433,0.8969630162033433,0.8969630162033433,0.8969630162033433,0.8969630162033433,0.8969630162033433,0.8969630162033433,0.8969630162033433,0.8969630162033433,0.8969630162033433,0.8969630162033433,0.8969630162033433,0.8969630162033433
2005-12-22,0.6639593249553636,0.6639593249553636,0.6639593249553636,0.6639593249553636,0.6639593249553636,0.6639593249553636,0.6639593249553636,0.6639593249553636,0.6639593249553636,0.6639593249553636,0.6639593249553636,0.6639593249553636,0.6639593249553636,0.6639593249553636,0.6639593249553636
2005-12-23,0.5450347132549006,0.5450347132549006,0.5450347132549006,0.5450347132549006,0.5450347132549006,0.5450347132549006,0.5450347132549006,0.5450347132549006,0.5450347132549006,0.5450347132549006,0.5450347132549006,0.5450347132549006,0.5450347132549006,0.5450347132549006,0.5450347132549006
2005-12-24,0.17358498851271428,0.17358498851271428,0.17358498851271428,0.17358498851271428,0.17358498851271428,0.17358498851271428,0.17358498851271428,0.17358498851271428,0.17358498851271428,0.17358498851271428,0.17358498851271428,0.17358498851271428,0.17358498851271428,0.17358498851271428,0.17358498851271428
2005-12-25,-0.33720275473571737,-0.33720275473571737,-0.33720275473571737,-0.33720275473571737,-0.33720275473571737,-0.33720275473571737,-0.33720275473571737,-0.33720275473571737,-0.33720275473571737,-0.33720275473571737,-0.33720275473571737,-0.33720275473571737,-0.33720275473571737,-0.33720275473571737,-0.33720275473571737
2005-12-26,-0.4466464815253753,-0.4466464815253753,-0.4466464815253753,-0.4466464815253753,-0.4466464815253753,-0.4466464815253753,-0.4466464815253753,-0.4466464815253753,-0.4466464815253753,-0.4466464815253753,-0.4466464815253753,-0.4466464815253753,-0.4466464815253753,-0.4466464815253753,-0.4466464815253753
2005-12-27,-0.22764548122749878,-0.22764548122749878,-0.22764548122749878,-0.22764548122749878,-0.22764548122749878,-0.22764548122749878,-0.22764548122749878,-0.22764548122749878,-0.22764548122749878,-0.22764548122749878,-0.22764548122749878,-0.22764548122749878,-0.22764548122749878,-0.22764548122749878,-0.22764548122749878
2005-12-28,-0.40826279295307016,-0.40826279295307016,-0.40826279295307016,-0.40826279295307016,-0.40826279295307016,-0.40826279295307016,-0.40826279295307016,-0.40826279295307016,-0.40826279295307016,-0.40826279295307016,-0.40826279295307016,-0.40826279295307016,-0.40826279295307016,-0.40826279295307016,-0.40826279295307016
2005-12-29,-0.224584232355273,-0.224584232355273,-0.224584232355273,-0.224584232355273,-0.224584232355273,-0.224584232355273,-0.224584232355273,-0.224584232355273,-0.224584232355273,-0.224584232355273,-0.224584232355273,-0.224584232355273,-0.224584232355273,-0.224584232355273,-0.224584232355273
2005-12-30,-0.5071052825075009,-0.5071052825075009,-0.5071052825075009,-0.5071052825075009,-0.5071052825075009,-0.5071052825075009,-0.5071052825075009,-0.5071052825075009,-0.5071052825075009,-0.5071052825075009,-0.5071052825075009,-0.5071052825075009,-0.5071052825075009,-0.5071052825075009,-0.5071052825075009
2005-12-31,-1.0224896109915245,-1.0224896109915245,-1.0224896109915245,-1.0224896109915245,-1.0224896109915245,-1.0224896109915245,-1.0224896109915245,-1.0224896109915245,-1.0224896109915245,-1.0224896109915245,-1.0224896109915245,-1.0224896109915245,-1.0224896109915245,-1.0224896109915245,-1.0224896109915245
2006-01-01,-1.1309992980941348,-1.1309992980941348,-1.1309992980941348,-1.1309992980941348,-1.1309992980941348,-1.1309992980941348,-1.1309992980941348,-1.1309992980941348,-1.1309992980941348,-1.1309992980941348,-1.1309992980941348,-1.1309992980941348,-1.1309992980941348,-1.1309992980941348,-1.1309992980941348
2006-01-02,-1.150290441146346,-1.150290441146346,-1.150290441146346,-1.150290441146346,-1.150290441146346,-1.150290441146346,-1.150290441146346,-1.150290441146346,-1.150290441146346,-1.150290441146346,-1.150290441146346,-1.150290441146346,-1.150290441146346,-1.150290441146346,-1.150290441146346
2006-01-03,-0.9397569781248449,-0.9397569781248449,-0.9397569781248449,-0.9397569781248449,-0.9397569781248449,-0.9397569781248449,-0.9397569781248449,-0.9397569781248449,-0.9397569781248449,-0.9397569781248449,-0.9397569781248449,-0.9397569781248449,-0.9397569781248449,-0.9397569781248449,-0.9397569781248449
2006-01-04,-0.8576679716926245,-0.8576679716926245,-0.8576679716926245,-0.8576679716926245,-0.8576679716926245,-0.8576679716926245,-0.8576679716926245,-0.8576679716926245,-0.8576679716926245,-0.8576679716926245,-0.8576679716926245,-0.8576679716926245,-0.8576679716926245,-0.8576679716926245,-0.8576679716926245
2006-01-05,-0.6382125520148535,-0.6382125520148535,-0.6382125520148535,-0.6382125520148535,-0.6382125520148535,-0.6382125520148535,-0.6382125520148535,-0.6382125520148535,-0.6382125520148535,-0.6382125520148535,-0.6382125520148535,-0.6382125520148535,-0.6382125520148535,-0.6382125520148535,-0.6382125520148535
2006-01-06,-0.5717150245514745,-0.580835013884407,-0.524072549217226,-0.4877985049096921,-0.44599991804395633,-0.593310030256453,-0.4869819268341221,-0.5488392308437965,-0.5599060253968964,-0.5217645379802548,-0.5177146690860513,-0.5351303420888716,-0.46845651839859526,-0.5405976567691447,-0.4693712456239888
2006-01-07,-0.08461425344999464,-0.024237516984983682,-0.026678031811646057,0.07490147904473446,-0.028937912457640307,-0.08301597076886721,-0.10907285643429447,-0.016618498779220805,-0.10447936212139004,-0.04481677079055944,0.06299169587896072,-0.047194764258613964,-0.0647461536248529,0.07134342151088349,-0.04127164286979159
2006-01-08,-0.020421985196919297,0.0643897370274624,0.17811622325123713,0.02925046505604841,0.016304456986760762,-0.10347796615850792,-0.03773707863725756,0.06926714809044207,0.0036718633264189566,0.05205288461965505,-0.14820630243273,0.24042932181443044,-0.03514023883962322,0.004549393525343097,0.10792614834552568
2006-01-09,-0.0452328516449784,-0.20159626065520048,0.13995580508114444,0.03790160251994398,0.09515731418815057,-0.36723691642602685,0.05817567771968706,-0.0687950077926272,-0.031782572010981315,0.0013516553684395232,-0.3003165602384106,0.17009438440272634,-0.20175680805186294,0.11567926084896571,-0.14924579507359167
2006-01-10,-0.15269786046067224,-0.38341592942422764,-0.027919107346852295,0.13413505308041512,-0.09696802437021576,-0.5440498525206431,0.0026417948159608703,-0.06287969884758673,0.00823289071736608,0.12101491153757864,-0.4859449344407203,0.0739149333185129,-0.15953195798692751,0.12083026888704844,-0.2790282458580087
2006-01-11,-0.02810681536438673,-0.4671815235387559,-0.1454281647073335,0.1587973292118689,0.12172698935600454,-0.42119374576694646,0.36917344016160786,0.16613684599390144,0.15029768103754013,0.353795738172889,-0.3285024183864783,0.039962684002491554,-0.015751113871890564,0.0821644425431079,-0.19719889935321008
2006-01-12,0.3474022479867069,0.008265338989640115,0.036927977648133915,0.7636559314226928,0.29400778035205477,0.10409682469305492,0.878606528306598,0.36313417386859304,0.5369621416917973,0.7814411071202629,-0.1499481677291017,0.5732649029368853,0.02143309158186067,0.49124560652797755,0.11197881443199965
2006-01-13,0.9492073306108209,0.4858467373465106,0.24091409907489933,1.35922610674883,0.7377152580836589,0.603116699095634,1.3194057109735238,0.8014428829226358,1.070392570781144,1.2353046231045062,0.42998219523410164,1.0705152032322842,0.44724527714979556,0.8235476742910856,0.5934582265124758
2006-01-14,1.2282521853030994,0.9606939608849298,0.3475957809232328,1.6246896173523009,1.1037758408314184,0.7936227648300259,1.3288911798017076,1.135153628844928,1.1219808817724064,1.2650699809748553,0.6620115538513358,1.44192773199122,0.5157464152827685,0.9409536513303418,0.9939186140082171
2006-01-15,1.0215359618880693,0.9006056437042955,0.2906431392324908,1.5000608590664526,1.1878294623537955,0.8069985621628079,1.4040040766820199,1.3259479193406527,1.0080049754962532,0.9571815332492694,1.0302756072763424,1.1930088122877716,0.4877556706603276,1.0079972224408793,1.0401583610120333
2006-01-16,1.0391685205561894,0.9152123571574333,0.20039536483982864,1.4397444509540154,1.5303949763150964,0.7957793218184829,1.1144277680749946,1.2853841981668321,1.0244754903449507,0.8037118736375259,1.387671670842868,1.2122328428442835,0.605590501871111,1.0543530175740354,1.031534388572405
2006-01-17,1.257149187505561,0.9106914348762568,0.5274619518134946,1.2091791912537335,1.7866772529894233,1.035960263326358,1.4309231061740129,1.3522600722188869,0.8786137098001655,0.9260298151071694,1.640274603905769,1.1632892200802551,0.9005320656679451,1.6080331546101398,1.2422443290180907
2006-01-18,1.3379214459825017,0.8406681482009726,1.1892894348782785,1.2610177645932834,1.916513596668545,1.4036780227889103,1.4775256265911219,1.4671605308397775,1.1272733374988821,1.3219740430518918,1.7716875855188083,1.247774274997691,0.6991062201715342,1.879720258057482,1.365079597930675
2006-01-19,1.4931674786620739,0.6083168839504411,1.8191908476285694,1.1821386247244416,1.924544677226778,1.3036744674580516,1.2362918717622857,1.7397408297097494,1.4773347744020644,1.0318931823165176,1.6759580395650586,1.1111480432399268,0.5523134876276555,2.306108499835405,1.1380469913262303
2006-01-20,1.492562514933204,0.46043663385472805,2.11577030515951,1.0666324470712154,1.781850329385958,1.385166417705701,1.1932217016205915,1.7625310074552596,1.6842930111715715,1.0444589629444718,1.4697913422844442,0.8472125207375185,0.6121032497448562,2.564648601421866,0.7103932398983644
2006-01-21,1.4119899502963298,0.6985218702084747,2.001049437171074,1.1754383235903691,1.6075021999335095,1.3534769981497439,0.9914447088936723,1.7236073118907025,1.5513464256304332,0.88705345468731,1.351025805543462,0.6562502183203255,0.5164152720551721,2.7522402912181714,0.2224744332350634
2006-01-22,1.1719113266679306,0.9104269512793468,2.0271077674836837,1.3709307357311578,1.0525889172722256,1.1340675670932405,0.8201663383117024,1.8878077788907195,1.2168166387753832,0.5802600682950895,1.0588532915845557,0.49193114032493307,0.04688630388781656,2.5449008106081163,-0.4783985054554251
2006-01-23,0.8601478285741858,0.8732609354416013,1.485294536668755,1.2045638311866333,0.9086154641144865,0.9330855758617803,0.7982002870458319,1.8122412794491982,0.9807419315904784,0.23768010599903835,0.5037138031758636,0.05596825353010443,-0.36756777943795804,2.3523974169037616,-0.8297321579357398
2006-01-24,0.38968851791888665,0.6763742630355447,1.0281913045834097,1.1047814438872046,1.0874533891955533,0.6807807448751491,0.7023893753124298,1.8624941992224673,0.5135934212603647,0.01105149224703975,-0.11075751783253218,-0.03447183308704589,-0.24572420369712558,1.9215987448502083,-1.0751283356474528
2006-01-25,-0.055091987101108256,0.3905199488060793,0.4818901041484923,0.7912978468381331,1.091215871722249,0.29816769451589026,0.6702043750076118,1.6049222469416178,0.1915240784280758,-0.2275554480418051,-0.5880205087547502,0.1957927240121607,0.05486794828585967,1.5112206086132767,-1.0608652927740865
2006-01-26,-0.8761868403513305,-0.06793237971919129,0.3285211072679611,0.25471350209433674,0.820806630460347,-0.49297902473003624,0.19479556092056474,1.1759169185195644,0.17535285047184926,-0.5199736799191893,-0.8729466835443003,0.289630173448008,0.10653598911079872,0.8861439545843206,-1.0719576261548875
2006-01-27,-1.4144753888602644,-0.5966459992942102,-0.10858056202699741,0.2947482410820005,0.7801541375293791,-1.0923014589890419,-0.4232756994778832,0.7337239435188769,0.17422760378541183,-0.9270225598748796,-1.017122842080883,-0.02295515928449523,-0.03963382739383885,0.2219933887675858,-1.367155016537852
2006-01-28,-1.6848797210685367,-0.855672005507516,-0.4995820888438749,0.37604987412426244,0.4950862712827057,-1.366690685839759,-0.9630456865375447,0.4329075593828774,0.6206402114600894,-1.1985016574909688,-1.13375233084854,-0.15342790940169912,-0.04346167448119906,-0.7437713621787452,-1.320760900011226
2006-01-29,-1.5632421984729643,-0.44885139686970427,-0.8167383939438322,0.1427917947714708,0.05652086920785202,-1.3062479698360099,-1.302819753226383,0.31105121145848075,0.8633228656594873,-1.359961372772914,-1.144407117226276,-0.018449832431351024,-0.35975826242047515,-1.6631208158081237,-1.1171429882892498
2006-01-30,-1.22366505580163,-0.36173246234135986,-0.9746056519966997,-0.138997181199619,-0.22730282247762845,-0.9849175063480775,-1.3330752170702205,0.2479776788236374,0.6472463488217135,-1.4750653495531532,-0.995469758067953,-0.2134293988345815,-0.6198432096305614,-2.0124850146915585,-1.2095282004092338
2006-01-31,-1.0455260611862482,-0.5682189929232556,-1.1830461095322231,-0.2089624254415929,-0.4257839292905747,-0.5100065289599773,-1.5738155201393287,0.6095318002093996,0.37231451095523127,-1.7362811602135562,-0.798540657880404,-0.6489943994522841,-0.6559914179355579,-2.2163469419033763,-1.1743935994177774
2006-02-01,-0.8331451341364939,-0.35121532861171395,-1.5184821342029953,-0.23320789139486064,-0.4660159856963937,-0.5404532739673876,-1.6352054198205757,0.5203633249449122,-0.46153408646734606,-2.234385968382113,-0.6588944839883893,-1.053190382556525,-0.7292144581012676,-2.637681644900752,-0.6298724059116092
2006-02-02,-1.120156595445542,0.22176574269611163,-1.8673449067874766,-0.2888247265169543,-0.7067027581892323,-0.7226698207409623,-1.7041940937376587,0.1155136328444244,-1.0659141658671456,-2.3292281529571635,-0.5455801564988793,-1.4776707243568619,-0.8682246742159151,-2.411104537580811,-0.5196307138049568
2006-02-03,-1.1783335412261438,0.5619041015395021,-2.0861728239890738,-0.16404729568450277,-0.6214105871197284,-0.6149009663695262,-1.8456477859621003,-0.30240980930689243,-1.3528838331793027,-2.7413530951137934,-0.6639897108361805,-1.8959142123467574,-0.5832061457065175,-2.093374876685318,-0.8225500550909782
2006-02-04,-1.3465912881439202,0.4688735210691652,-1.9876026709478505,-0.057605354616073676,-0.15538755744006097,-0.6819881589761659,-2.2598893794275408,-0.5913522900420859,-1.7329099450414982,-3.243817208908964,-0.9979743205490652,-1.9873255527328522,-0.30276276247151973,-2.3651179049556723,-0.8818893538254692
2006-02-05,-1.6625800472240337,-0.09187519993723786,-1.8568617110760395,-0.07882144320776743,-0.14617498177303268,-0.9432343572537264,-2.2233237798055163,-0.8466102829189899,-1.8704780747140728,-3.279664488372745,-0.8304712471493283,-1.7115137962157392,-0.2485703401430015,-2.63322413011594,-0.5040227400311826
2006-02-06,-2.0876517455948878,-0.4250806975522133,-1.9188771265974147,-0.17161493891832472,-0.14318765192917815,-1.093727317304355,-2.0384734102794764,-1.0984758644649912,-1.927337370029477,-2.9405505711750703,-0.9612170763474058,-1.7885209775018378,-0.5741784220819356,-2.737097784182701,-0.34076787276887893
2006-02-07,-1.939515165230526,-0.7735379277455671,-1.9771485276870644,-0.21184966868574767,-0.3694997791911266,-1.0911356857519532,-1.8813345266266874,-1.1014169741759379,-2.548975933402789,-2.9346295529967272,-1.4695767357558194,-2.132808227531149,-0.6439474433190762,-2.5264276630192164,-0.10673595207545714
2006-02-08,-1.397646981005408,-0.44745244546217183,-1.6619534146653425,-0.16263474815086576,-0.4321416660240182,-1.2649882783839663,-1.8390666935490536,-1.0651009412460637,-2.9016616619925473,-2.796199259189534,-1.4853120645805735,-2.3414751011819943,-0.5886231037163733,-2.2611746815121037,-0.12367522981946137
2006-02-09,-1.0648555495343557,-0.21643212829383926,-1.6615887311321216,0.06845547458887657,-0.7050878821506305,-1.5561439621577755,-1.845759355512041,-0.7917418157338367,-3.2210818564937305,-2.699935382575567,-1.2824427050055502,-2.7071115253931017,-0.4306757542570831,-2.207354230643781,-0.27600633061910074
2006-02-10,-0.7896390607962807,-0.12326217553507694,-1.8455430215628135,-0.16738811891812208,-1.0782019800667153,-1.3283797967234663,-1.5925925861062284,-0.49494035002128256,-3.2492424978597327,-2.6768578015394184,-1.2384914320687719,-2.860583471454129,-0.4605058586798902,-1.6533764588865463,-0.2758953899840385
2006-02-11,-0.8791848228891784,-0.20972254241900481,-1.6741294078769817,-0.0889139949933541,-1.3101474171248408,-1.2084314366655196,-1.2172313372006232,-0.01380412482531909,-2.983692282407359,-2.3857577984339673,-1.0908279085945936,-2.9833534787785747,-0.5995752349452121,-1.2632228008571857,-0.37115902779230436
2006-02-12,-1.129597856038302,-0.3384543148815103,-1.470225780688757,0.043161885108016565,-1.7126422272558182,-1.049130092321837,-1.1298781118727539,0.36083830050564597,-2.596704883643027,-2.1167337625964904,-0.7934801132102118,-2.936238654460455,-0.5654103153528202,-1.0208910017617376,-0.5262793117940192
2006-02-13,-1.1699187431446778,-0.6730430860481004,-1.5380794431578027,0.05505473025463585,-1.6511580901288068,-0.5333580508264322,-1.0695500866641832,0.7091490571701378,-2.1809889966748495,-1.9339730393524224,-0.688163269665389,-2.47677953125621,-0.680328430554714,-0.9405246704616052,-0.7590669415108877
2006-02-14,-1.1191786177998646,-1.0088898973271838,-1.5777459770640025,-0.16977387118114667,-1.5100069685856585,0.1125037863934662,-1.2503905188276356,0.7189006358473432,-2.422015163365698,-1.6816173702061876,-0.3416078795912092,-2.053976238225381,-0.9300816460827036,-0.7406417317688386,-1.102249938544739
2006-02-15,-1.0870446426867,-1.56934092831666,-1.3321180093039993,-0.3242997294358432,-1.1904112312656532,0.4037869577942422,-1.3490070034121793,0.8939381491363134,-2.7944222302893627,-1.3016153611488746,-0.12393742873833957,-1.588415719879736,-0.9744089143231656,-0.7385458009566577,-1.0727218859685168
2006-02-16,-1.1440819959035564,-1.8935401080910366,-1.0139299827269501,-0.5890684277798969,-0.8503903942720036,0.3209217363639056,-1.4486751092532786,1.1084368735300762,-2.7950718294584225,-1.007544060057253,0.028061556984647195,-1.5234489896196293,-1.4258283743347078,-0.8944081051819127,-1.0639221285767742
2006-02-17,-0.8853297996861647,-1.6128450075029324,-0.8822965316600813,-0.8761572039289091,-0.9068566118897793,-0.12332262627594934,-1.4691803232991785,1.076220702454497,-2.532041635259384,-0.7919960530926797,0.08186343828577056,-1.731884268006752,-1.8028519029644046,-1.0822185724821354,-0.9553306876264306
2006-02-18,-0.5545024202630272,-1.396011946589941,-0.7424694921232657,-1.1405181937040634,-1.2568112328845995,-0.5232505960067678,-1.4646719386190823,0.8889216318990583,-2.62189225475459,-1.0633469902814545,-0.06523924965191552,-1.9394398214501791,-2.006856731522657,-0.9381879097519513,-1.5049172106534663
2006-02-19,-0.4490573968882235,-1.0315493687421429,-0.7434735374036482,-1.0426179581778927,-1.1366363000288984,-1.1962123570569796,-1.6404649783284448,0.7344423294519714,-2.5430555996580364,-1.574537169572916,-0.17447462092258229,-1.891765706011508,-1.866719246976059,-0.6325396409083678,-1.8951749478892448
2006-02-20,-0.3389226066627046,-1.1032779857068196,-0.7557856980285503,-0.4473617356912035,-1.3013810363165423,-1.684570658468314,-1.6483328030927382,0.6314488671128261,-2.531261119957045,-1.804692461703492,-0.2901081950247792,-2.0267106791707516,-2.1984835144734043,-0.27453697536146565,-1.9370776832956658
2006-02-21,-0.16086987966966718,-0.9016820140025934,-0.867998002519073,0.009676162680773082,-1.4884220803015054,-2.1181788756630713,-1.3936567930275126,0.20029414910782545,-2.2271260383003253,-1.6769281344269684,-0.38368275259739876,-1.8229136855907067,-2.679616694655897,-0.06986686185930062,-1.7982971880312741
2006-02-22,-0.060103242696186256,-0.8427347259755732,-0.70844143966039,0.29666226810987684,-1.5994943385671652,-2.1543539978101136,-1.3248666346318763,-0.3293078500300237,-2.1556120722778,-1.6065813066450965,-0.009880941556784317,-1.5187200818963393,-2.695693728029055,-0.10020034611379423,-1.6248668953700636
2006-02-23,0.05136246549262534,-0.600969148935964,-0.27823755989219207,0.226441041316501,-1.9644213809295539,-2.021539460991809,-0.9265686368271654,-0.5043708788646083,-2.1446712359822238,-1.5594862498187945,0.19456958703723903,-0.9357126113458188,-2.597315135229965,0.03910916934987557,-1.0753594123611594
2006-02-24,0.3622831131447336,-0.3474311547517077,-0.13072284073477586,0.47805335955528194,-1.8799556521123901,-1.9210116716765762,-0.826399474295019,-0.6055058225441108,-2.257288300038991,-1.1213528603207124,0.2259632973621424,-0.367301913653128,-2.3274441259267835,-0.16434396154719788,-0.6720452796882087
2006-02-25,0.28681325734061697,-0.2644190211125203,0.031627562504181604,0.3777884159090734,-1.6889690687505596,-1.774378484392683,-0.6208574101920089,-0.931960473951025,-2.3190106007166684,-1.2202608951188658,0.3005526495413902,0.06735079304838006,-2.112073023493664,-0.4035223203457097,-0.4281909555229582
2006-02-26,0.03631430682731199,-0.0713263678913335,0.11776178064698706,0.34874259605202246,-1.3331895293972917,-1.1131513474384132,-0.20148964627789753,-1.6769963700479515,-2.163378941145084,-1.2353734893678525,0.3873963165515903,0.665441910231251,-2.2701829524339674,-0.6263194158757766,-0.21157449582696647
2006-02-27,-0.057630700708176184,0.11124035055270748,0.11226313995650354,0.19223837394302054,-0.8954471611535813,-0.3192858215426379,0.0822962275065813,-2.020438374399907,-1.8752217816546257,-0.9130068778795091,0.5963599672672949,0.8474616938967479,-2.1092926196370865,-0.6851817178279098,0.08398805837428545
2006-02-28,-0.08087109245576193,0.1210815325858595,0.04065434543971693,0.05617757444312172,-0.789956702697587,0.38455941480037936,-0.007497181571895078,-1.8975237755139323,-1.8440001972836537,-0.7599906878266656,0.5684281746398036,0.8743653225027723,-1.5617575538364648,-0.5118488750328548,0.1267675138561084
2006-03-01,-0.06991677715198777,0.22257313833769862,0.3090014857844387,0.23947082201730693,-0.865595919982449,0.6252867003822653,0.25000122803042113,-1.5468345870406566,-1.7882949798572827,-0.5771810355841733,0.26674439641926184,0.5003806218452801,-0.7601660800197718,-0.010228339457768016,0.02373377267975473
2006-03-02,0.34321754282457384,0.15427084263359916,0.46532693172071804,0.08119625391022953,-0.8644386583524535,0.7493860405741058,0.46453502133083213,-1.2612192768625148,-1.5111613838128055,-0.6160573646352243,0.12024475872298465,0.12192925231404188,0.05503715147179459,-0.03711086948358925,0.10604992762664638
2006-03-03,0.7293940348352459,-0.02376226094421661,1.0382298585750003,-0.17026783651926988,-0.6434153945195875,0.7120956609888063,0.3233876101510777,-0.8552357853816284,-1.1563959248004692,-0.3893202644621919,-0.36205286433456124,-0.00460609334348009,0.66152075046592,-0.009852766703013237,0.17266589279233144
2006-03-04,1.1626083687412079,0.09812560578397683,1.339539504664884,-0.30505341111124096,-0.3393526863674994,0.44345342510187813,0.23569847262480764,-0.36059541946675666,-0.7668838023747927,-0.09962727202933948,-0.45569569367298546,0.024172685805383193,0.9167460649871568,0.4062570091413155,0.09468346966364516
2006-03-05,1.1702643329675941,0.1914683990417702,1.4513173003033524,-0.5850518046855442,0.36454339487025944,0.7372879452178227,0.06767063670358876,0.06593860364866208,-0.49219311497198265,0.43021215268663715,-0.4187754647094838,-0.22969869628997544,1.2272846834611417,0.7401227463203207,-0.15244418094552065
2006-03-06,0.929058270300786,-0.028361773658188625,1.5320440232931185,-0.774509123806449,0.7164729618542156,1.5008554987557505,0.10199754282486473,0.37851943555681083,-0.5080013406780056,0.662128801426878,-0.5937186410868265,-0.6526458151047092,1.1038392607701697,1.04029734509475,0.24421582847333786
2006-03-07,0.8855313900636808,-0.22442633667524187,1.9010984765962409,-0.7880634006962698,0.8924812192625277,1.7967921371664712,0.20461686710266544,0.4947328430121311,-0.8675053374634213,0.6939421664299873,-0.8057007943417525,-0.6788272926151551,0.9623298392941814,1.2335404283026818,0.5975002151022418
