,1,2,3,4,5,6,7,8,9,10,11,12,13,14,15
2007-08-10,-0.32551556238880336,-0.32551556238880336,-0.32551556238880336,-0.32551556238880336,-0.32551556238880336,-0.32551556238880336,-0.32551556238880336,-0.32551556238880336,-0.32551556238880336,-0.32551556238880336,-0.32551556238880336,-0.32551556238880336,-0.32551556238880336,-0.32551556238880336,-0.32551556238880336
2007-08-11,-0.4714540618758272,-0.4714540618758272,-0.4714540618758272,-0.4714540618758272,-0.4714540618758272,-0.4714540618758272,-0.4714540618758272,-0.4714540618758272,-0.4714540618758272,-0.4714540618758272,-0.4714540618758272,-0.4714540618758272,-0.4714540618758272,-0.4714540618758272,-0.4714540618758272
2007-08-12,-0.6063573827758325,-0.6063573827758325,-0.6063573827758325,-0.6063573827758325,-0.6063573827758325,-0.6063573827758325,-0.6063573827758325,-0.6063573827758325,-0.6063573827758325,-0.6063573827758325,-0.6063573827758325,-0.6063573827758325,-0.6063573827758325,-0.6063573827758325,-0.6063573827758325
2007-08-13,-0.718941001613697,-0.718941001613697,-0.718941001613697,-0.718941001613697,-0.718941001613697,-0.718941001613697,-0.718941001613697,-0.718941001613697,-0.718941001613697,-0.718941001613697,-0.718941001613697,-0.718941001613697,-0.718941001613697,-0.718941001613697,-0.718941001613697
2007-08-14,-0.8511731378093268,-0.8511731378093268,-0.8511731378093268,-0.8511731378093268,-0.8511731378093268,-0.8511731378093268,-0.8511731378093268,-0.8511731378093268,-0.8511731378093268,-0.8511731378093268,-0.8511731378093268,-0.8511731378093268,-0.8511731378093268,-0.8511731378093268,-0.8511731378093268
2007-08-15,-1.0638557626652418,-1.0638557626652418,-1.0638557626652418,-1.0638557626652418,-1.0638557626652418,-1.0638557626652418,-1.0638557626652418,-1.0638557626652418,-1.0638557626652418,-1.0638557626652418,-1.0638557626652418,-1.0638557626652418,-1.0638557626652418,-1.0638557626652418,-1.0638557626652418
2007-08-16,-1.3458520716452567,-1.3458520716452567,-1.3458520716452567,-1.3458520716452567,-1.3458520716452567,-1.3458520716452567,-1.3458520716452567,-1.3458520716452567,-1.3458520716452567,-1.3458520716452567,-1.3458520716452567,-1.3458520716452567,-1.3458520716452567,-1.3458520716452567,-1.3458520716452567
2007-08-17,-1.5053060536220666,-1.5053060536220666,-1.5053060536220666,-1.5053060536220666,-1.5053060536220666,-1.5053060536220666,-1.5053060536220666,-1.5053060536220666,-1.5053060536220666,-1.5053060536220666,-1.5053060536220666,-1.5053060536220666,-1.5053060536220666,-1.5053060536220666,-1.5053060536220666
2007-08-18,-1.3888250673362283,-1.3888250673362283,-1.3888250673362283,-1.3888250673362283,-1.3888250673362283,-1.3888250673362283,-1.3888250673362283,-1.3888250673362283,-1.3888250673362283,-1.3888250673362283,-1.3888250673362283,-1.3888250673362283,-1.3888250673362283,-1.3888250673362283,-1.3888250673362283
2007-08-19,-0.9548829652577862,-0.9548829652577862,-0.9548829652577862,-0.9548829652577862,-0.9548829652577862,-0.9548829652577862,-0.9548829652577862,-0.9548829652577862,-0.9548829652577862,-0.9548829652577862,-0.9548829652577862,-0.9548829652577862,-0.9548829652577862,-0.9548829652577862,-0.9548829652577862
2007-08-20,-0.7278998679236258,-0.7278998679236258,-0.7278998679236258,-0.7278998679236258,-0.7278998679236258,-0.7278998679236258,-0.7278998679236258,-0.7278998679236258,-0.7278998679236258,-0.7278998679236258,-0.7278998679236258,-0.7278998679236258,-0.7278998679236258,-0.7278998679236258,-0.7278998679236258
2007-08-21,-0.46782717008968855,-0.46782717008968855,-0.46782717008968855,-0.46782717008968855,-0.46782717008968855,-0.46782717008968855,-0.46782717008968855,-0.46782717008968855,-0.46782717008968855,-0.46782717008968855,-0.46782717008968855,-0.46782717008968855,-0.46782717008968855,-0.46782717008968855,-0.46782717008968855
2007-08-22,-0.4821081941540466,-0.4821081941540466,-0.4821081941540466,-0.4821081941540466,-0.4821081941540466,-0.4821081941540466,-0.4821081941540466,-0.4821081941540466,-0.4821081941540466,-0.4821081941540466,-0.4821081941540466,-0.4821081941540466,-0.4821081941540466,-0.4821081941540466,-0.4821081941540466
2007-08-23,-0.6929201644385141,-0.6929201644385141,-0.6929201644385141,-0.6929201644385141,-0.6929201644385141,-0.6929201644385141,-0.6929201644385141,-0.6929201644385141,-0.6929201644385141,-0.6929201644385141,-0.6929201644385141,-0.6929201644385141,-0.6929201644385141,-0.6929201644385141,-0.6929201644385141
2007-08-24,-0.5774382099748183,-0.5774382099748183,-0.5774382099748183,-0.5774382099748183,-0.5774382099748183,-0.5774382099748183,-0.5774382099748183,-0.5774382099748183,-0.5774382099748183,-0.5774382099748183,-0.5774382099748183,-0.5774382099748183,-0.5774382099748183,-0.5774382099748183,-0.5774382099748183
2007-08-25,-0.709097024841395,-0.709097024841395,-0.709097024841395,-0.709097024841395,-0.709097024841395,-0.709097024841395,-0.709097024841395,-0.709097024841395,-0.709097024841395,-0.709097024841395,-0.709097024841395,-0.709097024841395,-0.709097024841395,-0.709097024841395,-0.709097024841395
2007-08-26,-0.8507930819575384,-0.8507930819575384,-0.8507930819575384,-0.8507930819575384,-0.8507930819575384,-0.8507930819575384,-0.8507930819575384,-0.8507930819575384,-0.8507930819575384,-0.8507930819575384,-0.8507930819575384,-0.8507930819575384,-0.8507930819575384,-0.8507930819575384,-0.8507930819575384
2007-08-27,-1.1086511634861798,-1.1086511634861798,-1.1086511634861798,-1.1086511634861798,-1.1086511634861798,-1.1086511634861798,-1.1086511634861798,-1.1086511634861798,-1.1086511634861798,-1.1086511634861798,-1.1086511634861798,-1.1086511634861798,-1.1086511634861798,-1.1086511634861798,-1.1086511634861798
2007-08-28,-1.4670019784334964,-1.4670019784334964,-1.4670019784334964,-1.4670019784334964,-1.4670019784334964,-1.4670019784334964,-1.4670019784334964,-1.4670019784334964,-1.4670019784334964,-1.4670019784334964,-1.4670019784334964,-1.4670019784334964,-1.4670019784334964,-1.4670019784334964,-1.4670019784334964
2007-08-29,-1.714663820190092,-1.714663820190092,-1.714663820190092,-1.714663820190092,-1.714663820190092,-1.714663820190092,-1.714663820190092,-1.714663820190092,-1.714663820190092,-1.714663820190092,-1.714663820190092,-1.714663820190092,-1.714663820190092,-1.714663820190092,-1.714663820190092
2007-08-30,-1.9493046603007114,-1.9493046603007114,-1.9493046603007114,-1.9493046603007114,-1.9493046603007114,-1.9493046603007114,-1.9493046603007114,-1.9493046603007114,-1.9493046603007114,-1.9493046603007114,-1.9493046603007114,-1.9493046603007114,-1.9493046603007114,-1.9493046603007114,-1.9493046603007114
2007-08-31,-1.9219825537778106,-1.9219825537778106,-1.9219825537778106,-1.9219825537778106,-1.9219825537778106,-1.9219825537778106,-1.9219825537778106,-1.9219825537778106,-1.9219825537778106,-1.9219825537778106,-1.9219825537778106,-1.9219825537778106,-1.9219825537778106,-1.9219825537778106,-1.9219825537778106
2007-09-01,-1.8500916029546628,-1.8500916029546628,-1.8500916029546628,-1.8500916029546628,-1.8500916029546628,-1.8500916029546628,-1.8500916029546628,-1.8500916029546628,-1.8500916029546628,-1.8500916029546628,-1.8500916029546628,-1.8500916029546628,-1.8500916029546628,-1.8500916029546628,-1.8500916029546628
2007-09-02,-1.6179303807215162,-1.6179303807215162,-1.6179303807215162,-1.6179303807215162,-1.6179303807215162,-1.6179303807215162,-1.6179303807215162,-1.6179303807215162,-1.6179303807215162,-1.6179303807215162,-1.6179303807215162,-1.6179303807215162,-1.6179303807215162,-1.6179303807215162,-1.6179303807215162
2007-09-03,-1.369336248091582,-1.369336248091582,-1.369336248091582,-1.369336248091582,-1.369336248091582,-1.369336248091582,-1.369336248091582,-1.369336248091582,-1.369336248091582,-1.369336248091582,-1.369336248091582,-1.369336248091582,-1.369336248091582,-1.369336248091582,-1.369336248091582
2007-09-04,-1.135671564165692,-1.135671564165692,-1.135671564165692,-1.135671564165692,-1.135671564165692,-1.135671564165692,-1.135671564165692,-1.135671564165692,-1.135671564165692,-1.135671564165692,-1.135671564165692,-1.135671564165692,-1.135671564165692,-1.135671564165692,-1.135671564165692
2007-09-05,-0.9610741641643588,-0.9610741641643588,-0.9610741641643588,-0.9610741641643588,-0.9610741641643588,-0.9610741641643588,-0.9610741641643588,-0.9610741641643588,-0.9610741641643588,-0.9610741641643588,-0.9610741641643588,-0.9610741641643588,-0.9610741641643588,-0.9610741641643588,-0.9610741641643588
2007-09-06,-0.8593534239399004,-0.8593534239399004,-0.8593534239399004,-0.8593534239399004,-0.8593534239399004,-0.8593534239399004,-0.8593534239399004,-0.8593534239399004,-0.8593534239399004,-0.8593534239399004,-0.8593534239399004,-0.8593534239399004,-0.8593534239399004,-0.8593534239399004,-0.8593534239399004
2007-09-07,-0.5720588861826645,-0.5720588861826645,-0.5720588861826645,-0.5720588861826645,-0.5720588861826645,-0.5720588861826645,-0.5720588861826645,-0.5720588861826645,-0.5720588861826645,-0.5720588861826645,-0.5720588861826645,-0.5720588861826645,-0.5720588861826645,-0.5720588861826645,-0.5720588861826645
2007-09-08,-0.507833812521292,-0.507833812521292,-0.507833812521292,-0.507833812521292,-0.507833812521292,-0.507833812521292,-0.507833812521292,-0.507833812521292,-0.507833812521292,-0.507833812521292,-0.507833812521292,-0.507833812521292,-0.507833812521292,-0.507833812521292,-0.507833812521292
2007-09-09,-0.1904391727327511,-0.1904391727327511,-0.1904391727327511,-0.1904391727327511,-0.1904391727327511,-0.1904391727327511,-0.1904391727327511,-0.1904391727327511,-0.1904391727327511,-0.1904391727327511,-0.1904391727327511,-0.1904391727327511,-0.1904391727327511,-0.1904391727327511,-0.1904391727327511
2007-09-10,-0.16236324587629117,-0.16236324587629117,-0.16236324587629117,-0.16236324587629117,-0.16236324587629117,-0.16236324587629117,-0.16236324587629117,-0.16236324587629117,-0.16236324587629117,-0.16236324587629117,-0.16236324587629117,-0.16236324587629117,-0.16236324587629117,-0.16236324587629117,-0.16236324587629117
2007-09-11,0.25695329286172724,0.25695329286172724,0.25695329286172724,0.25695329286172724,0.25695329286172724,0.25695329286172724,0.25695329286172724,0.25695329286172724,0.25695329286172724,0.25695329286172724,0.25695329286172724,0.25695329286172724,0.25695329286172724,0.25695329286172724,0.25695329286172724
2007-09-12,0.26487822103424025,0.26487822103424025,0.26487822103424025,0.26487822103424025,0.26487822103424025,0.26487822103424025,0.26487822103424025,0.26487822103424025,0.26487822103424025,0.26487822103424025,0.26487822103424025,0.26487822103424025,0.26487822103424025,0.26487822103424025,0.26487822103424025
2007-09-13,0.10736524085594132,0.10736524085594132,0.10736524085594132,0.10736524085594132,0.10736524085594132,0.10736524085594132,0.10736524085594132,0.10736524085594132,0.10736524085594132,0.10736524085594132,0.10736524085594132,0.10736524085594132,0.10736524085594132,0.10736524085594132,0.10736524085594132
2007-09-14,0.15672595245520732,0.15672595245520732,0.15672595245520732,0.15672595245520732,0.15672595245520732,0.15672595245520732,0.15672595245520732,0.15672595245520732,0.15672595245520732,0.15672595245520732,0.15672595245520732,0.15672595245520732,0.15672595245520732,0.15672595245520732,0.15672595245520732
2007-09-15,0.0909329737981241,0.0909329737981241,0.0909329737981241,0.0909329737981241,0.0909329737981241,0.0909329737981241,0.0909329737981241,0.0909329737981241,0.0909329737981241,0.0909329737981241,0.0909329737981241,0.0909329737981241,0.0909329737981241,0.0909329737981241,0.0909329737981241
2007-09-16,-0.02686421723672861,-0.02686421723672861,-0.02686421723672861,-0.02686421723672861,-0.02686421723672861,-0.02686421723672861,-0.02686421723672861,-0.02686421723672861,-0.02686421723672861,-0.02686421723672861,-0.02686421723672861,-0.02686421723672861,-0.02686421723672861,-0.02686421723672861,-0.02686421723672861
2007-09-17,0.03035990207496195,0.03035990207496195,0.03035990207496195,0.03035990207496195,0.03035990207496195,0.03035990207496195,0.03035990207496195,0.03035990207496195,0.03035990207496195,0.03035990207496195,0.03035990207496195,0.03035990207496195,0.03035990207496195,0.03035990207496195,0.03035990207496195
2007-09-18,-0.1981433963087279,-0.1981433963087279,-0.1981433963087279,-0.1981433963087279,-0.1981433963087279,-0.1981433963087279,-0.1981433963087279,-0.1981433963087279,-0.1981433963087279,-0.1981433963087279,-0.1981433963087279,-0.1981433963087279,-0.1981433963087279,-0.1981433963087279,-0.1981433963087279
2007-09-19,-0.042660414897072195,-0.042660414897072195,-0.042660414897072195,-0.042660414897072195,-0.042660414897072195,-0.042660414897072195,-0.042660414897072195,-0.042660414897072195,-0.042660414897072195,-0.042660414897072195,-0.042660414897072195,-0.042660414897072195,-0.042660414897072195,-0.042660414897072195,-0.042660414897072195
2007-09-20,0.07315992188583217,0.07315992188583217,0.07315992188583217,0.07315992188583217,0.07315992188583217,0.07315992188583217,0.07315992188583217,0.07315992188583217,0.07315992188583217,0.07315992188583217,0.07315992188583217,0.07315992188583217,0.07315992188583217,0.07315992188583217,0.07315992188583217
2007-09-21,0.24625606200560773,0.24625606200560773,0.24625606200560773,0.24625606200560773,0.24625606200560773,0.24625606200560773,0.24625606200560773,0.24625606200560773,0.24625606200560773,0.24625606200560773,0.24625606200560773,0.24625606200560773,0.24625606200560773,0.24625606200560773,0.24625606200560773
2007-09-22,0.14174616164665685,0.14174616164665685,0.14174616164665685,0.14174616164665685,0.14174616164665685,0.14174616164665685,0.14174616164665685,0.14174616164665685,0.14174616164665685,0.14174616164665685,0.14174616164665685,0.14174616164665685,0.14174616164665685,0.14174616164665685,0.14174616164665685
2007-09-23,0.2508877585122255,0.2508877585122255,0.2508877585122255,0.2508877585122255,0.2508877585122255,0.2508877585122255,0.2508877585122255,0.2508877585122255,0.2508877585122255,0.2508877585122255,0.2508877585122255,0.2508877585122255,0.2508877585122255,0.2508877585122255,0.2508877585122255
2007-09-24,-0.09992425319552267,-0.09992425319552267,-0.09992425319552267,-0.09992425319552267,-0.09992425319552267,-0.09992425319552267,-0.09992425319552267,-0.09992425319552267,-0.09992425319552267,-0.09992425319552267,-0.09992425319552267,-0.09992425319552267,-0.09992425319552267,-0.09992425319552267,-0.09992425319552267
2007-09-25,-0.05559045587011569,-0.05559045587011569,-0.05559045587011569,-0.05559045587011569,-0.05559045587011569,-0.05559045587011569,-0.05559045587011569,-0.05559045587011569,-0.05559045587011569,-0.05559045587011569,-0.05559045587011569,-0.05559045587011569,-0.05559045587011569,-0.05559045587011569,-0.05559045587011569
2007-09-26,-0.018950806709109713,-0.018950806709109713,-0.018950806709109713,-0.018950806709109713,-0.018950806709109713,-0.018950806709109713,-0.018950806709109713,-0.018950806709109713,-0.018950806709109713,-0.018950806709109713,-0.018950806709109713,-0.018950806709109713,-0.018950806709109713,-0.018950806709109713,-0.018950806709109713
2007-09-27,0.33988850032116485,0.33988850032116485,0.33988850032116485,0.33988850032116485,0.33988850032116485,0.33988850032116485,0.33988850032116485,0.33988850032116485,0.33988850032116485,0.33988850032116485,0.33988850032116485,0.33988850032116485,0.33988850032116485,0.33988850032116485,0.33988850032116485
2007-09-28,0.23190194404537356,0.23190194404537356,0.23190194404537356,0.23190194404537356,0.23190194404537356,0.23190194404537356,0.23190194404537356,0.23190194404537356,0.23190194404537356,0.23190194404537356,0.23190194404537356,0.23190194404537356,0.23190194404537356,0.23190194404537356,0.23190194404537356
2007-09-29,0.11897670013406399,0.11897670013406399,0.11897670013406399,0.11897670013406399,0.11897670013406399,0.11897670013406399,0.11897670013406399,0.11897670013406399,0.11897670013406399,0.11897670013406399,0.11897670013406399,0.11897670013406399,0.11897670013406399,0.11897670013406399,0.11897670013406399
2007-09-30,0.05868912965846187,0.05868912965846187,0.05868912965846187,0.05868912965846187,0.05868912965846187,0.05868912965846187,0.05868912965846187,0.05868912965846187,0.05868912965846187,0.05868912965846187,0.05868912965846187,0.05868912965846187,0.05868912965846187,0.05868912965846187,0.05868912965846187
2007-10-01,0.08208460634610536,0.08208460634610536,0.08208460634610536,0.08208460634610536,0.08208460634610536,0.08208460634610536,0.08208460634610536,0.08208460634610536,0.08208460634610536,0.08208460634610536,0.08208460634610536,0.08208460634610536,0.08208460634610536,0.08208460634610536,0.08208460634610536
2007-10-02,0.3892910439125301,0.3892910439125301,0.3892910439125301,0.3892910439125301,0.3892910439125301,0.3892910439125301,0.3892910439125301,0.3892910439125301,0.3892910439125301,0.3892910439125301,0.3892910439125301,0.3892910439125301,0.3892910439125301,0.3892910439125301,0.3892910439125301
2007-10-03,0.5054479476637106,0.5054479476637106,0.5054479476637106,0.5054479476637106,0.5054479476637106,0.5054479476637106,0.5054479476637106,0.5054479476637106,0.5054479476637106,0.5054479476637106,0.5054479476637106,0.5054479476637106,0.5054479476637106,0.5054479476637106,0.5054479476637106
2007-10-04,0.36390050288944653,0.36390050288944653,0.36390050288944653,0.36390050288944653,0.36390050288944653,0.36390050288944653,0.36390050288944653,0.36390050288944653,0.36390050288944653,0.36390050288944653,0.36390050288944653,0.36390050288944653,0.36390050288944653,0.36390050288944653,0.36390050288944653
2007-10-05,0.3664802943469644,0.3664802943469644,0.3664802943469644,0.3664802943469644,0.3664802943469644,0.3664802943469644,0.3664802943469644,0.3664802943469644,0.3664802943469644,0.3664802943469644,0.3664802943469644,0.3664802943469644,0.3664802943469644,0.3664802943469644,0.3664802943469644
2007-10-06,0.4191995241682749,0.4191995241682749,0.4191995241682749,0.4191995241682749,0.4191995241682749,0.4191995241682749,0.4191995241682749,0.4191995241682749,0.4191995241682749,0.4191995241682749,0.4191995241682749,0.4191995241682749,0.4191995241682749,0.4191995241682749,0.4191995241682749
2007-10-07,0.08346467488916522,0.08346467488916522,0.08346467488916522,0.08346467488916522,0.08346467488916522,0.08346467488916522,0.08346467488916522,0.08346467488916522,0.08346467488916522,0.08346467488916522,0.08346467488916522,0.08346467488916522,0.08346467488916522,0.08346467488916522,0.08346467488916522
2007-10-08,0.14703100321849474,0.14703100321849474,0.14703100321849474,0.14703100321849474,0.14703100321849474,0.14703100321849474,0.14703100321849474,0.14703100321849474,0.14703100321849474,0.14703100321849474,0.14703100321849474,0.14703100321849474,0.14703100321849474,0.14703100321849474,0.14703100321849474
2007-10-09,0.3878401763579325,0.3878401763579325,0.3878401763579325,0.3878401763579325,0.3878401763579325,0.3878401763579325,0.3878401763579325,0.3878401763579325,0.3878401763579325,0.3878401763579325,0.3878401763579325,0.3878401763579325,0.3878401763579325,0.3878401763579325,0.3878401763579325
2007-10-10,0.4010502180778752,0.4010502180778752,0.4010502180778752,0.4010502180778752,0.4010502180778752,0.4010502180778752,0.4010502180778752,0.4010502180778752,0.4010502180778752,0.4010502180778752,0.4010502180778752,0.4010502180778752,0.4010502180778752,0.4010502180778752,0.4010502180778752
2007-10-11,-0.008035736232125444,-0.008035736232125444,-0.008035736232125444,-0.008035736232125444,-0.008035736232125444,-0.008035736232125444,-0.008035736232125444,-0.008035736232125444,-0.008035736232125444,-0.008035736232125444,-0.008035736232125444,-0.008035736232125444,-0.008035736232125444,-0.008035736232125444,-0.008035736232125444
2007-10-12,0.1928453521113355,0.1928453521113355,0.1928453521113355,0.1928453521113355,0.1928453521113355,0.1928453521113355,0.1928453521113355,0.1928453521113355,0.1928453521113355,0.1928453521113355,0.1928453521113355,0.1928453521113355,0.1928453521113355,0.1928453521113355,0.1928453521113355
2007-10-13,0.07210778634248233,0.07210778634248233,0.07210778634248233,0.07210778634248233,0.07210778634248233,0.07210778634248233,0.07210778634248233,0.07210778634248233,0.07210778634248233,0.07210778634248233,0.07210778634248233,0.07210778634248233,0.07210778634248233,0.07210778634248233,0.07210778634248233
2007-10-14,0.08093180839527855,0.08093180839527855,0.08093180839527855,0.08093180839527855,0.08093180839527855,0.08093180839527855,0.08093180839527855,0.08093180839527855,0.08093180839527855,0.08093180839527855,0.08093180839527855,0.08093180839527855,0.08093180839527855,0.08093180839527855,0.08093180839527855
2007-10-15,0.05653827881836145,0.05653827881836145,0.05653827881836145,0.05653827881836145,0.05653827881836145,0.05653827881836145,0.05653827881836145,0.05653827881836145,0.05653827881836145,0.05653827881836145,0.05653827881836145,0.05653827881836145,0.05653827881836145,0.05653827881836145,0.05653827881836145
2007-10-16,-0.12043241505541899,-0.12043241505541899,-0.12043241505541899,-0.12043241505541899,-0.12043241505541899,-0.12043241505541899,-0.12043241505541899,-0.12043241505541899,-0.12043241505541899,-0.12043241505541899,-0.12043241505541899,-0.12043241505541899,-0.12043241505541899,-0.12043241505541899,-0.12043241505541899
2007-10-17,-0.22041602202114305,-0.22041602202114305,-0.22041602202114305,-0.22041602202114305,-0.22041602202114305,-0.22041602202114305,-0.22041602202114305,-0.22041602202114305,-0.22041602202114305,-0.22041602202114305,-0.22041602202114305,-0.22041602202114305,-0.22041602202114305,-0.22041602202114305,-0.22041602202114305
2007-10-18,-0.39591357129868104,-0.39591357129868104,-0.39591357129868104,-0.39591357129868104,-0.39591357129868104,-0.39591357129868104,-0.39591357129868104,-0.39591357129868104,-0.39591357129868104,-0.39591357129868104,-0.39591357129868104,-0.39591357129868104,-0.39591357129868104,-0.39591357129868104,-0.39591357129868104
2007-10-19,-0.5307574178330984,-0.5307574178330984,-0.5307574178330984,-0.5307574178330984,-0.5307574178330984,-0.5307574178330984,-0.5307574178330984,-0.5307574178330984,-0.5307574178330984,-0.5307574178330984,-0.5307574178330984,-0.5307574178330984,-0.5307574178330984,-0.5307574178330984,-0.5307574178330984
2007-10-20,-0.5421084260845764,-0.5421084260845764,-0.5421084260845764,-0.5421084260845764,-0.5421084260845764,-0.5421084260845764,-0.5421084260845764,-0.5421084260845764,-0.5421084260845764,-0.5421084260845764,-0.5421084260845764,-0.5421084260845764,-0.5421084260845764,-0.5421084260845764,-0.5421084260845764
2007-10-21,-0.7050601696988679,-0.7050601696988679,-0.7050601696988679,-0.7050601696988679,-0.7050601696988679,-0.7050601696988679,-0.7050601696988679,-0.7050601696988679,-0.7050601696988679,-0.7050601696988679,-0.7050601696988679,-0.7050601696988679,-0.7050601696988679,-0.7050601696988679,-0.7050601696988679
2007-10-22,-0.6906539502627072,-0.6906539502627072,-0.6906539502627072,-0.6906539502627072,-0.6906539502627072,-0.6906539502627072,-0.6906539502627072,-0.6906539502627072,-0.6906539502627072,-0.6906539502627072,-0.6906539502627072,-0.6906539502627072,-0.6906539502627072,-0.6906539502627072,-0.6906539502627072
2007-10-23,-0.6440707299835254,-0.6440707299835254,-0.6440707299835254,-0.6440707299835254,-0.6440707299835254,-0.6440707299835254,-0.6440707299835254,-0.6440707299835254,-0.6440707299835254,-0.6440707299835254,-0.6440707299835254,-0.6440707299835254,-0.6440707299835254,-0.6440707299835254,-0.6440707299835254
2007-10-24,-0.5492818796709664,-0.5492818796709664,-0.5492818796709664,-0.5492818796709664,-0.5492818796709664,-0.5492818796709664,-0.5492818796709664,-0.5492818796709664,-0.5492818796709664,-0.5492818796709664,-0.5492818796709664,-0.5492818796709664,-0.5492818796709664,-0.5492818796709664,-0.5492818796709664
2007-10-25,-0.19948501669149243,-0.19948501669149243,-0.19948501669149243,-0.19948501669149243,-0.19948501669149243,-0.19948501669149243,-0.19948501669149243,-0.19948501669149243,-0.19948501669149243,-0.19948501669149243,-0.19948501669149243,-0.19948501669149243,-0.19948501669149243,-0.19948501669149243,-0.19948501669149243
2007-10-26,-0.023022014100116513,-0.023022014100116513,-0.023022014100116513,-0.023022014100116513,-0.023022014100116513,-0.023022014100116513,-0.023022014100116513,-0.023022014100116513,-0.023022014100116513,-0.023022014100116513,-0.023022014100116513,-0.023022014100116513,-0.023022014100116513,-0.023022014100116513,-0.023022014100116513
2007-10-27,0.21816238453866107,0.21816238453866107,0.21816238453866107,0.21816238453866107,0.21816238453866107,0.21816238453866107,0.21816238453866107,0.21816238453866107,0.21816238453866107,0.21816238453866107,0.21816238453866107,0.21816238453866107,0.21816238453866107,0.21816238453866107,0.21816238453866107
2007-10-28,0.29331347971466987,0.29331347971466987,0.29331347971466987,0.29331347971466987,0.29331347971466987,0.29331347971466987,0.29331347971466987,0.29331347971466987,0.29331347971466987,0.29331347971466987,0.29331347971466987,0.29331347971466987,0.29331347971466987,0.29331347971466987,0.29331347971466987
2007-10-29,0.1526222140964516,0.1526222140964516,0.1526222140964516,0.1526222140964516,0.1526222140964516,0.1526222140964516,0.1526222140964516,0.1526222140964516,0.1526222140964516,0.1526222140964516,0.1526222140964516,0.1526222140964516,0.1526222140964516,0.1526222140964516,0.1526222140964516
2007-10-30,-0.10395573767462736,-0.10395573767462736,-0.10395573767462736,-0.10395573767462736,-0.10395573767462736,-0.10395573767462736,-0.10395573767462736,-0.10395573767462736,-0.10395573767462736,-0.10395573767462736,-0.10395573767462736,-0.10395573767462736,-0.10395573767462736,-0.10395573767462736,-0.10395573767462736
2007-10-31,-0.019497710766011825,-0.019497710766011825,-0.019497710766011825,-0.019497710766011825,-0.019497710766011825,-0.019497710766011825,-0.019497710766011825,-0.019497710766011825,-0.019497710766011825,-0.019497710766011825,-0.019497710766011825,-0.019497710766011825,-0.019497710766011825,-0.019497710766011825,-0.019497710766011825
2007-11-01,-0.0158048236041778,-0.0158048236041778,-0.0158048236041778,-0.0158048236041778,-0.0158048236041778,-0.0158048236041778,-0.0158048236041778,-0.0158048236041778,-0.0158048236041778,-0.0158048236041778,-0.0158048236041778,-0.0158048236041778,-0.0158048236041778,-0.0158048236041778,-0.0158048236041778
2007-11-02,-0.2054201359151398,-0.2054201359151398,-0.2054201359151398,-0.2054201359151398,-0.2054201359151398,-0.2054201359151398,-0.2054201359151398,-0.2054201359151398,-0.2054201359151398,-0.2054201359151398,-0.2054201359151398,-0.2054201359151398,-0.2054201359151398,-0.2054201359151398,-0.2054201359151398
2007-11-03,-0.2822133945079637,-0.2822133945079637,-0.2822133945079637,-0.2822133945079637,-0.2822133945079637,-0.2822133945079637,-0.2822133945079637,-0.2822133945079637,-0.2822133945079637,-0.2822133945079637,-0.2822133945079637,-0.2822133945079637,-0.2822133945079637,-0.2822133945079637,-0.2822133945079637
2007-11-04,-0.44679289602866445,-0.44679289602866445,-0.44679289602866445,-0.44679289602866445,-0.44679289602866445,-0.44679289602866445,-0.44679289602866445,-0.44679289602866445,-0.44679289602866445,-0.44679289602866445,-0.44679289602866445,-0.44679289602866445,-0.44679289602866445,-0.44679289602866445,-0.44679289602866445
2007-11-05,-0.32113876442686046,-0.32113876442686046,-0.32113876442686046,-0.32113876442686046,-0.32113876442686046,-0.32113876442686046,-0.32113876442686046,-0.32113876442686046,-0.32113876442686046,-0.32113876442686046,-0.32113876442686046,-0.32113876442686046,-0.32113876442686046,-0.32113876442686046,-0.32113876442686046
2007-11-06,-0.1643365340909268,-0.1643365340909268,-0.1643365340909268,-0.1643365340909268,-0.1643365340909268,-0.1643365340909268,-0.1643365340909268,-0.1643365340909268,-0.1643365340909268,-0.1643365340909268,-0.1643365340909268,-0.1643365340909268,-0.1643365340909268,-0.1643365340909268,-0.1643365340909268
2007-11-07,0.0933864607456111,0.0933864607456111,0.0933864607456111,0.0933864607456111,0.0933864607456111,0.0933864607456111,0.0933864607456111,0.0933864607456111,0.0933864607456111,0.0933864607456111,0.0933864607456111,0.0933864607456111,0.0933864607456111,0.0933864607456111,0.0933864607456111
2007-11-08,0.26572262012630216,0.26572262012630216,0.26572262012630216,0.26572262012630216,0.26572262012630216,0.26572262012630216,0.26572262012630216,0.26572262012630216,0.26572262012630216,0.26572262012630216,0.26572262012630216,0.26572262012630216,0.26572262012630216,0.26572262012630216,0.26572262012630216
2007-11-09,0.3512773785377508,0.3512773785377508,0.3512773785377508,0.3512773785377508,0.3512773785377508,0.3512773785377508,0.3512773785377508,0.3512773785377508,0.3512773785377508,0.3512773785377508,0.3512773785377508,0.3512773785377508,0.3512773785377508,0.3512773785377508,0.3512773785377508
2007-11-10,0.07205347619855317,0.07205347619855317,0.07205347619855317,0.07205347619855317,0.07205347619855317,0.07205347619855317,0.07205347619855317,0.07205347619855317,0.07205347619855317,0.07205347619855317,0.07205347619855317,0.07205347619855317,0.07205347619855317,0.07205347619855317,0.07205347619855317
2007-11-11,0.15830485182604223,0.15830485182604223,0.15830485182604223,0.15830485182604223,0.15830485182604223,0.15830485182604223,0.15830485182604223,0.15830485182604223,0.15830485182604223,0.15830485182604223,0.15830485182604223,0.15830485182604223,0.15830485182604223,0.15830485182604223,0.15830485182604223
2007-11-12,0.17047573430104798,0.17047573430104798,0.17047573430104798,0.17047573430104798,0.17047573430104798,0.17047573430104798,0.17047573430104798,0.17047573430104798,0.17047573430104798,0.17047573430104798,0.17047573430104798,0.17047573430104798,0.17047573430104798,0.17047573430104798,0.17047573430104798
2007-11-13,0.026889010241907263,0.026889010241907263,0.026889010241907263,0.026889010241907263,0.026889010241907263,0.026889010241907263,0.026889010241907263,0.026889010241907263,0.026889010241907263,0.026889010241907263,0.026889010241907263,0.026889010241907263,0.026889010241907263,0.026889010241907263,0.026889010241907263
2007-11-14,0.22816453810413323,0.22816453810413323,0.22816453810413323,0.22816453810413323,0.22816453810413323,0.22816453810413323,0.22816453810413323,0.22816453810413323,0.22816453810413323,0.22816453810413323,0.22816453810413323,0.22816453810413323,0.22816453810413323,0.22816453810413323,0.22816453810413323
2007-11-15,0.5753231858573427,0.5753231858573427,0.5753231858573427,0.5753231858573427,0.5753231858573427,0.5753231858573427,0.5753231858573427,0.5753231858573427,0.5753231858573427,0.5753231858573427,0.5753231858573427,0.5753231858573427,0.5753231858573427,0.5753231858573427,0.5753231858573427
2007-11-16,0.9459800440074732,0.9459800440074732,0.9459800440074732,0.9459800440074732,0.9459800440074732,0.9459800440074732,0.9459800440074732,0.9459800440074732,0.9459800440074732,0.9459800440074732,0.9459800440074732,0.9459800440074732,0.9459800440074732,0.9459800440074732,0.9459800440074732
2007-11-17,1.2917973935201161,1.2917973935201161,1.2917973935201161,1.2917973935201161,1.2917973935201161,1.2917973935201161,1.2917973935201161,1.2917973935201161,1.2917973935201161,1.2917973935201161,1.2917973935201161,1.2917973935201161,1.2917973935201161,1.2917973935201161,1.2917973935201161
2007-11-18,1.2349700870987068,1.2349700870987068,1.2349700870987068,1.2349700870987068,1.2349700870987068,1.2349700870987068,1.2349700870987068,1.2349700870987068,1.2349700870987068,1.2349700870987068,1.2349700870987068,1.2349700870987068,1.2349700870987068,1.2349700870987068,1.2349700870987068
2007-11-19,1.372903733391943,1.372903733391943,1.372903733391943,1.372903733391943,1.372903733391943,1.372903733391943,1.372903733391943,1.372903733391943,1.372903733391943,1.372903733391943,1.372903733391943,1.372903733391943,1.372903733391943,1.372903733391943,1.372903733391943
2007-11-20,1.583163315038608,1.583163315038608,1.583163315038608,1.583163315038608,1.583163315038608,1.583163315038608,1.583163315038608,1.583163315038608,1.583163315038608,1.583163315038608,1.583163315038608,1.583163315038608,1.583163315038608,1.583163315038608,1.583163315038608
2007-11-21,1.6756066943599874,1.6756066943599874,1.6756066943599874,1.6756066943599874,1.6756066943599874,1.6756066943599874,1.6756066943599874,1.6756066943599874,1.6756066943599874,1.6756066943599874,1.6756066943599874,1.6756066943599874,1.6756066943599874,1.6756066943599874,1.6756066943599874
2007-11-22,1.6946965040795343,1.6946965040795343,1.6946965040795343,1.6946965040795343,1.6946965040795343,1.6946965040795343,1.6946965040795343,1.6946965040795343,1.6946965040795343,1.6946965040795343,1.6946965040795343,1.6946965040795343,1.6946965040795343,1.6946965040795343,1.6946965040795343
2007-11-23,1.561318027590753,1.561318027590753,1.561318027590753,1.561318027590753,1.561318027590753,1.561318027590753,1.561318027590753,1.561318027590753,1.561318027590753,1.561318027590753,1.561318027590753,1.561318027590753,1.561318027590753,1.561318027590753,1.561318027590753
2007-11-24,1.6254373220821376,1.6254373220821376,1.6254373220821376,1.6254373220821376,1.6254373220821376,1.6254373220821376,1.6254373220821376,1.6254373220821376,1.6254373220821376,1.6254373220821376,1.6254373220821376,1.6254373220821376,1.6254373220821376,1.6254373220821376,1.6254373220821376
2007-11-25,1.856662439506702,1.856662439506702,1.856662439506702,1.856662439506702,1.856662439506702,1.856662439506702,1.856662439506702,1.856662439506702,1.856662439506702,1.856662439506702,1.856662439506702,1.856662439506702,1.856662439506702,1.856662439506702,1.856662439506702
2007-11-26,2.332115376576645,2.332115376576645,2.332115376576645,2.332115376576645,2.332115376576645,2.332115376576645,2.332115376576645,2.332115376576645,2.332115376576645,2.332115376576645,2.332115376576645,2.332115376576645,2.332115376576645,2.332115376576645,2.332115376576645
2007-11-27,2.6062124454061784,2.6062124454061784,2.6062124454061784,2.6062124454061784,2.6062124454061784,2.6062124454061784,2.6062124454061784,2.6062124454061784,2.6062124454061784,2.6062124454061784,2.6062124454061784,2.6062124454061784,2.6062124454061784,2.6062124454061784,2.6062124454061784
2007-11-28,2.671507537397669,2.671507537397669,2.671507537397669,2.671507537397669,2.671507537397669,2.671507537397669,2.671507537397669,2.671507537397669,2.671507537397669,2.671507537397669,2.671507537397669,2.671507537397669,2.671507537397669,2.671507537397669,2.671507537397669
2007-11-29,2.3609719775441103,2.3609719775441103,2.3609719775441103,2.3609719775441103,2.3609719775441103,2.3609719775441103,2.3609719775441103,2.3609719775441103,2.3609719775441103,2.3609719775441103,2.3609719775441103,2.3609719775441103,2.3609719775441103,2.3609719775441103,2.3609719775441103
2007-11-30,2.1234516853692633,2.1234516853692633,2.1234516853692633,2.1234516853692633,2.1234516853692633,2.1234516853692633,2.1234516853692633,2.1234516853692633,2.1234516853692633,2.1234516853692633,2.1234516853692633,2.1234516853692633,2.1234516853692633,2.1234516853692633,2.1234516853692633
2007-12-01,1.5538059205973302,1.5538059205973302,1.5538059205973302,1.5538059205973302,1.5538059205973302,1.5538059205973302,1.5538059205973302,1.5538059205973302,1.5538059205973302,1.5538059205973302,1.5538059205973302,1.5538059205973302,1.5538059205973302,1.5538059205973302,1.5538059205973302
2007-12-02,1.3197789128737398,1.3197789128737398,1.3197789128737398,1.3197789128737398,1.3197789128737398,1.3197789128737398,1.3197789128737398,1.3197789128737398,1.3197789128737398,1.3197789128737398,1.3197789128737398,1.3197789128737398,1.3197789128737398,1.3197789128737398,1.3197789128737398
2007-12-03,0.9507818051382261,0.9507818051382261,0.9507818051382261,0.9507818051382261,0.9507818051382261,0.9507818051382261,0.9507818051382261,0.9507818051382261,0.9507818051382261,0.9507818051382261,0.9507818051382261,0.9507818051382261,0.9507818051382261,0.9507818051382261,0.9507818051382261
2007-12-04,0.13578985251468448,0.13578985251468448,0.13578985251468448,0.13578985251468448,0.13578985251468448,0.13578985251468448,0.13578985251468448,0.13578985251468448,0.13578985251468448,0.13578985251468448,0.13578985251468448,0.13578985251468448,0.13578985251468448,0.13578985251468448,0.13578985251468448
2007-12-05,-0.6127371279942689,-0.6127371279942689,-0.6127371279942689,-0.6127371279942689,-0.6127371279942689,-0.6127371279942689,-0.6127371279942689,-0.6127371279942689,-0.6127371279942689,-0.6127371279942689,-0.6127371279942689,-0.6127371279942689,-0.6127371279942689,-0.6127371279942689,-0.6127371279942689
2007-12-06,-1.0483099111424952,-1.0483099111424952,-1.0483099111424952,-1.0483099111424952,-1.0483099111424952,-1.0483099111424952,-1.0483099111424952,-1.0483099111424952,-1.0483099111424952,-1.0483099111424952,-1.0483099111424952,-1.0483099111424952,-1.0483099111424952,-1.0483099111424952,-1.0483099111424952
2007-12-07,-1.2601405322490973,-1.2601405322490973,-1.2601405322490973,-1.2601405322490973,-1.2601405322490973,-1.2601405322490973,-1.2601405322490973,-1.2601405322490973,-1.2601405322490973,-1.2601405322490973,-1.2601405322490973,-1.2601405322490973,-1.2601405322490973,-1.2601405322490973,-1.2601405322490973
2007-12-08,-1.8430597836076439,-1.8379726301824835,-1.7639837736945503,-1.828869553920116,-1.8152966435554332,-1.8469453373167697,-1.7646054387495764,-1.8726811301417576,-1.76462339394323,-1.8534735810180243,-1.8150346604310523,-1.837547069828297,-1.8560247280221194,-1.8026976588386578,-1.8165221774856792
2007-12-09,-1.924092257688435,-1.8649724081293138,-1.8028710712053766,-1.9237965650285243,-1.8565681937055278,-1.9453662333970985,-1.8289736937370604,-1.8573489007199835,-1.8882308558135115,-1.681069929483,-1.7913749451529293,-1.8434393195024488,-1.8928450291183156,-1.9444119910683182,-1.9354463592268063
2007-12-10,-1.9597240438190477,-1.8267052382401154,-1.7267596452070015,-1.8666818364735185,-1.7484832803991712,-2.1315599896419815,-1.8071870021182586,-1.8580444580856468,-1.9619434063003425,-1.7375675146146234,-1.859755248054291,-1.8308952660737865,-1.9214308395873876,-2.0997077820481156,-1.950249271953544
2007-12-11,-1.9019582721225428,-1.6167505089095013,-1.6888812537598412,-1.7406290463618566,-1.4825732295850533,-2.000218458252616,-1.7913140870817805,-1.717449807697112,-1.9563052349278982,-1.5963960946467821,-1.6633404553425106,-1.713706617086153,-1.9959300032883152,-1.8076826964865926,-1.6830747306362666
2007-12-12,-1.6408074855638202,-1.344570582628294,-1.1413320887051437,-1.557316221942915,-1.236430401640631,-1.8484528368314344,-1.658762357753101,-1.4884828863875195,-1.9507614982246873,-1.3833006856554344,-1.4645545655079764,-1.3248802252287668,-1.7091125585558156,-1.4130991502871133,-1.4357061505857134
2007-12-13,-1.5374831336840027,-1.2211816534379214,-1.0100814673971854,-1.7033012447114892,-1.120493509899619,-1.8318054498316603,-1.4943629373520368,-1.6682094757886132,-2.106167523148052,-1.2762657276872098,-1.7122061420744703,-1.3133293879437766,-1.530175497975093,-1.0867865169074575,-1.384562653926602
2007-12-14,-1.6362201856397334,-1.3643787657926512,-1.2683607628363138,-1.584278071355805,-1.0649863358781997,-2.212511068106952,-1.6583056562254435,-1.8732730554825174,-2.259705369913717,-1.56972695808025,-1.9630013132006778,-0.9781372686141435,-1.5789285717025936,-1.0294767288727977,-1.5524413628580294
2007-12-15,-1.8135439003822524,-1.8014979602785,-1.6364582919080213,-1.7381313347216119,-1.0722241226398799,-2.3052763770461056,-1.9017241871917083,-2.216292705306825,-2.6359069645757707,-1.8980667069219184,-2.5167360056129926,-0.7571037829324501,-1.6335590991271542,-1.0227971691446862,-1.8430270844355536
2007-12-16,-1.925881489192292,-2.118549032973626,-1.8132729166137385,-1.6280478988845997,-1.0395381359338292,-2.446797477067474,-2.0448538443267346,-2.4666666676368285,-2.6798493363017104,-2.0155479877201574,-2.741231022019993,-0.7351313896271094,-1.6368055940890895,-1.1979177770471374,-1.8819576996281235
2007-12-17,-1.9804029166786323,-2.1224658608280036,-1.9116862692422045,-1.648581507385,-0.9801114958364362,-2.2930616633881455,-2.1506099958327543,-2.3040839614504622,-2.704311415928091,-2.0812370456959353,-2.9449399399673615,-0.74123626844124,-1.710598808008216,-1.105592131150045,-1.8540245581077142
2007-12-18,-2.0814262090862363,-2.068340380214885,-1.9023965779582708,-1.4365823815361132,-0.6856361480542107,-2.031075210739603,-2.2121733617837767,-2.2425434715141574,-2.6218593496297924,-2.187880028064372,-2.9248719317977248,-0.781798343260531,-1.7453645533373783,-1.1679659194616543,-1.883018106682038
2007-12-19,-2.0922653310078663,-2.0571502225960536,-2.0290115295669167,-1.611422935806428,-0.5386323485529211,-1.8286182556531605,-2.0794738471939977,-2.1274985108045463,-2.6432849997308367,-2.1013358746681132,-2.584632042003827,-0.5379064711595337,-1.8177779229055788,-1.406771430096021,-1.6937017588647216
2007-12-20,-2.1621303482604275,-2.2345262896387204,-1.9371979481647623,-1.5782884608844368,-0.6611913192763491,-1.771885296627248,-1.7897921149771412,-1.9016911730091848,-2.6890364021622455,-2.172814935945572,-2.3545174904679596,-0.3727702476087962,-2.128057066402644,-1.589208405506872,-1.9728159127933398
2007-12-21,-2.12572170803062,-2.5061794291877026,-1.9462347435104657,-1.4850834646910414,-0.7251157882929768,-1.8962719278959328,-1.3123527873347463,-1.5838063840158347,-2.699366558153466,-2.402852704746178,-2.1675728983365734,-0.11513397773460958,-2.0671841720255437,-1.6893783199407264,-1.9046668730112366
2007-12-22,-1.7083447846804862,-2.1945024664637427,-1.3624974688461429,-1.2510747844503876,-0.8097129563038461,-1.724423875578314,-0.6766489107075109,-1.0938125344410052,-2.471692596562945,-2.4244628573706755,-2.161679389891789,0.0960721714685084,-1.6639745981064986,-1.539558016035482,-1.482054972070545
2007-12-23,-1.3875042391383539,-1.944869420419267,-1.2906616762341045,-1.0637341700351648,-0.627854671119677,-1.557031115027813,-0.11861892985862955,-0.6566448407107042,-2.071368053104223,-2.4753143533286197,-2.1027357644992044,0.5203245965425508,-1.2776272845914776,-1.1457497123189224,-1.31487311388884
2007-12-24,-1.2607596797633935,-1.7021448290706727,-1.2653615174720834,-0.7313777534579661,-0.371174764834656,-1.579394561183321,0.3053345484758573,-0.5885039552804694,-2.001512109902347,-2.321065084591175,-2.0718153921214117,0.7989374923014575,-1.0683968713811427,-0.8183960061196868,-1.2870533838316986
2007-12-25,-1.0938183835300082,-1.6378887211244733,-1.3012601095029468,-0.13731782780521212,-0.48864592519224825,-1.3420044737793948,0.6568758791937797,-0.3631873599916186,-1.8230061671726445,-2.1948277321644425,-2.1299364743065956,0.8498328201406772,-0.7947136551507707,-0.2996594414691751,-1.1099047215773905
2007-12-26,-0.837138985089423,-1.3875956537991165,-1.2780696935280347,0.5774590167663115,-0.7885061118173123,-1.3623393295159605,0.763644082385325,-0.34304084484960606,-1.654185412282333,-1.9827105558511924,-2.0384807384356964,0.9234623146184358,-0.391923896102958,-0.11708060303276709,-1.0471345602113455
2007-12-27,-0.7373999915758302,-1.3746642737453245,-1.6797269239459762,0.8930496142433869,-0.8897821698730733,-1.3830164316043585,0.6858507644016169,-0.23161605368744936,-1.4133997761301822,-1.579328536320365,-2.0663143714387058,1.2701818482633551,-0.09041218202426039,-0.08387949087233483,-0.8599584603192675
2007-12-28,-0.7415503976967679,-1.668318542526798,-1.8089166915201746,0.8821449753538949,-1.0355938001122118,-1.4484770877575557,0.5515711064451326,-0.34225591283051976,-1.1040036613668143,-1.5272494879849543,-1.8393651761760703,1.416223509221244,-0.19250762530452842,-0.17275145833258726,-0.966648407866474
2007-12-29,-0.9775031593719742,-1.6504157894242186,-1.9021462925048236,1.3046030767296333,-1.1897520958274308,-1.3768550585842392,0.3275528220316576,-0.5488654331940203,-1.0504411883464073,-1.4092746497989943,-1.6345743938153647,1.1576180903333775,-0.12176912404604537,0.003706196806809559,-0.9020153486713346
2007-12-30,-1.2594667419888328,-1.6020430450922023,-1.8401311907876727,1.2907697700603036,-1.3954588865754303,-1.191417699988458,0.41873553520904844,-0.8881874859849557,-0.7774296281444052,-1.3405908084301674,-1.5267281427359076,0.7075136416994768,0.03512189700616138,0.3520552660611483,-0.9389146232528872
2007-12-31,-1.2358124336961627,-1.4053760709507188,-1.8487253150922023,1.179002507814247,-1.4841449516181215,-1.1309259560752392,0.7156196425757857,-0.8701421343616371,-0.6894962770520837,-1.2659199934086625,-1.3237299896534351,0.08346521459904299,-0.0346563333412676,0.5242209290777727,-1.0870802657766458
2008-01-01,-1.1118105987707514,-1.2036064145698337,-2.1207367679141567,0.8994261777701965,-1.5818098285851643,-1.1643823415532806,0.5956362899933829,-1.128357152295192,-0.5856609625691453,-1.2901622504478676,-1.095861145988974,-0.3275863523167577,-0.15083112667953977,0.8223217461709794,-1.4716622074085677
2008-01-02,-1.2638030878355204,-1.334289687460553,-2.1831677061476515,0.7978216269111483,-1.4675556527769067,-1.2452761813463817,0.5109981205338632,-1.438014349730663,-0.5040192393908757,-1.2372607814709438,-1.017326396856152,-0.5216678247312352,-0.13377702635699446,0.9680293262781365,-1.7586180976702999
2008-01-03,-1.772698774207378,-1.7119874578327865,-2.126907500711936,0.7999065511102139,-1.3193105585073093,-1.3134263013440874,0.26240046799120786,-1.5375752868349641,-0.6476223145368767,-1.2804337527932992,-1.117726416300186,-0.5132528530920333,-0.2661199038094179,0.856919016723714,-1.7064009932671027
2008-01-04,-1.9915662640301761,-1.6480139599208532,-2.4136452011306218,0.6573629119653376,-1.5277176604604654,-1.389219354816864,0.2704377084463172,-1.5343386407403588,-0.32376066843140183,-1.4056454882825464,-0.9350574984351054,-0.33877259912687246,-0.4268476201945488,0.5559582512488214,-1.7654545257937393
2008-01-05,-2.107361685581301,-1.3499529878899281,-2.51303835297893,0.7107621109001213,-1.6664070778418565,-1.2347003105806622,0.3358883027271362,-1.2369674703476377,-0.1551680603146893,-1.1864437678815145,-0.8116147378059779,-0.1775978786743531,-0.5033040247014988,0.5376542525749889,-1.4861347737057102
2008-01-06,-2.2561523687202176,-1.5730881999376976,-2.479230049520701,0.6065912406846224,-1.812326715872009,-1.0643294786658786,0.4546322781311871,-1.3061497979687295,0.020968882698498656,-0.990693465706424,-0.6975252310839275,-0.1982124035380595,-0.6769406297863004,0.4516505833225987,-0.9120720923355446
2008-01-07,-2.238504367622136,-1.2808057728602695,-2.268733571668804,0.7402617458684418,-1.8080891287097725,-0.5481986908098428,0.7736729494459987,-1.4092157076156697,-0.11669784474134871,-0.6423392310656824,-0.9059389435995125,-0.398349013036532,-0.9359082356617677,0.13386724775240988,-0.7291870077381148
2008-01-08,-2.136487016249814,-1.3091825437375402,-2.120704753286706,0.9205890725713525,-1.8633792832491234,-0.4237804765304282,0.6511218054246817,-1.6753513958039536,-0.9642131118716245,-0.39034303878044596,-1.1540220221323585,-0.8004001744910028,-0.8619062920643061,-0.2831749215056149,-0.9462379051638596
2008-01-09,-2.167613501469483,-1.5144471184180008,-2.110869252348527,1.1179225119482024,-1.8625228428439609,-0.6068884890239141,0.5337679989521936,-1.9068582500323157,-1.3488271573108819,-0.17448084319706988,-1.1187449655687267,-1.3911749862116374,-0.8986005142632542,-0.5391581644242116,-0.9250715043042174
2008-01-10,-2.154393276048686,-1.538036609490826,-2.0986729555990458,1.2890272229876354,-1.9672589289561153,-0.8206162832181211,0.413636563426483,-2.1694592433308526,-1.565774748833876,0.39485168298367196,-1.1048124264230363,-1.6454716400431966,-1.0356506274167399,-0.1078698691641829,-0.7804009045688542
2008-01-11,-1.8458819924757672,-1.3450880524444753,-2.064893877071929,1.4908109938708727,-1.868235958225683,-0.8739561354087095,0.04054208320473433,-2.129266701953513,-1.7276102346943025,0.6406714823590821,-1.2369653098634301,-1.5082635584907254,-0.9236581922093324,-0.1078488166922347,-0.833376257593165
2008-01-12,-1.7522984040269673,-1.080571395036409,-1.6984713794154882,1.4659591219362844,-1.673346616852891,-1.012889730160065,-0.25761616262471326,-2.040603807684397,-1.539509454872247,0.5380345514803011,-1.0563930086021338,-1.3324974431445347,-0.828324522814337,-0.14998685215670077,-0.9769488688854492
2008-01-13,-1.4957642113252,-1.0043288181179555,-1.2380619539984046,1.3146028051348493,-1.7188328873028629,-0.9107025918048031,-0.3340833591649683,-2.0412487110913036,-1.4308110355107255,0.4185369310173916,-1.0572140947059911,-1.3292895179481703,-0.6621862798920096,-0.2762230862688616,-1.2297895361244007
2008-01-14,-1.2545573413055429,-0.9880078701856859,-1.047611616259227,1.2792445597495912,-1.5147107554975154,-1.0379959836252026,-0.22249487572572477,-2.173083726241603,-1.3558090392172402,0.6506198627798991,-1.1650304095305342,-1.3561230508029343,-0.3175364823108405,-0.2875155252992982,-1.2116575677092836
2008-01-15,-0.7819031133252167,-0.8573174770949351,-0.6021774794597031,1.4841949697840702,-1.399622255314318,-1.3375838094135364,-0.41388661018570777,-2.2145814869290517,-1.4507867732995339,0.9842701786969055,-1.0012757252291986,-1.1372531394509935,-0.0267438958653098,-0.42501581815295925,-0.8596122799074752
2008-01-16,-0.6939902263414826,-0.6665346124229097,-0.1436299143278958,1.4719813033321618,-1.083996408639275,-1.4053514688623858,-0.7422778397802873,-2.1086182679621803,-1.1553806036177294,1.0558619575281765,-0.5669780557614946,-0.7051978115515593,-0.03572711674524052,-0.6887676451432128,-0.3534709657452248
2008-01-17,-0.84432040744905,-0.8294223943020157,0.18016765450373204,1.108936902207394,-0.902630627502245,-1.2710938769444429,-1.0796049546993385,-2.2797729199593473,-1.1845701372038389,1.13782656160376,-0.058681008218469076,-0.43547194415500556,0.022907551167353764,-0.7874448882162511,-0.40594180026831933
2008-01-18,-0.8928164801025115,-1.2224731066071013,0.4672921456054812,1.0069400056492375,-0.6726513702717776,-0.9926390847944275,-1.4855185639346364,-2.3808386488042883,-0.9476125176111467,1.2760176078106793,0.036613277315298176,-0.5836131240206879,-0.2582761657718466,-1.0378112738398475,0.04873466320160338
2008-01-19,-1.0678545694337744,-1.251594105691885,0.4726174344961867,0.9584252333998833,-0.4811561726868369,-0.8093468251084674,-1.776225091907603,-2.007414327112485,-0.5210817996779789,1.4725450185622653,-0.2616063603717203,-0.515858211817485,-0.21147008287739238,-0.9781698363426544,0.18339778174027074
2008-01-20,-1.4229803002082135,-1.5940163179499895,0.2993150878948874,0.566511781286382,-0.30628046123328906,-0.6448449964215964,-1.839289838395831,-1.9994891529047971,-0.2646541315093556,1.432428435642188,-0.4232602451130982,-0.21472371651399375,-0.2766090858366269,-0.8565101962126977,0.33502049572240056
2008-01-21,-1.7271545537847244,-1.8285920097500317,-0.06080342662424318,0.3779163851270729,-0.09281397893587683,-0.6019863603983914,-1.43424581574998,-2.0849422338335764,-0.14872329375199445,1.6141926287434922,-0.5032527446006816,-0.28238102397973114,-0.3935823807742432,-0.9998180509436749,0.27789591230466015
2008-01-22,-1.8781681723902024,-1.671998246740127,-0.20153535928806732,-0.3324414269147511,0.19318416406431455,-0.5464346928277796,-1.1677294623182468,-2.3626088044338163,0.40708673008618246,1.8267919893497977,-0.32839733490613304,-0.18532752040549544,-0.5284391729525839,-1.131096646434394,0.020924143759247067
2008-01-23,-1.8104495836836767,-1.4953040077446844,-0.6288592136400916,-1.0806171870062886,0.2585267873125432,-0.7893421849172475,-1.1000928157092664,-2.342058466987047,0.6838583487813431,2.0330897551044447,-0.4700795271366593,-0.3786404047018608,-0.42674808335843717,-1.3350681650080074,-0.025735079763261236
2008-01-24,-1.4601110834279754,-1.5479193008397019,-0.8604046876359971,-1.462915232199099,0.5271638421847389,-1.0973417484318453,-1.0865436093316085,-2.178102852127162,0.9267896834647363,2.1569769298682813,-0.5716360065357996,-0.7907038345940353,-0.23661427032717505,-1.4342651055765505,0.06716545725982274
2008-01-25,-1.0996421107194407,-1.4391665845409385,-1.0855398541912928,-1.6418664091665107,0.6790630701205234,-1.536182882879432,-0.9836721461534962,-1.701495026701706,1.1904811247724967,1.9601943265784019,-0.39070670558793147,-1.092392227469479,-0.25268794020424173,-1.7282577663362033,0.34019122228250254
2008-01-26,-0.5894755439026073,-1.1367147167754161,-1.0411996035458708,-1.9714202846970779,0.5677129795250409,-1.5291885053425893,-0.8095298387846553,-1.6096458519933496,1.340869153252161,1.6187969404080278,-0.3295374557192805,-0.9438323844050827,-0.023884997522493893,-1.9400155748303953,0.6077290652442493
2008-01-27,-0.23059849171993252,-0.7406022153084426,-1.304985696238894,-1.9577372867968168,0.6873466885880986,-1.0073093934855155,-0.8364236184027245,-1.348839039312324,1.4797983818593945,1.6781901768704528,-0.31113068232535346,-0.7536917325000794,0.09336618158494571,-1.8087081570838994,0.774690201622703
2008-01-28,-0.121391150197125,-0.6306916645912288,-1.5310075467464896,-2.19479443526581,0.9849887604739529,-0.515181881924777,-0.853267597030027,-0.9061125567536535,1.388826493543092,1.6054377855386415,-0.4880845521007368,-0.895368528700417,0.5613131446449374,-1.8394645526246465,1.1460490139514576
2008-01-29,0.2755897575908201,-0.4959825922007797,-1.7506256264432332,-2.140077679291444,0.9191123068246544,-0.09553893626600854,-1.0041047539099197,-0.5512563329741288,1.0163957650952276,1.7645270810520632,-0.2257018713743036,-1.0110602472819679,0.7405939380999518,-1.6537602384670314,1.631322648683608
2008-01-30,0.616607738443195,-0.27632557737814456,-1.5324217236000097,-1.9228802383977142,0.8513362151418066,0.15970066232259855,-1.1270992032395935,0.0430846471888718,1.1223856065049027,1.7747868932255129,-0.00010768829589075514,-0.9813473421962099,0.7352590144702833,-1.6612345205467087,1.764805498321319
2008-01-31,0.6050404876355961,-0.08609708073855966,-0.8768975640018523,-1.5690344125749822,0.9547034961178448,0.2063423679681539,-1.4793386388969911,0.2953471053860425,1.2620718906607562,1.7559909558909435,-0.16113352084493276,-1.0158819420298986,0.7922927378733345,-1.6628184674660829,2.0049330648562935
2008-02-01,0.5455224876975838,0.4544040568648204,-0.41622871071024037,-1.0688262977674974,1.154744078097552,0.646016256327895,-1.4419525521956151,0.5405948248933694,1.2214632249534492,1.5131866521674926,-0.15071944606779003,-1.218557474251159,0.9059426774591943,-1.5250368814574988,1.6941457966957283
2008-02-02,0.6444347279789409,0.7395816784910574,-0.6003251928871517,-0.6929838593820702,1.2905208312540168,0.864058589967367,-1.5325258960869386,1.1691042060518335,0.8161284542249382,1.2449499616668467,-0.2675195816290223,-1.2408679501523667,1.2386509410087048,-1.375708363429499,1.4136272600896513
2008-02-03,0.4517842466683979,1.119332250252639,-0.42799032149620114,-0.35584851866851713,1.1831211876603918,0.8323506210138749,-1.5707435771547145,1.439658236675919,0.645738321684751,0.9312257898000312,-0.462164108566163,-1.4364440390335618,1.3880025133625211,-1.2017490172936902,1.4802306966888361
2008-02-04,0.5584523873949141,1.1721788371954416,-0.6873600061290045,-0.3210705438266993,1.1308873186151593,0.6649950486948765,-1.579929492811752,1.489615576753923,0.519810892916356,0.9862589664731638,-0.6359603535628009,-1.602232720521835,1.5174564070641596,-1.0937428655645378,1.4887118759756175
2008-02-05,0.49362912692484706,1.5274825827954248,-0.5670563283514528,-0.19608705180300376,1.2981521302006729,0.5404290271197886,-1.5330612035615678,1.9383175433232143,0.9096882025226766,0.9260673671402615,-0.9866360478110943,-1.7836305686615495,1.6786851835421837,-0.7751944450660032,1.4627294633411185
2008-02-06,0.6909070179428738,1.6924338888993484,-0.6697739317862714,-0.011431479578219234,1.4277906078015752,0.3736209617042326,-1.3979548301096032,2.2802761074130076,1.2451653172031338,0.8496677339371913,-1.2837763476370148,-1.5917311027382899,2.04467387695164,-0.6047030381083077,1.4287720828331716
