,1,2,3,4,5,6,7,8,9,10,11,12,13,14,15
2007-08-10,-0.32551556238880336,-0.32551556238880336,-0.32551556238880336,-0.32551556238880336,-0.32551556238880336,-0.32551556238880336,-0.32551556238880336,-0.32551556238880336,-0.32551556238880336,-0.32551556238880336,-0.32551556238880336,-0.32551556238880336,-0.32551556238880336,-0.32551556238880336,-0.32551556238880336
2007-08-11,-0.4714540618758272,-0.4714540618758272,-0.4714540618758272,-0.4714540618758272,-0.4714540618758272,-0.4714540618758272,-0.4714540618758272,-0.4714540618758272,-0.4714540618758272,-0.4714540618758272,-0.4714540618758272,-0.4714540618758272,-0.4714540618758272,-0.4714540618758272,-0.4714540618758272
2007-08-12,-0.6063573827758325,-0.6063573827758325,-0.6063573827758325,-0.6063573827758325,-0.6063573827758325,-0.6063573827758325,-0.6063573827758325,-0.6063573827758325,-0.6063573827758325,-0.6063573827758325,-0.6063573827758325,-0.6063573827758325,-0.6063573827758325,-0.6063573827758325,-0.6063573827758325
2007-08-13,-0.718941001613697,-0.718941001613697,-0.718941001613697,-0.718941001613697,-0.718941001613697,-0.718941001613697,-0.718941001613697,-0.718941001613697,-0.718941001613697,-0.718941001613697,-0.718941001613697,-0.718941001613697,-0.718941001613697,-0.718941001613697,-0.718941001613697
2007-08-14,-0.8511731378093268,-0.8511731378093268,-0.8511731378093268,-0.8511731378093268,-0.8511731378093268,-0.8511731378093268,-0.8511731378093268,-0.8511731378093268,-0.8511731378093268,-0.8511731378093268,-0.8511731378093268,-0.8511731378093268,-0.8511731378093268,-0.8511731378093268,-0.8511731378093268
2007-08-15,-1.0638557626652418,-1.0638557626652418,-1.0638557626652418,-1.0638557626652418,-1.0638557626652418,-1.0638557626652418,-1.0638557626652418,-1.0638557626652418,-1.0638557626652418,-1.0638557626652418,-1.0638557626652418,-1.0638557626652418,-1.0638557626652418,-1.0638557626652418,-1.0638557626652418
2007-08-16,-1.3458520716452567,-1.3458520716452567,-1.3458520716452567,-1.3458520716452567,-1.3458520716452567,-1.3458520716452567,-1.3458520716452567,-1.3458520716452567,-1.3458520716452567,-1.3458520716452567,-1.3458520716452567,-1.3458520716452567,-1.3458520716452567,-1.3458520716452567,-1.3458520716452567
2007-08-17,-1.5053060536220666,-1.5053060536220666,-1.5053060536220666,-1.5053060536220666,-1.5053060536220666,-1.5053060536220666,-1.5053060536220666,-1.5053060536220666,-1.5053060536220666,-1.5053060536220666,-1.5053060536220666,-1.5053060536220666,-1.5053060536220666,-1.5053060536220666,-1.5053060536220666
2007-08-18,-1.3888250673362283,-1.3888250673362283,-1.3888250673362283,-1.3888250673362283,-1.3888250673362283,-1.3888250673362283,-1.3888250673362283,-1.3888250673362283,-1.3888250673362283,-1.3888250673362283,-1.3888250673362283,-1.3888250673362283,-1.3888250673362283,-1.3888250673362283,-1.3888250673362283
2007-08-19,-0.9548829652577862,-0.9548829652577862,-0.9548829652577862,-0.9548829652577862,-0.9548829652577862,-0.9548829652577862,-0.9548829652577862,-0.9548829652577862,-0.9548829652577862,-0.9548829652577862,-0.9548829652577862,-0.9548829652577862,-0.9548829652577862,-0.9548829652577862,-0.9548829652577862
2007-08-20,-0.7278998679236258,-0.7278998679236258,-0.7278998679236258,-0.7278998679236258,-0.7278998679236258,-0.7278998679236258,-0.7278998679236258,-0.7278998679236258,-0.7278998679236258,-0.7278998679236258,-0.7278998679236258,-0.7278998679236258,-0.7278998679236258,-0.7278998679236258,-0.7278998679236258
2007-08-21,-0.46782717008968855,-0.46782717008968855,-0.46782717008968855,-0.46782717008968855,-0.46782717008968855,-0.46782717008968855,-0.46782717008968855,-0.46782717008968855,-0.46782717008968855,-0.46782717008968855,-0.46782717008968855,-0.46782717008968855,-0.46782717008968855,-0.46782717008968855,-0.46782717008968855
2007-08-22,-0.4821081941540466,-0.4821081941540466,-0.4821081941540466,-0.4821081941540466,-0.4821081941540466,-0.4821081941540466,-0.4821081941540466,-0.4821081941540466,-0.4821081941540466,-0.4821081941540466,-0.4821081941540466,-0.4821081941540466,-0.4821081941540466,-0.4821081941540466,-0.4821081941540466
2007-08-23,-0.6929201644385141,-0.6929201644385141,-0.6929201644385141,-0.6929201644385141,-0.6929201644385141,-0.6929201644385141,-0.6929201644385141,-0.6929201644385141,-0.6929201644385141,-0.6929201644385141,-0.6929201644385141,-0.6929201644385141,-0.6929201644385141,-0.6929201644385141,-0.6929201644385141
2007-08-24,-0.5774382099748183,-0.5774382099748183,-0.5774382099748183,-0.5774382099748183,-0.5774382099748183,-0.5774382099748183,-0.5774382099748183,-0.5774382099748183,-0.5774382099748183,-0.5774382099748183,-0.5774382099748183,-0.5774382099748183,-0.5774382099748183,-0.5774382099748183,-0.5774382099748183
2007-08-25,-0.709097024841395,-0.709097024841395,-0.709097024841395,-0.709097024841395,-0.709097024841395,-0.709097024841395,-0.709097024841395,-0.709097024841395,-0.709097024841395,-0.709097024841395,-0.709097024841395,-0.709097024841395,-0.709097024841395,-0.709097024841395,-0.709097024841395
2007-08-26,-0.8507930819575384,-0.8507930819575384,-0.8507930819575384,-0.8507930819575384,-0.8507930819575384,-0.8507930819575384,-0.8507930819575384,-0.8507930819575384,-0.8507930819575384,-0.8507930819575384,-0.8507930819575384,-0.8507930819575384,-0.8507930819575384,-0.8507930819575384,-0.8507930819575384
2007-08-27,-1.1086511634861798,-1.1086511634861798,-1.1086511634861798,-1.1086511634861798,-1.1086511634861798,-1.1086511634861798,-1.1086511634861798,-1.1086511634861798,-1.1086511634861798,-1.1086511634861798,-1.1086511634861798,-1.1086511634861798,-1.1086511634861798,-1.1086511634861798,-1.1086511634861798
2007-08-28,-1.4670019784334964,-1.4670019784334964,-1.4670019784334964,-1.4670019784334964,-1.4670019784334964,-1.4670019784334964,-1.4670019784334964,-1.4670019784334964,-1.4670019784334964,-1.4670019784334964,-1.4670019784334964,-1.4670019784334964,-1.4670019784334964,-1.4670019784334964,-1.4670019784334964
2007-08-29,-1.714663820190092,-1.714663820190092,-1.714663820190092,-1.714663820190092,-1.714663820190092,-1.714663820190092,-1.714663820190092,-1.714663820190092,-1.714663820190092,-1.714663820190092,-1.714663820190092,-1.714663820190092,-1.714663820190092,-1.714663820190092,-1.714663820190092
2007-08-30,-1.9493046603007114,-1.9493046603007114,-1.9493046603007114,-1.9493046603007114,-1.9493046603007114,-1.9493046603007114,-1.9493046603007114,-1.9493046603007114,-1.9493046603007114,-1.9493046603007114,-1.9493046603007114,-1.9493046603007114,-1.9493046603007114,-1.9493046603007114,-1.9493046603007114
2007-08-31,-1.9219825537778106,-1.9219825537778106,-1.9219825537778106,-1.9219825537778106,-1.9219825537778106,-1.9219825537778106,-1.9219825537778106,-1.9219825537778106,-1.9219825537778106,-1.9219825537778106,-1.9219825537778106,-1.9219825537778106,-1.9219825537778106,-1.9219825537778106,-1.9219825537778106
2007-09-01,-1.8500916029546628,-1.8500916029546628,-1.8500916029546628,-1.8500916029546628,-1.8500916029546628,-1.8500916029546628,-1.8500916029546628,-1.8500916029546628,-1.8500916029546628,-1.8500916029546628,-1.8500916029546628,-1.8500916029546628,-1.8500916029546628,-1.8500916029546628,-1.8500916029546628
2007-09-02,-1.6179303807215162,-1.6179303807215162,-1.6179303807215162,-1.6179303807215162,-1.6179303807215162,-1.6179303807215162,-1.6179303807215162,-1.6179303807215162,-1.6179303807215162,-1.6179303807215162,-1.6179303807215162,-1.6179303807215162,-1.6179303807215162,-1.6179303807215162,-1.6179303807215162
2007-09-03,-1.369336248091582,-1.369336248091582,-1.369336248091582,-1.369336248091582,-1.369336248091582,-1.369336248091582,-1.369336248091582,-1.369336248091582,-1.369336248091582,-1.369336248091582,-1.369336248091582,-1.369336248091582,-1.369336248091582,-1.369336248091582,-1.369336248091582
2007-09-04,-1.135671564165692,-1.135671564165692,-1.135671564165692,-1.135671564165692,-1.135671564165692,-1.135671564165692,-1.135671564165692,-1.135671564165692,-1.135671564165692,-1.135671564165692,-1.135671564165692,-1.135671564165692,-1.135671564165692,-1.135671564165692,-1.135671564165692
2007-09-05,-0.9610741641643588,-0.9610741641643588,-0.9610741641643588,-0.9610741641643588,-0.9610741641643588,-0.9610741641643588,-0.9610741641643588,-0.9610741641643588,-0.9610741641643588,-0.9610741641643588,-0.9610741641643588,-0.9610741641643588,-0.9610741641643588,-0.9610741641643588,-0.9610741641643588
2007-09-06,-0.8593534239399004,-0.8593534239399004,-0.8593534239399004,-0.8593534239399004,-0.8593534239399004,-0.8593534239399004,-0.8593534239399004,-0.8593534239399004,-0.8593534239399004,-0.8593534239399004,-0.8593534239399004,-0.8593534239399004,-0.8593534239399004,-0.8593534239399004,-0.8593534239399004
2007-09-07,-0.5720588861826645,-0.5720588861826645,-0.5720588861826645,-0.5720588861826645,-0.5720588861826645,-0.5720588861826645,-0.5720588861826645,-0.5720588861826645,-0.5720588861826645,-0.5720588861826645,-0.5720588861826645,-0.5720588861826645,-0.5720588861826645,-0.5720588861826645,-0.5720588861826645
2007-09-08,-0.507833812521292,-0.507833812521292,-0.507833812521292,-0.507833812521292,-0.507833812521292,-0.507833812521292,-0.507833812521292,-0.507833812521292,-0.507833812521292,-0.507833812521292,-0.507833812521292,-0.507833812521292,-0.507833812521292,-0.507833812521292,-0.507833812521292
2007-09-09,-0.1904391727327511,-0.1904391727327511,-0.1904391727327511,-0.1904391727327511,-0.1904391727327511,-0.1904391727327511,-0.1904391727327511,-0.1904391727327511,-0.1904391727327511,-0.1904391727327511,-0.1904391727327511,-0.1904391727327511,-0.1904391727327511,-0.1904391727327511,-0.1904391727327511
2007-09-10,-0.16236324587629117,-0.16236324587629117,-0.16236324587629117,-0.16236324587629117,-0.16236324587629117,-0.16236324587629117,-0.16236324587629117,-0.16236324587629117,-0.16236324587629117,-0.16236324587629117,-0.16236324587629117,-0.16236324587629117,-0.16236324587629117,-0.16236324587629117,-0.16236324587629117
2007-09-11,0.25695329286172724,0.25695329286172724,0.25695329286172724,0.25695329286172724,0.25695329286172724,0.25695329286172724,0.25695329286172724,0.25695329286172724,0.25695329286172724,0.25695329286172724,0.25695329286172724,0.25695329286172724,0.25695329286172724,0.25695329286172724,0.25695329286172724
2007-09-12,0.26487822103424025,0.26487822103424025,0.26487822103424025,0.26487822103424025,0.26487822103424025,0.26487822103424025,0.26487822103424025,0.26487822103424025,0.26487822103424025,0.26487822103424025,0.26487822103424025,0.26487822103424025,0.26487822103424025,0.26487822103424025,0.26487822103424025
2007-09-13,0.10736524085594132,0.10736524085594132,0.10736524085594132,0.10736524085594132,0.10736524085594132,0.10736524085594132,0.10736524085594132,0.10736524085594132,0.10736524085594132,0.10736524085594132,0.10736524085594132,0.10736524085594132,0.10736524085594132,0.10736524085594132,0.10736524085594132
2007-09-14,0.15672595245520732,0.15672595245520732,0.15672595245520732,0.15672595245520732,0.15672595245520732,0.15672595245520732,0.15672595245520732,0.15672595245520732,0.15672595245520732,0.15672595245520732,0.15672595245520732,0.15672595245520732,0.15672595245520732,0.15672595245520732,0.15672595245520732
2007-09-15,0.0909329737981241,0.0909329737981241,0.0909329737981241,0.0909329737981241,0.0909329737981241,0.0909329737981241,0.0909329737981241,0.0909329737981241,0.0909329737981241,0.0909329737981241,0.0909329737981241,0.0909329737981241,0.0909329737981241,0.0909329737981241,0.0909329737981241
2007-09-16,-0.02686421723672861,-0.02686421723672861,-0.02686421723672861,-0.02686421723672861,-0.02686421723672861,-0.02686421723672861,-0.02686421723672861,-0.02686421723672861,-0.02686421723672861,-0.02686421723672861,-0.02686421723672861,-0.02686421723672861,-0.02686421723672861,-0.02686421723672861,-0.02686421723672861
2007-09-17,0.03035990207496195,0.03035990207496195,0.03035990207496195,0.03035990207496195,0.03035990207496195,0.03035990207496195,0.03035990207496195,0.03035990207496195,0.03035990207496195,0.03035990207496195,0.03035990207496195,0.03035990207496195,0.03035990207496195,0.03035990207496195,0.03035990207496195
2007-09-18,-0.1981433963087279,-0.1981433963087279,-0.1981433963087279,-0.1981433963087279,-0.1981433963087279,-0.1981433963087279,-0.1981433963087279,-0.1981433963087279,-0.1981433963087279,-0.1981433963087279,-0.1981433963087279,-0.1981433963087279,-0.1981433963087279,-0.1981433963087279,-0.1981433963087279
2007-09-19,-0.042660414897072195,-0.042660414897072195,-0.042660414897072195,-0.042660414897072195,-0.042660414897072195,-0.042660414897072195,-0.042660414897072195,-0.042660414897072195,-0.042660414897072195,-0.042660414897072195,-0.042660414897072195,-0.042660414897072195,-0.042660414897072195,-0.042660414897072195,-0.042660414897072195
2007-09-20,0.07315992188583217,0.07315992188583217,0.07315992188583217,0.07315992188583217,0.07315992188583217,0.07315992188583217,0.07315992188583217,0.07315992188583217,0.07315992188583217,0.07315992188583217,0.07315992188583217,0.07315992188583217,0.07315992188583217,0.07315992188583217,0.07315992188583217
2007-09-21,0.24625606200560773,0.24625606200560773,0.24625606200560773,0.24625606200560773,0.24625606200560773,0.24625606200560773,0.24625606200560773,0.24625606200560773,0.24625606200560773,0.24625606200560773,0.24625606200560773,0.24625606200560773,0.24625606200560773,0.24625606200560773,0.24625606200560773
2007-09-22,0.14174616164665685,0.14174616164665685,0.14174616164665685,0.14174616164665685,0.14174616164665685,0.14174616164665685,0.14174616164665685,0.14174616164665685,0.14174616164665685,0.14174616164665685,0.14174616164665685,0.14174616164665685,0.14174616164665685,0.14174616164665685,0.14174616164665685
2007-09-23,0.2508877585122255,0.2508877585122255,0.2508877585122255,0.2508877585122255,0.2508877585122255,0.2508877585122255,0.2508877585122255,0.2508877585122255,0.2508877585122255,0.2508877585122255,0.2508877585122255,0.2508877585122255,0.2508877585122255,0.2508877585122255,0.2508877585122255
2007-09-24,-0.09992425319552267,-0.09992425319552267,-0.09992425319552267,-0.09992425319552267,-0.09992425319552267,-0.09992425319552267,-0.09992425319552267,-0.09992425319552267,-0.09992425319552267,-0.09992425319552267,-0.09992425319552267,-0.09992425319552267,-0.09992425319552267,-0.09992425319552267,-0.09992425319552267
2007-09-25,-0.05559045587011569,-0.05559045587011569,-0.05559045587011569,-0.05559045587011569,-0.05559045587011569,-0.05559045587011569,-0.05559045587011569,-0.05559045587011569,-0.05559045587011569,-0.05559045587011569,-0.05559045587011569,-0.05559045587011569,-0.05559045587011569,-0.05559045587011569,-0.05559045587011569
2007-09-26,-0.018950806709109713,-0.018950806709109713,-0.018950806709109713,-0.018950806709109713,-0.018950806709109713,-0.018950806709109713,-0.018950806709109713,-0.018950806709109713,-0.018950806709109713,-0.018950806709109713,-0.018950806709109713,-0.018950806709109713,-0.018950806709109713,-0.018950806709109713,-0.018950806709109713
2007-09-27,0.33988850032116485,0.33988850032116485,0.33988850032116485,0.33988850032116485,0.33988850032116485,0.33988850032116485,0.33988850032116485,0.33988850032116485,0.33988850032116485,0.33988850032116485,0.33988850032116485,0.33988850032116485,0.33988850032116485,0.33988850032116485,0.33988850032116485
2007-09-28,0.23190194404537356,0.23190194404537356,0.23190194404537356,0.23190194404537356,0.23190194404537356,0.23190194404537356,0.23190194404537356,0.23190194404537356,0.23190194404537356,0.23190194404537356,0.23190194404537356,0.23190194404537356,0.23190194404537356,0.23190194404537356,0.23190194404537356
2007-09-29,0.11897670013406399,0.11897670013406399,0.11897670013406399,0.11897670013406399,0.11897670013406399,0.11897670013406399,0.11897670013406399,0.11897670013406399,0.11897670013406399,0.11897670013406399,0.11897670013406399,0.11897670013406399,0.11897670013406399,0.11897670013406399,0.11897670013406399
2007-09-30,0.05868912965846187,0.05868912965846187,0.05868912965846187,0.05868912965846187,0.05868912965846187,0.05868912965846187,0.05868912965846187,0.05868912965846187,0.05868912965846187,0.05868912965846187,0.05868912965846187,0.05868912965846187,0.05868912965846187,0.05868912965846187,0.05868912965846187
2007-10-01,0.08208460634610536,0.08208460634610536,0.08208460634610536,0.08208460634610536,0.08208460634610536,0.08208460634610536,0.08208460634610536,0.08208460634610536,0.08208460634610536,0.08208460634610536,0.08208460634610536,0.08208460634610536,0.08208460634610536,0.08208460634610536,0.08208460634610536
2007-10-02,0.3892910439125301,0.3892910439125301,0.3892910439125301,0.3892910439125301,0.3892910439125301,0.3892910439125301,0.3892910439125301,0.3892910439125301,0.3892910439125301,0.3892910439125301,0.3892910439125301,0.3892910439125301,0.3892910439125301,0.3892910439125301,0.3892910439125301
2007-10-03,0.5054479476637106,0.5054479476637106,0.5054479476637106,0.5054479476637106,0.5054479476637106,0.5054479476637106,0.5054479476637106,0.5054479476637106,0.5054479476637106,0.5054479476637106,0.5054479476637106,0.5054479476637106,0.5054479476637106,0.5054479476637106,0.5054479476637106
2007-10-04,0.36390050288944653,0.36390050288944653,0.36390050288944653,0.36390050288944653,0.36390050288944653,0.36390050288944653,0.36390050288944653,0.36390050288944653,0.36390050288944653,0.36390050288944653,0.36390050288944653,0.36390050288944653,0.36390050288944653,0.36390050288944653,0.36390050288944653
2007-10-05,0.3664802943469644,0.3664802943469644,0.3664802943469644,0.3664802943469644,0.3664802943469644,0.3664802943469644,0.3664802943469644,0.3664802943469644,0.3664802943469644,0.3664802943469644,0.3664802943469644,0.3664802943469644,0.3664802943469644,0.3664802943469644,0.3664802943469644
2007-10-06,0.4191995241682749,0.4191995241682749,0.4191995241682749,0.4191995241682749,0.4191995241682749,0.4191995241682749,0.4191995241682749,0.4191995241682749,0.4191995241682749,0.4191995241682749,0.4191995241682749,0.4191995241682749,0.4191995241682749,0.4191995241682749,0.4191995241682749
2007-10-07,0.08346467488916522,0.08346467488916522,0.08346467488916522,0.08346467488916522,0.08346467488916522,0.08346467488916522,0.08346467488916522,0.08346467488916522,0.08346467488916522,0.08346467488916522,0.08346467488916522,0.08346467488916522,0.08346467488916522,0.08346467488916522,0.08346467488916522
2007-10-08,0.14703100321849474,0.14703100321849474,0.14703100321849474,0.14703100321849474,0.14703100321849474,0.14703100321849474,0.14703100321849474,0.14703100321849474,0.14703100321849474,0.14703100321849474,0.14703100321849474,0.14703100321849474,0.14703100321849474,0.14703100321849474,0.14703100321849474
2007-10-09,0.3878401763579325,0.3878401763579325,0.3878401763579325,0.3878401763579325,0.3878401763579325,0.3878401763579325,0.3878401763579325,0.3878401763579325,0.3878401763579325,0.3878401763579325,0.3878401763579325,0.3878401763579325,0.3878401763579325,0.3878401763579325,0.3878401763579325
2007-10-10,0.4010502180778752,0.4010502180778752,0.4010502180778752,0.4010502180778752,0.4010502180778752,0.4010502180778752,0.4010502180778752,0.4010502180778752,0.4010502180778752,0.4010502180778752,0.4010502180778752,0.4010502180778752,0.4010502180778752,0.4010502180778752,0.4010502180778752
2007-10-11,-0.008035736232125444,-0.008035736232125444,-0.008035736232125444,-0.008035736232125444,-0.008035736232125444,-0.008035736232125444,-0.008035736232125444,-0.008035736232125444,-0.008035736232125444,-0.008035736232125444,-0.008035736232125444,-0.008035736232125444,-0.008035736232125444,-0.008035736232125444,-0.008035736232125444
2007-10-12,0.1928453521113355,0.1928453521113355,0.1928453521113355,0.1928453521113355,0.1928453521113355,0.1928453521113355,0.1928453521113355,0.1928453521113355,0.1928453521113355,0.1928453521113355,0.1928453521113355,0.1928453521113355,0.1928453521113355,0.1928453521113355,0.1928453521113355
2007-10-13,0.07210778634248233,0.07210778634248233,0.07210778634248233,0.07210778634248233,0.07210778634248233,0.07210778634248233,0.07210778634248233,0.07210778634248233,0.07210778634248233,0.07210778634248233,0.07210778634248233,0.07210778634248233,0.07210778634248233,0.07210778634248233,0.07210778634248233
2007-10-14,0.08093180839527855,0.08093180839527855,0.08093180839527855,0.08093180839527855,0.08093180839527855,0.08093180839527855,0.08093180839527855,0.08093180839527855,0.08093180839527855,0.08093180839527855,0.08093180839527855,0.08093180839527855,0.08093180839527855,0.08093180839527855,0.08093180839527855
2007-10-15,0.05653827881836145,0.05653827881836145,0.05653827881836145,0.05653827881836145,0.05653827881836145,0.05653827881836145,0.05653827881836145,0.05653827881836145,0.05653827881836145,0.05653827881836145,0.05653827881836145,0.05653827881836145,0.05653827881836145,0.05653827881836145,0.05653827881836145
2007-10-16,-0.12043241505541899,-0.12043241505541899,-0.12043241505541899,-0.12043241505541899,-0.12043241505541899,-0.12043241505541899,-0.12043241505541899,-0.12043241505541899,-0.12043241505541899,-0.12043241505541899,-0.12043241505541899,-0.12043241505541899,-0.12043241505541899,-0.12043241505541899,-0.12043241505541899
2007-10-17,-0.22041602202114305,-0.22041602202114305,-0.22041602202114305,-0.22041602202114305,-0.22041602202114305,-0.22041602202114305,-0.22041602202114305,-0.22041602202114305,-0.22041602202114305,-0.22041602202114305,-0.22041602202114305,-0.22041602202114305,-0.22041602202114305,-0.22041602202114305,-0.22041602202114305
2007-10-18,-0.39591357129868104,-0.39591357129868104,-0.39591357129868104,-0.39591357129868104,-0.39591357129868104,-0.39591357129868104,-0.39591357129868104,-0.39591357129868104,-0.39591357129868104,-0.39591357129868104,-0.39591357129868104,-0.39591357129868104,-0.39591357129868104,-0.39591357129868104,-0.39591357129868104
2007-10-19,-0.5307574178330984,-0.5307574178330984,-0.5307574178330984,-0.5307574178330984,-0.5307574178330984,-0.5307574178330984,-0.5307574178330984,-0.5307574178330984,-0.5307574178330984,-0.5307574178330984,-0.5307574178330984,-0.5307574178330984,-0.5307574178330984,-0.5307574178330984,-0.5307574178330984
2007-10-20,-0.5421084260845764,-0.5421084260845764,-0.5421084260845764,-0.5421084260845764,-0.5421084260845764,-0.5421084260845764,-0.5421084260845764,-0.5421084260845764,-0.5421084260845764,-0.5421084260845764,-0.5421084260845764,-0.5421084260845764,-0.5421084260845764,-0.5421084260845764,-0.5421084260845764
2007-10-21,-0.7050601696988679,-0.7050601696988679,-0.7050601696988679,-0.7050601696988679,-0.7050601696988679,-0.7050601696988679,-0.7050601696988679,-0.7050601696988679,-0.7050601696988679,-0.7050601696988679,-0.7050601696988679,-0.7050601696988679,-0.7050601696988679,-0.7050601696988679,-0.7050601696988679
2007-10-22,-0.6906539502627072,-0.6906539502627072,-0.6906539502627072,-0.6906539502627072,-0.6906539502627072,-0.6906539502627072,-0.6906539502627072,-0.6906539502627072,-0.6906539502627072,-0.6906539502627072,-0.6906539502627072,-0.6906539502627072,-0.6906539502627072,-0.6906539502627072,-0.6906539502627072
2007-10-23,-0.6440707299835254,-0.6440707299835254,-0.6440707299835254,-0.6440707299835254,-0.6440707299835254,-0.6440707299835254,-0.6440707299835254,-0.6440707299835254,-0.6440707299835254,-0.6440707299835254,-0.6440707299835254,-0.6440707299835254,-0.6440707299835254,-0.6440707299835254,-0.6440707299835254
2007-10-24,-0.5492818796709664,-0.5492818796709664,-0.5492818796709664,-0.5492818796709664,-0.5492818796709664,-0.5492818796709664,-0.5492818796709664,-0.5492818796709664,-0.5492818796709664,-0.5492818796709664,-0.5492818796709664,-0.5492818796709664,-0.5492818796709664,-0.5492818796709664,-0.5492818796709664
2007-10-25,-0.19948501669149243,-0.19948501669149243,-0.19948501669149243,-0.19948501669149243,-0.19948501669149243,-0.19948501669149243,-0.19948501669149243,-0.19948501669149243,-0.19948501669149243,-0.19948501669149243,-0.19948501669149243,-0.19948501669149243,-0.19948501669149243,-0.19948501669149243,-0.19948501669149243
2007-10-26,-0.023022014100116513,-0.023022014100116513,-0.023022014100116513,-0.023022014100116513,-0.023022014100116513,-0.023022014100116513,-0.023022014100116513,-0.023022014100116513,-0.023022014100116513,-0.023022014100116513,-0.023022014100116513,-0.023022014100116513,-0.023022014100116513,-0.023022014100116513,-0.023022014100116513
2007-10-27,0.21816238453866107,0.21816238453866107,0.21816238453866107,0.21816238453866107,0.21816238453866107,0.21816238453866107,0.21816238453866107,0.21816238453866107,0.21816238453866107,0.21816238453866107,0.21816238453866107,0.21816238453866107,0.21816238453866107,0.21816238453866107,0.21816238453866107
2007-10-28,0.29331347971466987,0.29331347971466987,0.29331347971466987,0.29331347971466987,0.29331347971466987,0.29331347971466987,0.29331347971466987,0.29331347971466987,0.29331347971466987,0.29331347971466987,0.29331347971466987,0.29331347971466987,0.29331347971466987,0.29331347971466987,0.29331347971466987
2007-10-29,0.1526222140964516,0.1526222140964516,0.1526222140964516,0.1526222140964516,0.1526222140964516,0.1526222140964516,0.1526222140964516,0.1526222140964516,0.1526222140964516,0.1526222140964516,0.1526222140964516,0.1526222140964516,0.1526222140964516,0.1526222140964516,0.1526222140964516
2007-10-30,-0.10395573767462736,-0.10395573767462736,-0.10395573767462736,-0.10395573767462736,-0.10395573767462736,-0.10395573767462736,-0.10395573767462736,-0.10395573767462736,-0.10395573767462736,-0.10395573767462736,-0.10395573767462736,-0.10395573767462736,-0.10395573767462736,-0.10395573767462736,-0.10395573767462736
2007-10-31,-0.019497710766011825,-0.019497710766011825,-0.019497710766011825,-0.019497710766011825,-0.019497710766011825,-0.019497710766011825,-0.019497710766011825,-0.019497710766011825,-0.019497710766011825,-0.019497710766011825,-0.019497710766011825,-0.019497710766011825,-0.019497710766011825,-0.019497710766011825,-0.019497710766011825
2007-11-01,-0.0158048236041778,-0.0158048236041778,-0.0158048236041778,-0.0158048236041778,-0.0158048236041778,-0.0158048236041778,-0.0158048236041778,-0.0158048236041778,-0.0158048236041778,-0.0158048236041778,-0.0158048236041778,-0.0158048236041778,-0.0158048236041778,-0.0158048236041778,-0.0158048236041778
2007-11-02,-0.2054201359151398,-0.2054201359151398,-0.2054201359151398,-0.2054201359151398,-0.2054201359151398,-0.2054201359151398,-0.2054201359151398,-0.2054201359151398,-0.2054201359151398,-0.2054201359151398,-0.2054201359151398,-0.2054201359151398,-0.2054201359151398,-0.2054201359151398,-0.2054201359151398
2007-11-03,-0.2822133945079637,-0.2822133945079637,-0.2822133945079637,-0.2822133945079637,-0.2822133945079637,-0.2822133945079637,-0.2822133945079637,-0.2822133945079637,-0.2822133945079637,-0.2822133945079637,-0.2822133945079637,-0.2822133945079637,-0.2822133945079637,-0.2822133945079637,-0.2822133945079637
2007-11-04,-0.44679289602866445,-0.44679289602866445,-0.44679289602866445,-0.44679289602866445,-0.44679289602866445,-0.44679289602866445,-0.44679289602866445,-0.44679289602866445,-0.44679289602866445,-0.44679289602866445,-0.44679289602866445,-0.44679289602866445,-0.44679289602866445,-0.44679289602866445,-0.44679289602866445
2007-11-05,-0.32113876442686046,-0.32113876442686046,-0.32113876442686046,-0.32113876442686046,-0.32113876442686046,-0.32113876442686046,-0.32113876442686046,-0.32113876442686046,-0.32113876442686046,-0.32113876442686046,-0.32113876442686046,-0.32113876442686046,-0.32113876442686046,-0.32113876442686046,-0.32113876442686046
2007-11-06,-0.1643365340909268,-0.1643365340909268,-0.1643365340909268,-0.1643365340909268,-0.1643365340909268,-0.1643365340909268,-0.1643365340909268,-0.1643365340909268,-0.1643365340909268,-0.1643365340909268,-0.1643365340909268,-0.1643365340909268,-0.1643365340909268,-0.1643365340909268,-0.1643365340909268
2007-11-07,0.0933864607456111,0.0933864607456111,0.0933864607456111,0.0933864607456111,0.0933864607456111,0.0933864607456111,0.0933864607456111,0.0933864607456111,0.0933864607456111,0.0933864607456111,0.0933864607456111,0.0933864607456111,0.0933864607456111,0.0933864607456111,0.0933864607456111
2007-11-08,0.26572262012630216,0.26572262012630216,0.26572262012630216,0.26572262012630216,0.26572262012630216,0.26572262012630216,0.26572262012630216,0.26572262012630216,0.26572262012630216,0.26572262012630216,0.26572262012630216,0.26572262012630216,0.26572262012630216,0.26572262012630216,0.26572262012630216
2007-11-09,0.3512773785377508,0.3512773785377508,0.3512773785377508,0.3512773785377508,0.3512773785377508,0.3512773785377508,0.3512773785377508,0.3512773785377508,0.3512773785377508,0.3512773785377508,0.3512773785377508,0.3512773785377508,0.3512773785377508,0.3512773785377508,0.3512773785377508
2007-11-10,0.07205347619855317,0.07205347619855317,0.07205347619855317,0.07205347619855317,0.07205347619855317,0.07205347619855317,0.07205347619855317,0.07205347619855317,0.07205347619855317,0.07205347619855317,0.07205347619855317,0.07205347619855317,0.07205347619855317,0.07205347619855317,0.07205347619855317
2007-11-11,0.15830485182604223,0.15830485182604223,0.15830485182604223,0.15830485182604223,0.15830485182604223,0.15830485182604223,0.15830485182604223,0.15830485182604223,0.15830485182604223,0.15830485182604223,0.15830485182604223,0.15830485182604223,0.15830485182604223,0.15830485182604223,0.15830485182604223
2007-11-12,0.17047573430104798,0.17047573430104798,0.17047573430104798,0.17047573430104798,0.17047573430104798,0.17047573430104798,0.17047573430104798,0.17047573430104798,0.17047573430104798,0.17047573430104798,0.17047573430104798,0.17047573430104798,0.17047573430104798,0.17047573430104798,0.17047573430104798
2007-11-13,0.026889010241907263,0.026889010241907263,0.026889010241907263,0.026889010241907263,0.026889010241907263,0.026889010241907263,0.026889010241907263,0.026889010241907263,0.026889010241907263,0.026889010241907263,0.026889010241907263,0.026889010241907263,0.026889010241907263,0.026889010241907263,0.026889010241907263
2007-11-14,0.22816453810413323,0.22816453810413323,0.22816453810413323,0.22816453810413323,0.22816453810413323,0.22816453810413323,0.22816453810413323,0.22816453810413323,0.22816453810413323,0.22816453810413323,0.22816453810413323,0.22816453810413323,0.22816453810413323,0.22816453810413323,0.22816453810413323
2007-11-15,0.5753231858573427,0.5753231858573427,0.5753231858573427,0.5753231858573427,0.5753231858573427,0.5753231858573427,0.5753231858573427,0.5753231858573427,0.5753231858573427,0.5753231858573427,0.5753231858573427,0.5753231858573427,0.5753231858573427,0.5753231858573427,0.5753231858573427
2007-11-16,0.9459800440074732,0.9459800440074732,0.9459800440074732,0.9459800440074732,0.9459800440074732,0.9459800440074732,0.9459800440074732,0.9459800440074732,0.9459800440074732,0.9459800440074732,0.9459800440074732,0.9459800440074732,0.9459800440074732,0.9459800440074732,0.9459800440074732
2007-11-17,1.2917973935201161,1.2917973935201161,1.2917973935201161,1.2917973935201161,1.2917973935201161,1.2917973935201161,1.2917973935201161,1.2917973935201161,1.2917973935201161,1.2917973935201161,1.2917973935201161,1.2917973935201161,1.2917973935201161,1.2917973935201161,1.2917973935201161
2007-11-18,1.2349700870987068,1.2349700870987068,1.2349700870987068,1.2349700870987068,1.2349700870987068,1.2349700870987068,1.2349700870987068,1.2349700870987068,1.2349700870987068,1.2349700870987068,1.2349700870987068,1.2349700870987068,1.2349700870987068,1.2349700870987068,1.2349700870987068
2007-11-19,1.372903733391943,1.372903733391943,1.372903733391943,1.372903733391943,1.372903733391943,1.372903733391943,1.372903733391943,1.372903733391943,1.372903733391943,1.372903733391943,1.372903733391943,1.372903733391943,1.372903733391943,1.372903733391943,1.372903733391943
2007-11-20,1.583163315038608,1.583163315038608,1.583163315038608,1.583163315038608,1.583163315038608,1.583163315038608,1.583163315038608,1.583163315038608,1.583163315038608,1.583163315038608,1.583163315038608,1.583163315038608,1.583163315038608,1.583163315038608,1.583163315038608
2007-11-21,1.6756066943599874,1.6756066943599874,1.6756066943599874,1.6756066943599874,1.6756066943599874,1.6756066943599874,1.6756066943599874,1.6756066943599874,1.6756066943599874,1.6756066943599874,1.6756066943599874,1.6756066943599874,1.6756066943599874,1.6756066943599874,1.6756066943599874
2007-11-22,1.6946965040795343,1.6946965040795343,1.6946965040795343,1.6946965040795343,1.6946965040795343,1.6946965040795343,1.6946965040795343,1.6946965040795343,1.6946965040795343,1.6946965040795343,1.6946965040795343,1.6946965040795343,1.6946965040795343,1.6946965040795343,1.6946965040795343
2007-11-23,1.561318027590753,1.561318027590753,1.561318027590753,1.561318027590753,1.561318027590753,1.561318027590753,1.561318027590753,1.561318027590753,1.561318027590753,1.561318027590753,1.561318027590753,1.561318027590753,1.561318027590753,1.561318027590753,1.561318027590753
2007-11-24,1.6254373220821376,1.6254373220821376,1.6254373220821376,1.6254373220821376,1.6254373220821376,1.6254373220821376,1.6254373220821376,1.6254373220821376,1.6254373220821376,1.6254373220821376,1.6254373220821376,1.6254373220821376,1.6254373220821376,1.6254373220821376,1.6254373220821376
2007-11-25,1.856662439506702,1.856662439506702,1.856662439506702,1.856662439506702,1.856662439506702,1.856662439506702,1.856662439506702,1.856662439506702,1.856662439506702,1.856662439506702,1.856662439506702,1.856662439506702,1.856662439506702,1.856662439506702,1.856662439506702
2007-11-26,2.332115376576645,2.332115376576645,2.332115376576645,2.332115376576645,2.332115376576645,2.332115376576645,2.332115376576645,2.332115376576645,2.332115376576645,2.332115376576645,2.332115376576645,2.332115376576645,2.332115376576645,2.332115376576645,2.332115376576645
2007-11-27,2.6062124454061784,2.6062124454061784,2.6062124454061784,2.6062124454061784,2.6062124454061784,2.6062124454061784,2.6062124454061784,2.6062124454061784,2.6062124454061784,2.6062124454061784,2.6062124454061784,2.6062124454061784,2.6062124454061784,2.6062124454061784,2.6062124454061784
2007-11-28,2.671507537397669,2.671507537397669,2.671507537397669,2.671507537397669,2.671507537397669,2.671507537397669,2.671507537397669,2.671507537397669,2.671507537397669,2.671507537397669,2.671507537397669,2.671507537397669,2.671507537397669,2.671507537397669,2.671507537397669
2007-11-29,2.3609719775441103,2.3609719775441103,2.3609719775441103,2.3609719775441103,2.3609719775441103,2.3609719775441103,2.3609719775441103,2.3609719775441103,2.3609719775441103,2.3609719775441103,2.3609719775441103,2.3609719775441103,2.3609719775441103,2.3609719775441103,2.3609719775441103
2007-11-30,2.1234516853692633,2.1234516853692633,2.1234516853692633,2.1234516853692633,2.1234516853692633,2.1234516853692633,2.1234516853692633,2.1234516853692633,2.1234516853692633,2.1234516853692633,2.1234516853692633,2.1234516853692633,2.1234516853692633,2.1234516853692633,2.1234516853692633
2007-12-01,1.5538059205973302,1.5538059205973302,1.5538059205973302,1.5538059205973302,1.5538059205973302,1.5538059205973302,1.5538059205973302,1.5538059205973302,1.5538059205973302,1.5538059205973302,1.5538059205973302,1.5538059205973302,1.5538059205973302,1.5538059205973302,1.5538059205973302
2007-12-02,1.3197789128737398,1.3197789128737398,1.3197789128737398,1.3197789128737398,1.3197789128737398,1.3197789128737398,1.3197789128737398,1.3197789128737398,1.3197789128737398,1.3197789128737398,1.3197789128737398,1.3197789128737398,1.3197789128737398,1.3197789128737398,1.3197789128737398
2007-12-03,0.9507818051382261,0.9507818051382261,0.9507818051382261,0.9507818051382261,0.9507818051382261,0.9507818051382261,0.9507818051382261,0.9507818051382261,0.9507818051382261,0.9507818051382261,0.9507818051382261,0.9507818051382261,0.9507818051382261,0.9507818051382261,0.9507818051382261
2007-12-04,0.13578985251468448,0.13578985251468448,0.13578985251468448,0.13578985251468448,0.13578985251468448,0.13578985251468448,0.13578985251468448,0.13578985251468448,0.13578985251468448,0.13578985251468448,0.13578985251468448,0.13578985251468448,0.13578985251468448,0.13578985251468448,0.13578985251468448
2007-12-05,-0.6127371279942689,-0.6127371279942689,-0.6127371279942689,-0.6127371279942689,-0.6127371279942689,-0.6127371279942689,-0.6127371279942689,-0.6127371279942689,-0.6127371279942689,-0.6127371279942689,-0.6127371279942689,-0.6127371279942689,-0.6127371279942689,-0.6127371279942689,-0.6127371279942689
2007-12-06,-1.0483099111424952,-1.0483099111424952,-1.0483099111424952,-1.0483099111424952,-1.0483099111424952,-1.0483099111424952,-1.0483099111424952,-1.0483099111424952,-1.0483099111424952,-1.0483099111424952,-1.0483099111424952,-1.0483099111424952,-1.0483099111424952,-1.0483099111424952,-1.0483099111424952
2007-12-07,-1.2601405322490973,-1.2601405322490973,-1.2601405322490973,-1.2601405322490973,-1.2601405322490973,-1.2601405322490973,-1.2601405322490973,-1.2601405322490973,-1.2601405322490973,-1.2601405322490973,-1.2601405322490973,-1.2601405322490973,-1.2601405322490973,-1.2601405322490973,-1.2601405322490973
2007-12-08,-1.9427450991466495,-1.944903394575872,-1.8619949183980014,-1.9369568045227974,-1.9346278301683575,-1.943789412775193,-1.878933552841939,-1.963948070404782,-1.8809391475681168,-1.954411306066519,-1.9120268352053287,-1.9321733035957807,-1.9628504725244296,-1.899630966935157,-1.9274851668271966
2007-12-09,-1.8611895851733322,-1.7801468549384376,-1.7191274765099809,-1.8590159221746343,-1.7876332202488114,-1.8635317826034994,-1.7431012251803846,-1.787346381570703,-1.7831724891921525,-1.6330270956438657,-1.7322067319995291,-1.800259810867333,-1.8589590980581143,-1.8474537716518644,-1.841776399453536
2007-12-10,-1.9103440533708207,-1.797558029244759,-1.6985307693990324,-1.8067702286772684,-1.736760853835798,-2.076291930754455,-1.780446032424037,-1.820359793657875,-1.9572471674725778,-1.7138670258582496,-1.859702854322503,-1.7833795713595904,-1.8813860392725716,-2.0518947703933743,-1.8384700559703333
2007-12-11,-1.9020329877059337,-1.6726216285433586,-1.6922092473602033,-1.776070420356871,-1.5434658577522844,-2.047649445538879,-1.8326557204550902,-1.7264035534475553,-2.0116253532770663,-1.5942034148900355,-1.7404283191460144,-1.698442605743656,-2.0075018102612248,-1.821795079064717,-1.671144223224748
2007-12-12,-1.771271903821412,-1.602751607982987,-1.4163852425624504,-1.8059000655714854,-1.4444012388474732,-2.0433611432000314,-1.9524109941918293,-1.623921422596984,-2.201910583644776,-1.6477796127375834,-1.7151420403199373,-1.507556967434819,-1.991805692942565,-1.6986776631728615,-1.5347594135413996
2007-12-13,-1.6160508156548758,-1.3940291336077613,-1.1505657760038057,-1.7869732664636402,-1.1893682364922102,-1.976000364023351,-1.6107204740701784,-1.7780609324557028,-2.3133559153157637,-1.3948098027043752,-1.930501346067353,-1.4035053549560188,-1.6831684567269092,-1.3569459563893178,-1.5045854095803863
2007-12-14,-1.7975476839099627,-1.59403970161281,-1.3534508836077312,-1.8592829653003176,-1.230493206083644,-2.307327990682144,-1.6871766903531804,-2.1228925803303373,-2.3611959665808233,-1.7539388316538749,-2.197905644611988,-1.2231404416884373,-1.6581072088739384,-1.3588284496734047,-1.7262575353962695
2007-12-15,-1.9030927004316243,-1.8684537953746545,-1.5536992117848678,-1.9174311999220643,-1.3131775559396361,-2.3439258458782923,-1.7769432973389678,-2.394966007486958,-2.6720994800747215,-2.0858902418631775,-2.62054135590791,-0.9447808320693333,-1.7669032818521064,-1.2640908333883392,-2.033949910823627
2007-12-16,-2.1627082850759884,-2.023320516409372,-1.6629962267917142,-1.7900033685181436,-1.1985139934276787,-2.39972232056215,-1.963528019727725,-2.4052088948278585,-2.837533512658623,-2.2393334182458013,-2.7973984659038487,-1.0359409145212617,-2.028840476919631,-1.4376383519109384,-2.2283020193591914
2007-12-17,-2.164623720592618,-1.9413563694896043,-1.6390230335616172,-1.6105798573992323,-1.1580708846144805,-2.229462729805542,-2.0063322145149645,-2.188523470237644,-2.83606558976678,-2.3726905105032206,-2.8792041471023633,-1.292492283324773,-1.9366411621000237,-1.472073448056493,-2.1382195729001747
2007-12-18,-2.0823044690384487,-1.8776333736432267,-1.5498478722162545,-1.125484854135183,-1.0304206797240325,-2.122359681779451,-1.9682873692083847,-2.3053331594583786,-2.7482968191374515,-2.369389927630757,-2.871311327365562,-1.2869848120016083,-1.6829989347547174,-1.4524687997294403,-2.0694979259951256
2007-12-19,-2.1270281170389844,-1.8956238603834812,-1.9324000597751962,-0.8726846087330168,-0.9896651108093639,-1.899442604041553,-1.741571412520399,-2.5161138192374803,-2.717598541591665,-2.2277151832266733,-2.72165212093068,-1.1306418124756712,-1.873155143088521,-1.6047853921427262,-1.8017739430082549
2007-12-20,-2.161390938143309,-1.959368339467527,-1.8126829405149572,-0.48153437932348936,-1.1786968175895611,-1.7767902906672086,-1.6141140756854289,-2.400259086454846,-2.8413705546979453,-2.1693049686456773,-2.4206922825536066,-1.2119108517150574,-2.1770130016801432,-1.7420942363378797,-1.8423874416010904
2007-12-21,-2.0387312353463107,-1.9181303153393838,-1.6984942033303938,-0.29085430495164066,-1.3102648041036014,-1.7166212383367383,-1.371216261478546,-2.2435303447715484,-2.7159788227945225,-2.0124871279297705,-2.106828361656751,-0.9550033792160725,-2.021598816544316,-1.9789366039043972,-1.923858981852482
2007-12-22,-1.8322300614924774,-1.3621608857555298,-1.2301472108191902,-0.06442802218831101,-1.4382696021754093,-1.610640025686042,-1.0573557818682837,-1.8370537520247197,-2.431344309276254,-2.054149563990621,-2.007938712201629,-0.7032959776419301,-1.5930570298574156,-2.2143222513890573,-1.7176670047356866
2007-12-23,-1.528495191730527,-1.2587468476786676,-0.9410866740883471,0.11877623495911735,-1.1133534221032186,-1.6100380185154102,-0.8479993458562249,-1.2161467914612845,-2.205729526242392,-2.142787131764538,-1.953602791082326,-0.1935091049362536,-1.0866056058449451,-2.1102458517573632,-1.6748686594261224
2007-12-24,-1.4825074588229699,-0.9898061149091615,-0.8448662391410614,0.12575405630843015,-0.8158098654706739,-1.196985596716477,-0.30489517791118276,-1.0284178371914032,-2.1402131581164774,-1.8633765224146654,-1.7148363596785365,0.6496312133560621,-0.9309093746329523,-1.9341860655668115,-1.5365797832686614
2007-12-25,-1.545231663189917,-0.6602855262013068,-0.8255508467913608,0.40493647970924956,-0.7877686453128536,-0.8048990954027058,0.1300740675936756,-0.8956802438013847,-1.8254338190567518,-1.8340423439427669,-1.7432205171200508,0.9759733269753406,-0.6656968952994515,-1.3486734716028115,-1.0630838205477855
2007-12-26,-1.4941101558585341,-0.38630476863496893,-0.9845520428762328,0.7975550461580462,-0.9051261354238092,-0.6582486600520102,0.32483142650619995,-0.9839987562957749,-1.4696209611074313,-1.857967124337916,-1.4637690209945606,1.1328633085034017,-0.5567601626990143,-1.1619320711245058,-0.7973611489359029
2007-12-27,-1.3999882596008955,-0.5569907896969021,-1.3333854872020834,0.9272138806169881,-0.7744216570846693,-0.5953854698825798,0.35556405126861623,-0.8298471889959469,-1.0588104861288237,-1.620006541210399,-1.117492531638595,1.2466434504545567,-0.5597603307407226,-0.8092327621263777,-0.7648786251562536
2007-12-28,-1.293388763629836,-0.8517540339562696,-1.4133035599138704,0.9550302396955729,-0.8752245591675332,-0.46851641693695417,0.10324061995443139,-0.7705329452999926,-0.5348549861737103,-1.356328177606607,-0.9775676807701619,1.2632820975439203,-0.5653237003277873,-0.3561008818860792,-0.7699230723607334
2007-12-29,-1.1878841731376457,-1.240902844891366,-1.5425119517615764,1.1019808129688218,-0.8449602966288793,-0.36303589060994246,-0.23716936244817746,-0.956468452508857,-0.021803964483211903,-0.9861952350166198,-0.9104098206083956,1.2833159703123203,-0.5256032696357533,0.22426428826512523,-0.49867459241861517
2007-12-30,-0.9557866732173431,-1.612663614150379,-1.6145569433636755,1.2787843588799583,-0.7730598348333614,-0.14350642324196017,-0.128555011549223,-1.3183383501536239,0.24291732433238297,-0.931543155249431,-0.7939610226674018,1.2521588602518827,-0.33266586652000163,0.7891168884607301,-0.6376818748731771
2007-12-31,-0.8910206375857752,-1.5655756628971904,-1.5340884751690387,1.4966929025043096,-0.665998752497317,0.3240417382907738,0.5532646881782551,-1.4651241867717404,0.5416480748795433,-0.9549668572868225,-0.769380100609959,1.1602467403731183,-0.13442948927812523,1.1474117358064257,-0.5386121266083458
2008-01-01,-0.709802638913066,-1.6697572382451056,-1.3270474480578176,1.3754470081001042,-0.6741339919881966,0.17067405777349437,0.7842369277328386,-1.6505081398777994,0.9451974740100515,-0.887252825726215,-0.8052715054770159,0.8214013820486049,0.034591237711542114,1.1632361194098861,-0.6556135638959659
2008-01-02,-0.662383012842297,-1.8608145536446823,-1.0118105284538927,1.411168612860575,-0.8776544371523515,0.14839470225534332,0.8403035787972071,-1.771652740266188,0.9175264559230163,-0.9108793687344365,-0.9476382550448504,0.7147736176700287,0.40053472796717976,1.2431002990177114,-0.3854149586096182
2008-01-03,-0.3400806738232082,-2.049733788530883,-0.8270149953965001,1.3823159718093971,-0.9283433019590794,-0.13322886382782279,0.8417201235651987,-1.5215627305935642,0.8580637735201175,-0.721932952491491,-0.9061436625255745,0.5346768537086284,0.2712962626667838,0.9347019165929755,-0.45546569241223245
2008-01-04,0.1553313709369139,-2.3055277376985956,-1.0632050652166816,1.5451394168315726,-0.7623806231280552,-0.34183545927924686,0.7835059061711368,-1.390649450967505,0.8518829665365276,-1.0705410265528488,-0.8341583254523345,0.7699525544833536,0.12369523382603902,0.36603463396983693,-0.41460565004326916
2008-01-05,0.4687338870986429,-1.9901510108844331,-1.41754098762777,1.6591808332114966,-0.9231685198544142,-0.36698155443202785,0.5674357234410355,-1.1509340078248347,0.6718373541220442,-0.826413285184979,-1.004157224254875,0.7561820939202972,0.15770129253204376,0.12323223840964444,-0.6948108853460463
2008-01-06,0.47376833486297293,-1.9039055803627511,-1.5418759101370016,1.519174618907082,-0.9596674289987025,-0.7831284305807117,0.6204071100385872,-1.0366936416637527,0.10888265652639226,-0.30758909343104046,-0.9935424644957588,0.7840321882317836,0.1301718854875604,-0.30979759540265395,-0.6846201628585046
2008-01-07,0.46339650482758965,-1.5682258959993314,-1.4891017221355658,1.2262423038356232,-1.1043404126941254,-0.7378590366395543,0.7324316659916765,-1.2104257310642401,-0.3831132380016879,0.09776709928603496,-1.0107727939907696,0.9321974127684854,0.05149087790071403,-0.705911695510027,-0.6460639837417753
2008-01-08,0.3854617244781767,-1.6627711578022881,-0.9453171074598219,0.8720267560243782,-1.2635884135751796,-1.1035739342943935,0.8621838430668648,-1.392714210185617,-0.4297441390047977,0.5437369138458967,-1.1101567102365084,1.0788925021855114,0.17333576760074276,-1.066474373183281,-0.6523202338913674
2008-01-09,0.4996839740226625,-1.633775215607658,-0.6380599444351435,0.7723024456462282,-1.2188653684989568,-1.3460099368383547,0.6544382715155053,-1.2715124702715785,-0.35513517124901284,0.545315954740016,-1.2183116757653805,0.7646592913705036,-0.0009670212655161909,-1.2201810677862628,-0.4964408448696868
2008-01-10,0.404101739366042,-1.5186708167441987,-0.39641908134947096,0.48522045834405425,-1.2153633807462725,-1.5343155146022962,0.4613283586898936,-1.2646549797940458,-0.4893371558092385,0.7537234380791015,-1.2687632887738352,0.8092083382650651,-0.3987667710924011,-1.0970028594214882,-0.43705965672897834
2008-01-11,0.30148428191152427,-1.368293214731493,-0.3904630358600923,0.38235907869577157,-1.0946224345233826,-1.6039841984290804,0.26142933037377203,-1.087692780797024,-1.2009040058904583,0.7231088710423315,-1.3008376463146367,0.9088919547796642,-0.6930201436986383,-0.5990345899784516,-0.3163441289512437
2008-01-12,0.11471279813318118,-1.3939431523549968,-0.4462459793698205,0.15332351451390505,-0.6527248937004848,-1.4966402449601555,0.24193458884773167,-0.9744500350471937,-1.182021694907105,0.8395546382674604,-1.0310810413476434,1.26903829107682,-0.8964874280836517,-0.21898750521280258,-0.15797034149070593
2008-01-13,0.08595222889632997,-1.0247414861109496,-0.4241008619245959,0.14348595297714056,-0.6097323659170716,-1.1454384935800008,0.4676275158104632,-1.0767128483914508,-1.1857895244269325,0.7721583920783428,-1.1739308831064135,1.370040128330151,-0.5522378387090796,-0.013539231907068915,-0.17942056402358542
2008-01-14,0.00938910920780363,-0.9238524993197472,-0.3166130490237804,0.2002594233594813,-0.3519505234080531,-0.6142289707624274,0.5076206024260914,-0.94417521316725,-0.9582833791287093,0.8292012309434371,-1.432200143317361,1.3018032076640962,-0.5717312360051069,0.3205187691571301,-0.144404991609598
2008-01-15,-0.04737490198668788,-0.4533414925359968,-0.16545076730596942,0.6992268375607881,-0.1917300290847789,-0.4523452065915819,0.6069249438331826,-0.6573854800438144,-0.520658927056088,0.9644741428762781,-1.7408970026145092,1.2063420913812015,-0.6610973866190719,0.39676129141972083,0.03150561382456218
2008-01-16,-0.15128175310204092,-0.15843626497627059,-0.439934951899522,0.9343042598005432,-0.006542940400650009,-0.43780972769415194,0.9452974941214295,-0.38298174848654604,-0.1739517492780389,1.0266806740566317,-1.8047159117208582,0.9953444772050246,-0.6303381535724066,0.33919719055175046,0.2533380014944703
2008-01-17,0.05227825421281241,-0.06857675404559646,-0.6158654372491282,0.8999408141497494,0.2223464549188735,-0.6944107740323446,1.1408699135498472,-0.3993957718393688,-0.13097126179817847,1.6920828455154233,-1.8184662568681649,0.583660247666337,-0.8413449905307624,0.06243013119075052,0.3353779509810727
2008-01-18,0.5324580318544737,-0.05520380052195259,-0.6444972270615799,0.8452457465124812,0.19057243381744154,-0.807306370060842,0.9933392733082756,-0.4977605370326267,0.12021887117657963,2.292491100235368,-1.9467719532546637,0.14991640193916436,-0.9097466352069875,-0.2943612936211269,0.5464189119582584
2008-01-19,0.7100326845446375,0.26008001180309864,-0.6208813598377428,0.7861873540550797,0.12463186112969317,-0.7021646617879072,0.9876089477607426,-0.628623321928552,0.5346775513654979,2.4416643569406737,-2.1938473467897848,-0.1720450532939818,-0.8179241146968045,-0.40180286340963917,0.6713473363324196
2008-01-20,1.0103092506417057,0.666126619318001,-0.813699190587705,0.6357188831562511,0.09108245447746172,-0.5957848626365092,0.8753724043746807,-0.5219192067748758,0.6413385809363944,2.361931062353431,-2.2561168329568377,-0.11097071824865376,-0.9994609950500223,-0.5094779032710323,0.9666332119195821
2008-01-21,1.0693288636206073,0.7809850934731205,-0.48600066138087805,0.3661338718540834,0.15099189675082836,-0.53759051037273,0.9881858896006495,-0.46031951395903126,0.9421662507870601,2.442641972980936,-2.295389855713802,0.015358090009972835,-1.191877911272263,-0.4794126148240304,1.3398309166849103
2008-01-22,0.9616512903094437,1.0365050174279586,-0.014181980252016307,-0.04371934268673312,0.5060976005298871,-0.03919456667595158,1.1389967113820643,-0.7269855725487296,0.8179589984290083,2.586985323651588,-2.1402720238232105,0.025779629590289333,-1.0879726352330354,-0.3815082531054454,1.4148717359244702
2008-01-23,0.7821967873320415,0.8191416497923628,-0.17791243020295217,-0.2863092515946138,0.9145632605325669,0.23168265367579738,1.1068351354514054,-1.0182121706376492,0.9410425985629697,2.2871109345645655,-1.8417246985891547,0.08575602577887977,-0.8782315275241184,-0.6273383447211314,1.4755515107859138
2008-01-24,0.46028626057634014,0.5445158514751796,-0.5413266145967545,-0.4533962324695698,1.336629250127804,0.40182624580643417,0.8424816653230899,-0.9766688236545827,1.0464572717175507,2.19044387669999,-1.4143726457135353,0.15941161965905454,-0.3934754001674776,-0.5486117093592265,1.6044312793921192
2008-01-25,0.20744729641728407,0.4571524016193795,-0.6438524538357879,-0.5749959426679998,1.504563082694279,0.6478734075002569,0.821109386862257,-1.0039235557284722,0.9292144098674907,2.165970395009707,-0.8266454054443402,0.4074921934576084,-0.20427316570724746,-0.3787769537075988,1.8973499203530553
2008-01-26,0.11930231412251378,0.4058664577098178,-0.3883234605491594,-0.6232823861642945,1.804146240822405,0.7396531029941229,0.9778131610879622,-1.2721483504038125,0.8878094191941723,1.9629997953186527,-0.5677723937013733,0.2927662152472617,0.350564353346007,-0.1555788669309736,1.9554119727464463
2008-01-27,0.15969104404135387,0.3330055265478942,-0.1793345025076327,-0.572514482960354,1.8721791594812676,0.6872691718098424,0.4758844061811758,-1.5028955845922367,0.706461318160325,1.6685212186687923,-0.4445771819024088,0.2666386552086962,0.6407400478050641,0.38570110216498144,2.049069508892565
2008-01-28,0.2218503098522295,0.6633351357609242,-0.058030650317988985,-0.4223314480419723,1.7924463553796826,0.6749729746967305,0.08413726187122281,-1.3547331069418664,0.627701161050074,1.1747370393522318,-0.26067166470527064,0.3274571472164098,1.3049276744850387,0.8581187595520613,2.119345688828025
2008-01-29,0.10705146799353894,1.11243426038265,-0.05547698489597996,-0.20547061179233858,1.8318997598964715,0.7740112230757765,-0.00902608761210823,-1.1589971378609878,0.5647477582060404,1.2000262669120627,0.0460616643544722,0.17974494096556223,1.491100898631443,0.6445174643175896,2.260788833135428
2008-01-30,0.1007053080783798,1.324612685329553,0.2240850300159841,-0.08724667343152766,1.9437920092932406,0.8151705643517865,0.3114086951628962,-1.0570367974322312,0.448208985677319,1.3820423553146644,0.06271710070745032,-0.06621166996233671,1.1749374635777947,0.4136421874220077,2.3115011089482373
2008-01-31,0.29953621707667943,1.304048829544117,0.41515458750121953,0.32928898695750447,1.714769095054006,0.7091743948155896,0.31685721931403144,-1.170249741305083,0.29865432285305243,1.605308558861746,-0.342557150722083,-0.28938197221062717,0.8184962291238966,0.3891279632053332,2.1216889432045867
2008-02-01,0.6024723388703156,1.2726618372659666,0.47855771595212954,0.28469649800823715,1.7013942316098354,0.5579830832684047,0.7792678680718199,-0.9726261532515226,0.3541539134044709,1.3326823179148488,-0.4283315889677904,-0.6472969856419514,0.46195884343170046,0.3312049703368392,1.5888475497813344
2008-02-02,0.9033329852879629,1.2786100591524394,0.31982488098314826,0.45490550657298207,1.5919057171013669,0.7471525922330788,0.9243961459338109,-0.7109721809127288,0.4784543303401734,1.2460724092201834,-0.6022448439453754,-0.7277590537913866,0.22550225750755032,0.11721993585072865,1.29458263581553
2008-02-03,1.2815219301804417,1.4490696220096098,0.7070869938302258,0.6337698475085907,1.3064860017401971,1.1675551537990105,1.3367406208926134,-0.680681214134976,0.43338106264196,1.0409946764840228,-0.2655100615686077,-0.8659749013243634,-0.11444766010806914,0.19329354224288248,1.3133493623421075
2008-02-04,1.4910729844236592,1.2442204222972948,0.7055070295428609,0.8687092915337817,1.0073114918641537,1.2395082486757347,1.260581862972705,-0.7460331044299863,0.48910570082941035,0.9491758760288391,-0.0020965542247350483,-1.1692275076686047,-0.46021982441796033,0.11858217369783541,1.154830914469175
2008-02-05,1.7472517803812544,1.1112137026142275,0.5575430485808313,0.7257703966095995,0.9605751900452344,0.9580981244114893,0.9504255540491057,-1.0112159351908319,0.6737547669142072,0.5952410018517851,0.31543485741303756,-1.5596122610760945,-0.7335104436299014,0.06544515176208612,1.2612101313228692
2008-02-06,1.8756750308823722,1.2083734280805611,0.47202633291929175,0.7299055526446382,0.6679065190557549,0.6629597934989183,1.1172518013094759,-0.907143236178567,0.8288707967408487,0.49755846191257,0.6252218793741715,-1.753043857901235,-0.6489354033694614,0.04601797768229215,1.4632573920096614
