,1,2,3,4,5,6,7,8,9,10,11,12,13,14,15
1990-08-20,1.3493806249976223,1.3493806249976223,1.3493806249976223,1.3493806249976223,1.3493806249976223,1.3493806249976223,1.3493806249976223,1.3493806249976223,1.3493806249976223,1.3493806249976223,1.3493806249976223,1.3493806249976223,1.3493806249976223,1.3493806249976223,1.3493806249976223
1990-08-21,1.7122548880468582,1.7122548880468582,1.7122548880468582,1.7122548880468582,1.7122548880468582,1.7122548880468582,1.7122548880468582,1.7122548880468582,1.7122548880468582,1.7122548880468582,1.7122548880468582,1.7122548880468582,1.7122548880468582,1.7122548880468582,1.7122548880468582
1990-08-22,1.8304889528353172,1.8304889528353172,1.8304889528353172,1.8304889528353172,1.8304889528353172,1.8304889528353172,1.8304889528353172,1.8304889528353172,1.8304889528353172,1.8304889528353172,1.8304889528353172,1.8304889528353172,1.8304889528353172,1.8304889528353172,1.8304889528353172
1990-08-23,2.058988200410087,2.058988200410087,2.058988200410087,2.058988200410087,2.058988200410087,2.058988200410087,2.058988200410087,2.058988200410087,2.058988200410087,2.058988200410087,2.058988200410087,2.058988200410087,2.058988200410087,2.058988200410087,2.058988200410087
1990-08-24,2.070552477247754,2.070552477247754,2.070552477247754,2.070552477247754,2.070552477247754,2.070552477247754,2.070552477247754,2.070552477247754,2.070552477247754,2.070552477247754,2.070552477247754,2.070552477247754,2.070552477247754,2.070552477247754,2.070552477247754
1990-08-25,1.8770434464321302,1.8770434464321302,1.8770434464321302,1.8770434464321302,1.8770434464321302,1.8770434464321302,1.8770434464321302,1.8770434464321302,1.8770434464321302,1.8770434464321302,1.8770434464321302,1.8770434464321302,1.8770434464321302,1.8770434464321302,1.8770434464321302
1990-08-26,1.6956409390587066,1.6956409390587066,1.6956409390587066,1.6956409390587066,1.6956409390587066,1.6956409390587066,1.6956409390587066,1.6956409390587066,1.6956409390587066,1.6956409390587066,1.6956409390587066,1.6956409390587066,1.6956409390587066,1.6956409390587066,1.6956409390587066
1990-08-27,1.0901006706932224,1.0901006706932224,1.0901006706932224,1.0901006706932224,1.0901006706932224,1.0901006706932224,1.0901006706932224,1.0901006706932224,1.0901006706932224,1.0901006706932224,1.0901006706932224,1.0901006706932224,1.0901006706932224,1.0901006706932224,1.0901006706932224
1990-08-28,0.851154703662201,0.851154703662201,0.851154703662201,0.851154703662201,0.851154703662201,0.851154703662201,0.851154703662201,0.851154703662201,0.851154703662201,0.851154703662201,0.851154703662201,0.851154703662201,0.851154703662201,0.851154703662201,0.851154703662201
1990-08-29,0.49773974338378696,0.49773974338378696,0.49773974338378696,0.49773974338378696,0.49773974338378696,0.49773974338378696,0.49773974338378696,0.49773974338378696,0.49773974338378696,0.49773974338378696,0.49773974338378696,0.49773974338378696,0.49773974338378696,0.49773974338378696,0.49773974338378696
1990-08-30,0.21033599152338356,0.21033599152338356,0.21033599152338356,0.21033599152338356,0.21033599152338356,0.21033599152338356,0.21033599152338356,0.21033599152338356,0.21033599152338356,0.21033599152338356,0.21033599152338356,0.21033599152338356,0.21033599152338356,0.21033599152338356,0.21033599152338356
1990-08-31,-0.18465240127035373,-0.18465240127035373,-0.18465240127035373,-0.18465240127035373,-0.18465240127035373,-0.18465240127035373,-0.18465240127035373,-0.18465240127035373,-0.18465240127035373,-0.18465240127035373,-0.18465240127035373,-0.18465240127035373,-0.18465240127035373,-0.18465240127035373,-0.18465240127035373
1990-09-01,-0.024006681829300214,-0.024006681829300214,-0.024006681829300214,-0.024006681829300214,-0.024006681829300214,-0.024006681829300214,-0.024006681829300214,-0.024006681829300214,-0.024006681829300214,-0.024006681829300214,-0.024006681829300214,-0.024006681829300214,-0.024006681829300214,-0.024006681829300214,-0.024006681829300214
1990-09-02,-0.11408240364652754,-0.11408240364652754,-0.11408240364652754,-0.11408240364652754,-0.11408240364652754,-0.11408240364652754,-0.11408240364652754,-0.11408240364652754,-0.11408240364652754,-0.11408240364652754,-0.11408240364652754,-0.11408240364652754,-0.11408240364652754,-0.11408240364652754,-0.11408240364652754
1990-09-03,-0.13226337499813173,-0.13226337499813173,-0.13226337499813173,-0.13226337499813173,-0.13226337499813173,-0.13226337499813173,-0.13226337499813173,-0.13226337499813173,-0.13226337499813173,-0.13226337499813173,-0.13226337499813173,-0.13226337499813173,-0.13226337499813173,-0.13226337499813173,-0.13226337499813173
1990-09-04,-0.37444356621176444,-0.37444356621176444,-0.37444356621176444,-0.37444356621176444,-0.37444356621176444,-0.37444356621176444,-0.37444356621176444,-0.37444356621176444,-0.37444356621176444,-0.37444356621176444,-0.37444356621176444,-0.37444356621176444,-0.37444356621176444,-0.37444356621176444,-0.37444356621176444
1990-09-05,0.07787826685812958,0.07787826685812958,0.07787826685812958,0.07787826685812958,0.07787826685812958,0.07787826685812958,0.07787826685812958,0.07787826685812958,0.07787826685812958,0.07787826685812958,0.07787826685812958,0.07787826685812958,0.07787826685812958,0.07787826685812958,0.07787826685812958
1990-09-06,0.22408022404214178,0.22408022404214178,0.22408022404214178,0.22408022404214178,0.22408022404214178,0.22408022404214178,0.22408022404214178,0.22408022404214178,0.22408022404214178,0.22408022404214178,0.22408022404214178,0.22408022404214178,0.22408022404214178,0.22408022404214178,0.22408022404214178
1990-09-07,0.635931985461013,0.635931985461013,0.635931985461013,0.635931985461013,0.635931985461013,0.635931985461013,0.635931985461013,0.635931985461013,0.635931985461013,0.635931985461013,0.635931985461013,0.635931985461013,0.635931985461013,0.635931985461013,0.635931985461013
1990-09-08,0.5858238005256604,0.5858238005256604,0.5858238005256604,0.5858238005256604,0.5858238005256604,0.5858238005256604,0.5858238005256604,0.5858238005256604,0.5858238005256604,0.5858238005256604,0.5858238005256604,0.5858238005256604,0.5858238005256604,0.5858238005256604,0.5858238005256604
1990-09-09,0.4678097532851701,0.4678097532851701,0.4678097532851701,0.4678097532851701,0.4678097532851701,0.4678097532851701,0.4678097532851701,0.4678097532851701,0.4678097532851701,0.4678097532851701,0.4678097532851701,0.4678097532851701,0.4678097532851701,0.4678097532851701,0.4678097532851701
1990-09-10,0.3484494446016397,0.3484494446016397,0.3484494446016397,0.3484494446016397,0.3484494446016397,0.3484494446016397,0.3484494446016397,0.3484494446016397,0.3484494446016397,0.3484494446016397,0.3484494446016397,0.3484494446016397,0.3484494446016397,0.3484494446016397,0.3484494446016397
1990-09-11,0.3702709736849746,0.3702709736849746,0.3702709736849746,0.3702709736849746,0.3702709736849746,0.3702709736849746,0.3702709736849746,0.3702709736849746,0.3702709736849746,0.3702709736849746,0.3702709736849746,0.3702709736849746,0.3702709736849746,0.3702709736849746,0.3702709736849746
1990-09-12,0.05720006773744476,0.05720006773744476,0.05720006773744476,0.05720006773744476,0.05720006773744476,0.05720006773744476,0.05720006773744476,0.05720006773744476,0.05720006773744476,0.05720006773744476,0.05720006773744476,0.05720006773744476,0.05720006773744476,0.05720006773744476,0.05720006773744476
1990-09-13,-0.09007670485566738,-0.09007670485566738,-0.09007670485566738,-0.09007670485566738,-0.09007670485566738,-0.09007670485566738,-0.09007670485566738,-0.09007670485566738,-0.09007670485566738,-0.09007670485566738,-0.09007670485566738,-0.09007670485566738,-0.09007670485566738,-0.09007670485566738,-0.09007670485566738
1990-09-14,-0.21622510051244526,-0.21622510051244526,-0.21622510051244526,-0.21622510051244526,-0.21622510051244526,-0.21622510051244526,-0.21622510051244526,-0.21622510051244526,-0.21622510051244526,-0.21622510051244526,-0.21622510051244526,-0.21622510051244526,-0.21622510051244526,-0.21622510051244526,-0.21622510051244526
1990-09-15,-0.0901361801119544,-0.0901361801119544,-0.0901361801119544,-0.0901361801119544,-0.0901361801119544,-0.0901361801119544,-0.0901361801119544,-0.0901361801119544,-0.0901361801119544,-0.0901361801119544,-0.0901361801119544,-0.0901361801119544,-0.0901361801119544,-0.0901361801119544,-0.0901361801119544
1990-09-16,-0.04981767907923301,-0.04981767907923301,-0.04981767907923301,-0.04981767907923301,-0.04981767907923301,-0.04981767907923301,-0.04981767907923301,-0.04981767907923301,-0.04981767907923301,-0.04981767907923301,-0.04981767907923301,-0.04981767907923301,-0.04981767907923301,-0.04981767907923301,-0.04981767907923301
1990-09-17,-0.07446038433601289,-0.07446038433601289,-0.07446038433601289,-0.07446038433601289,-0.07446038433601289,-0.07446038433601289,-0.07446038433601289,-0.07446038433601289,-0.07446038433601289,-0.07446038433601289,-0.07446038433601289,-0.07446038433601289,-0.07446038433601289,-0.07446038433601289,-0.07446038433601289
1990-09-18,-0.1804594507657549,-0.1804594507657549,-0.1804594507657549,-0.1804594507657549,-0.1804594507657549,-0.1804594507657549,-0.1804594507657549,-0.1804594507657549,-0.1804594507657549,-0.1804594507657549,-0.1804594507657549,-0.1804594507657549,-0.1804594507657549,-0.1804594507657549,-0.1804594507657549
1990-09-19,-0.46870881995163105,-0.46870881995163105,-0.46870881995163105,-0.46870881995163105,-0.46870881995163105,-0.46870881995163105,-0.46870881995163105,-0.46870881995163105,-0.46870881995163105,-0.46870881995163105,-0.46870881995163105,-0.46870881995163105,-0.46870881995163105,-0.46870881995163105,-0.46870881995163105
1990-09-20,-0.37136429476909416,-0.37136429476909416,-0.37136429476909416,-0.37136429476909416,-0.37136429476909416,-0.37136429476909416,-0.37136429476909416,-0.37136429476909416,-0.37136429476909416,-0.37136429476909416,-0.37136429476909416,-0.37136429476909416,-0.37136429476909416,-0.37136429476909416,-0.37136429476909416
1990-09-21,-0.3787487231407667,-0.3787487231407667,-0.3787487231407667,-0.3787487231407667,-0.3787487231407667,-0.3787487231407667,-0.3787487231407667,-0.3787487231407667,-0.3787487231407667,-0.3787487231407667,-0.3787487231407667,-0.3787487231407667,-0.3787487231407667,-0.3787487231407667,-0.3787487231407667
1990-09-22,-0.6020970369841813,-0.6020970369841813,-0.6020970369841813,-0.6020970369841813,-0.6020970369841813,-0.6020970369841813,-0.6020970369841813,-0.6020970369841813,-0.6020970369841813,-0.6020970369841813,-0.6020970369841813,-0.6020970369841813,-0.6020970369841813,-0.6020970369841813,-0.6020970369841813
1990-09-23,-0.6614806270109032,-0.6614806270109032,-0.6614806270109032,-0.6614806270109032,-0.6614806270109032,-0.6614806270109032,-0.6614806270109032,-0.6614806270109032,-0.6614806270109032,-0.6614806270109032,-0.6614806270109032,-0.6614806270109032,-0.6614806270109032,-0.6614806270109032,-0.6614806270109032
1990-09-24,-0.796447825437614,-0.796447825437614,-0.796447825437614,-0.796447825437614,-0.796447825437614,-0.796447825437614,-0.796447825437614,-0.796447825437614,-0.796447825437614,-0.796447825437614,-0.796447825437614,-0.796447825437614,-0.796447825437614,-0.796447825437614,-0.796447825437614
1990-09-25,-0.8974825591451967,-0.8974825591451967,-0.8974825591451967,-0.8974825591451967,-0.8974825591451967,-0.8974825591451967,-0.8974825591451967,-0.8974825591451967,-0.8974825591451967,-0.8974825591451967,-0.8974825591451967,-0.8974825591451967,-0.8974825591451967,-0.8974825591451967,-0.8974825591451967
1990-09-26,-0.8082248756287221,-0.8082248756287221,-0.8082248756287221,-0.8082248756287221,-0.8082248756287221,-0.8082248756287221,-0.8082248756287221,-0.8082248756287221,-0.8082248756287221,-0.8082248756287221,-0.8082248756287221,-0.8082248756287221,-0.8082248756287221,-0.8082248756287221,-0.8082248756287221
1990-09-27,-0.7131494133652463,-0.7131494133652463,-0.7131494133652463,-0.7131494133652463,-0.7131494133652463,-0.7131494133652463,-0.7131494133652463,-0.7131494133652463,-0.7131494133652463,-0.7131494133652463,-0.7131494133652463,-0.7131494133652463,-0.7131494133652463,-0.7131494133652463,-0.7131494133652463
1990-09-28,-0.48141576430418304,-0.48141576430418304,-0.48141576430418304,-0.48141576430418304,-0.48141576430418304,-0.48141576430418304,-0.48141576430418304,-0.48141576430418304,-0.48141576430418304,-0.48141576430418304,-0.48141576430418304,-0.48141576430418304,-0.48141576430418304,-0.48141576430418304,-0.48141576430418304
1990-09-29,-0.47903575713171775,-0.47903575713171775,-0.47903575713171775,-0.47903575713171775,-0.47903575713171775,-0.47903575713171775,-0.47903575713171775,-0.47903575713171775,-0.47903575713171775,-0.47903575713171775,-0.47903575713171775,-0.47903575713171775,-0.47903575713171775,-0.47903575713171775,-0.47903575713171775
1990-09-30,-0.4324443383668376,-0.4324443383668376,-0.4324443383668376,-0.4324443383668376,-0.4324443383668376,-0.4324443383668376,-0.4324443383668376,-0.4324443383668376,-0.4324443383668376,-0.4324443383668376,-0.4324443383668376,-0.4324443383668376,-0.4324443383668376,-0.4324443383668376,-0.4324443383668376
1990-10-01,-0.09831697200008435,-0.09831697200008435,-0.09831697200008435,-0.09831697200008435,-0.09831697200008435,-0.09831697200008435,-0.09831697200008435,-0.09831697200008435,-0.09831697200008435,-0.09831697200008435,-0.09831697200008435,-0.09831697200008435,-0.09831697200008435,-0.09831697200008435,-0.09831697200008435
1990-10-02,0.05552175610695003,0.05552175610695003,0.05552175610695003,0.05552175610695003,0.05552175610695003,0.05552175610695003,0.05552175610695003,0.05552175610695003,0.05552175610695003,0.05552175610695003,0.05552175610695003,0.05552175610695003,0.05552175610695003,0.05552175610695003,0.05552175610695003
1990-10-03,0.5688176409940128,0.5688176409940128,0.5688176409940128,0.5688176409940128,0.5688176409940128,0.5688176409940128,0.5688176409940128,0.5688176409940128,0.5688176409940128,0.5688176409940128,0.5688176409940128,0.5688176409940128,0.5688176409940128,0.5688176409940128,0.5688176409940128
1990-10-04,0.889507093050027,0.889507093050027,0.889507093050027,0.889507093050027,0.889507093050027,0.889507093050027,0.889507093050027,0.889507093050027,0.889507093050027,0.889507093050027,0.889507093050027,0.889507093050027,0.889507093050027,0.889507093050027,0.889507093050027
1990-10-05,1.2225908251477402,1.2225908251477402,1.2225908251477402,1.2225908251477402,1.2225908251477402,1.2225908251477402,1.2225908251477402,1.2225908251477402,1.2225908251477402,1.2225908251477402,1.2225908251477402,1.2225908251477402,1.2225908251477402,1.2225908251477402,1.2225908251477402
1990-10-06,1.3399631667503193,1.3399631667503193,1.3399631667503193,1.3399631667503193,1.3399631667503193,1.3399631667503193,1.3399631667503193,1.3399631667503193,1.3399631667503193,1.3399631667503193,1.3399631667503193,1.3399631667503193,1.3399631667503193,1.3399631667503193,1.3399631667503193
1990-10-07,1.2017909249060987,1.2017909249060987,1.2017909249060987,1.2017909249060987,1.2017909249060987,1.2017909249060987,1.2017909249060987,1.2017909249060987,1.2017909249060987,1.2017909249060987,1.2017909249060987,1.2017909249060987,1.2017909249060987,1.2017909249060987,1.2017909249060987
1990-10-08,0.8131544503688029,0.8131544503688029,0.8131544503688029,0.8131544503688029,0.8131544503688029,0.8131544503688029,0.8131544503688029,0.8131544503688029,0.8131544503688029,0.8131544503688029,0.8131544503688029,0.8131544503688029,0.8131544503688029,0.8131544503688029,0.8131544503688029
1990-10-09,0.13878968951238183,0.13878968951238183,0.13878968951238183,0.13878968951238183,0.13878968951238183,0.13878968951238183,0.13878968951238183,0.13878968951238183,0.13878968951238183,0.13878968951238183,0.13878968951238183,0.13878968951238183,0.13878968951238183,0.13878968951238183,0.13878968951238183
1990-10-10,-0.15274804124185132,-0.15274804124185132,-0.15274804124185132,-0.15274804124185132,-0.15274804124185132,-0.15274804124185132,-0.15274804124185132,-0.15274804124185132,-0.15274804124185132,-0.15274804124185132,-0.15274804124185132,-0.15274804124185132,-0.15274804124185132,-0.15274804124185132,-0.15274804124185132
1990-10-11,-0.3562797069788561,-0.3562797069788561,-0.3562797069788561,-0.3562797069788561,-0.3562797069788561,-0.3562797069788561,-0.3562797069788561,-0.3562797069788561,-0.3562797069788561,-0.3562797069788561,-0.3562797069788561,-0.3562797069788561,-0.3562797069788561,-0.3562797069788561,-0.3562797069788561
1990-10-12,-0.3471345297861908,-0.3471345297861908,-0.3471345297861908,-0.3471345297861908,-0.3471345297861908,-0.3471345297861908,-0.3471345297861908,-0.3471345297861908,-0.3471345297861908,-0.3471345297861908,-0.3471345297861908,-0.3471345297861908,-0.3471345297861908,-0.3471345297861908,-0.3471345297861908
1990-10-13,-0.33388758508448885,-0.33388758508448885,-0.33388758508448885,-0.33388758508448885,-0.33388758508448885,-0.33388758508448885,-0.33388758508448885,-0.33388758508448885,-0.33388758508448885,-0.33388758508448885,-0.33388758508448885,-0.33388758508448885,-0.33388758508448885,-0.33388758508448885,-0.33388758508448885
1990-10-14,-0.6518552493333166,-0.6518552493333166,-0.6518552493333166,-0.6518552493333166,-0.6518552493333166,-0.6518552493333166,-0.6518552493333166,-0.6518552493333166,-0.6518552493333166,-0.6518552493333166,-0.6518552493333166,-0.6518552493333166,-0.6518552493333166,-0.6518552493333166,-0.6518552493333166
1990-10-15,-0.920595456303989,-0.920595456303989,-0.920595456303989,-0.920595456303989,-0.920595456303989,-0.920595456303989,-0.920595456303989,-0.920595456303989,-0.920595456303989,-0.920595456303989,-0.920595456303989,-0.920595456303989,-0.920595456303989,-0.920595456303989,-0.920595456303989
1990-10-16,-0.9339192662701812,-0.9339192662701812,-0.9339192662701812,-0.9339192662701812,-0.9339192662701812,-0.9339192662701812,-0.9339192662701812,-0.9339192662701812,-0.9339192662701812,-0.9339192662701812,-0.9339192662701812,-0.9339192662701812,-0.9339192662701812,-0.9339192662701812,-0.9339192662701812
1990-10-17,-1.0484593869549679,-1.0484593869549679,-1.0484593869549679,-1.0484593869549679,-1.0484593869549679,-1.0484593869549679,-1.0484593869549679,-1.0484593869549679,-1.0484593869549679,-1.0484593869549679,-1.0484593869549679,-1.0484593869549679,-1.0484593869549679,-1.0484593869549679,-1.0484593869549679
1990-10-18,-1.21000802988627,-1.21000802988627,-1.21000802988627,-1.21000802988627,-1.21000802988627,-1.21000802988627,-1.21000802988627,-1.21000802988627,-1.21000802988627,-1.21000802988627,-1.21000802988627,-1.21000802988627,-1.21000802988627,-1.21000802988627,-1.21000802988627
1990-10-19,-0.9975289316864705,-0.9975289316864705,-0.9975289316864705,-0.9975289316864705,-0.9975289316864705,-0.9975289316864705,-0.9975289316864705,-0.9975289316864705,-0.9975289316864705,-0.9975289316864705,-0.9975289316864705,-0.9975289316864705,-0.9975289316864705,-0.9975289316864705,-0.9975289316864705
1990-10-20,-1.0194639178512073,-1.0194639178512073,-1.0194639178512073,-1.0194639178512073,-1.0194639178512073,-1.0194639178512073,-1.0194639178512073,-1.0194639178512073,-1.0194639178512073,-1.0194639178512073,-1.0194639178512073,-1.0194639178512073,-1.0194639178512073,-1.0194639178512073,-1.0194639178512073
1990-10-21,-1.198032864704511,-1.198032864704511,-1.198032864704511,-1.198032864704511,-1.198032864704511,-1.198032864704511,-1.198032864704511,-1.198032864704511,-1.198032864704511,-1.198032864704511,-1.198032864704511,-1.198032864704511,-1.198032864704511,-1.198032864704511,-1.198032864704511
1990-10-22,-1.2825629151095408,-1.2825629151095408,-1.2825629151095408,-1.2825629151095408,-1.2825629151095408,-1.2825629151095408,-1.2825629151095408,-1.2825629151095408,-1.2825629151095408,-1.2825629151095408,-1.2825629151095408,-1.2825629151095408,-1.2825629151095408,-1.2825629151095408,-1.2825629151095408
1990-10-23,-1.2707171900359706,-1.2707171900359706,-1.2707171900359706,-1.2707171900359706,-1.2707171900359706,-1.2707171900359706,-1.2707171900359706,-1.2707171900359706,-1.2707171900359706,-1.2707171900359706,-1.2707171900359706,-1.2707171900359706,-1.2707171900359706,-1.2707171900359706,-1.2707171900359706
1990-10-24,-1.3973439216439512,-1.3973439216439512,-1.3973439216439512,-1.3973439216439512,-1.3973439216439512,-1.3973439216439512,-1.3973439216439512,-1.3973439216439512,-1.3973439216439512,-1.3973439216439512,-1.3973439216439512,-1.3973439216439512,-1.3973439216439512,-1.3973439216439512,-1.3973439216439512
1990-10-25,-1.4972524213859184,-1.4972524213859184,-1.4972524213859184,-1.4972524213859184,-1.4972524213859184,-1.4972524213859184,-1.4972524213859184,-1.4972524213859184,-1.4972524213859184,-1.4972524213859184,-1.4972524213859184,-1.4972524213859184,-1.4972524213859184,-1.4972524213859184,-1.4972524213859184
1990-10-26,-1.2677497504867923,-1.2677497504867923,-1.2677497504867923,-1.2677497504867923,-1.2677497504867923,-1.2677497504867923,-1.2677497504867923,-1.2677497504867923,-1.2677497504867923,-1.2677497504867923,-1.2677497504867923,-1.2677497504867923,-1.2677497504867923,-1.2677497504867923,-1.2677497504867923
1990-10-27,-1.1953590730433035,-1.1953590730433035,-1.1953590730433035,-1.1953590730433035,-1.1953590730433035,-1.1953590730433035,-1.1953590730433035,-1.1953590730433035,-1.1953590730433035,-1.1953590730433035,-1.1953590730433035,-1.1953590730433035,-1.1953590730433035,-1.1953590730433035,-1.1953590730433035
1990-10-28,-1.2118922581173852,-1.2118922581173852,-1.2118922581173852,-1.2118922581173852,-1.2118922581173852,-1.2118922581173852,-1.2118922581173852,-1.2118922581173852,-1.2118922581173852,-1.2118922581173852,-1.2118922581173852,-1.2118922581173852,-1.2118922581173852,-1.2118922581173852,-1.2118922581173852
1990-10-29,-1.227171814472742,-1.227171814472742,-1.227171814472742,-1.227171814472742,-1.227171814472742,-1.227171814472742,-1.227171814472742,-1.227171814472742,-1.227171814472742,-1.227171814472742,-1.227171814472742,-1.227171814472742,-1.227171814472742,-1.227171814472742,-1.227171814472742
1990-10-30,-1.6397031223372913,-1.6397031223372913,-1.6397031223372913,-1.6397031223372913,-1.6397031223372913,-1.6397031223372913,-1.6397031223372913,-1.6397031223372913,-1.6397031223372913,-1.6397031223372913,-1.6397031223372913,-1.6397031223372913,-1.6397031223372913,-1.6397031223372913,-1.6397031223372913
1990-10-31,-1.4970035758745759,-1.4970035758745759,-1.4970035758745759,-1.4970035758745759,-1.4970035758745759,-1.4970035758745759,-1.4970035758745759,-1.4970035758745759,-1.4970035758745759,-1.4970035758745759,-1.4970035758745759,-1.4970035758745759,-1.4970035758745759,-1.4970035758745759,-1.4970035758745759
1990-11-01,-1.3426726873454327,-1.3426726873454327,-1.3426726873454327,-1.3426726873454327,-1.3426726873454327,-1.3426726873454327,-1.3426726873454327,-1.3426726873454327,-1.3426726873454327,-1.3426726873454327,-1.3426726873454327,-1.3426726873454327,-1.3426726873454327,-1.3426726873454327,-1.3426726873454327
1990-11-02,-1.323639889994478,-1.323639889994478,-1.323639889994478,-1.323639889994478,-1.323639889994478,-1.323639889994478,-1.323639889994478,-1.323639889994478,-1.323639889994478,-1.323639889994478,-1.323639889994478,-1.323639889994478,-1.323639889994478,-1.323639889994478,-1.323639889994478
1990-11-03,-1.0711156130172383,-1.0711156130172383,-1.0711156130172383,-1.0711156130172383,-1.0711156130172383,-1.0711156130172383,-1.0711156130172383,-1.0711156130172383,-1.0711156130172383,-1.0711156130172383,-1.0711156130172383,-1.0711156130172383,-1.0711156130172383,-1.0711156130172383,-1.0711156130172383
1990-11-04,-0.8263563785618775,-0.8263563785618775,-0.8263563785618775,-0.8263563785618775,-0.8263563785618775,-0.8263563785618775,-0.8263563785618775,-0.8263563785618775,-0.8263563785618775,-0.8263563785618775,-0.8263563785618775,-0.8263563785618775,-0.8263563785618775,-0.8263563785618775,-0.8263563785618775
1990-11-05,-0.6405476070968532,-0.6405476070968532,-0.6405476070968532,-0.6405476070968532,-0.6405476070968532,-0.6405476070968532,-0.6405476070968532,-0.6405476070968532,-0.6405476070968532,-0.6405476070968532,-0.6405476070968532,-0.6405476070968532,-0.6405476070968532,-0.6405476070968532,-0.6405476070968532
1990-11-06,-0.32380575344617746,-0.32380575344617746,-0.32380575344617746,-0.32380575344617746,-0.32380575344617746,-0.32380575344617746,-0.32380575344617746,-0.32380575344617746,-0.32380575344617746,-0.32380575344617746,-0.32380575344617746,-0.32380575344617746,-0.32380575344617746,-0.32380575344617746,-0.32380575344617746
1990-11-07,-0.23576584781988988,-0.23576584781988988,-0.23576584781988988,-0.23576584781988988,-0.23576584781988988,-0.23576584781988988,-0.23576584781988988,-0.23576584781988988,-0.23576584781988988,-0.23576584781988988,-0.23576584781988988,-0.23576584781988988,-0.23576584781988988,-0.23576584781988988,-0.23576584781988988
1990-11-08,0.18211573567411704,0.18211573567411704,0.18211573567411704,0.18211573567411704,0.18211573567411704,0.18211573567411704,0.18211573567411704,0.18211573567411704,0.18211573567411704,0.18211573567411704,0.18211573567411704,0.18211573567411704,0.18211573567411704,0.18211573567411704,0.18211573567411704
1990-11-09,0.3780737121815466,0.3780737121815466,0.3780737121815466,0.3780737121815466,0.3780737121815466,0.3780737121815466,0.3780737121815466,0.3780737121815466,0.3780737121815466,0.3780737121815466,0.3780737121815466,0.3780737121815466,0.3780737121815466,0.3780737121815466,0.3780737121815466
1990-11-10,0.5486027344371978,0.5486027344371978,0.5486027344371978,0.5486027344371978,0.5486027344371978,0.5486027344371978,0.5486027344371978,0.5486027344371978,0.5486027344371978,0.5486027344371978,0.5486027344371978,0.5486027344371978,0.5486027344371978,0.5486027344371978,0.5486027344371978
1990-11-11,0.7547094014045606,0.7547094014045606,0.7547094014045606,0.7547094014045606,0.7547094014045606,0.7547094014045606,0.7547094014045606,0.7547094014045606,0.7547094014045606,0.7547094014045606,0.7547094014045606,0.7547094014045606,0.7547094014045606,0.7547094014045606,0.7547094014045606
1990-11-12,0.9375141262786009,0.9375141262786009,0.9375141262786009,0.9375141262786009,0.9375141262786009,0.9375141262786009,0.9375141262786009,0.9375141262786009,0.9375141262786009,0.9375141262786009,0.9375141262786009,0.9375141262786009,0.9375141262786009,0.9375141262786009,0.9375141262786009
1990-11-13,1.324924752726631,1.324924752726631,1.324924752726631,1.324924752726631,1.324924752726631,1.324924752726631,1.324924752726631,1.324924752726631,1.324924752726631,1.324924752726631,1.324924752726631,1.324924752726631,1.324924752726631,1.324924752726631,1.324924752726631
1990-11-14,1.693684961486665,1.693684961486665,1.693684961486665,1.693684961486665,1.693684961486665,1.693684961486665,1.693684961486665,1.693684961486665,1.693684961486665,1.693684961486665,1.693684961486665,1.693684961486665,1.693684961486665,1.693684961486665,1.693684961486665
1990-11-15,2.0929426305649366,2.0929426305649366,2.0929426305649366,2.0929426305649366,2.0929426305649366,2.0929426305649366,2.0929426305649366,2.0929426305649366,2.0929426305649366,2.0929426305649366,2.0929426305649366,2.0929426305649366,2.0929426305649366,2.0929426305649366,2.0929426305649366
1990-11-16,2.1510240045595257,2.1510240045595257,2.1510240045595257,2.1510240045595257,2.1510240045595257,2.1510240045595257,2.1510240045595257,2.1510240045595257,2.1510240045595257,2.1510240045595257,2.1510240045595257,2.1510240045595257,2.1510240045595257,2.1510240045595257,2.1510240045595257
1990-11-17,2.334968867710858,2.334968867710858,2.334968867710858,2.334968867710858,2.334968867710858,2.334968867710858,2.334968867710858,2.334968867710858,2.334968867710858,2.334968867710858,2.334968867710858,2.334968867710858,2.334968867710858,2.334968867710858,2.334968867710858
1990-11-18,2.020222564042863,2.020222564042863,2.020222564042863,2.020222564042863,2.020222564042863,2.020222564042863,2.020222564042863,2.020222564042863,2.020222564042863,2.020222564042863,2.020222564042863,2.020222564042863,2.020222564042863,2.020222564042863,2.020222564042863
1990-11-19,1.8218716306961371,1.8218716306961371,1.8218716306961371,1.8218716306961371,1.8218716306961371,1.8218716306961371,1.8218716306961371,1.8218716306961371,1.8218716306961371,1.8218716306961371,1.8218716306961371,1.8218716306961371,1.8218716306961371,1.8218716306961371,1.8218716306961371
1990-11-20,1.6446975693289159,1.6446975693289159,1.6446975693289159,1.6446975693289159,1.6446975693289159,1.6446975693289159,1.6446975693289159,1.6446975693289159,1.6446975693289159,1.6446975693289159,1.6446975693289159,1.6446975693289159,1.6446975693289159,1.6446975693289159,1.6446975693289159
1990-11-21,1.3315768753487651,1.3315768753487651,1.3315768753487651,1.3315768753487651,1.3315768753487651,1.3315768753487651,1.3315768753487651,1.3315768753487651,1.3315768753487651,1.3315768753487651,1.3315768753487651,1.3315768753487651,1.3315768753487651,1.3315768753487651,1.3315768753487651
1990-11-22,1.0722776519489245,1.0722776519489245,1.0722776519489245,1.0722776519489245,1.0722776519489245,1.0722776519489245,1.0722776519489245,1.0722776519489245,1.0722776519489245,1.0722776519489245,1.0722776519489245,1.0722776519489245,1.0722776519489245,1.0722776519489245,1.0722776519489245
1990-11-23,0.6754723351451181,0.6754723351451181,0.6754723351451181,0.6754723351451181,0.6754723351451181,0.6754723351451181,0.6754723351451181,0.6754723351451181,0.6754723351451181,0.6754723351451181,0.6754723351451181,0.6754723351451181,0.6754723351451181,0.6754723351451181,0.6754723351451181
1990-11-24,0.611120899342332,0.611120899342332,0.611120899342332,0.611120899342332,0.611120899342332,0.611120899342332,0.611120899342332,0.611120899342332,0.611120899342332,0.611120899342332,0.611120899342332,0.611120899342332,0.611120899342332,0.611120899342332,0.611120899342332
1990-11-25,0.28242166095032,0.28242166095032,0.28242166095032,0.28242166095032,0.28242166095032,0.28242166095032,0.28242166095032,0.28242166095032,0.28242166095032,0.28242166095032,0.28242166095032,0.28242166095032,0.28242166095032,0.28242166095032,0.28242166095032
1990-11-26,0.3511433808745386,0.3511433808745386,0.3511433808745386,0.3511433808745386,0.3511433808745386,0.3511433808745386,0.3511433808745386,0.3511433808745386,0.3511433808745386,0.3511433808745386,0.3511433808745386,0.3511433808745386,0.3511433808745386,0.3511433808745386,0.3511433808745386
1990-11-27,0.3416871452410111,0.3416871452410111,0.3416871452410111,0.3416871452410111,0.3416871452410111,0.3416871452410111,0.3416871452410111,0.3416871452410111,0.3416871452410111,0.3416871452410111,0.3416871452410111,0.3416871452410111,0.3416871452410111,0.3416871452410111,0.3416871452410111
1990-11-28,0.5499205221143976,0.5499205221143976,0.5499205221143976,0.5499205221143976,0.5499205221143976,0.5499205221143976,0.5499205221143976,0.5499205221143976,0.5499205221143976,0.5499205221143976,0.5499205221143976,0.5499205221143976,0.5499205221143976,0.5499205221143976,0.5499205221143976
1990-11-29,0.7303040724987613,0.7303040724987613,0.7303040724987613,0.7303040724987613,0.7303040724987613,0.7303040724987613,0.7303040724987613,0.7303040724987613,0.7303040724987613,0.7303040724987613,0.7303040724987613,0.7303040724987613,0.7303040724987613,0.7303040724987613,0.7303040724987613
1990-11-30,1.029234675267572,1.029234675267572,1.029234675267572,1.029234675267572,1.029234675267572,1.029234675267572,1.029234675267572,1.029234675267572,1.029234675267572,1.029234675267572,1.029234675267572,1.029234675267572,1.029234675267572,1.029234675267572,1.029234675267572
1990-12-01,0.9469139976415772,0.9469139976415772,0.9469139976415772,0.9469139976415772,0.9469139976415772,0.9469139976415772,0.9469139976415772,0.9469139976415772,0.9469139976415772,0.9469139976415772,0.9469139976415772,0.9469139976415772,0.9469139976415772,0.9469139976415772,0.9469139976415772
1990-12-02,0.818732423838966,0.818732423838966,0.818732423838966,0.818732423838966,0.818732423838966,0.818732423838966,0.818732423838966,0.818732423838966,0.818732423838966,0.818732423838966,0.818732423838966,0.818732423838966,0.818732423838966,0.818732423838966,0.818732423838966
1990-12-03,0.5816291613944611,0.5816291613944611,0.5816291613944611,0.5816291613944611,0.5816291613944611,0.5816291613944611,0.5816291613944611,0.5816291613944611,0.5816291613944611,0.5816291613944611,0.5816291613944611,0.5816291613944611,0.5816291613944611,0.5816291613944611,0.5816291613944611
1990-12-04,0.5135671822281809,0.5135671822281809,0.5135671822281809,0.5135671822281809,0.5135671822281809,0.5135671822281809,0.5135671822281809,0.5135671822281809,0.5135671822281809,0.5135671822281809,0.5135671822281809,0.5135671822281809,0.5135671822281809,0.5135671822281809,0.5135671822281809
1990-12-05,0.19306811645613473,0.19306811645613473,0.19306811645613473,0.19306811645613473,0.19306811645613473,0.19306811645613473,0.19306811645613473,0.19306811645613473,0.19306811645613473,0.19306811645613473,0.19306811645613473,0.19306811645613473,0.19306811645613473,0.19306811645613473,0.19306811645613473
1990-12-06,-0.0015943461210164175,-0.0015943461210164175,-0.0015943461210164175,-0.0015943461210164175,-0.0015943461210164175,-0.0015943461210164175,-0.0015943461210164175,-0.0015943461210164175,-0.0015943461210164175,-0.0015943461210164175,-0.0015943461210164175,-0.0015943461210164175,-0.0015943461210164175,-0.0015943461210164175,-0.0015943461210164175
1990-12-07,-0.5182849838638657,-0.5182849838638657,-0.5182849838638657,-0.5182849838638657,-0.5182849838638657,-0.5182849838638657,-0.5182849838638657,-0.5182849838638657,-0.5182849838638657,-0.5182849838638657,-0.5182849838638657,-0.5182849838638657,-0.5182849838638657,-0.5182849838638657,-0.5182849838638657
1990-12-08,-1.1161380370632015,-1.1161380370632015,-1.1161380370632015,-1.1161380370632015,-1.1161380370632015,-1.1161380370632015,-1.1161380370632015,-1.1161380370632015,-1.1161380370632015,-1.1161380370632015,-1.1161380370632015,-1.1161380370632015,-1.1161380370632015,-1.1161380370632015,-1.1161380370632015
1990-12-09,-1.4745897586494363,-1.4745897586494363,-1.4745897586494363,-1.4745897586494363,-1.4745897586494363,-1.4745897586494363,-1.4745897586494363,-1.4745897586494363,-1.4745897586494363,-1.4745897586494363,-1.4745897586494363,-1.4745897586494363,-1.4745897586494363,-1.4745897586494363,-1.4745897586494363
1990-12-10,-1.686867566111023,-1.686867566111023,-1.686867566111023,-1.686867566111023,-1.686867566111023,-1.686867566111023,-1.686867566111023,-1.686867566111023,-1.686867566111023,-1.686867566111023,-1.686867566111023,-1.686867566111023,-1.686867566111023,-1.686867566111023,-1.686867566111023
1990-12-11,-1.7791429163579555,-1.7791429163579555,-1.7791429163579555,-1.7791429163579555,-1.7791429163579555,-1.7791429163579555,-1.7791429163579555,-1.7791429163579555,-1.7791429163579555,-1.7791429163579555,-1.7791429163579555,-1.7791429163579555,-1.7791429163579555,-1.7791429163579555,-1.7791429163579555
1990-12-12,-1.7091511225521419,-1.7091511225521419,-1.7091511225521419,-1.7091511225521419,-1.7091511225521419,-1.7091511225521419,-1.7091511225521419,-1.7091511225521419,-1.7091511225521419,-1.7091511225521419,-1.7091511225521419,-1.7091511225521419,-1.7091511225521419,-1.7091511225521419,-1.7091511225521419
1990-12-13,-1.7549903314805977,-1.7549903314805977,-1.7549903314805977,-1.7549903314805977,-1.7549903314805977,-1.7549903314805977,-1.7549903314805977,-1.7549903314805977,-1.7549903314805977,-1.7549903314805977,-1.7549903314805977,-1.7549903314805977,-1.7549903314805977,-1.7549903314805977,-1.7549903314805977
1990-12-14,-1.992236949693419,-1.992236949693419,-1.992236949693419,-1.992236949693419,-1.992236949693419,-1.992236949693419,-1.992236949693419,-1.992236949693419,-1.992236949693419,-1.992236949693419,-1.992236949693419,-1.992236949693419,-1.992236949693419,-1.992236949693419,-1.992236949693419
1990-12-15,-1.680930808521606,-1.680930808521606,-1.680930808521606,-1.680930808521606,-1.680930808521606,-1.680930808521606,-1.680930808521606,-1.680930808521606,-1.680930808521606,-1.680930808521606,-1.680930808521606,-1.680930808521606,-1.680930808521606,-1.680930808521606,-1.680930808521606
1990-12-16,-1.301642951567889,-1.301642951567889,-1.301642951567889,-1.301642951567889,-1.301642951567889,-1.301642951567889,-1.301642951567889,-1.301642951567889,-1.301642951567889,-1.301642951567889,-1.301642951567889,-1.301642951567889,-1.301642951567889,-1.301642951567889,-1.301642951567889
1990-12-17,-0.9626959680616747,-0.9626959680616747,-0.9626959680616747,-0.9626959680616747,-0.9626959680616747,-0.9626959680616747,-0.9626959680616747,-0.9626959680616747,-0.9626959680616747,-0.9626959680616747,-0.9626959680616747,-0.9626959680616747,-0.9626959680616747,-0.9626959680616747,-0.9626959680616747
1990-12-18,-0.47715560546705604,-0.4747787231217442,-0.4990779441971706,-0.48143329499621584,-0.41039881768406855,-0.5451656139803157,-0.591418957927772,-0.38715360833475004,-0.4804634554026876,-0.49058834547635893,-0.5287579969976235,-0.5126967886249327,-0.44259863568256236,-0.4519767517681991,-0.38162564410607275
1990-12-19,-0.3086387441067544,-0.25871791557566653,-0.2516203539167996,-0.25220039377594666,-0.250258056322424,-0.3205591733668144,-0.44969664691435823,0.017999118594428216,-0.3490260450747329,-0.14149884725934853,-0.13321980242286144,-0.3815371125734929,-0.14670580136760733,-0.1889324087533647,-0.09741298744253944
1990-12-20,-0.011187074287960707,-0.1794894513424525,0.10051189179029701,-0.0702055200808671,0.04130732118757336,0.22969250570880403,-0.02954554466952226,0.42514314100872513,-0.016774496046284802,0.11195029694277964,0.20062484564266453,0.029189302164180926,0.15212849623843458,0.176326508552022,0.17150630557944352
1990-12-21,0.10837725795347701,-0.03167781792775094,0.2972948266232696,0.11327823957146206,0.1703277393274391,0.44245948690499415,0.12363036320334993,0.4879959329755185,0.13339392190864025,0.2684271282157195,0.293679078327221,0.13002901662300562,0.296827991827948,0.6873412554694853,0.3355471528351741
1990-12-22,0.1560324152436496,-0.05042674647973455,0.43914673333709614,0.0583867721188237,0.054311985657109194,0.2999279498154856,0.05749025276364929,0.5045818543904703,0.4251053453157492,0.2902385130333679,0.3479683036270862,-0.06094370100440327,0.22618902055523518,0.9320829364515975,0.2589610412829707
1990-12-23,0.3458338893148111,0.2792760801346104,0.8393148356634583,0.20640818645012532,0.5670797416476797,0.4631197935246944,0.33272366602494385,0.9729472685569183,0.5417714835454744,0.5355138726191676,0.33875261928196443,0.4246827796007848,0.42169522243407936,1.1044970149615632,0.39823936546435235
1990-12-24,0.47160445027678954,0.5128331370724675,1.1349363838007533,0.2059240883594576,0.8674448689813496,0.49957461106259093,0.757882207566533,1.1736656555383118,0.4551359355623415,0.7054382708812136,0.4001673545198229,0.6808587011744026,0.3383619218198722,1.2321164247422864,0.541956864722563
1990-12-25,0.40907413860551434,0.571821624030455,1.335969699821292,0.4241221543807711,0.721067651635811,0.1161151037964301,1.0658893881788583,0.9398444674638233,0.6431725099294622,0.7262002694944565,0.778416960762381,0.796964593700561,0.1224808699608727,0.9550136009938586,0.5215676090449758
1990-12-26,0.2787066363805773,0.6775809985763895,1.6878706710168883,0.4047177483526926,0.8512543594141175,-0.07523887666049822,0.9225581833339223,0.7898335177256046,0.7644807298055831,0.8342486482065773,0.9026348234752886,0.8082943280071048,-0.33131032427770646,0.769962401460669,0.48600062505477865
1990-12-27,0.30075657637836967,0.5210682164287792,1.8057297647840005,0.2777773345511868,0.8245967124788549,0.03063722411807981,0.7898259620140982,0.880150007891642,1.0375266760315864,0.5358697427663318,1.0616389646853774,0.6350273732043998,-0.5536593576068052,0.7828083637034603,0.3174811427982493
1990-12-28,0.13542624438569417,0.2971838756805458,1.5954786481789518,0.3564012668506365,0.9195130188309064,0.07131993764702949,0.7137475635797288,0.7599081877814152,1.12729864214178,0.44866488286490763,0.8317476865554471,0.40075534277787167,-0.5297115620030333,0.6221584769656383,0.10852886585077894
1990-12-29,-0.18604537710717997,-0.28475590853804583,1.243109164840919,0.08601751377671238,0.6995119419428428,0.009152700023927962,0.4578217431592904,0.6899797799609976,1.1253177564743742,0.1597851692916558,0.3513295805043271,-0.05760426765512936,-0.523430260194272,0.4650774531434043,-0.13229646208291782
1990-12-30,-0.8268202560068397,-0.5584523062931337,1.028612134991698,-0.38425107651143703,0.43890857557086355,-0.11099232943214891,0.31531063514824936,0.5509286279064722,0.7857773614974625,0.18369859227437865,-0.34836364633176503,-0.5856518086038005,-0.5504835200818375,0.2855932924134784,-0.17813839559392863
1990-12-31,-1.2896908495966806,-0.8064953828917106,0.8742626642217246,-0.639868463147791,0.2269159308079153,-0.23343527149583962,-0.006271663328311115,0.5809262250057856,0.4784939654959596,0.05473597717578883,-0.4836609594701623,-0.7707460847099878,-0.7432185772484778,0.18073305139343604,-0.292726033626415
1991-01-01,-1.501274883472223,-0.8329744028215664,0.858827210286865,-0.68069393747046,0.11960832156329944,-0.16116613581682757,0.09255935664591672,0.4451602609631808,0.4592537685107693,0.0967979130239689,-0.7062354627666377,-0.6616169042088332,-0.9198807915729073,-0.31806230332715174,-0.3836182939980388
1991-01-02,-1.5249033371041838,-0.7385736462178306,0.7798078813240054,-0.4876495959526096,0.20703366738209297,-0.15830941460949616,0.012107550588256006,0.20344622212637986,0.5860711090118201,0.09014915509239058,-0.8461465821137886,-0.3662475636402612,-0.86087245411451,-0.5079936612269574,-0.6190822867970782
1991-01-03,-1.561096807756604,-0.9617598800394033,0.46526114416477127,-0.6056754299802644,0.1308180929053618,0.059237343348054756,0.1292103662732982,0.015816925230553405,0.5107460548828083,-0.10924813269830098,-1.2834792036309524,-0.21847173954515953,-0.7221028601926995,-0.7350045580110183,-0.6829469268412063
1991-01-04,-1.3570083587666815,-1.235158514621254,0.25342596598423717,-0.7050635188011024,0.11303177741040663,0.03784247679298575,0.2362888794432537,0.06009739936824151,0.2204723025157125,-0.32677965535416464,-1.4440409459200703,0.12018336045797097,-0.6075269885016029,-0.7261872346946824,-0.559138553133063
1991-01-05,-1.2910525332406149,-1.23348991712531,0.2504671936371464,-0.4643174656473311,0.19968868556398964,-0.015216842285705754,0.18019273597917448,-0.0594333687537889,0.10267258732586622,-0.3352878890977799,-1.3744173300779965,0.47164219882667524,-0.8490671099728362,-0.7788252410922376,-0.2288834936427359
1991-01-06,-1.4041801406811618,-1.086733479983351,0.124014629584357,-0.5674335001197707,0.24286282995855232,0.14094358295948597,0.3177484284901219,-0.008067523221058625,0.008127705722029734,-0.14955785840508187,-1.3989314715423662,0.5218019092580898,-0.6415292068039015,-0.7681135140288038,0.05714109363594757
1991-01-07,-1.4866915620131633,-0.6270001389730657,0.14036990854569023,-0.5330692720800163,0.1890872959447498,0.26298708136837706,0.06436137218394536,-0.0182730946395163,-0.017326306251348372,-0.020024350504414135,-1.3256420140753238,0.5653139158531463,-0.522067783528358,-0.7213664602872908,0.38413695358424355
1991-01-08,-1.3999543842454707,-0.5748115699708849,0.24921352902446206,-0.5806390748756198,0.03761707875123609,0.8984868512325985,-0.21499733155468337,-0.16791741471110147,-0.31085845317502936,0.15013628764869033,-0.894956926782716,1.0237030990096125,-0.4637161385833443,-0.6252859047884692,0.5092433929615662
1991-01-09,-1.3802750305277134,-0.029082325160502968,0.39966525069764813,-0.48270028328767167,-0.004608970776641527,1.1946636387175034,-0.6344903714978722,-0.32189096851591775,-0.4416355179130465,0.08659436848797088,-0.5036426569611979,1.018796163286593,-0.36394222104028234,-0.4365820244285242,0.23669503307165363
1991-01-10,-1.2726484475367994,0.12802513541235033,0.08711006045983634,-0.5943073797340449,-0.038720256593183455,1.235767195307847,-0.7581156250926969,-0.46471809810800846,-0.724404948166678,-0.16499764392834265,-0.44437531824289517,1.0102756102216772,-0.26245222925656914,-0.41368363221235716,-0.19151762705685854
1991-01-11,-1.2775489585741393,-0.0042148398093349825,-0.41923770421952444,-0.560257833239838,0.2295441995809256,1.6813714489285436,-0.6808280193526935,-0.7970663885196531,-0.8226452696414231,-0.38001877435795656,-0.3220873193467265,0.8212362114932978,-0.5938017196124484,-0.6177551661177686,-0.3630324878043577
1991-01-12,-1.0141678461554746,-0.09306919425953253,-0.48078515162029717,-0.7609625514046809,0.25755225277574134,1.8095720126324573,-0.9815536065466145,-1.0118787716544217,-0.9948460516502202,-0.6105146193271165,-0.2995567439186754,0.7866059353409205,-0.5351672762953966,-0.6868170013575554,-0.4817899392833748
1991-01-13,-0.6845886528089917,-0.15006996538092743,-0.40015284893260356,-1.1168910556565617,-0.004050278052469927,1.9102107716166503,-1.222273369536159,-0.8480184561917729,-1.1485451549289787,-0.883962658413396,-0.39227993988907855,0.9691288834026183,-0.35318390862944615,-0.33532172646280584,-0.4851355568107184
1991-01-14,-0.11742364064376869,-0.5348021082193676,-0.2432299895397157,-1.4187668301694571,-0.04901575827751566,1.536962781447677,-1.3375155782591923,-0.8478390409312241,-1.176236739041342,-1.036930827753554,-0.33520745116876066,0.7812546889929443,-0.0320034969776761,-0.18861740522149167,-0.21490736976322572
1991-01-15,0.2748911177990576,-0.6922388941757931,0.14815044244055867,-1.3298766956755192,-0.055145827367449204,1.7193515082598008,-1.3081076931454256,-0.6758099705526052,-1.0602694253370986,-1.0793980386381556,-0.5032486626618273,0.8045370451051443,0.5317725944132276,-0.10240190024466053,0.020782372565141632
1991-01-16,0.4632957713070328,-0.6953597009836769,0.495692484090743,-0.8254572548234191,-0.14338622339124896,1.8548330900977703,-1.3884594354471995,-0.43032288924734374,-0.8407883644226936,-1.1721605261116606,-0.4237205147332963,0.7832142424059463,0.6987623056763693,-0.42448430752937905,0.4231577990957025
1991-01-17,0.7606302016845664,-0.7457605644367946,0.8669150375891128,-0.4302912369510561,-0.25755753827333955,2.0014547121999815,-1.3868652812571602,-0.09245155005644609,-0.7140981240526869,-1.2536851579999728,-0.5840237806727006,0.946078872455058,0.5647778864404803,-0.3890341813479635,0.912552651671117
1991-01-18,1.0866230646815949,-0.9258383459779755,1.0041722728428337,0.1861606729672739,-0.31849793576862234,1.832987359570221,-1.082677756380151,0.4870061631034613,-0.5620827333731292,-1.3172993028474438,-0.7803824482007782,1.0314023436211883,0.5664865923130208,-0.06708320888685709,1.2354449288807916
1991-01-19,1.4736764290650128,-0.924922119213282,0.9198593936191723,0.49553940908827476,-0.21510014505181727,1.0467455788317204,-0.7847231475876213,0.9674001255450063,-0.5603896756295041,-1.2216831119093088,-0.6053086342493943,1.2234335483196408,0.6239069855056631,0.3304283345405909,1.7417625497345028
1991-01-20,1.4963552569150596,-0.9110951282620009,0.8978692797697863,0.7557225331606692,-0.025017814725568282,0.8083767643637824,-0.632335315123009,1.0932581315887613,-0.42375082280320703,-1.2779739146790856,-0.6351322464446341,1.1056971146893366,0.36587980565140976,0.6244238742837257,1.7720568402547483
1991-01-21,1.3778265474362124,-0.7151996859162245,0.6173837402988918,0.8705800156860873,0.2719927315746933,1.1731477245140487,-0.8216746304455188,1.1763722604578561,-0.4101188314088846,-1.5171659761347969,-0.5944535184454616,1.3240529124854687,0.3821417768885352,0.6358886532840703,2.027363830640383
1991-01-22,1.1856898749369666,-0.4390561971926527,0.5663042562691245,1.0988498160499458,0.647058484916334,1.3666545466695543,-1.0112404189423208,1.4290426695415739,-0.7072663494291063,-1.7545525535831417,-0.4581980693910248,1.352983819541376,0.41122931037802296,0.8046399594309906,1.9627278014046035
1991-01-23,0.8783333411252049,-0.34287121746097926,0.33595239033385454,1.0668912208331496,1.3023805959987584,1.3153441675860322,-0.8835708227459877,1.4819940171040447,-0.49285090140501653,-1.9981442371379383,-0.06835325589046848,1.4302425787392514,0.17654254620264292,1.0337037292496292,1.6894030222470184
1991-01-24,0.7411177702357507,0.1486990716202856,0.05863079954466861,1.492193749252558,1.3699630575432045,1.414271212279699,-0.6682430150600583,1.1338482564548464,-0.45741176559990965,-2.029663326472319,0.25933936640530836,1.3934872723237754,0.014526699007565822,1.0983124421845927,1.5812344015488256
1991-01-25,0.7373107447189144,0.5649576957775528,-0.19898705234013228,1.6379374159232367,1.376334417050964,1.360797912482925,-0.5002855151360628,0.9616607068778993,-0.09638496364079985,-1.5844243903702613,0.49807637292177825,1.0013140219584815,0.1599362272895503,0.9383869083139349,1.430501638160263
1991-01-26,0.7553595577125868,0.8555076931007871,-0.5252021797760458,1.6916782276733493,1.1066828624017586,1.0603348050670998,-0.4708669289240445,1.215177770121758,0.4328812599523441,-1.4187082032279767,0.9103184378459622,0.48760118278378517,0.502856545831799,0.9338819326740772,1.2294772281138557
1991-01-27,0.9252929448457241,0.9492085248707409,-0.6000025555095202,1.8774852758353504,0.8295810233927278,0.9218265022681088,-0.2813215501675355,1.445583037003816,0.5983156928914191,-1.578916303829112,1.0267666739916383,0.10895516235844006,0.7040719816335769,1.1575088053689007,1.3225910329098285
1991-01-28,0.8879479188725645,0.9859896520452959,-0.7133077985341609,1.9242593265265142,0.6935929254713636,0.7310981803845747,-0.10960848855616472,1.834158376794243,0.8632345588117404,-1.551146471310402,1.1595405181676153,0.047628437030674355,0.8525658502927503,1.2585680612585861,1.3195057927924616
1991-01-29,0.3126315622781585,1.1379914536011924,-0.5228022966928828,2.41064282701444,0.6960244388940969,0.42618226346194193,-0.020326331769344067,1.7261969739474787,0.8010771778070811,-1.1141520847535051,1.0182175443363153,0.2651857265801487,0.9437431525615214,1.0318678708372775,1.4287740571394703
1991-01-30,-0.16098742753065942,0.7420936280825472,-0.41950945499509396,2.1271545464129056,0.9366103282914123,0.04621470402662451,-0.08708709767884433,1.2041738061975533,1.0254656493738927,-0.4545882249494779,0.6781671529970184,0.048498225129588055,0.7725580636962698,0.8862081447212575,1.3867752015621493
1991-01-31,-0.4447876522797936,0.7239158921788027,-0.5690872122540547,1.7353040096672276,1.173346156876567,-0.43107793171312603,-0.7801505705960851,0.7900293837557643,1.20090328312464,-0.32816801134314366,0.07558923285151001,-0.23831619821971875,0.7600524653124384,1.001248360129905,1.4146215653235505
1991-02-01,-0.5774701403435069,0.5708377996592415,-0.5140475254462967,1.3909239076925888,1.4184804167027323,-0.8471149907004396,-1.035282942606694,0.7628757844296827,1.4836216645621354,-0.019761401135276156,-0.46640978413325007,-0.6465467241468543,0.6843356331662805,0.9268561381572324,1.3850795413973385
1991-02-02,-0.5973134299763152,0.8703515866873273,-0.576280265394434,1.3657187352133129,1.7609457066287295,-1.2613711098721192,-1.6684789246109435,0.5649214211766929,1.6373602963530516,0.33438157424766435,-0.7731397762784133,-0.6444542487256769,0.6855114444391952,0.5314085509712718,1.1735658900695651
1991-02-03,-0.3219067558846561,1.5658817573288046,-0.6828366088082546,1.2813686781169071,2.2884823128206797,-1.5841252910435446,-2.0327707443697594,0.4141554967526236,1.8196434954223553,0.911965135529448,-0.7738335430945369,-0.7722891205759221,1.1183167333401414,0.6764048932102794,0.9494166544576802
1991-02-04,0.1313533131705545,1.936199895651369,-0.6745766629254926,1.5051341721527731,1.9711740305792957,-1.961675106558578,-2.2321861377476,0.5007325133823575,1.6334939725761288,1.289401875693956,-0.6128165310776397,-1.0142340313170088,1.1857721361854447,0.7966109461863856,0.8911218395629165
1991-02-05,0.4127007197080564,2.375565258417166,-0.4858809552157678,1.7041543734659574,1.398826018391078,-2.1706819858722284,-2.011068441165653,0.5977807630164449,1.1274435509756935,1.0503360230319718,-0.48014998163505046,-0.8742359869716317,1.5721847486222735,0.725849002765493,0.9697262468709447
1991-02-06,0.4667159515316556,2.2488935197680284,-0.142029028114033,1.9893504003201077,1.2901444846456853,-2.2941962403693914,-1.7753718200580597,0.422696492691351,0.5201988748057654,0.5940928985820433,-0.47546596666984076,-0.6536193934909172,1.5918426685732838,0.3741831115864134,0.8840794867830548
1991-02-07,0.3971097030208706,1.9121532405418549,-0.0699116537307001,2.2194607085606477,1.2181521532651298,-2.649506917494559,-1.503727639349763,0.2907962188578011,0.22366862636941456,0.5443633267725465,-0.5441373063586307,-0.1945416728515936,1.946984456372349,-0.047268270496896914,0.6134956425748241
1991-02-08,0.4623702758307281,1.3350160269088196,-0.11870058457181337,2.4009477295044754,0.7491277629261288,-2.7467843707131485,-1.3680748811895977,0.44249130156932115,-0.16950162221225532,0.32892771415123645,-0.4954874519818903,0.16512763195592153,2.085329637751845,-0.395376111197849,0.43220623249302637
1991-02-09,0.6678022726267038,0.9679323274275652,-0.5273791269272473,2.0208113956361307,0.1520189428975591,-2.583320901059306,-1.4918579027423342,0.9261575051678527,-0.41614080230732375,0.22300498853439732,-0.604230029983851,0.3921909782795231,2.2616050528141307,-0.8077350316186656,0.35070260282401416
1991-02-10,0.9471455063188218,0.9297227414658298,-0.8618495839719897,2.1504014351686322,-0.40468124189205856,-2.4577954791045187,-1.4044045799882858,1.138669529403243,-0.5779470510875536,0.20965546974638746,-0.463471441573458,0.06138076218750174,2.3445176733969455,-0.851713026903624,0.2654697761542173
1991-02-11,1.3935300236649157,0.8245697783029278,-0.9452775438569465,1.973763249780905,-0.3726086769190387,-2.142233884398183,-0.8348941135296895,1.2384417791430395,-0.5696321217451835,0.41142967798679914,0.08751643237923305,-0.0930480916105179,2.4898528875625208,-0.9758174494770833,0.40257510059962937
1991-02-12,1.7681472122803692,0.725745903872121,-0.8478366786877174,1.3054476595516287,-0.23940729877095243,-1.9532578868893125,-0.3221072332387198,1.0124570680960372,-0.35749338138976733,0.776877845055758,-0.09642344021706557,-0.5352296148623593,2.4833633390800336,-1.1572572468852673,0.6536763151075418
1991-02-13,1.9952500001878852,0.5718102559569931,-1.287753267432823,0.5475749647201203,-0.21469995412060264,-2.0075133045288447,0.007368213046156812,0.7934784023245369,-0.5145013769225479,0.7769550449322056,-0.11819908852219868,-0.48661928759231504,2.355335737606005,-1.4910080073186844,0.5928086386214284
1991-02-14,1.8872298283603477,0.258853513016055,-1.372733091896461,0.28723566154022956,-0.5586522826918137,-1.8247710519173235,0.26524394152644654,0.8459325391443455,-0.7001599700958119,0.6316848098938267,0.2847180434323743,-0.7801309848560934,2.2362518317145037,-1.5531781028124036,0.3265535955259945
1991-02-15,1.8006373310992747,0.30366062222835294,-1.2766698688654323,0.21226532013472058,-0.8694924696090454,-1.6190246521585592,0.5399378440359218,0.8891174011284837,-0.8082344860901497,0.7428324854692979,0.6872209366789501,-1.0484304665422874,1.8266593450957702,-1.7473816100317072,0.0787189096768965
1991-02-16,1.715346611017709,0.0946677945910027,-1.4094302856065195,0.13455656191139467,-0.6412895290488325,-1.4813633194473115,0.8623207454206865,0.5980084483071373,-0.9882135536775603,0.9723659835186765,1.142168410216622,-0.9790388963654275,1.3331047436143841,-1.6746726927465054,-0.454572637122657
