,1,2,3,4,5,6,7,8,9,10,11,12,13,14,15
1990-09-24,0.6723390350546801,0.6723390350546801,0.6723390350546801,0.6723390350546801,0.6723390350546801,0.6723390350546801,0.6723390350546801,0.6723390350546801,0.6723390350546801,0.6723390350546801,0.6723390350546801,0.6723390350546801,0.6723390350546801,0.6723390350546801,0.6723390350546801
1990-09-25,0.4523104425741134,0.4523104425741134,0.4523104425741134,0.4523104425741134,0.4523104425741134,0.4523104425741134,0.4523104425741134,0.4523104425741134,0.4523104425741134,0.4523104425741134,0.4523104425741134,0.4523104425741134,0.4523104425741134,0.4523104425741134,0.4523104425741134
1990-09-26,0.42145566943731616,0.42145566943731616,0.42145566943731616,0.42145566943731616,0.42145566943731616,0.42145566943731616,0.42145566943731616,0.42145566943731616,0.42145566943731616,0.42145566943731616,0.42145566943731616,0.42145566943731616,0.42145566943731616,0.42145566943731616,0.42145566943731616
1990-09-27,0.16556252965757534,0.16556252965757534,0.16556252965757534,0.16556252965757534,0.16556252965757534,0.16556252965757534,0.16556252965757534,0.16556252965757534,0.16556252965757534,0.16556252965757534,0.16556252965757534,0.16556252965757534,0.16556252965757534,0.16556252965757534,0.16556252965757534
1990-09-28,0.37190520480856737,0.37190520480856737,0.37190520480856737,0.37190520480856737,0.37190520480856737,0.37190520480856737,0.37190520480856737,0.37190520480856737,0.37190520480856737,0.37190520480856737,0.37190520480856737,0.37190520480856737,0.37190520480856737,0.37190520480856737,0.37190520480856737
1990-09-29,0.34998793568484793,0.34998793568484793,0.34998793568484793,0.34998793568484793,0.34998793568484793,0.34998793568484793,0.34998793568484793,0.34998793568484793,0.34998793568484793,0.34998793568484793,0.34998793568484793,0.34998793568484793,0.34998793568484793,0.34998793568484793,0.34998793568484793
1990-09-30,0.4971489407720482,0.4971489407720482,0.4971489407720482,0.4971489407720482,0.4971489407720482,0.4971489407720482,0.4971489407720482,0.4971489407720482,0.4971489407720482,0.4971489407720482,0.4971489407720482,0.4971489407720482,0.4971489407720482,0.4971489407720482,0.4971489407720482
1990-10-01,0.8691403487653916,0.8691403487653916,0.8691403487653916,0.8691403487653916,0.8691403487653916,0.8691403487653916,0.8691403487653916,0.8691403487653916,0.8691403487653916,0.8691403487653916,0.8691403487653916,0.8691403487653916,0.8691403487653916,0.8691403487653916,0.8691403487653916
1990-10-02,0.9872918060557306,0.9872918060557306,0.9872918060557306,0.9872918060557306,0.9872918060557306,0.9872918060557306,0.9872918060557306,0.9872918060557306,0.9872918060557306,0.9872918060557306,0.9872918060557306,0.9872918060557306,0.9872918060557306,0.9872918060557306,0.9872918060557306
1990-10-03,1.0372711679129518,1.0372711679129518,1.0372711679129518,1.0372711679129518,1.0372711679129518,1.0372711679129518,1.0372711679129518,1.0372711679129518,1.0372711679129518,1.0372711679129518,1.0372711679129518,1.0372711679129518,1.0372711679129518,1.0372711679129518,1.0372711679129518
1990-10-04,1.0994408517698866,1.0994408517698866,1.0994408517698866,1.0994408517698866,1.0994408517698866,1.0994408517698866,1.0994408517698866,1.0994408517698866,1.0994408517698866,1.0994408517698866,1.0994408517698866,1.0994408517698866,1.0994408517698866,1.0994408517698866,1.0994408517698866
1990-10-05,1.0607203215790295,1.0607203215790295,1.0607203215790295,1.0607203215790295,1.0607203215790295,1.0607203215790295,1.0607203215790295,1.0607203215790295,1.0607203215790295,1.0607203215790295,1.0607203215790295,1.0607203215790295,1.0607203215790295,1.0607203215790295,1.0607203215790295
1990-10-06,0.7859637137279587,0.7859637137279587,0.7859637137279587,0.7859637137279587,0.7859637137279587,0.7859637137279587,0.7859637137279587,0.7859637137279587,0.7859637137279587,0.7859637137279587,0.7859637137279587,0.7859637137279587,0.7859637137279587,0.7859637137279587,0.7859637137279587
1990-10-07,0.30778350155603207,0.30778350155603207,0.30778350155603207,0.30778350155603207,0.30778350155603207,0.30778350155603207,0.30778350155603207,0.30778350155603207,0.30778350155603207,0.30778350155603207,0.30778350155603207,0.30778350155603207,0.30778350155603207,0.30778350155603207,0.30778350155603207
1990-10-08,-0.09803254143151262,-0.09803254143151262,-0.09803254143151262,-0.09803254143151262,-0.09803254143151262,-0.09803254143151262,-0.09803254143151262,-0.09803254143151262,-0.09803254143151262,-0.09803254143151262,-0.09803254143151262,-0.09803254143151262,-0.09803254143151262,-0.09803254143151262,-0.09803254143151262
1990-10-09,-0.39634685709147816,-0.39634685709147816,-0.39634685709147816,-0.39634685709147816,-0.39634685709147816,-0.39634685709147816,-0.39634685709147816,-0.39634685709147816,-0.39634685709147816,-0.39634685709147816,-0.39634685709147816,-0.39634685709147816,-0.39634685709147816,-0.39634685709147816,-0.39634685709147816
1990-10-10,-0.46397214632275147,-0.46397214632275147,-0.46397214632275147,-0.46397214632275147,-0.46397214632275147,-0.46397214632275147,-0.46397214632275147,-0.46397214632275147,-0.46397214632275147,-0.46397214632275147,-0.46397214632275147,-0.46397214632275147,-0.46397214632275147,-0.46397214632275147,-0.46397214632275147
1990-10-11,-0.38241001328079977,-0.38241001328079977,-0.38241001328079977,-0.38241001328079977,-0.38241001328079977,-0.38241001328079977,-0.38241001328079977,-0.38241001328079977,-0.38241001328079977,-0.38241001328079977,-0.38241001328079977,-0.38241001328079977,-0.38241001328079977,-0.38241001328079977,-0.38241001328079977
1990-10-12,-0.2511454349502958,-0.2511454349502958,-0.2511454349502958,-0.2511454349502958,-0.2511454349502958,-0.2511454349502958,-0.2511454349502958,-0.2511454349502958,-0.2511454349502958,-0.2511454349502958,-0.2511454349502958,-0.2511454349502958,-0.2511454349502958,-0.2511454349502958,-0.2511454349502958
1990-10-13,0.05851543164703977,0.05851543164703977,0.05851543164703977,0.05851543164703977,0.05851543164703977,0.05851543164703977,0.05851543164703977,0.05851543164703977,0.05851543164703977,0.05851543164703977,0.05851543164703977,0.05851543164703977,0.05851543164703977,0.05851543164703977,0.05851543164703977
1990-10-14,-0.2820722404224716,-0.2820722404224716,-0.2820722404224716,-0.2820722404224716,-0.2820722404224716,-0.2820722404224716,-0.2820722404224716,-0.2820722404224716,-0.2820722404224716,-0.2820722404224716,-0.2820722404224716,-0.2820722404224716,-0.2820722404224716,-0.2820722404224716,-0.2820722404224716
1990-10-15,-0.596228531878215,-0.596228531878215,-0.596228531878215,-0.596228531878215,-0.596228531878215,-0.596228531878215,-0.596228531878215,-0.596228531878215,-0.596228531878215,-0.596228531878215,-0.596228531878215,-0.596228531878215,-0.596228531878215,-0.596228531878215,-0.596228531878215
1990-10-16,-0.4731967639674895,-0.4731967639674895,-0.4731967639674895,-0.4731967639674895,-0.4731967639674895,-0.4731967639674895,-0.4731967639674895,-0.4731967639674895,-0.4731967639674895,-0.4731967639674895,-0.4731967639674895,-0.4731967639674895,-0.4731967639674895,-0.4731967639674895,-0.4731967639674895
1990-10-17,-0.3450176966038146,-0.3450176966038146,-0.3450176966038146,-0.3450176966038146,-0.3450176966038146,-0.3450176966038146,-0.3450176966038146,-0.3450176966038146,-0.3450176966038146,-0.3450176966038146,-0.3450176966038146,-0.3450176966038146,-0.3450176966038146,-0.3450176966038146,-0.3450176966038146
1990-10-18,-0.3628517916391489,-0.3628517916391489,-0.3628517916391489,-0.3628517916391489,-0.3628517916391489,-0.3628517916391489,-0.3628517916391489,-0.3628517916391489,-0.3628517916391489,-0.3628517916391489,-0.3628517916391489,-0.3628517916391489,-0.3628517916391489,-0.3628517916391489,-0.3628517916391489
1990-10-19,-0.19455373734322906,-0.19455373734322906,-0.19455373734322906,-0.19455373734322906,-0.19455373734322906,-0.19455373734322906,-0.19455373734322906,-0.19455373734322906,-0.19455373734322906,-0.19455373734322906,-0.19455373734322906,-0.19455373734322906,-0.19455373734322906,-0.19455373734322906,-0.19455373734322906
1990-10-20,-0.1536893277066833,-0.1536893277066833,-0.1536893277066833,-0.1536893277066833,-0.1536893277066833,-0.1536893277066833,-0.1536893277066833,-0.1536893277066833,-0.1536893277066833,-0.1536893277066833,-0.1536893277066833,-0.1536893277066833,-0.1536893277066833,-0.1536893277066833,-0.1536893277066833
1990-10-21,-0.4737826934298835,-0.4737826934298835,-0.4737826934298835,-0.4737826934298835,-0.4737826934298835,-0.4737826934298835,-0.4737826934298835,-0.4737826934298835,-0.4737826934298835,-0.4737826934298835,-0.4737826934298835,-0.4737826934298835,-0.4737826934298835,-0.4737826934298835,-0.4737826934298835
1990-10-22,-0.6574292917010368,-0.6574292917010368,-0.6574292917010368,-0.6574292917010368,-0.6574292917010368,-0.6574292917010368,-0.6574292917010368,-0.6574292917010368,-0.6574292917010368,-0.6574292917010368,-0.6574292917010368,-0.6574292917010368,-0.6574292917010368,-0.6574292917010368,-0.6574292917010368
1990-10-23,-0.6823509524494712,-0.6823509524494712,-0.6823509524494712,-0.6823509524494712,-0.6823509524494712,-0.6823509524494712,-0.6823509524494712,-0.6823509524494712,-0.6823509524494712,-0.6823509524494712,-0.6823509524494712,-0.6823509524494712,-0.6823509524494712,-0.6823509524494712,-0.6823509524494712
1990-10-24,-0.6895318925531385,-0.6895318925531385,-0.6895318925531385,-0.6895318925531385,-0.6895318925531385,-0.6895318925531385,-0.6895318925531385,-0.6895318925531385,-0.6895318925531385,-0.6895318925531385,-0.6895318925531385,-0.6895318925531385,-0.6895318925531385,-0.6895318925531385,-0.6895318925531385
1990-10-25,-0.5133581986393105,-0.5133581986393105,-0.5133581986393105,-0.5133581986393105,-0.5133581986393105,-0.5133581986393105,-0.5133581986393105,-0.5133581986393105,-0.5133581986393105,-0.5133581986393105,-0.5133581986393105,-0.5133581986393105,-0.5133581986393105,-0.5133581986393105,-0.5133581986393105
1990-10-26,-0.33161365570553747,-0.33161365570553747,-0.33161365570553747,-0.33161365570553747,-0.33161365570553747,-0.33161365570553747,-0.33161365570553747,-0.33161365570553747,-0.33161365570553747,-0.33161365570553747,-0.33161365570553747,-0.33161365570553747,-0.33161365570553747,-0.33161365570553747,-0.33161365570553747
1990-10-27,-0.2682598120195375,-0.2682598120195375,-0.2682598120195375,-0.2682598120195375,-0.2682598120195375,-0.2682598120195375,-0.2682598120195375,-0.2682598120195375,-0.2682598120195375,-0.2682598120195375,-0.2682598120195375,-0.2682598120195375,-0.2682598120195375,-0.2682598120195375,-0.2682598120195375
1990-10-28,-0.014812208731433102,-0.014812208731433102,-0.014812208731433102,-0.014812208731433102,-0.014812208731433102,-0.014812208731433102,-0.014812208731433102,-0.014812208731433102,-0.014812208731433102,-0.014812208731433102,-0.014812208731433102,-0.014812208731433102,-0.014812208731433102,-0.014812208731433102,-0.014812208731433102
1990-10-29,0.1563115030088414,0.1563115030088414,0.1563115030088414,0.1563115030088414,0.1563115030088414,0.1563115030088414,0.1563115030088414,0.1563115030088414,0.1563115030088414,0.1563115030088414,0.1563115030088414,0.1563115030088414,0.1563115030088414,0.1563115030088414,0.1563115030088414
1990-10-30,0.37724612061237683,0.37724612061237683,0.37724612061237683,0.37724612061237683,0.37724612061237683,0.37724612061237683,0.37724612061237683,0.37724612061237683,0.37724612061237683,0.37724612061237683,0.37724612061237683,0.37724612061237683,0.37724612061237683,0.37724612061237683,0.37724612061237683
1990-10-31,0.6338268593506639,0.6338268593506639,0.6338268593506639,0.6338268593506639,0.6338268593506639,0.6338268593506639,0.6338268593506639,0.6338268593506639,0.6338268593506639,0.6338268593506639,0.6338268593506639,0.6338268593506639,0.6338268593506639,0.6338268593506639,0.6338268593506639
1990-11-01,0.9021801233450892,0.9021801233450892,0.9021801233450892,0.9021801233450892,0.9021801233450892,0.9021801233450892,0.9021801233450892,0.9021801233450892,0.9021801233450892,0.9021801233450892,0.9021801233450892,0.9021801233450892,0.9021801233450892,0.9021801233450892,0.9021801233450892
1990-11-02,1.138533806857754,1.138533806857754,1.138533806857754,1.138533806857754,1.138533806857754,1.138533806857754,1.138533806857754,1.138533806857754,1.138533806857754,1.138533806857754,1.138533806857754,1.138533806857754,1.138533806857754,1.138533806857754,1.138533806857754
1990-11-03,1.3705150743843997,1.3705150743843997,1.3705150743843997,1.3705150743843997,1.3705150743843997,1.3705150743843997,1.3705150743843997,1.3705150743843997,1.3705150743843997,1.3705150743843997,1.3705150743843997,1.3705150743843997,1.3705150743843997,1.3705150743843997,1.3705150743843997
1990-11-04,1.3639134434176383,1.3639134434176383,1.3639134434176383,1.3639134434176383,1.3639134434176383,1.3639134434176383,1.3639134434176383,1.3639134434176383,1.3639134434176383,1.3639134434176383,1.3639134434176383,1.3639134434176383,1.3639134434176383,1.3639134434176383,1.3639134434176383
1990-11-05,1.3048886122060042,1.3048886122060042,1.3048886122060042,1.3048886122060042,1.3048886122060042,1.3048886122060042,1.3048886122060042,1.3048886122060042,1.3048886122060042,1.3048886122060042,1.3048886122060042,1.3048886122060042,1.3048886122060042,1.3048886122060042,1.3048886122060042
1990-11-06,1.2266713646686644,1.2266713646686644,1.2266713646686644,1.2266713646686644,1.2266713646686644,1.2266713646686644,1.2266713646686644,1.2266713646686644,1.2266713646686644,1.2266713646686644,1.2266713646686644,1.2266713646686644,1.2266713646686644,1.2266713646686644,1.2266713646686644
1990-11-07,1.3438862721234657,1.3438862721234657,1.3438862721234657,1.3438862721234657,1.3438862721234657,1.3438862721234657,1.3438862721234657,1.3438862721234657,1.3438862721234657,1.3438862721234657,1.3438862721234657,1.3438862721234657,1.3438862721234657,1.3438862721234657,1.3438862721234657
1990-11-08,1.4518557281936912,1.4518557281936912,1.4518557281936912,1.4518557281936912,1.4518557281936912,1.4518557281936912,1.4518557281936912,1.4518557281936912,1.4518557281936912,1.4518557281936912,1.4518557281936912,1.4518557281936912,1.4518557281936912,1.4518557281936912,1.4518557281936912
1990-11-09,1.4798476237988973,1.4798476237988973,1.4798476237988973,1.4798476237988973,1.4798476237988973,1.4798476237988973,1.4798476237988973,1.4798476237988973,1.4798476237988973,1.4798476237988973,1.4798476237988973,1.4798476237988973,1.4798476237988973,1.4798476237988973,1.4798476237988973
1990-11-10,1.4204025825268338,1.4204025825268338,1.4204025825268338,1.4204025825268338,1.4204025825268338,1.4204025825268338,1.4204025825268338,1.4204025825268338,1.4204025825268338,1.4204025825268338,1.4204025825268338,1.4204025825268338,1.4204025825268338,1.4204025825268338,1.4204025825268338
1990-11-11,1.4581418793915701,1.4581418793915701,1.4581418793915701,1.4581418793915701,1.4581418793915701,1.4581418793915701,1.4581418793915701,1.4581418793915701,1.4581418793915701,1.4581418793915701,1.4581418793915701,1.4581418793915701,1.4581418793915701,1.4581418793915701,1.4581418793915701
1990-11-12,1.233718175501749,1.233718175501749,1.233718175501749,1.233718175501749,1.233718175501749,1.233718175501749,1.233718175501749,1.233718175501749,1.233718175501749,1.233718175501749,1.233718175501749,1.233718175501749,1.233718175501749,1.233718175501749,1.233718175501749
1990-11-13,0.9768303531677942,0.9768303531677942,0.9768303531677942,0.9768303531677942,0.9768303531677942,0.9768303531677942,0.9768303531677942,0.9768303531677942,0.9768303531677942,0.9768303531677942,0.9768303531677942,0.9768303531677942,0.9768303531677942,0.9768303531677942,0.9768303531677942
1990-11-14,0.6842223766147899,0.6842223766147899,0.6842223766147899,0.6842223766147899,0.6842223766147899,0.6842223766147899,0.6842223766147899,0.6842223766147899,0.6842223766147899,0.6842223766147899,0.6842223766147899,0.6842223766147899,0.6842223766147899,0.6842223766147899,0.6842223766147899
1990-11-15,0.4894359650434047,0.4894359650434047,0.4894359650434047,0.4894359650434047,0.4894359650434047,0.4894359650434047,0.4894359650434047,0.4894359650434047,0.4894359650434047,0.4894359650434047,0.4894359650434047,0.4894359650434047,0.4894359650434047,0.4894359650434047,0.4894359650434047
1990-11-16,0.21376102946532655,0.21376102946532655,0.21376102946532655,0.21376102946532655,0.21376102946532655,0.21376102946532655,0.21376102946532655,0.21376102946532655,0.21376102946532655,0.21376102946532655,0.21376102946532655,0.21376102946532655,0.21376102946532655,0.21376102946532655,0.21376102946532655
1990-11-17,-0.1801812710292482,-0.1801812710292482,-0.1801812710292482,-0.1801812710292482,-0.1801812710292482,-0.1801812710292482,-0.1801812710292482,-0.1801812710292482,-0.1801812710292482,-0.1801812710292482,-0.1801812710292482,-0.1801812710292482,-0.1801812710292482,-0.1801812710292482,-0.1801812710292482
1990-11-18,-0.17536052460568363,-0.17536052460568363,-0.17536052460568363,-0.17536052460568363,-0.17536052460568363,-0.17536052460568363,-0.17536052460568363,-0.17536052460568363,-0.17536052460568363,-0.17536052460568363,-0.17536052460568363,-0.17536052460568363,-0.17536052460568363,-0.17536052460568363,-0.17536052460568363
1990-11-19,-0.3852676921930987,-0.3852676921930987,-0.3852676921930987,-0.3852676921930987,-0.3852676921930987,-0.3852676921930987,-0.3852676921930987,-0.3852676921930987,-0.3852676921930987,-0.3852676921930987,-0.3852676921930987,-0.3852676921930987,-0.3852676921930987,-0.3852676921930987,-0.3852676921930987
1990-11-20,-0.7010646134617752,-0.7010646134617752,-0.7010646134617752,-0.7010646134617752,-0.7010646134617752,-0.7010646134617752,-0.7010646134617752,-0.7010646134617752,-0.7010646134617752,-0.7010646134617752,-0.7010646134617752,-0.7010646134617752,-0.7010646134617752,-0.7010646134617752,-0.7010646134617752
1990-11-21,-1.0050271876559707,-1.0050271876559707,-1.0050271876559707,-1.0050271876559707,-1.0050271876559707,-1.0050271876559707,-1.0050271876559707,-1.0050271876559707,-1.0050271876559707,-1.0050271876559707,-1.0050271876559707,-1.0050271876559707,-1.0050271876559707,-1.0050271876559707,-1.0050271876559707
1990-11-22,-1.1598255597110432,-1.1598255597110432,-1.1598255597110432,-1.1598255597110432,-1.1598255597110432,-1.1598255597110432,-1.1598255597110432,-1.1598255597110432,-1.1598255597110432,-1.1598255597110432,-1.1598255597110432,-1.1598255597110432,-1.1598255597110432,-1.1598255597110432,-1.1598255597110432
1990-11-23,-1.0698703556715858,-1.0698703556715858,-1.0698703556715858,-1.0698703556715858,-1.0698703556715858,-1.0698703556715858,-1.0698703556715858,-1.0698703556715858,-1.0698703556715858,-1.0698703556715858,-1.0698703556715858,-1.0698703556715858,-1.0698703556715858,-1.0698703556715858,-1.0698703556715858
1990-11-24,-1.0407174860154478,-1.0407174860154478,-1.0407174860154478,-1.0407174860154478,-1.0407174860154478,-1.0407174860154478,-1.0407174860154478,-1.0407174860154478,-1.0407174860154478,-1.0407174860154478,-1.0407174860154478,-1.0407174860154478,-1.0407174860154478,-1.0407174860154478,-1.0407174860154478
1990-11-25,-0.6585662935717609,-0.6585662935717609,-0.6585662935717609,-0.6585662935717609,-0.6585662935717609,-0.6585662935717609,-0.6585662935717609,-0.6585662935717609,-0.6585662935717609,-0.6585662935717609,-0.6585662935717609,-0.6585662935717609,-0.6585662935717609,-0.6585662935717609,-0.6585662935717609
1990-11-26,-0.29285054385680603,-0.29285054385680603,-0.29285054385680603,-0.29285054385680603,-0.29285054385680603,-0.29285054385680603,-0.29285054385680603,-0.29285054385680603,-0.29285054385680603,-0.29285054385680603,-0.29285054385680603,-0.29285054385680603,-0.29285054385680603,-0.29285054385680603,-0.29285054385680603
1990-11-27,-0.2283310139757003,-0.2283310139757003,-0.2283310139757003,-0.2283310139757003,-0.2283310139757003,-0.2283310139757003,-0.2283310139757003,-0.2283310139757003,-0.2283310139757003,-0.2283310139757003,-0.2283310139757003,-0.2283310139757003,-0.2283310139757003,-0.2283310139757003,-0.2283310139757003
1990-11-28,-0.28540726276756717,-0.28540726276756717,-0.28540726276756717,-0.28540726276756717,-0.28540726276756717,-0.28540726276756717,-0.28540726276756717,-0.28540726276756717,-0.28540726276756717,-0.28540726276756717,-0.28540726276756717,-0.28540726276756717,-0.28540726276756717,-0.28540726276756717,-0.28540726276756717
1990-11-29,-0.3518177136221719,-0.3518177136221719,-0.3518177136221719,-0.3518177136221719,-0.3518177136221719,-0.3518177136221719,-0.3518177136221719,-0.3518177136221719,-0.3518177136221719,-0.3518177136221719,-0.3518177136221719,-0.3518177136221719,-0.3518177136221719,-0.3518177136221719,-0.3518177136221719
1990-11-30,-0.18923251430143126,-0.18923251430143126,-0.18923251430143126,-0.18923251430143126,-0.18923251430143126,-0.18923251430143126,-0.18923251430143126,-0.18923251430143126,-0.18923251430143126,-0.18923251430143126,-0.18923251430143126,-0.18923251430143126,-0.18923251430143126,-0.18923251430143126,-0.18923251430143126
1990-12-01,-0.7088526854624989,-0.7088526854624989,-0.7088526854624989,-0.7088526854624989,-0.7088526854624989,-0.7088526854624989,-0.7088526854624989,-0.7088526854624989,-0.7088526854624989,-0.7088526854624989,-0.7088526854624989,-0.7088526854624989,-0.7088526854624989,-0.7088526854624989,-0.7088526854624989
1990-12-02,-0.9383895902116429,-0.9383895902116429,-0.9383895902116429,-0.9383895902116429,-0.9383895902116429,-0.9383895902116429,-0.9383895902116429,-0.9383895902116429,-0.9383895902116429,-0.9383895902116429,-0.9383895902116429,-0.9383895902116429,-0.9383895902116429,-0.9383895902116429,-0.9383895902116429
1990-12-03,-1.248244483414282,-1.248244483414282,-1.248244483414282,-1.248244483414282,-1.248244483414282,-1.248244483414282,-1.248244483414282,-1.248244483414282,-1.248244483414282,-1.248244483414282,-1.248244483414282,-1.248244483414282,-1.248244483414282,-1.248244483414282,-1.248244483414282
1990-12-04,-1.7495938535481226,-1.7495938535481226,-1.7495938535481226,-1.7495938535481226,-1.7495938535481226,-1.7495938535481226,-1.7495938535481226,-1.7495938535481226,-1.7495938535481226,-1.7495938535481226,-1.7495938535481226,-1.7495938535481226,-1.7495938535481226,-1.7495938535481226,-1.7495938535481226
1990-12-05,-1.581474103852462,-1.581474103852462,-1.581474103852462,-1.581474103852462,-1.581474103852462,-1.581474103852462,-1.581474103852462,-1.581474103852462,-1.581474103852462,-1.581474103852462,-1.581474103852462,-1.581474103852462,-1.581474103852462,-1.581474103852462,-1.581474103852462
1990-12-06,-1.4816062030870472,-1.4816062030870472,-1.4816062030870472,-1.4816062030870472,-1.4816062030870472,-1.4816062030870472,-1.4816062030870472,-1.4816062030870472,-1.4816062030870472,-1.4816062030870472,-1.4816062030870472,-1.4816062030870472,-1.4816062030870472,-1.4816062030870472,-1.4816062030870472
1990-12-07,-1.675319534509359,-1.675319534509359,-1.675319534509359,-1.675319534509359,-1.675319534509359,-1.675319534509359,-1.675319534509359,-1.675319534509359,-1.675319534509359,-1.675319534509359,-1.675319534509359,-1.675319534509359,-1.675319534509359,-1.675319534509359,-1.675319534509359
1990-12-08,-1.7473414072447444,-1.7473414072447444,-1.7473414072447444,-1.7473414072447444,-1.7473414072447444,-1.7473414072447444,-1.7473414072447444,-1.7473414072447444,-1.7473414072447444,-1.7473414072447444,-1.7473414072447444,-1.7473414072447444,-1.7473414072447444,-1.7473414072447444,-1.7473414072447444
1990-12-09,-1.432617058433031,-1.432617058433031,-1.432617058433031,-1.432617058433031,-1.432617058433031,-1.432617058433031,-1.432617058433031,-1.432617058433031,-1.432617058433031,-1.432617058433031,-1.432617058433031,-1.432617058433031,-1.432617058433031,-1.432617058433031,-1.432617058433031
1990-12-10,-1.035373389150439,-1.035373389150439,-1.035373389150439,-1.035373389150439,-1.035373389150439,-1.035373389150439,-1.035373389150439,-1.035373389150439,-1.035373389150439,-1.035373389150439,-1.035373389150439,-1.035373389150439,-1.035373389150439,-1.035373389150439,-1.035373389150439
1990-12-11,-0.8305966707202089,-0.8305966707202089,-0.8305966707202089,-0.8305966707202089,-0.8305966707202089,-0.8305966707202089,-0.8305966707202089,-0.8305966707202089,-0.8305966707202089,-0.8305966707202089,-0.8305966707202089,-0.8305966707202089,-0.8305966707202089,-0.8305966707202089,-0.8305966707202089
1990-12-12,-0.7171673339206558,-0.7171673339206558,-0.7171673339206558,-0.7171673339206558,-0.7171673339206558,-0.7171673339206558,-0.7171673339206558,-0.7171673339206558,-0.7171673339206558,-0.7171673339206558,-0.7171673339206558,-0.7171673339206558,-0.7171673339206558,-0.7171673339206558,-0.7171673339206558
1990-12-13,-0.18309288698610415,-0.18309288698610415,-0.18309288698610415,-0.18309288698610415,-0.18309288698610415,-0.18309288698610415,-0.18309288698610415,-0.18309288698610415,-0.18309288698610415,-0.18309288698610415,-0.18309288698610415,-0.18309288698610415,-0.18309288698610415,-0.18309288698610415,-0.18309288698610415
1990-12-14,0.24153230346811852,0.24153230346811852,0.24153230346811852,0.24153230346811852,0.24153230346811852,0.24153230346811852,0.24153230346811852,0.24153230346811852,0.24153230346811852,0.24153230346811852,0.24153230346811852,0.24153230346811852,0.24153230346811852,0.24153230346811852,0.24153230346811852
1990-12-15,0.36964368931942587,0.36964368931942587,0.36964368931942587,0.36964368931942587,0.36964368931942587,0.36964368931942587,0.36964368931942587,0.36964368931942587,0.36964368931942587,0.36964368931942587,0.36964368931942587,0.36964368931942587,0.36964368931942587,0.36964368931942587,0.36964368931942587
1990-12-16,0.5824296353317018,0.5824296353317018,0.5824296353317018,0.5824296353317018,0.5824296353317018,0.5824296353317018,0.5824296353317018,0.5824296353317018,0.5824296353317018,0.5824296353317018,0.5824296353317018,0.5824296353317018,0.5824296353317018,0.5824296353317018,0.5824296353317018
1990-12-17,0.9648144435009314,0.9648144435009314,0.9648144435009314,0.9648144435009314,0.9648144435009314,0.9648144435009314,0.9648144435009314,0.9648144435009314,0.9648144435009314,0.9648144435009314,0.9648144435009314,0.9648144435009314,0.9648144435009314,0.9648144435009314,0.9648144435009314
1990-12-18,1.0984420129045154,1.0984420129045154,1.0984420129045154,1.0984420129045154,1.0984420129045154,1.0984420129045154,1.0984420129045154,1.0984420129045154,1.0984420129045154,1.0984420129045154,1.0984420129045154,1.0984420129045154,1.0984420129045154,1.0984420129045154,1.0984420129045154
1990-12-19,0.8703485727990795,0.8703485727990795,0.8703485727990795,0.8703485727990795,0.8703485727990795,0.8703485727990795,0.8703485727990795,0.8703485727990795,0.8703485727990795,0.8703485727990795,0.8703485727990795,0.8703485727990795,0.8703485727990795,0.8703485727990795,0.8703485727990795
1990-12-20,0.6223287170072269,0.6223287170072269,0.6223287170072269,0.6223287170072269,0.6223287170072269,0.6223287170072269,0.6223287170072269,0.6223287170072269,0.6223287170072269,0.6223287170072269,0.6223287170072269,0.6223287170072269,0.6223287170072269,0.6223287170072269,0.6223287170072269
1990-12-21,0.7342093828727777,0.7342093828727777,0.7342093828727777,0.7342093828727777,0.7342093828727777,0.7342093828727777,0.7342093828727777,0.7342093828727777,0.7342093828727777,0.7342093828727777,0.7342093828727777,0.7342093828727777,0.7342093828727777,0.7342093828727777,0.7342093828727777
1990-12-22,0.41273661678205636,0.41273661678205636,0.41273661678205636,0.41273661678205636,0.41273661678205636,0.41273661678205636,0.41273661678205636,0.41273661678205636,0.41273661678205636,0.41273661678205636,0.41273661678205636,0.41273661678205636,0.41273661678205636,0.41273661678205636,0.41273661678205636
1990-12-23,0.2813433698473504,0.2813433698473504,0.2813433698473504,0.2813433698473504,0.2813433698473504,0.2813433698473504,0.2813433698473504,0.2813433698473504,0.2813433698473504,0.2813433698473504,0.2813433698473504,0.2813433698473504,0.2813433698473504,0.2813433698473504,0.2813433698473504
1990-12-24,0.04498515646738226,0.04498515646738226,0.04498515646738226,0.04498515646738226,0.04498515646738226,0.04498515646738226,0.04498515646738226,0.04498515646738226,0.04498515646738226,0.04498515646738226,0.04498515646738226,0.04498515646738226,0.04498515646738226,0.04498515646738226,0.04498515646738226
1990-12-25,-0.10215663491748318,-0.10215663491748318,-0.10215663491748318,-0.10215663491748318,-0.10215663491748318,-0.10215663491748318,-0.10215663491748318,-0.10215663491748318,-0.10215663491748318,-0.10215663491748318,-0.10215663491748318,-0.10215663491748318,-0.10215663491748318,-0.10215663491748318,-0.10215663491748318
1990-12-26,-0.37137166291681056,-0.37137166291681056,-0.37137166291681056,-0.37137166291681056,-0.37137166291681056,-0.37137166291681056,-0.37137166291681056,-0.37137166291681056,-0.37137166291681056,-0.37137166291681056,-0.37137166291681056,-0.37137166291681056,-0.37137166291681056,-0.37137166291681056,-0.37137166291681056
1990-12-27,-0.3468240716825636,-0.3468240716825636,-0.3468240716825636,-0.3468240716825636,-0.3468240716825636,-0.3468240716825636,-0.3468240716825636,-0.3468240716825636,-0.3468240716825636,-0.3468240716825636,-0.3468240716825636,-0.3468240716825636,-0.3468240716825636,-0.3468240716825636,-0.3468240716825636
1990-12-28,-0.5577360068175774,-0.5577360068175774,-0.5577360068175774,-0.5577360068175774,-0.5577360068175774,-0.5577360068175774,-0.5577360068175774,-0.5577360068175774,-0.5577360068175774,-0.5577360068175774,-0.5577360068175774,-0.5577360068175774,-0.5577360068175774,-0.5577360068175774,-0.5577360068175774
1990-12-29,-0.6668465711680899,-0.6668465711680899,-0.6668465711680899,-0.6668465711680899,-0.6668465711680899,-0.6668465711680899,-0.6668465711680899,-0.6668465711680899,-0.6668465711680899,-0.6668465711680899,-0.6668465711680899,-0.6668465711680899,-0.6668465711680899,-0.6668465711680899,-0.6668465711680899
1990-12-30,-0.5300632432107357,-0.5300632432107357,-0.5300632432107357,-0.5300632432107357,-0.5300632432107357,-0.5300632432107357,-0.5300632432107357,-0.5300632432107357,-0.5300632432107357,-0.5300632432107357,-0.5300632432107357,-0.5300632432107357,-0.5300632432107357,-0.5300632432107357,-0.5300632432107357
1990-12-31,-0.5876732773964893,-0.5876732773964893,-0.5876732773964893,-0.5876732773964893,-0.5876732773964893,-0.5876732773964893,-0.5876732773964893,-0.5876732773964893,-0.5876732773964893,-0.5876732773964893,-0.5876732773964893,-0.5876732773964893,-0.5876732773964893,-0.5876732773964893,-0.5876732773964893
1991-01-01,-0.23916696126573378,-0.23916696126573378,-0.23916696126573378,-0.23916696126573378,-0.23916696126573378,-0.23916696126573378,-0.23916696126573378,-0.23916696126573378,-0.23916696126573378,-0.23916696126573378,-0.23916696126573378,-0.23916696126573378,-0.23916696126573378,-0.23916696126573378,-0.23916696126573378
1991-01-02,-0.17269979347661948,-0.17269979347661948,-0.17269979347661948,-0.17269979347661948,-0.17269979347661948,-0.17269979347661948,-0.17269979347661948,-0.17269979347661948,-0.17269979347661948,-0.17269979347661948,-0.17269979347661948,-0.17269979347661948,-0.17269979347661948,-0.17269979347661948,-0.17269979347661948
1991-01-03,-0.11312852926752191,-0.11312852926752191,-0.11312852926752191,-0.11312852926752191,-0.11312852926752191,-0.11312852926752191,-0.11312852926752191,-0.11312852926752191,-0.11312852926752191,-0.11312852926752191,-0.11312852926752191,-0.11312852926752191,-0.11312852926752191,-0.11312852926752191,-0.11312852926752191
1991-01-04,-0.07837901943666134,-0.07837901943666134,-0.07837901943666134,-0.07837901943666134,-0.07837901943666134,-0.07837901943666134,-0.07837901943666134,-0.07837901943666134,-0.07837901943666134,-0.07837901943666134,-0.07837901943666134,-0.07837901943666134,-0.07837901943666134,-0.07837901943666134,-0.07837901943666134
1991-01-05,0.06917632858686684,0.06917632858686684,0.06917632858686684,0.06917632858686684,0.06917632858686684,0.06917632858686684,0.06917632858686684,0.06917632858686684,0.06917632858686684,0.06917632858686684,0.06917632858686684,0.06917632858686684,0.06917632858686684,0.06917632858686684,0.06917632858686684
1991-01-06,0.06692771104519014,0.06692771104519014,0.06692771104519014,0.06692771104519014,0.06692771104519014,0.06692771104519014,0.06692771104519014,0.06692771104519014,0.06692771104519014,0.06692771104519014,0.06692771104519014,0.06692771104519014,0.06692771104519014,0.06692771104519014,0.06692771104519014
1991-01-07,0.33741968884337237,0.33741968884337237,0.33741968884337237,0.33741968884337237,0.33741968884337237,0.33741968884337237,0.33741968884337237,0.33741968884337237,0.33741968884337237,0.33741968884337237,0.33741968884337237,0.33741968884337237,0.33741968884337237,0.33741968884337237,0.33741968884337237
1991-01-08,0.40803678089375384,0.40803678089375384,0.40803678089375384,0.40803678089375384,0.40803678089375384,0.40803678089375384,0.40803678089375384,0.40803678089375384,0.40803678089375384,0.40803678089375384,0.40803678089375384,0.40803678089375384,0.40803678089375384,0.40803678089375384,0.40803678089375384
1991-01-09,0.3027190780284972,0.3027190780284972,0.3027190780284972,0.3027190780284972,0.3027190780284972,0.3027190780284972,0.3027190780284972,0.3027190780284972,0.3027190780284972,0.3027190780284972,0.3027190780284972,0.3027190780284972,0.3027190780284972,0.3027190780284972,0.3027190780284972
1991-01-10,0.3272992393257958,0.3272992393257958,0.3272992393257958,0.3272992393257958,0.3272992393257958,0.3272992393257958,0.3272992393257958,0.3272992393257958,0.3272992393257958,0.3272992393257958,0.3272992393257958,0.3272992393257958,0.3272992393257958,0.3272992393257958,0.3272992393257958
1991-01-11,0.2004273669159401,0.2004273669159401,0.2004273669159401,0.2004273669159401,0.2004273669159401,0.2004273669159401,0.2004273669159401,0.2004273669159401,0.2004273669159401,0.2004273669159401,0.2004273669159401,0.2004273669159401,0.2004273669159401,0.2004273669159401,0.2004273669159401
1991-01-12,0.18436662392955272,0.18436662392955272,0.18436662392955272,0.18436662392955272,0.18436662392955272,0.18436662392955272,0.18436662392955272,0.18436662392955272,0.18436662392955272,0.18436662392955272,0.18436662392955272,0.18436662392955272,0.18436662392955272,0.18436662392955272,0.18436662392955272
1991-01-13,0.15026844096113284,0.15026844096113284,0.15026844096113284,0.15026844096113284,0.15026844096113284,0.15026844096113284,0.15026844096113284,0.15026844096113284,0.15026844096113284,0.15026844096113284,0.15026844096113284,0.15026844096113284,0.15026844096113284,0.15026844096113284,0.15026844096113284
1991-01-14,-0.06767605838675439,-0.06767605838675439,-0.06767605838675439,-0.06767605838675439,-0.06767605838675439,-0.06767605838675439,-0.06767605838675439,-0.06767605838675439,-0.06767605838675439,-0.06767605838675439,-0.06767605838675439,-0.06767605838675439,-0.06767605838675439,-0.06767605838675439,-0.06767605838675439
1991-01-15,-0.2821539884523683,-0.2821539884523683,-0.2821539884523683,-0.2821539884523683,-0.2821539884523683,-0.2821539884523683,-0.2821539884523683,-0.2821539884523683,-0.2821539884523683,-0.2821539884523683,-0.2821539884523683,-0.2821539884523683,-0.2821539884523683,-0.2821539884523683,-0.2821539884523683
1991-01-16,-0.379750331517723,-0.379750331517723,-0.379750331517723,-0.379750331517723,-0.379750331517723,-0.379750331517723,-0.379750331517723,-0.379750331517723,-0.379750331517723,-0.379750331517723,-0.379750331517723,-0.379750331517723,-0.379750331517723,-0.379750331517723,-0.379750331517723
1991-01-17,-0.5128936958680507,-0.5128936958680507,-0.5128936958680507,-0.5128936958680507,-0.5128936958680507,-0.5128936958680507,-0.5128936958680507,-0.5128936958680507,-0.5128936958680507,-0.5128936958680507,-0.5128936958680507,-0.5128936958680507,-0.5128936958680507,-0.5128936958680507,-0.5128936958680507
1991-01-18,-0.5400311528608667,-0.5400311528608667,-0.5400311528608667,-0.5400311528608667,-0.5400311528608667,-0.5400311528608667,-0.5400311528608667,-0.5400311528608667,-0.5400311528608667,-0.5400311528608667,-0.5400311528608667,-0.5400311528608667,-0.5400311528608667,-0.5400311528608667,-0.5400311528608667
1991-01-19,-0.40296825031380984,-0.40296825031380984,-0.40296825031380984,-0.40296825031380984,-0.40296825031380984,-0.40296825031380984,-0.40296825031380984,-0.40296825031380984,-0.40296825031380984,-0.40296825031380984,-0.40296825031380984,-0.40296825031380984,-0.40296825031380984,-0.40296825031380984,-0.40296825031380984
1991-01-20,0.002883316290194662,0.002883316290194662,0.002883316290194662,0.002883316290194662,0.002883316290194662,0.002883316290194662,0.002883316290194662,0.002883316290194662,0.002883316290194662,0.002883316290194662,0.002883316290194662,0.002883316290194662,0.002883316290194662,0.002883316290194662,0.002883316290194662
1991-01-21,0.41496714367237725,0.41496714367237725,0.41496714367237725,0.41496714367237725,0.41496714367237725,0.41496714367237725,0.41496714367237725,0.41496714367237725,0.41496714367237725,0.41496714367237725,0.41496714367237725,0.41496714367237725,0.41496714367237725,0.41496714367237725,0.41496714367237725
1991-01-22,0.74932890269441,0.7036521608226504,0.6694993029927478,0.7121595284223948,0.7085483506706655,0.6530562006082973,0.7311342552890847,0.6909503243071001,0.7457007642233476,0.7304072845643603,0.7788271689471586,0.7400839084007332,0.7125969739244244,0.648181684255138,0.7371547922578858
1991-01-23,1.0883432585989916,1.0636781559227744,1.1155052639986558,1.1464414385080788,1.2031920525969322,1.0824601039549488,1.1885948454061397,1.1568069998186747,1.241150064605607,1.2415954435937007,1.1563093995843667,1.1293893097228205,1.1810585447695756,0.999184670202128,1.0040468560890956
1991-01-24,1.1983895924238543,1.264759406045585,1.1797770750093461,1.2429305158406003,1.2811998279794805,1.2259637999953081,1.2589284097454878,1.4702770489405337,1.3806144659966213,1.2634095396443057,1.0896648634068444,1.3473269805599675,1.4134184809257082,0.9930919060923725,0.915868838285495
1991-01-25,1.1046661851405017,0.960866597390333,0.767979837865531,1.0025958000806408,0.8662395029351002,1.121138281479469,0.9912635037567502,1.1615329130306746,1.0529245275770531,1.0041674140309689,0.8721049049446921,1.1185347559558743,1.1566084595386046,0.45681529335657334,0.7546348012550395
1991-01-26,0.945881085838761,0.7407473325165276,0.4950885349009482,1.2169096249248867,0.5843001463749952,0.8625963143376439,0.9946328162248442,0.9644090037831065,1.0723755472240182,0.7625929472087069,0.7793991995255258,1.007560543217175,0.9560541089616557,0.21314823818830897,0.8052935117910679
1991-01-27,1.110387386314748,1.1234218915072547,0.7248011241010603,1.3359071152373867,0.7363728326571578,1.1045127509420556,1.397373526657255,1.302431209668812,1.1662833758907931,0.963273877871695,1.3048337639606697,1.2727756715878273,1.105559882500887,0.3782949044518695,1.2140365930578518
1991-01-28,1.116186230557411,1.00413099582748,0.9573151429607021,1.23952509898407,0.9212045295476037,1.1156683930660332,1.4087100162963144,1.2206937553869992,1.0845597134184903,1.1167010591307378,1.2614575041427432,1.4408173403927114,1.025491205558396,0.492271452012225,1.0947140734735057
1991-01-29,1.1512528808526197,0.7595455909208363,0.9098346557290701,1.0754413094343234,1.0657588874598447,0.9291378540815726,1.2322426683448042,1.1565047104496045,0.9532162091907882,1.2169024160725803,1.283915219211403,0.9638402282964488,0.9798311102273257,0.4444466599427824,0.9941791062773723
1991-01-30,0.9103689585263611,0.6228369672190047,1.0614059630773898,0.7840345370218509,0.8855838627611401,0.6936423164344022,0.7785524033928568,0.8424764640074531,0.6276386290205145,0.991878885744287,0.965785711421156,0.7040284286779225,0.8540754309394805,0.33820271487639547,1.051906516116422
1991-01-31,0.9108390769578948,0.41497579893840886,1.0550393404255407,0.6395241038188271,0.692658606585655,0.7941312447772503,0.6397885586014788,0.2914698471869993,0.3315213166235821,0.5359979436486001,0.7504652525066526,0.6372368322387418,0.7376076888928622,0.3213524831599604,0.8195981747635999
1991-02-01,0.7691364683733433,0.4848344682862374,0.9730978437458961,0.6186155962529398,0.6534244542082076,0.7913709181951841,0.9914792466837772,0.32137747514545373,0.36519182699247993,0.45900825293981934,0.4218164612345341,0.5525796424170971,0.7467510072090541,0.4668017998808068,0.5283237112843097
1991-02-02,0.8023647594557534,0.4617095716925762,1.0826681189819194,0.7098671896320021,0.8424644308231121,0.6278551597114042,0.9940172908392724,0.6101402694886257,0.5624483520033122,0.5595738463248991,0.2533244189983521,0.44942189614776845,0.7381895437986448,0.36910108414535225,0.7659366311371667
1991-02-03,0.9037138794122004,0.3120865346734537,0.8931426899744086,0.9118229173196534,1.155211378037608,0.7317397015191074,0.9936718425716474,0.7260011664497619,0.8190413247889038,0.4443434621453874,0.17145299156129362,0.67117479367759,0.6840005183829018,0.07670813800987715,0.9614956653131211
1991-02-04,1.2354800926032075,0.18701941092874458,0.9938265884556319,0.8770692278082481,1.2839427514296664,0.637637871632398,0.8897475293581614,0.4910754456815294,1.177959312199083,0.38020449473356627,0.05237988366227799,0.8810283088301406,0.4798916965550731,-0.14076179747299836,1.1870824291750286
1991-02-05,1.548528954043114,0.2546552588001882,1.1186893743432351,0.9242679224243302,0.8448110468033709,0.48276772793160494,0.7014154265539502,0.7531464169368993,1.7325429746665317,0.3004143801579605,-0.13647557842681038,0.8950523224693581,0.40695053472304865,0.1072363354120402,0.9257728735317596
1991-02-06,1.7203937553808193,0.29477079176061544,0.9383953191014657,0.9846817125774386,0.7897450098660574,0.5454782309084234,0.45706942649779025,1.029525857052293,1.8360429603425092,0.046981899297216766,-0.40658631986115934,0.7510334610212539,0.5046254144430355,0.31541275424332654,0.5636506215389301
1991-02-07,1.7595852921477764,0.16358743955368785,0.6081087907899225,0.9260668632853154,0.7439024081109322,0.5710098625367258,0.4186861416031568,1.1841016889153184,1.9191245252459577,-0.008802282820609608,-0.44247004059079226,0.7929393388213789,0.5387258000826581,0.5680752540650146,0.32334670779784463
1991-02-08,1.6334606021821807,0.16194241814950863,0.6276836298588454,1.202935061533091,0.7311504339237659,0.5314790765932682,0.3930270242740517,1.0511999520223962,1.7809040096917255,-0.0680392654339312,-0.35873560199564225,0.7981961749623214,0.38791297576857964,0.7016705230914813,0.0007444486170007127
1991-02-09,1.4618399912540767,0.2370292393104507,0.44097562666907547,1.236168726794481,0.41153368087678754,0.8327954220680522,0.45725660242241106,0.89583063968817,1.4190500888461481,-0.11545417577518019,-0.21802039579054222,0.6356711801398387,0.6344830637620712,0.4857428011988923,0.005341883373717523
1991-02-10,1.2220310111996644,0.2863686567841376,0.4879851302637826,1.2557102881399769,0.3169158995855251,1.2705696381048102,0.29858697331703626,0.6032049147549057,1.4635754223428572,0.006931229405068994,-0.42772573422786037,0.47556500068875623,0.546704529385724,0.28753928399299333,0.315892178897699
1991-02-11,0.7578700364971538,0.5509336965033649,0.789214920679784,1.4810119546952263,0.15666551834482978,1.737680859445258,-0.1674195554056632,0.22346127722029313,1.4532957890729674,-0.2419118026260179,-0.45174185825200586,0.1400236905985089,0.18195070033969415,0.3487606046716478,0.05347240121058295
1991-02-12,0.044239088931120545,0.8069408043946321,0.4496384634816519,1.382939013886662,0.2562161617428098,1.742619820758236,-0.5268202878723179,-0.24907906950861242,1.3515747496426662,-0.41362704284676655,-0.23093968698990325,-0.2517806171984923,-0.0770928390984726,0.7309321466521512,0.19836520217554815
1991-02-13,-0.361930746988157,0.473753170433244,-0.02524571849965549,1.5441584242970032,0.33947604995196984,1.1200650916013977,-0.5395471831452511,-0.5982756182214377,1.374731326530247,-0.6325802015586528,0.4724712946899319,-0.6159290166664553,0.1286477049615008,0.7690111335742444,0.26808388080076123
1991-02-14,-0.8202590967708592,0.41795906292034785,-0.48895410847634874,1.2348323573810405,0.6378549532071704,0.8329775243721202,-0.7311385940151031,-0.781333594475836,1.5783788686798415,-0.49658077906846465,0.6749598388262886,-0.9489093890007123,0.02108359762758167,0.8807305055766165,0.6531864443985076
1991-02-15,-1.276803632201961,0.3006214047613522,-0.5950073676192071,0.8020000009229127,0.9650944131067747,0.36986348704575683,-0.8710609801682391,-0.5023832111637365,1.714365484545202,-0.13126340464699912,0.5400297507526661,-1.1318112279678454,-0.6068787547991734,0.8712389248910827,1.0605881663988495
1991-02-16,-1.4876738491269383,0.23358333631039635,-0.5514856899970195,0.36104617272705763,1.3408678777031497,-0.01220870385187349,-0.5813592954042879,-0.5365262291010563,1.6364500128995882,0.1528331370199441,0.6872795151958847,-1.517638322946494,-1.1252204384242812,0.7462828628408208,1.174728681878349
1991-02-17,-1.7514185914350504,-0.3485206686898887,-0.7454140513106762,0.16378359056634467,1.5438028295364208,-0.4285413134751203,-0.44727611668427364,-0.9656243069504565,1.5510611951373425,0.19843446425066727,0.7112472298859611,-1.723631313791566,-1.6452005428019714,0.6377326034106383,1.2644643825379622
1991-02-18,-1.9853257268208988,-0.8435032544007968,-0.8386099523104904,-0.519216552130219,1.427273007863845,-0.8398395077800584,-0.41142338351877356,-1.6556745496701821,1.0663347521186128,0.2303378410771716,0.7471962655867594,-1.8736851464963808,-1.909466509617448,0.39114914314403565,1.608704324723888
1991-02-19,-1.8479825699224817,-1.2488510639615795,-1.0438142741304435,-1.1968524265666196,1.4335594831649376,-1.300421359160964,-0.7405220082230968,-2.0108390682767285,0.5461444119352387,0.08147843878284707,0.7653708945755391,-2.2164627689308927,-1.9876933331119169,0.20476300930480862,1.4022313942563507
1991-02-20,-1.7135026968949738,-1.5118474655476335,-1.264538797435426,-1.5387736195655295,1.129917807368162,-1.5364670509460057,-0.9000996154852985,-2.0982598951212177,0.2656986388214924,-0.05681346125583579,0.4554733952207442,-2.3192211529989213,-1.7439467478907196,0.3398054615912474,1.5148466079648115
1991-02-21,-1.572723689839731,-1.4259576131645848,-1.3236836175424533,-1.6584790267196745,1.108297755032547,-1.614457778111516,-1.1131614785639077,-1.9628871714058722,-0.19202723854216164,-0.3711469762164068,0.3861705188706624,-2.2265832275885873,-1.504215753180591,0.3375682294639456,1.1832486766565928
1991-02-22,-1.3718547041400497,-1.3350308777454085,-1.1086262490090675,-1.3980412914178082,0.8022062371881675,-1.0787015406232887,-1.2434879110913335,-1.9252344424295456,-0.4027262646532647,-0.9480384253627183,0.543601687541268,-2.1438564156950513,-1.1166801019975685,0.5386432375110662,0.915834164181382
1991-02-23,-1.0727213373037952,-1.327061344711844,-0.8545430852947485,-1.2868493657899858,0.1700267721261844,-0.7695213957878018,-1.4626284079237355,-1.9751755332763026,-0.4907647033226321,-1.5364130826634392,0.704927644288787,-2.057923604972345,-0.905722126033896,0.4049137802239516,0.5505041129555547
1991-02-24,-1.0013352850170982,-1.3564064481913607,-0.7398534983510346,-1.0942600031987861,-0.11911208127629822,-0.6111990262081762,-1.57153732399254,-2.085281391866977,-0.4499761673461153,-1.8637593548481142,0.7086901430855169,-1.7613402734960393,-0.8401934224530915,0.47196540399191717,0.3766920982913281
1991-02-25,-0.8633180836136185,-1.1432118701940994,-0.7248778562544312,-1.0049706827685834,-0.053386484979130816,-0.697587575195246,-1.5474543399561123,-1.9974476212570405,-0.18501499279732808,-1.9370276706224678,0.8743113923233616,-1.903315729537504,-0.8214204675020578,0.5202822579435066,0.05044977998116557
1991-02-26,-0.8250731194558586,-1.3898141761361362,-0.8181645142150358,-0.9395419685106126,0.21009442283747917,-0.7510831770643762,-1.6776433275981875,-2.0720547935301146,0.3615133124844668,-2.0447318070020097,1.0670469063238532,-1.7290707554684697,-0.45188056121837894,0.583630906167787,-0.2824645649671603
1991-02-27,-0.871592726364067,-1.3984693943173798,-0.7390064744336761,-0.8798281452240203,0.16317645367772016,-0.9884984126307408,-1.774617420814453,-1.755146280838157,0.4499455970303977,-2.397618144081316,0.8148729152032679,-1.6063689335056683,-0.6024274762120043,0.45446446124853546,-0.9077594878460061
1991-02-28,-1.1080296906937337,-1.5205124710969509,-0.6901500000539811,-0.6398246023291695,0.059061887338537455,-1.279424657436259,-1.286935891788832,-1.5068625907127509,0.630652373408942,-2.4866651974114564,0.6385572771699676,-1.7082070535205052,-1.0048449133395239,0.0012415681497286233,-1.1214729031501292
1991-03-01,-1.5263099999024266,-1.5433047357741458,-0.5479554392254565,-0.5213583201114894,-0.04155737608150102,-1.6301545223955896,-0.8929387687070514,-1.11467637352645,0.7900558641266034,-2.187312384208707,-0.0250185141313481,-1.806980958915974,-1.1435685473351145,-0.19389408066209124,-1.5563084378232273
1991-03-02,-1.6080481823311987,-1.3751541987945752,-0.5394879807904545,-0.38513819160565604,-0.21125092221727879,-1.8701522142986238,-0.8357336257766121,-0.9882432648561348,0.922397323776108,-1.82994258446613,-0.43937173880864383,-1.516623995971864,-1.0967923597471663,-0.39763293510878966,-1.7339240365124213
1991-03-03,-1.443825421610866,-1.2564140735301146,-0.38316397935064644,-0.7970205633185716,-0.43557129840739056,-1.832138421787536,-0.7646422685021671,-0.9154283707483314,1.170135112681966,-1.6000563928420912,-0.506702025409567,-1.067280015963636,-0.9186561621014003,-0.37291553752790835,-1.5307347749998206
1991-03-04,-1.1595302308608213,-1.248786254017992,-0.06981720053313586,-0.7069837397303603,-0.12878731512551872,-1.6267276990198754,-0.4612380605198977,-1.0649690159614318,1.326711659815071,-1.7109903136508624,-1.012720506414359,-1.0274556530482493,-1.2137918340602616,-0.2901700935032942,-0.9589016499671117
1991-03-05,-1.1955268310876384,-1.152051062463126,0.15883800207078488,-0.5262865103224923,0.17769706003264396,-0.9965744974896147,-0.3798632042752227,-1.0559265013310641,1.1342140235956455,-1.8198422546677624,-1.6715243624910785,-0.7598355107217779,-1.398456597808507,-0.27031739710375846,-0.7666400606098219
1991-03-06,-0.8684678891410497,-1.0080250431101478,0.40866333117411824,-0.5183394009648513,0.15637871926907335,-0.5636533770230306,-0.15050336033870074,-1.4108481630899723,0.7236892861096578,-1.928740439666278,-2.1851378589555295,-0.7480856409869459,-1.1526895726125432,-0.44480509926241485,-0.4689030182572474
1991-03-07,-0.8835123936325638,-1.1869862479155866,0.7114685844434908,-0.4612022785887022,0.03704330476933895,-0.7346361062322798,0.21385966198326536,-1.243853872562086,0.2987711169639822,-1.4930861009541647,-2.3039920209893263,-0.663360010426701,-1.1370230863089938,-0.613693158965216,-0.16422447595307224
1991-03-08,-1.1229692071515764,-1.3205307179672814,0.8572684443872138,-0.19572742800043935,0.17014295526252973,-0.8648160498717306,0.2653523547768877,-0.6773576756041298,0.2168891692271892,-1.2866238651751374,-2.28085103306898,-0.7293323855023433,-1.1324317554584038,-0.5302204568036697,0.24696540047082163
1991-03-09,-1.244940374270647,-1.3402986830044639,0.6347345774637103,0.005327840272555743,0.11515151858286365,-0.7830340041540867,0.37043963573085265,-0.15435791965001713,0.05852710791188856,-1.091658890941339,-2.124750647958956,-0.9985918409090122,-1.1853590355934485,-0.4348156867758976,0.14439315536342845
1991-03-10,-1.1188958394584558,-1.4805085123042474,0.7268357397287909,0.2428685428285746,-0.20295023056965816,-1.0425440390044933,0.7545957444749725,-0.2171933043225009,-0.04166498482500143,-0.9656917619033573,-1.8014427453227773,-1.1115996999163666,-1.079950133142964,-0.6911736397280164,-0.17589715349241886
1991-03-11,-1.056551497939202,-1.4284886911892678,0.551444587833715,0.17980682085899455,-0.1722225155065285,-1.4978454760590019,0.9005659683143478,0.020168352667554082,-0.019997063046899053,-0.5988932347716096,-1.7104236776766324,-0.7993449071026079,-0.9507789450642794,-0.43368765655644087,-0.15006156386324146
1991-03-12,-0.787177612840906,-1.2607897220221747,0.5027174647967014,-0.2937246699250287,-0.0555775670409959,-1.9471309056896908,0.7878530095535428,0.07601366758273233,0.299725059252471,-0.02999442952314925,-1.9630716959744676,-0.5694412972819037,-0.7641139648391545,-0.1248575853327571,-0.3437222763293256
1991-03-13,-0.7204970951303897,-1.171316800507676,0.442305794299814,-0.8327367705579979,-0.15684910984606165,-2.0529142144497103,0.7596124475379816,0.3727284277082498,0.5934821283857794,0.40851037689426567,-2.20550636797764,-0.7398826091441861,-0.3472663567388079,-0.03260938282292026,-0.24695148480649742
1991-03-14,-0.7464199335665623,-1.056281627977647,0.1806917811303351,-0.3892145476158222,-0.2421394663313121,-2.098151580481193,0.670809066743567,0.5312739638025094,0.6438745945914159,0.6659313988252042,-1.8774658736300216,-0.7729938134821169,-0.04481805595123525,0.02715041774901334,0.041015881497715435
1991-03-15,-0.7864986667814061,-1.1096514703905573,0.1583276932130736,0.06772753937523854,-0.27300409169219025,-2.3936527384385893,0.610619164177485,0.750430797053772,0.39969265274228677,0.7114925315666851,-1.3545603702651803,-0.5923698845371268,0.06329034317806752,0.1224292945436975,0.23969103357280383
1991-03-16,-0.9261869815461807,-1.0691267093574301,0.06324796328029725,0.09800133463643307,-0.2603881778676932,-2.493169728218549,0.6542814878496109,0.5941413071641022,0.17924687753200133,0.7039633971228885,-1.1280941939098188,-0.37217118212092504,-0.05054353164434576,-0.2546832435308303,0.3700585808517327
1991-03-17,-0.9789608056322099,-0.8461801531624483,-0.017125981676495462,-0.12477533574235396,-0.35784991356946466,-2.3753857577121953,0.6413071700837076,0.5419218951022475,0.4447044217162206,0.9394604093892669,-0.7494274785158436,0.06736500464731628,-0.02479285992353,-0.8466560376081476,0.5059834420351893
1991-03-18,-0.7744764540786042,-0.3144499651996549,0.025917573406167235,-0.2039214387369243,-0.5612597568023788,-1.9369445395806777,0.4763031287127417,0.5350403539394188,0.5419915558143101,0.7394560554715307,-0.3398651138004801,0.38551357896758626,-0.21297672447282753,-1.2920187993110643,0.8704490488816611
1991-03-19,-0.5246600239048075,0.15610838695256854,0.03185527517629221,-0.08792539374476606,-0.9710840802425742,-1.653839067861809,0.2741000227327996,0.969917879230766,0.5166785407620881,0.5953042179369109,0.06146705414975091,0.6869050943359881,-0.08695459049378731,-1.433399158546655,1.2078005508316139
1991-03-20,0.02049561960036954,0.5334964637792291,-0.1390515312388619,0.2884059244896964,-1.2968624891479672,-1.3266089726434709,0.03324799811600115,1.4475526665860254,0.32423957056998276,0.46117626822227187,0.2845871092145106,0.7787744448691203,-0.10095527344964964,-1.8088132606398322,1.0603629835433068
1991-03-21,0.3752584161161453,0.9884799691353808,-0.15059464996379815,0.3871914717059514,-1.742502528685071,-1.0081431582936367,-0.27057102079331147,1.400334103815729,0.23222283082967457,0.7630498315279256,0.7667727270137834,0.737594836620455,0.04869361638931616,-1.935136075975226,1.0398247800042868
1991-03-22,0.5350825572535389,1.0078786080770519,0.047863996936064114,0.5392642565272537,-2.309542028637719,-0.5403420808895962,-0.5132141305793203,1.2132951295906382,0.21396735238136708,0.8933542310198691,0.9488863666290179,0.6736407090841123,0.1391607246738935,-2.2020314717645344,0.8361083151630101
1991-03-23,0.6143378189868871,0.5471484834852794,0.03544933549006483,0.7706916185602436,-2.252150181054995,-0.574213355559954,-0.42242189888414466,0.7726751743489959,0.3175681505730757,0.7708050615091536,0.9718265329262378,0.4509453769110989,0.33393064899043284,-2.6066808845444407,0.5333357641487572
