,1,2,3,4,5,6,7,8,9,10,11,12,13,14,15
1993-08-07,0.0870940396185614,0.0870940396185614,0.0870940396185614,0.0870940396185614,0.0870940396185614,0.0870940396185614,0.0870940396185614,0.0870940396185614,0.0870940396185614,0.0870940396185614,0.0870940396185614,0.0870940396185614,0.0870940396185614,0.0870940396185614,0.0870940396185614
1993-08-08,-0.07227871451899552,-0.07227871451899552,-0.07227871451899552,-0.07227871451899552,-0.07227871451899552,-0.07227871451899552,-0.07227871451899552,-0.07227871451899552,-0.07227871451899552,-0.07227871451899552,-0.07227871451899552,-0.07227871451899552,-0.07227871451899552,-0.07227871451899552,-0.07227871451899552
1993-08-09,-0.028540700460200318,-0.028540700460200318,-0.028540700460200318,-0.028540700460200318,-0.028540700460200318,-0.028540700460200318,-0.028540700460200318,-0.028540700460200318,-0.028540700460200318,-0.028540700460200318,-0.028540700460200318,-0.028540700460200318,-0.028540700460200318,-0.028540700460200318,-0.028540700460200318
1993-08-10,-0.0061065615522376115,-0.0061065615522376115,-0.0061065615522376115,-0.0061065615522376115,-0.0061065615522376115,-0.0061065615522376115,-0.0061065615522376115,-0.0061065615522376115,-0.0061065615522376115,-0.0061065615522376115,-0.0061065615522376115,-0.0061065615522376115,-0.0061065615522376115,-0.0061065615522376115,-0.0061065615522376115
1993-08-11,-0.04633039703928802,-0.04633039703928802,-0.04633039703928802,-0.04633039703928802,-0.04633039703928802,-0.04633039703928802,-0.04633039703928802,-0.04633039703928802,-0.04633039703928802,-0.04633039703928802,-0.04633039703928802,-0.04633039703928802,-0.04633039703928802,-0.04633039703928802,-0.04633039703928802
1993-08-12,-0.0884385568150486,-0.0884385568150486,-0.0884385568150486,-0.0884385568150486,-0.0884385568150486,-0.0884385568150486,-0.0884385568150486,-0.0884385568150486,-0.0884385568150486,-0.0884385568150486,-0.0884385568150486,-0.0884385568150486,-0.0884385568150486,-0.0884385568150486,-0.0884385568150486
1993-08-13,-0.03258803435067789,-0.03258803435067789,-0.03258803435067789,-0.03258803435067789,-0.03258803435067789,-0.03258803435067789,-0.03258803435067789,-0.03258803435067789,-0.03258803435067789,-0.03258803435067789,-0.03258803435067789,-0.03258803435067789,-0.03258803435067789,-0.03258803435067789,-0.03258803435067789
1993-08-14,-0.18426337887981845,-0.18426337887981845,-0.18426337887981845,-0.18426337887981845,-0.18426337887981845,-0.18426337887981845,-0.18426337887981845,-0.18426337887981845,-0.18426337887981845,-0.18426337887981845,-0.18426337887981845,-0.18426337887981845,-0.18426337887981845,-0.18426337887981845,-0.18426337887981845
1993-08-15,-0.3163440857668979,-0.3163440857668979,-0.3163440857668979,-0.3163440857668979,-0.3163440857668979,-0.3163440857668979,-0.3163440857668979,-0.3163440857668979,-0.3163440857668979,-0.3163440857668979,-0.3163440857668979,-0.3163440857668979,-0.3163440857668979,-0.3163440857668979,-0.3163440857668979
1993-08-16,-0.4309760899128591,-0.4309760899128591,-0.4309760899128591,-0.4309760899128591,-0.4309760899128591,-0.4309760899128591,-0.4309760899128591,-0.4309760899128591,-0.4309760899128591,-0.4309760899128591,-0.4309760899128591,-0.4309760899128591,-0.4309760899128591,-0.4309760899128591,-0.4309760899128591
1993-08-17,-0.6687364839411725,-0.6687364839411725,-0.6687364839411725,-0.6687364839411725,-0.6687364839411725,-0.6687364839411725,-0.6687364839411725,-0.6687364839411725,-0.6687364839411725,-0.6687364839411725,-0.6687364839411725,-0.6687364839411725,-0.6687364839411725,-0.6687364839411725,-0.6687364839411725
1993-08-18,-0.5568629550732933,-0.5568629550732933,-0.5568629550732933,-0.5568629550732933,-0.5568629550732933,-0.5568629550732933,-0.5568629550732933,-0.5568629550732933,-0.5568629550732933,-0.5568629550732933,-0.5568629550732933,-0.5568629550732933,-0.5568629550732933,-0.5568629550732933,-0.5568629550732933
1993-08-19,-0.5516723489085738,-0.5516723489085738,-0.5516723489085738,-0.5516723489085738,-0.5516723489085738,-0.5516723489085738,-0.5516723489085738,-0.5516723489085738,-0.5516723489085738,-0.5516723489085738,-0.5516723489085738,-0.5516723489085738,-0.5516723489085738,-0.5516723489085738,-0.5516723489085738
1993-08-20,-0.757580345353092,-0.757580345353092,-0.757580345353092,-0.757580345353092,-0.757580345353092,-0.757580345353092,-0.757580345353092,-0.757580345353092,-0.757580345353092,-0.757580345353092,-0.757580345353092,-0.757580345353092,-0.757580345353092,-0.757580345353092,-0.757580345353092
1993-08-21,-0.8313258074911727,-0.8313258074911727,-0.8313258074911727,-0.8313258074911727,-0.8313258074911727,-0.8313258074911727,-0.8313258074911727,-0.8313258074911727,-0.8313258074911727,-0.8313258074911727,-0.8313258074911727,-0.8313258074911727,-0.8313258074911727,-0.8313258074911727,-0.8313258074911727
1993-08-22,-0.5929062898070745,-0.5929062898070745,-0.5929062898070745,-0.5929062898070745,-0.5929062898070745,-0.5929062898070745,-0.5929062898070745,-0.5929062898070745,-0.5929062898070745,-0.5929062898070745,-0.5929062898070745,-0.5929062898070745,-0.5929062898070745,-0.5929062898070745,-0.5929062898070745
1993-08-23,-0.43793625046666823,-0.43793625046666823,-0.43793625046666823,-0.43793625046666823,-0.43793625046666823,-0.43793625046666823,-0.43793625046666823,-0.43793625046666823,-0.43793625046666823,-0.43793625046666823,-0.43793625046666823,-0.43793625046666823,-0.43793625046666823,-0.43793625046666823,-0.43793625046666823
1993-08-24,-0.34481132124400415,-0.34481132124400415,-0.34481132124400415,-0.34481132124400415,-0.34481132124400415,-0.34481132124400415,-0.34481132124400415,-0.34481132124400415,-0.34481132124400415,-0.34481132124400415,-0.34481132124400415,-0.34481132124400415,-0.34481132124400415,-0.34481132124400415,-0.34481132124400415
1993-08-25,0.03965245265236617,0.03965245265236617,0.03965245265236617,0.03965245265236617,0.03965245265236617,0.03965245265236617,0.03965245265236617,0.03965245265236617,0.03965245265236617,0.03965245265236617,0.03965245265236617,0.03965245265236617,0.03965245265236617,0.03965245265236617,0.03965245265236617
1993-08-26,0.11739884018665617,0.11739884018665617,0.11739884018665617,0.11739884018665617,0.11739884018665617,0.11739884018665617,0.11739884018665617,0.11739884018665617,0.11739884018665617,0.11739884018665617,0.11739884018665617,0.11739884018665617,0.11739884018665617,0.11739884018665617,0.11739884018665617
1993-08-27,0.06684592820161535,0.06684592820161535,0.06684592820161535,0.06684592820161535,0.06684592820161535,0.06684592820161535,0.06684592820161535,0.06684592820161535,0.06684592820161535,0.06684592820161535,0.06684592820161535,0.06684592820161535,0.06684592820161535,0.06684592820161535,0.06684592820161535
1993-08-28,-0.010722712891254513,-0.010722712891254513,-0.010722712891254513,-0.010722712891254513,-0.010722712891254513,-0.010722712891254513,-0.010722712891254513,-0.010722712891254513,-0.010722712891254513,-0.010722712891254513,-0.010722712891254513,-0.010722712891254513,-0.010722712891254513,-0.010722712891254513,-0.010722712891254513
1993-08-29,0.019068113314634323,0.019068113314634323,0.019068113314634323,0.019068113314634323,0.019068113314634323,0.019068113314634323,0.019068113314634323,0.019068113314634323,0.019068113314634323,0.019068113314634323,0.019068113314634323,0.019068113314634323,0.019068113314634323,0.019068113314634323,0.019068113314634323
1993-08-30,-0.1930492590644166,-0.1930492590644166,-0.1930492590644166,-0.1930492590644166,-0.1930492590644166,-0.1930492590644166,-0.1930492590644166,-0.1930492590644166,-0.1930492590644166,-0.1930492590644166,-0.1930492590644166,-0.1930492590644166,-0.1930492590644166,-0.1930492590644166,-0.1930492590644166
1993-08-31,-0.182742416148016,-0.182742416148016,-0.182742416148016,-0.182742416148016,-0.182742416148016,-0.182742416148016,-0.182742416148016,-0.182742416148016,-0.182742416148016,-0.182742416148016,-0.182742416148016,-0.182742416148016,-0.182742416148016,-0.182742416148016,-0.182742416148016
1993-09-01,0.1779056088072301,0.1779056088072301,0.1779056088072301,0.1779056088072301,0.1779056088072301,0.1779056088072301,0.1779056088072301,0.1779056088072301,0.1779056088072301,0.1779056088072301,0.1779056088072301,0.1779056088072301,0.1779056088072301,0.1779056088072301,0.1779056088072301
1993-09-02,0.16993769990665605,0.16993769990665605,0.16993769990665605,0.16993769990665605,0.16993769990665605,0.16993769990665605,0.16993769990665605,0.16993769990665605,0.16993769990665605,0.16993769990665605,0.16993769990665605,0.16993769990665605,0.16993769990665605,0.16993769990665605,0.16993769990665605
1993-09-03,0.16097093347982477,0.16097093347982477,0.16097093347982477,0.16097093347982477,0.16097093347982477,0.16097093347982477,0.16097093347982477,0.16097093347982477,0.16097093347982477,0.16097093347982477,0.16097093347982477,0.16097093347982477,0.16097093347982477,0.16097093347982477,0.16097093347982477
1993-09-04,0.26232931908022555,0.26232931908022555,0.26232931908022555,0.26232931908022555,0.26232931908022555,0.26232931908022555,0.26232931908022555,0.26232931908022555,0.26232931908022555,0.26232931908022555,0.26232931908022555,0.26232931908022555,0.26232931908022555,0.26232931908022555,0.26232931908022555
1993-09-05,0.42852717966121767,0.42852717966121767,0.42852717966121767,0.42852717966121767,0.42852717966121767,0.42852717966121767,0.42852717966121767,0.42852717966121767,0.42852717966121767,0.42852717966121767,0.42852717966121767,0.42852717966121767,0.42852717966121767,0.42852717966121767,0.42852717966121767
1993-09-06,0.27219227524313117,0.27219227524313117,0.27219227524313117,0.27219227524313117,0.27219227524313117,0.27219227524313117,0.27219227524313117,0.27219227524313117,0.27219227524313117,0.27219227524313117,0.27219227524313117,0.27219227524313117,0.27219227524313117,0.27219227524313117,0.27219227524313117
1993-09-07,0.20805279056920822,0.20805279056920822,0.20805279056920822,0.20805279056920822,0.20805279056920822,0.20805279056920822,0.20805279056920822,0.20805279056920822,0.20805279056920822,0.20805279056920822,0.20805279056920822,0.20805279056920822,0.20805279056920822,0.20805279056920822,0.20805279056920822
1993-09-08,0.03650754949474031,0.03650754949474031,0.03650754949474031,0.03650754949474031,0.03650754949474031,0.03650754949474031,0.03650754949474031,0.03650754949474031,0.03650754949474031,0.03650754949474031,0.03650754949474031,0.03650754949474031,0.03650754949474031,0.03650754949474031,0.03650754949474031
1993-09-09,0.005888955582075294,0.005888955582075294,0.005888955582075294,0.005888955582075294,0.005888955582075294,0.005888955582075294,0.005888955582075294,0.005888955582075294,0.005888955582075294,0.005888955582075294,0.005888955582075294,0.005888955582075294,0.005888955582075294,0.005888955582075294,0.005888955582075294
1993-09-10,-0.3504201552164181,-0.3504201552164181,-0.3504201552164181,-0.3504201552164181,-0.3504201552164181,-0.3504201552164181,-0.3504201552164181,-0.3504201552164181,-0.3504201552164181,-0.3504201552164181,-0.3504201552164181,-0.3504201552164181,-0.3504201552164181,-0.3504201552164181,-0.3504201552164181
1993-09-11,-0.3892464670193881,-0.3892464670193881,-0.3892464670193881,-0.3892464670193881,-0.3892464670193881,-0.3892464670193881,-0.3892464670193881,-0.3892464670193881,-0.3892464670193881,-0.3892464670193881,-0.3892464670193881,-0.3892464670193881,-0.3892464670193881,-0.3892464670193881,-0.3892464670193881
1993-09-12,0.00403754874673294,0.00403754874673294,0.00403754874673294,0.00403754874673294,0.00403754874673294,0.00403754874673294,0.00403754874673294,0.00403754874673294,0.00403754874673294,0.00403754874673294,0.00403754874673294,0.00403754874673294,0.00403754874673294,0.00403754874673294,0.00403754874673294
1993-09-13,0.035081979959968076,0.035081979959968076,0.035081979959968076,0.035081979959968076,0.035081979959968076,0.035081979959968076,0.035081979959968076,0.035081979959968076,0.035081979959968076,0.035081979959968076,0.035081979959968076,0.035081979959968076,0.035081979959968076,0.035081979959968076,0.035081979959968076
1993-09-14,0.2704325167257609,0.2704325167257609,0.2704325167257609,0.2704325167257609,0.2704325167257609,0.2704325167257609,0.2704325167257609,0.2704325167257609,0.2704325167257609,0.2704325167257609,0.2704325167257609,0.2704325167257609,0.2704325167257609,0.2704325167257609,0.2704325167257609
1993-09-15,0.23102846441985198,0.23102846441985198,0.23102846441985198,0.23102846441985198,0.23102846441985198,0.23102846441985198,0.23102846441985198,0.23102846441985198,0.23102846441985198,0.23102846441985198,0.23102846441985198,0.23102846441985198,0.23102846441985198,0.23102846441985198,0.23102846441985198
1993-09-16,0.11388708143638245,0.11388708143638245,0.11388708143638245,0.11388708143638245,0.11388708143638245,0.11388708143638245,0.11388708143638245,0.11388708143638245,0.11388708143638245,0.11388708143638245,0.11388708143638245,0.11388708143638245,0.11388708143638245,0.11388708143638245,0.11388708143638245
1993-09-17,0.10834625660049678,0.10834625660049678,0.10834625660049678,0.10834625660049678,0.10834625660049678,0.10834625660049678,0.10834625660049678,0.10834625660049678,0.10834625660049678,0.10834625660049678,0.10834625660049678,0.10834625660049678,0.10834625660049678,0.10834625660049678,0.10834625660049678
1993-09-18,0.02774471694438495,0.02774471694438495,0.02774471694438495,0.02774471694438495,0.02774471694438495,0.02774471694438495,0.02774471694438495,0.02774471694438495,0.02774471694438495,0.02774471694438495,0.02774471694438495,0.02774471694438495,0.02774471694438495,0.02774471694438495,0.02774471694438495
1993-09-19,-0.12384209838730613,-0.12384209838730613,-0.12384209838730613,-0.12384209838730613,-0.12384209838730613,-0.12384209838730613,-0.12384209838730613,-0.12384209838730613,-0.12384209838730613,-0.12384209838730613,-0.12384209838730613,-0.12384209838730613,-0.12384209838730613,-0.12384209838730613,-0.12384209838730613
1993-09-20,-0.12686983546043268,-0.12686983546043268,-0.12686983546043268,-0.12686983546043268,-0.12686983546043268,-0.12686983546043268,-0.12686983546043268,-0.12686983546043268,-0.12686983546043268,-0.12686983546043268,-0.12686983546043268,-0.12686983546043268,-0.12686983546043268,-0.12686983546043268,-0.12686983546043268
1993-09-21,-0.06975921508007148,-0.06975921508007148,-0.06975921508007148,-0.06975921508007148,-0.06975921508007148,-0.06975921508007148,-0.06975921508007148,-0.06975921508007148,-0.06975921508007148,-0.06975921508007148,-0.06975921508007148,-0.06975921508007148,-0.06975921508007148,-0.06975921508007148,-0.06975921508007148
1993-09-22,-0.0740903358791895,-0.0740903358791895,-0.0740903358791895,-0.0740903358791895,-0.0740903358791895,-0.0740903358791895,-0.0740903358791895,-0.0740903358791895,-0.0740903358791895,-0.0740903358791895,-0.0740903358791895,-0.0740903358791895,-0.0740903358791895,-0.0740903358791895,-0.0740903358791895
1993-09-23,-0.049630521926480896,-0.049630521926480896,-0.049630521926480896,-0.049630521926480896,-0.049630521926480896,-0.049630521926480896,-0.049630521926480896,-0.049630521926480896,-0.049630521926480896,-0.049630521926480896,-0.049630521926480896,-0.049630521926480896,-0.049630521926480896,-0.049630521926480896,-0.049630521926480896
1993-09-24,-0.02198425487584706,-0.02198425487584706,-0.02198425487584706,-0.02198425487584706,-0.02198425487584706,-0.02198425487584706,-0.02198425487584706,-0.02198425487584706,-0.02198425487584706,-0.02198425487584706,-0.02198425487584706,-0.02198425487584706,-0.02198425487584706,-0.02198425487584706,-0.02198425487584706
1993-09-25,0.04163895862945407,0.04163895862945407,0.04163895862945407,0.04163895862945407,0.04163895862945407,0.04163895862945407,0.04163895862945407,0.04163895862945407,0.04163895862945407,0.04163895862945407,0.04163895862945407,0.04163895862945407,0.04163895862945407,0.04163895862945407,0.04163895862945407
1993-09-26,0.14712555204794034,0.14712555204794034,0.14712555204794034,0.14712555204794034,0.14712555204794034,0.14712555204794034,0.14712555204794034,0.14712555204794034,0.14712555204794034,0.14712555204794034,0.14712555204794034,0.14712555204794034,0.14712555204794034,0.14712555204794034,0.14712555204794034
1993-09-27,0.21511550748974237,0.21511550748974237,0.21511550748974237,0.21511550748974237,0.21511550748974237,0.21511550748974237,0.21511550748974237,0.21511550748974237,0.21511550748974237,0.21511550748974237,0.21511550748974237,0.21511550748974237,0.21511550748974237,0.21511550748974237,0.21511550748974237
1993-09-28,0.27222650342678106,0.27222650342678106,0.27222650342678106,0.27222650342678106,0.27222650342678106,0.27222650342678106,0.27222650342678106,0.27222650342678106,0.27222650342678106,0.27222650342678106,0.27222650342678106,0.27222650342678106,0.27222650342678106,0.27222650342678106,0.27222650342678106
1993-09-29,0.31955712384223517,0.31955712384223517,0.31955712384223517,0.31955712384223517,0.31955712384223517,0.31955712384223517,0.31955712384223517,0.31955712384223517,0.31955712384223517,0.31955712384223517,0.31955712384223517,0.31955712384223517,0.31955712384223517,0.31955712384223517,0.31955712384223517
1993-09-30,0.5428103568015201,0.5428103568015201,0.5428103568015201,0.5428103568015201,0.5428103568015201,0.5428103568015201,0.5428103568015201,0.5428103568015201,0.5428103568015201,0.5428103568015201,0.5428103568015201,0.5428103568015201,0.5428103568015201,0.5428103568015201,0.5428103568015201
1993-10-01,0.6177363839946662,0.6177363839946662,0.6177363839946662,0.6177363839946662,0.6177363839946662,0.6177363839946662,0.6177363839946662,0.6177363839946662,0.6177363839946662,0.6177363839946662,0.6177363839946662,0.6177363839946662,0.6177363839946662,0.6177363839946662,0.6177363839946662
1993-10-02,0.77151175366696,0.77151175366696,0.77151175366696,0.77151175366696,0.77151175366696,0.77151175366696,0.77151175366696,0.77151175366696,0.77151175366696,0.77151175366696,0.77151175366696,0.77151175366696,0.77151175366696,0.77151175366696,0.77151175366696
1993-10-03,1.0536820931659314,1.0536820931659314,1.0536820931659314,1.0536820931659314,1.0536820931659314,1.0536820931659314,1.0536820931659314,1.0536820931659314,1.0536820931659314,1.0536820931659314,1.0536820931659314,1.0536820931659314,1.0536820931659314,1.0536820931659314,1.0536820931659314
1993-10-04,1.1334673956545407,1.1334673956545407,1.1334673956545407,1.1334673956545407,1.1334673956545407,1.1334673956545407,1.1334673956545407,1.1334673956545407,1.1334673956545407,1.1334673956545407,1.1334673956545407,1.1334673956545407,1.1334673956545407,1.1334673956545407,1.1334673956545407
1993-10-05,0.9644117891348918,0.9644117891348918,0.9644117891348918,0.9644117891348918,0.9644117891348918,0.9644117891348918,0.9644117891348918,0.9644117891348918,0.9644117891348918,0.9644117891348918,0.9644117891348918,0.9644117891348918,0.9644117891348918,0.9644117891348918,0.9644117891348918
1993-10-06,0.8482266858145557,0.8482266858145557,0.8482266858145557,0.8482266858145557,0.8482266858145557,0.8482266858145557,0.8482266858145557,0.8482266858145557,0.8482266858145557,0.8482266858145557,0.8482266858145557,0.8482266858145557,0.8482266858145557,0.8482266858145557,0.8482266858145557
1993-10-07,0.8034805538830304,0.8034805538830304,0.8034805538830304,0.8034805538830304,0.8034805538830304,0.8034805538830304,0.8034805538830304,0.8034805538830304,0.8034805538830304,0.8034805538830304,0.8034805538830304,0.8034805538830304,0.8034805538830304,0.8034805538830304,0.8034805538830304
1993-10-08,0.6003646685967339,0.6003646685967339,0.6003646685967339,0.6003646685967339,0.6003646685967339,0.6003646685967339,0.6003646685967339,0.6003646685967339,0.6003646685967339,0.6003646685967339,0.6003646685967339,0.6003646685967339,0.6003646685967339,0.6003646685967339,0.6003646685967339
1993-10-09,0.7118929091161813,0.7118929091161813,0.7118929091161813,0.7118929091161813,0.7118929091161813,0.7118929091161813,0.7118929091161813,0.7118929091161813,0.7118929091161813,0.7118929091161813,0.7118929091161813,0.7118929091161813,0.7118929091161813,0.7118929091161813,0.7118929091161813
1993-10-10,0.710994075620835,0.710994075620835,0.710994075620835,0.710994075620835,0.710994075620835,0.710994075620835,0.710994075620835,0.710994075620835,0.710994075620835,0.710994075620835,0.710994075620835,0.710994075620835,0.710994075620835,0.710994075620835,0.710994075620835
1993-10-11,0.6447407546034714,0.6447407546034714,0.6447407546034714,0.6447407546034714,0.6447407546034714,0.6447407546034714,0.6447407546034714,0.6447407546034714,0.6447407546034714,0.6447407546034714,0.6447407546034714,0.6447407546034714,0.6447407546034714,0.6447407546034714,0.6447407546034714
1993-10-12,0.45038883901954785,0.45038883901954785,0.45038883901954785,0.45038883901954785,0.45038883901954785,0.45038883901954785,0.45038883901954785,0.45038883901954785,0.45038883901954785,0.45038883901954785,0.45038883901954785,0.45038883901954785,0.45038883901954785,0.45038883901954785,0.45038883901954785
1993-10-13,0.570893404885195,0.570893404885195,0.570893404885195,0.570893404885195,0.570893404885195,0.570893404885195,0.570893404885195,0.570893404885195,0.570893404885195,0.570893404885195,0.570893404885195,0.570893404885195,0.570893404885195,0.570893404885195,0.570893404885195
1993-10-14,0.42323263206591244,0.42323263206591244,0.42323263206591244,0.42323263206591244,0.42323263206591244,0.42323263206591244,0.42323263206591244,0.42323263206591244,0.42323263206591244,0.42323263206591244,0.42323263206591244,0.42323263206591244,0.42323263206591244,0.42323263206591244,0.42323263206591244
1993-10-15,0.4107565343636834,0.4107565343636834,0.4107565343636834,0.4107565343636834,0.4107565343636834,0.4107565343636834,0.4107565343636834,0.4107565343636834,0.4107565343636834,0.4107565343636834,0.4107565343636834,0.4107565343636834,0.4107565343636834,0.4107565343636834,0.4107565343636834
1993-10-16,0.2668418854443331,0.2668418854443331,0.2668418854443331,0.2668418854443331,0.2668418854443331,0.2668418854443331,0.2668418854443331,0.2668418854443331,0.2668418854443331,0.2668418854443331,0.2668418854443331,0.2668418854443331,0.2668418854443331,0.2668418854443331,0.2668418854443331
1993-10-17,0.20847929989153108,0.20847929989153108,0.20847929989153108,0.20847929989153108,0.20847929989153108,0.20847929989153108,0.20847929989153108,0.20847929989153108,0.20847929989153108,0.20847929989153108,0.20847929989153108,0.20847929989153108,0.20847929989153108,0.20847929989153108,0.20847929989153108
1993-10-18,0.2820090932503436,0.2820090932503436,0.2820090932503436,0.2820090932503436,0.2820090932503436,0.2820090932503436,0.2820090932503436,0.2820090932503436,0.2820090932503436,0.2820090932503436,0.2820090932503436,0.2820090932503436,0.2820090932503436,0.2820090932503436,0.2820090932503436
1993-10-19,0.34518427100911286,0.34518427100911286,0.34518427100911286,0.34518427100911286,0.34518427100911286,0.34518427100911286,0.34518427100911286,0.34518427100911286,0.34518427100911286,0.34518427100911286,0.34518427100911286,0.34518427100911286,0.34518427100911286,0.34518427100911286,0.34518427100911286
1993-10-20,0.5081350683313163,0.5081350683313163,0.5081350683313163,0.5081350683313163,0.5081350683313163,0.5081350683313163,0.5081350683313163,0.5081350683313163,0.5081350683313163,0.5081350683313163,0.5081350683313163,0.5081350683313163,0.5081350683313163,0.5081350683313163,0.5081350683313163
1993-10-21,0.7857056681361635,0.7857056681361635,0.7857056681361635,0.7857056681361635,0.7857056681361635,0.7857056681361635,0.7857056681361635,0.7857056681361635,0.7857056681361635,0.7857056681361635,0.7857056681361635,0.7857056681361635,0.7857056681361635,0.7857056681361635,0.7857056681361635
1993-10-22,0.7555117958696822,0.7555117958696822,0.7555117958696822,0.7555117958696822,0.7555117958696822,0.7555117958696822,0.7555117958696822,0.7555117958696822,0.7555117958696822,0.7555117958696822,0.7555117958696822,0.7555117958696822,0.7555117958696822,0.7555117958696822,0.7555117958696822
1993-10-23,0.3962644474236507,0.3962644474236507,0.3962644474236507,0.3962644474236507,0.3962644474236507,0.3962644474236507,0.3962644474236507,0.3962644474236507,0.3962644474236507,0.3962644474236507,0.3962644474236507,0.3962644474236507,0.3962644474236507,0.3962644474236507,0.3962644474236507
1993-10-24,-0.1390588498244931,-0.1390588498244931,-0.1390588498244931,-0.1390588498244931,-0.1390588498244931,-0.1390588498244931,-0.1390588498244931,-0.1390588498244931,-0.1390588498244931,-0.1390588498244931,-0.1390588498244931,-0.1390588498244931,-0.1390588498244931,-0.1390588498244931,-0.1390588498244931
1993-10-25,-0.622977702284941,-0.622977702284941,-0.622977702284941,-0.622977702284941,-0.622977702284941,-0.622977702284941,-0.622977702284941,-0.622977702284941,-0.622977702284941,-0.622977702284941,-0.622977702284941,-0.622977702284941,-0.622977702284941,-0.622977702284941,-0.622977702284941
1993-10-26,-1.1241063309318413,-1.1241063309318413,-1.1241063309318413,-1.1241063309318413,-1.1241063309318413,-1.1241063309318413,-1.1241063309318413,-1.1241063309318413,-1.1241063309318413,-1.1241063309318413,-1.1241063309318413,-1.1241063309318413,-1.1241063309318413,-1.1241063309318413,-1.1241063309318413
1993-10-27,-1.4375065336986932,-1.4375065336986932,-1.4375065336986932,-1.4375065336986932,-1.4375065336986932,-1.4375065336986932,-1.4375065336986932,-1.4375065336986932,-1.4375065336986932,-1.4375065336986932,-1.4375065336986932,-1.4375065336986932,-1.4375065336986932,-1.4375065336986932,-1.4375065336986932
1993-10-28,-1.4204912549718776,-1.4204912549718776,-1.4204912549718776,-1.4204912549718776,-1.4204912549718776,-1.4204912549718776,-1.4204912549718776,-1.4204912549718776,-1.4204912549718776,-1.4204912549718776,-1.4204912549718776,-1.4204912549718776,-1.4204912549718776,-1.4204912549718776,-1.4204912549718776
1993-10-29,-1.5281335590558944,-1.5281335590558944,-1.5281335590558944,-1.5281335590558944,-1.5281335590558944,-1.5281335590558944,-1.5281335590558944,-1.5281335590558944,-1.5281335590558944,-1.5281335590558944,-1.5281335590558944,-1.5281335590558944,-1.5281335590558944,-1.5281335590558944,-1.5281335590558944
1993-10-30,-1.6632539084787161,-1.6632539084787161,-1.6632539084787161,-1.6632539084787161,-1.6632539084787161,-1.6632539084787161,-1.6632539084787161,-1.6632539084787161,-1.6632539084787161,-1.6632539084787161,-1.6632539084787161,-1.6632539084787161,-1.6632539084787161,-1.6632539084787161,-1.6632539084787161
1993-10-31,-1.6422218001673203,-1.6422218001673203,-1.6422218001673203,-1.6422218001673203,-1.6422218001673203,-1.6422218001673203,-1.6422218001673203,-1.6422218001673203,-1.6422218001673203,-1.6422218001673203,-1.6422218001673203,-1.6422218001673203,-1.6422218001673203,-1.6422218001673203,-1.6422218001673203
1993-11-01,-1.4020131354506264,-1.4020131354506264,-1.4020131354506264,-1.4020131354506264,-1.4020131354506264,-1.4020131354506264,-1.4020131354506264,-1.4020131354506264,-1.4020131354506264,-1.4020131354506264,-1.4020131354506264,-1.4020131354506264,-1.4020131354506264,-1.4020131354506264,-1.4020131354506264
1993-11-02,-1.1645979165999445,-1.1645979165999445,-1.1645979165999445,-1.1645979165999445,-1.1645979165999445,-1.1645979165999445,-1.1645979165999445,-1.1645979165999445,-1.1645979165999445,-1.1645979165999445,-1.1645979165999445,-1.1645979165999445,-1.1645979165999445,-1.1645979165999445,-1.1645979165999445
1993-11-03,-1.023369112989645,-1.023369112989645,-1.023369112989645,-1.023369112989645,-1.023369112989645,-1.023369112989645,-1.023369112989645,-1.023369112989645,-1.023369112989645,-1.023369112989645,-1.023369112989645,-1.023369112989645,-1.023369112989645,-1.023369112989645,-1.023369112989645
1993-11-04,-1.1193506244378824,-1.1193506244378824,-1.1193506244378824,-1.1193506244378824,-1.1193506244378824,-1.1193506244378824,-1.1193506244378824,-1.1193506244378824,-1.1193506244378824,-1.1193506244378824,-1.1193506244378824,-1.1193506244378824,-1.1193506244378824,-1.1193506244378824,-1.1193506244378824
1993-11-05,-0.7301403243067145,-0.7301403243067145,-0.7301403243067145,-0.7301403243067145,-0.7301403243067145,-0.7301403243067145,-0.7301403243067145,-0.7301403243067145,-0.7301403243067145,-0.7301403243067145,-0.7301403243067145,-0.7301403243067145,-0.7301403243067145,-0.7301403243067145,-0.7301403243067145
1993-11-06,-0.4765585385865369,-0.4765585385865369,-0.4765585385865369,-0.4765585385865369,-0.4765585385865369,-0.4765585385865369,-0.4765585385865369,-0.4765585385865369,-0.4765585385865369,-0.4765585385865369,-0.4765585385865369,-0.4765585385865369,-0.4765585385865369,-0.4765585385865369,-0.4765585385865369
1993-11-07,-0.19164582463495297,-0.19164582463495297,-0.19164582463495297,-0.19164582463495297,-0.19164582463495297,-0.19164582463495297,-0.19164582463495297,-0.19164582463495297,-0.19164582463495297,-0.19164582463495297,-0.19164582463495297,-0.19164582463495297,-0.19164582463495297,-0.19164582463495297,-0.19164582463495297
1993-11-08,0.07698375021238081,0.07698375021238081,0.07698375021238081,0.07698375021238081,0.07698375021238081,0.07698375021238081,0.07698375021238081,0.07698375021238081,0.07698375021238081,0.07698375021238081,0.07698375021238081,0.07698375021238081,0.07698375021238081,0.07698375021238081,0.07698375021238081
1993-11-09,0.5509096387395983,0.5509096387395983,0.5509096387395983,0.5509096387395983,0.5509096387395983,0.5509096387395983,0.5509096387395983,0.5509096387395983,0.5509096387395983,0.5509096387395983,0.5509096387395983,0.5509096387395983,0.5509096387395983,0.5509096387395983,0.5509096387395983
1993-11-10,0.8626535991427781,0.8626535991427781,0.8626535991427781,0.8626535991427781,0.8626535991427781,0.8626535991427781,0.8626535991427781,0.8626535991427781,0.8626535991427781,0.8626535991427781,0.8626535991427781,0.8626535991427781,0.8626535991427781,0.8626535991427781,0.8626535991427781
1993-11-11,1.1701411479495005,1.1701411479495005,1.1701411479495005,1.1701411479495005,1.1701411479495005,1.1701411479495005,1.1701411479495005,1.1701411479495005,1.1701411479495005,1.1701411479495005,1.1701411479495005,1.1701411479495005,1.1701411479495005,1.1701411479495005,1.1701411479495005
1993-11-12,1.3805908207471935,1.3805908207471935,1.3805908207471935,1.3805908207471935,1.3805908207471935,1.3805908207471935,1.3805908207471935,1.3805908207471935,1.3805908207471935,1.3805908207471935,1.3805908207471935,1.3805908207471935,1.3805908207471935,1.3805908207471935,1.3805908207471935
1993-11-13,1.4422331970022284,1.4422331970022284,1.4422331970022284,1.4422331970022284,1.4422331970022284,1.4422331970022284,1.4422331970022284,1.4422331970022284,1.4422331970022284,1.4422331970022284,1.4422331970022284,1.4422331970022284,1.4422331970022284,1.4422331970022284,1.4422331970022284
1993-11-14,0.8235644988386569,0.8235644988386569,0.8235644988386569,0.8235644988386569,0.8235644988386569,0.8235644988386569,0.8235644988386569,0.8235644988386569,0.8235644988386569,0.8235644988386569,0.8235644988386569,0.8235644988386569,0.8235644988386569,0.8235644988386569,0.8235644988386569
1993-11-15,0.5040189901138633,0.5040189901138633,0.5040189901138633,0.5040189901138633,0.5040189901138633,0.5040189901138633,0.5040189901138633,0.5040189901138633,0.5040189901138633,0.5040189901138633,0.5040189901138633,0.5040189901138633,0.5040189901138633,0.5040189901138633,0.5040189901138633
1993-11-16,0.40447942418450694,0.40447942418450694,0.40447942418450694,0.40447942418450694,0.40447942418450694,0.40447942418450694,0.40447942418450694,0.40447942418450694,0.40447942418450694,0.40447942418450694,0.40447942418450694,0.40447942418450694,0.40447942418450694,0.40447942418450694,0.40447942418450694
1993-11-17,0.4567504852638089,0.4567504852638089,0.4567504852638089,0.4567504852638089,0.4567504852638089,0.4567504852638089,0.4567504852638089,0.4567504852638089,0.4567504852638089,0.4567504852638089,0.4567504852638089,0.4567504852638089,0.4567504852638089,0.4567504852638089,0.4567504852638089
1993-11-18,0.09597697056343087,0.09597697056343087,0.09597697056343087,0.09597697056343087,0.09597697056343087,0.09597697056343087,0.09597697056343087,0.09597697056343087,0.09597697056343087,0.09597697056343087,0.09597697056343087,0.09597697056343087,0.09597697056343087,0.09597697056343087,0.09597697056343087
1993-11-19,-0.27014027136388635,-0.27014027136388635,-0.27014027136388635,-0.27014027136388635,-0.27014027136388635,-0.27014027136388635,-0.27014027136388635,-0.27014027136388635,-0.27014027136388635,-0.27014027136388635,-0.27014027136388635,-0.27014027136388635,-0.27014027136388635,-0.27014027136388635,-0.27014027136388635
1993-11-20,-0.5153186838467994,-0.5153186838467994,-0.5153186838467994,-0.5153186838467994,-0.5153186838467994,-0.5153186838467994,-0.5153186838467994,-0.5153186838467994,-0.5153186838467994,-0.5153186838467994,-0.5153186838467994,-0.5153186838467994,-0.5153186838467994,-0.5153186838467994,-0.5153186838467994
1993-11-21,-0.5859418965359362,-0.5859418965359362,-0.5859418965359362,-0.5859418965359362,-0.5859418965359362,-0.5859418965359362,-0.5859418965359362,-0.5859418965359362,-0.5859418965359362,-0.5859418965359362,-0.5859418965359362,-0.5859418965359362,-0.5859418965359362,-0.5859418965359362,-0.5859418965359362
1993-11-22,-0.6230220218836087,-0.6230220218836087,-0.6230220218836087,-0.6230220218836087,-0.6230220218836087,-0.6230220218836087,-0.6230220218836087,-0.6230220218836087,-0.6230220218836087,-0.6230220218836087,-0.6230220218836087,-0.6230220218836087,-0.6230220218836087,-0.6230220218836087,-0.6230220218836087
1993-11-23,-0.5003361469357661,-0.5003361469357661,-0.5003361469357661,-0.5003361469357661,-0.5003361469357661,-0.5003361469357661,-0.5003361469357661,-0.5003361469357661,-0.5003361469357661,-0.5003361469357661,-0.5003361469357661,-0.5003361469357661,-0.5003361469357661,-0.5003361469357661,-0.5003361469357661
1993-11-24,-0.5640329668266818,-0.5640329668266818,-0.5640329668266818,-0.5640329668266818,-0.5640329668266818,-0.5640329668266818,-0.5640329668266818,-0.5640329668266818,-0.5640329668266818,-0.5640329668266818,-0.5640329668266818,-0.5640329668266818,-0.5640329668266818,-0.5640329668266818,-0.5640329668266818
1993-11-25,-0.5230442949168077,-0.5230442949168077,-0.5230442949168077,-0.5230442949168077,-0.5230442949168077,-0.5230442949168077,-0.5230442949168077,-0.5230442949168077,-0.5230442949168077,-0.5230442949168077,-0.5230442949168077,-0.5230442949168077,-0.5230442949168077,-0.5230442949168077,-0.5230442949168077
1993-11-26,-0.39096012803723307,-0.39096012803723307,-0.39096012803723307,-0.39096012803723307,-0.39096012803723307,-0.39096012803723307,-0.39096012803723307,-0.39096012803723307,-0.39096012803723307,-0.39096012803723307,-0.39096012803723307,-0.39096012803723307,-0.39096012803723307,-0.39096012803723307,-0.39096012803723307
1993-11-27,-0.4963677493428349,-0.4963677493428349,-0.4963677493428349,-0.4963677493428349,-0.4963677493428349,-0.4963677493428349,-0.4963677493428349,-0.4963677493428349,-0.4963677493428349,-0.4963677493428349,-0.4963677493428349,-0.4963677493428349,-0.4963677493428349,-0.4963677493428349,-0.4963677493428349
1993-11-28,-0.617659577752654,-0.617659577752654,-0.617659577752654,-0.617659577752654,-0.617659577752654,-0.617659577752654,-0.617659577752654,-0.617659577752654,-0.617659577752654,-0.617659577752654,-0.617659577752654,-0.617659577752654,-0.617659577752654,-0.617659577752654,-0.617659577752654
1993-11-29,-0.3633981879669641,-0.3633981879669641,-0.3633981879669641,-0.3633981879669641,-0.3633981879669641,-0.3633981879669641,-0.3633981879669641,-0.3633981879669641,-0.3633981879669641,-0.3633981879669641,-0.3633981879669641,-0.3633981879669641,-0.3633981879669641,-0.3633981879669641,-0.3633981879669641
1993-11-30,0.20551879256753278,0.20551879256753278,0.20551879256753278,0.20551879256753278,0.20551879256753278,0.20551879256753278,0.20551879256753278,0.20551879256753278,0.20551879256753278,0.20551879256753278,0.20551879256753278,0.20551879256753278,0.20551879256753278,0.20551879256753278,0.20551879256753278
1993-12-01,0.4558376201994112,0.4558376201994112,0.4558376201994112,0.4558376201994112,0.4558376201994112,0.4558376201994112,0.4558376201994112,0.4558376201994112,0.4558376201994112,0.4558376201994112,0.4558376201994112,0.4558376201994112,0.4558376201994112,0.4558376201994112,0.4558376201994112
1993-12-02,0.7402340003939847,0.7402340003939847,0.7402340003939847,0.7402340003939847,0.7402340003939847,0.7402340003939847,0.7402340003939847,0.7402340003939847,0.7402340003939847,0.7402340003939847,0.7402340003939847,0.7402340003939847,0.7402340003939847,0.7402340003939847,0.7402340003939847
1993-12-03,0.8604937436286078,0.8604937436286078,0.8604937436286078,0.8604937436286078,0.8604937436286078,0.8604937436286078,0.8604937436286078,0.8604937436286078,0.8604937436286078,0.8604937436286078,0.8604937436286078,0.8604937436286078,0.8604937436286078,0.8604937436286078,0.8604937436286078
1993-12-04,0.9347495165440466,0.9347495165440466,0.9347495165440466,0.9347495165440466,0.9347495165440466,0.9347495165440466,0.9347495165440466,0.9347495165440466,0.9347495165440466,0.9347495165440466,0.9347495165440466,0.9347495165440466,0.9347495165440466,0.9347495165440466,0.9347495165440466
1993-12-05,0.49520164671026917,0.5077841320023715,0.5818199781924209,0.48600150264705694,0.5250266681411995,0.5444784706512944,0.6002542740845985,0.5257539233221931,0.44458283192970904,0.6237725719805636,0.6534071039166277,0.5649817243892082,0.48958674884035835,0.5895507391853386,0.5759690729288556
1993-12-06,0.7430845464931677,0.7681382991400558,0.7491744908183963,0.9130516016083099,0.9025417882429331,0.9109945706704068,0.9840541187588816,0.8312021255207545,0.6683639148559646,0.9704675512411829,0.9356413101334582,0.9218086340311208,0.969453461074926,0.963142466952803,0.8132854096606138
1993-12-07,0.8060698893152806,0.8476582155935921,0.7988854789586455,1.2836872309367786,0.9875245718116814,0.9942582868813961,0.9789265356783253,0.887097245026239,0.6195039781294874,1.1250547777095878,1.0048990961766424,0.8095601182756605,1.2502325166850534,1.1928985509712249,0.8751486075242437
1993-12-08,0.5333433983499826,0.7023856104304735,0.4916964586375359,1.398251441706438,0.6654464874899243,0.9022362115004791,0.673014382345147,0.7031779395063312,0.629683787820661,1.2489662610404477,0.9236890209289931,0.6523542072029999,1.0268706459504355,0.843966728186263,0.7672025587838012
1993-12-09,0.5049935528015879,0.6191240180552807,0.24459317719713683,1.2349984138676746,0.6525516695999406,0.9288583396512664,0.4908087972672851,0.9223932098727599,0.6045602379855133,1.1311344707401796,0.7615099332753318,0.4557415341617935,0.8811424477276651,0.6976026389847199,0.783800688868687
1993-12-10,0.34760644807820973,0.5461427118713204,0.2094964574704069,1.079004373837459,0.4245916147752404,0.9378008931139489,0.3468159359342933,0.7717614915135184,0.3301247960959056,0.9366887676329778,0.6830202715297565,0.25369993063380136,0.5789568109545946,0.5438571173996267,0.5857147990210141
1993-12-11,0.38267540130778416,0.7576658244721916,0.44447933116784266,0.6828658862490357,0.3701507477483884,0.7380030035876941,0.29328697330045195,0.7497157468352527,0.10418827459230488,0.6285064245763061,0.7028761092090074,0.2580422050565544,0.5656968034229142,0.35418224408255783,0.4794528390567236
1993-12-12,0.22810473249546173,0.8077633709458834,0.54888041334473,0.4352216837025472,0.21688123229399514,0.5788773602901723,0.29007968107037363,0.3662621024154635,0.2753246211287205,0.2026337652342321,0.41837074610072694,0.14486497068304754,0.5593265404162379,0.12476452561163698,0.21989598173970748
1993-12-13,0.09972278419721803,0.7963476550322183,0.6363245476614943,0.29994535175724846,0.07684524695552228,0.2467413259478881,0.5615990827114159,0.4447883939917267,0.3728442928631797,0.08004148575130472,0.018872169567073542,0.09881362709321714,0.4640803600949202,-0.06097018655491742,0.11972251622478365
1993-12-14,-0.05583887256010721,0.7927472355954626,0.9351880654305194,0.2769493052099724,-0.04865102275537475,0.08841235691600588,0.585826551175819,0.35010698383015143,0.4440402963236801,-0.1551837534485498,-0.2882012284103469,-0.13106123710665768,0.39159639911439575,-0.16738921286344724,0.2598598317869159
1993-12-15,-0.25756159748371654,0.9264634372519667,1.2089562483365819,-0.33269470645148835,-0.04148951001641322,-0.1440870797891568,0.7112514720217452,0.2473286875128671,0.2504708074890281,-0.22252064038879504,-0.43204140247772144,-0.32778729610779417,0.04605347993632806,-0.514150935759407,-0.0431064123802371
1993-12-16,-0.4369689267404569,0.6305951075505111,1.050349126173505,-0.44922503434042826,-0.1426645974489802,-0.45899299175362196,0.8294720341954436,0.23841116061587742,0.15924665252782644,-0.7875065802821728,-0.728657201426208,-0.5210672838448662,-0.08200260178423488,-0.722952306801094,0.029905413647365413
1993-12-17,-0.4477308902561455,0.3193596470924556,1.0180804387116205,-0.19985862683809372,-0.3123685838046681,-0.3964709265939545,0.880790615046634,0.2530115196022236,-0.011607945055603757,-0.6767693083528127,-0.8675971781101814,-0.4934450242172674,-0.2376451804418629,-0.806117782994764,-0.00526952763852366
1993-12-18,-0.45626477216393174,0.07270095050918196,0.5893039268562457,-0.6587661840867611,-0.701517083988252,-0.4768177929809785,0.6828184226425088,0.288361099027081,-0.32722880746304533,-0.23180873052499787,-0.7197966390894907,-0.2868575603869386,-0.528126559352128,-0.7992982063389923,-0.11694770171737934
1993-12-19,-0.20486723509493662,0.03461028606824175,0.12383460535082935,-0.7667638928650918,-0.8021472241679811,-0.39928697597268137,0.6759144581341274,0.4401168658868629,-0.43188316991411496,-0.099438504061346,-0.5687514669548657,0.16848827469578473,-0.5379141526437611,-0.8914298455740737,-0.2863860467430719
1993-12-20,0.020023499779093255,0.029691875239629222,-0.2591101556188979,-0.8402410595177642,-0.880271942958153,-0.3615456189016132,0.2981796917100131,0.2756577154618505,-0.15122960552919318,-0.20302723572617848,-0.31818763357927,0.19710088808842469,-0.4436698346728434,-0.662926858551382,0.07615523019937374
1993-12-21,0.18123029213440167,0.24829496317790478,-0.4683209949254332,-0.9453820120138218,-0.8287460926513088,-0.45723592398618507,0.2987362636369069,0.220162820854253,0.1276419475256333,-0.03383311406353201,-0.5028104960961841,0.4139522138887809,-0.3340660536116429,-0.3560305482150003,-0.056112569079789884
1993-12-22,0.2642740321856832,0.4861312664098976,-0.8132433240376167,-0.5092923255060668,-0.3822505717684257,-0.5211003959967503,0.026694960615511777,0.5018842138954495,0.16219389907217283,-0.0834469339466562,-0.5370882630739099,0.5456718013612774,-0.42366376713060816,-0.3117998585533815,-0.04537222775143691
1993-12-23,0.3546872071631163,0.5684431551736592,-0.8452251206511731,-0.07428895748392174,-0.001561665238231275,-0.44311122528929775,-0.40463247593592583,0.7443064470978878,0.15124455819523577,-0.08638468403030143,-0.3982372275998421,0.7825867175831839,0.02311990909161853,-0.1453414641921507,-0.27105130682043466
1993-12-24,0.5331811984818141,0.5073574448588933,-0.8725742189621127,0.4240256251227393,0.29440016247504647,-0.022142533122057818,-0.6108969118415273,0.4450288108573167,-0.05614890058873615,-0.20954712863321717,0.08090550079869295,0.9570342511852387,0.4347357870105442,0.08064494865339365,-0.1588808520291609
1993-12-25,0.8300211242117733,0.4431463616999215,-0.8539637752503442,0.7639379671336908,0.24937647379090053,0.29170763538981315,-0.3337029192581197,0.19830423948106665,-0.04657625950154124,-0.35064258657215047,0.45202216224099134,1.520971474190049,0.9207951884326753,0.4544009328855349,0.045370395908762864
1993-12-26,0.847386561573009,0.3077915398623162,-0.8061331665122492,1.0471237483962585,0.19795043638093363,0.35950620423829255,0.051133908674193436,0.32455486684564144,-0.2691225653774776,-0.09051569661421106,0.7143935831175838,1.6852203958581224,0.829005596588098,0.6108326885997905,-0.05889555112788812
1993-12-27,0.7522939047672086,0.2677750117917645,-0.8147044116469028,1.0780214387779758,-0.0369026188402594,0.44175702138737644,0.1624719747971246,0.4103873082580132,-0.41509485737318647,0.2705052668081925,0.9891202878857229,1.8419954757412527,0.7660957119518462,1.0858429974959347,-0.29695756053332323
1993-12-28,0.48824240043919453,-0.06655410736657001,-0.9764726453461123,1.1804039056433944,-0.14642888745909388,0.3348544667744855,0.3583546837788005,0.4279647741158491,-0.6099427998526991,0.6966149541817488,1.211959014551558,1.5454598889827729,0.5768275868199744,1.1602270123240022,-0.4243916868267734
1993-12-29,0.29721588296549795,-0.621804450198887,-1.1545186432121448,1.225960870011559,-0.06633707676571646,0.31439621645410326,0.3267957222803047,0.3316694932065183,-0.8321168266888384,0.7483330719371681,0.9993869413422689,1.3692071181772507,0.21325390032246375,1.1630862660127488,-0.18174970279274255
1993-12-30,0.11120561997299021,-1.1404148280572908,-0.9434930184637567,1.4871283886284055,-0.2790501892929171,0.2304360805031882,0.1970719879934751,0.30159760961538695,-0.8633930181330614,0.34402971107234764,0.9641342192836387,0.9649641264349215,0.030940721078684553,0.7037668687722959,0.3953242720111032
1993-12-31,-0.06026823479590189,-1.4029935448033402,-0.6468327984820551,1.4961589951056726,-0.06156585575473162,-0.08911295167749991,-0.08346311606285395,0.3178952849581225,-1.1917481806032404,0.08838766909587101,1.1173291274457517,0.8294579545757721,-0.03172860655391842,0.37221539057926883,0.7826143446487721
1994-01-01,-0.035224278906147835,-1.3710544274898198,-0.5687910294180633,1.2024266684571094,0.15904318666160686,-0.195016639266083,-0.6620181353996251,0.400209205681015,-1.123724316499726,-0.11966227830842266,1.1892450829211196,0.695070249743972,-0.4109006132558635,0.4390983403970588,0.8603205901800614
1994-01-02,-0.19496456648738933,-1.5513168029198834,-0.5615026577262279,0.963055031177401,0.06069540518600583,-0.19923929721035993,-1.1700489347854288,0.114249880822029,-0.8177216619246604,0.04284016621789582,1.0893813350470019,0.6599141283219909,-0.5796692006168137,0.5034483675289328,0.863176300340964
1994-01-03,-0.2588949911151537,-1.6412438134659868,-0.3360766527645308,0.508811012872783,-0.17674168781643781,-0.43665808842517134,-1.587275725337378,-0.11797559554542408,-0.6069466032557624,0.08567218726096455,0.7991551254261513,0.5768172771573566,-0.4634998859671993,0.6684857973384883,1.0960557496944814
1994-01-04,-0.19380170121962317,-1.4942164888533735,-0.07394126565270101,0.1325360255088182,-0.11186589042747484,-0.874458059935136,-1.7389091822492921,0.01680376599591803,-0.7708314288527086,-0.15905427392338486,0.6459296752513761,0.6344529824887104,-0.6294875478826262,0.6441888050746133,1.2229935409101615
1994-01-05,-0.21525494340723555,-0.9039929703909931,0.20805691373950824,-0.511273728812908,-0.38868243080239795,-1.2035654024120044,-1.6951196424903046,-0.13172669598243988,-0.4096587057859628,-0.4133212869407788,0.3131381358084262,0.7730037060513861,-0.5028178272548359,0.6874628054495868,1.2356338058889245
1994-01-06,-0.3604414889752734,-0.48238704419674355,0.1628191644158995,-0.9178185147087348,-0.6513074213184028,-1.3001075098998998,-1.5798157738591283,-0.36446816537121013,0.037103880325494144,-0.45127454258164323,0.27913737306673264,0.7879077751634419,-0.11150981567153945,0.6211376984881959,1.4629798809285286
1994-01-07,-0.5961282043913037,-0.012343358524223018,0.2653798135751671,-0.7373724859477514,-0.6252895533932564,-1.4203880585415056,-1.4778704991578884,-0.5582221693161883,0.052368339844284774,-0.5891634543378728,-0.11448777961569648,0.4075369056574537,0.1637534107501621,0.5043793524294927,1.4556641251495976
1994-01-08,-0.44655378493558895,0.07568423472805214,0.37217643717868354,-0.12929565924967665,-0.5298747618137825,-1.4991361084277803,-1.546388927051561,-0.7007743526052922,0.08439809208165522,-0.817347522726001,-0.24905273026513358,0.12439850484673405,0.455336868239316,0.5234870895362509,1.432200992935526
1994-01-09,-0.37271461815205725,0.182680464271247,0.020692393731741733,0.247386057253954,-0.6956785736420167,-1.0644447750805262,-1.3993819855263334,-0.6615385059657496,0.16423322223385894,-0.7340711028347784,-0.32309847430230004,-0.015420525180275516,0.8348987901438755,0.5184502724736691,1.262329516020592
1994-01-10,-0.29816857841163086,0.38389176834093636,-0.5600023666993704,0.40908074297961505,-0.6836557122132877,-0.8215316738700209,-1.403285026670856,-0.7970368918506568,0.09672473209335904,-0.5847060439965728,-0.2876999565006553,-0.30810750468360265,0.7207671471918202,0.7209012309763697,1.024616212419728
1994-01-11,-0.2659946599356147,0.5082094658119009,-0.9869353818462037,0.3826870752587561,-0.7086047971126811,-0.7049025697797793,-1.539392657329633,-1.1493515945877002,-0.07999692560925524,-0.3624478162599296,-0.04098735663593048,-0.5160980012246954,0.8029058562066838,0.6537200037123715,0.4842852008230989
1994-01-12,-0.21917655647480286,0.28988065277482145,-1.2787217505345139,0.6732821956558231,-0.5586431711043274,-0.5133593969588198,-1.4540714533144277,-1.2050366280955431,-0.49690592402572836,-0.6453406731703564,0.12668651032068862,-0.38297560013374843,0.7079086458170379,0.4293300061774556,0.26392028363551945
1994-01-13,-0.13870573565743677,-0.0870704915271841,-1.7707266716619954,0.8612352842089708,-0.3461078134885482,-0.5221675112015615,-1.4144019430400032,-1.1968483096858207,-0.7414926592985621,-0.3401271379055672,0.2686821352270543,-0.19903804673891706,0.589126824026887,-0.05742094515987401,0.030818580087415386
1994-01-14,0.08196927421132852,-0.4682650779453752,-1.7077609556205209,1.0187253991648941,-0.21182192642356726,-0.485898952429725,-1.3632174487491275,-1.3678911121352493,-0.786419723309108,-0.016580779400542613,0.32277261552716524,-0.08616367554160367,0.339892945309483,-0.24878904150769562,-0.3194147771618866
1994-01-15,0.20879857686749315,-0.5709500171219126,-1.3960364115928579,1.274622987085528,-0.25683267565482276,-0.18921309790570964,-1.4302407491835498,-1.7704870005530269,-0.7022265597253544,0.09116023250560794,-0.07170267917719197,0.07209434746508357,0.23945410035839063,-0.1937668298928915,-0.38597864828094214
1994-01-16,0.3226503599272166,-0.6526386339319108,-1.2664653915445325,1.2584518313930144,-0.5297101900605247,0.1846509029202705,-1.7002894461640805,-1.5556129779403534,-0.4368820122178403,0.34614027898273503,0.12003489799315709,0.11184943701080245,-0.004713609614240504,-0.3352801608205047,-0.4217092441841069
1994-01-17,0.4116846337650025,-0.7242735514372151,-1.229851769747008,0.9845535392554031,-0.6775259137692058,0.4769314432757626,-1.3406278325145273,-1.521831993733894,-0.4751572392211242,0.7390098702437765,0.01729688404617028,0.2065890034959754,-0.3380792297780011,-0.8753209222059336,-0.30862083542744567
1994-01-18,0.41291981979070336,-0.83119744305904,-1.10301143698442,0.7847478952846458,-1.0936938445168296,0.555367001270271,-0.9402090893066783,-1.449633490174532,-0.23898602887474601,0.9266550834723761,-0.1053726292340677,0.16789814803935654,-0.7458815432062665,-1.1932721659451442,-0.31734139200277495
1994-01-19,0.38625294273924593,-0.5268329391244314,-0.9680177090497826,0.7993840519635634,-1.2646121727813242,0.25047853073670323,-0.6052945998676229,-1.3281734438511612,0.13835385953926208,1.2046168545408706,-0.18906743320002997,0.09533329106186329,-0.9482963611056257,-1.246718389858062,-0.22642722031507453
1994-01-20,0.24296533319182326,0.07260261919675508,-0.5607254219432871,0.8590473926346223,-0.9951854757121165,-0.11524879790404638,-0.8586935497994634,-1.619605540600391,0.4729877543524152,1.5047697292147826,0.12941149785762662,-0.0982670827283934,-1.0526098606743552,-1.1907461176125744,-0.08541916841306887
1994-01-21,-0.02903466314266757,0.3166230263946723,-0.23191585838544887,1.1162646694232847,-0.4786614114990749,-0.37980300472608763,-0.9421971286589303,-1.6070612213139481,0.5846841574866923,1.5210701738327739,0.8664253749638833,0.05176724098290372,-1.2850256081515565,-1.0674900620267949,0.05064043391738395
1994-01-22,0.010487515036683076,0.3977965981889703,-0.21882347588012863,1.2667665194542597,-0.2054768690668491,-0.2529329154195614,-0.775544004735998,-1.3919361895171096,0.9378630263711295,1.4982394218773731,1.121700699253156,-0.03646857410275523,-1.2351145944957056,-0.8740918191473119,0.1148199314051676
1994-01-23,0.07615497626660572,0.3516817661921906,-0.03950360872714301,1.5709092689235233,-0.10872464553059426,-0.2739656651164422,-0.38678226619223594,-1.2413996276417913,1.0053940792802423,1.3682200415765255,0.8598028929177421,-0.36409844926029666,-1.0804177687198122,-0.8741836369788558,0.08439126474900653
1994-01-24,0.0660139562461109,0.22006351677361538,0.0017057835363172322,1.59706760532835,-0.21640800720095832,-0.11860208908635925,-0.12216998954951103,-0.9244125997733493,1.2076082171951972,0.9677233945500551,0.19948838558046825,-0.09398143282275088,-0.9234226623907792,-0.8855979401059346,0.4846921934782242
1994-01-25,-0.004707191209624837,-0.24859570477434456,0.15418776854008598,1.1282329464598821,-0.2937831665959303,0.4685069006249896,-0.22796356077859675,-0.881160027007883,1.2312862843978256,0.3542150652319309,-0.010239035513893865,0.02740277316041488,-0.772390716276637,-1.1869130000645791,0.9720513113718234
1994-01-26,0.042935579608736105,-0.680776823180022,0.37279117796338335,1.1032667033589676,-0.1564873110273659,0.5812563744137498,-0.34443236478047234,-0.6598960168764938,0.9640664775638398,-0.03108533665349559,-0.5829345112509404,0.013845099934597042,-0.6624359244635928,-1.326596310693563,1.3201122536465888
1994-01-27,0.08033015480657699,-0.7563115743532631,0.4672888455662718,1.054623746390759,-0.08596561155589637,0.592732022654064,-0.3109008149026635,-0.2549557596151434,1.0925231060497584,-0.3398362224977001,-0.6686302354549744,-0.034588514542945106,-0.46643037112273794,-1.5211453618752127,1.3977333379794679
1994-01-28,0.2079796934467248,-0.6708284660390013,1.0842601937570946,1.1701101200666315,0.26638928129237693,0.4329341250986201,-0.06652585279474182,-0.12668760163450704,1.1555354951005623,-0.7329548393866187,-0.4585578608134239,-0.026527313502209656,-0.40537937074335983,-1.7249402705832844,1.4582776048641624
1994-01-29,0.40419895161431385,-0.4526114741067697,1.157705914039323,1.0469408466011683,0.5296097508366263,0.508939412712391,0.0341406006141593,0.1498268650986453,1.1549872931589515,-0.9246380126908644,-0.9478439611521359,-0.01762699071348524,0.13380045451355985,-2.109167821009427,1.549315775970855
1994-01-30,0.41610427578998277,-0.1373266901085142,1.1443759250798033,1.0029746729750222,0.7136468904030312,0.49941979465551767,-0.11979299057312374,0.5271193016500902,0.8548608421808409,-0.7407919406831331,-1.0849929071248798,-0.10579507291154945,0.3943751742915479,-2.3837737513812107,1.212732113914412
1994-01-31,0.5135401137674105,-0.11734937454787123,0.537221145225786,0.9257942757135144,1.0292727868764355,0.3520089969638914,-0.3639746212024517,0.5620586041433657,0.5589458099637293,-0.9730664788230472,-1.068588957200969,-0.263724924376668,0.8434584481235745,-2.4250726795980864,0.9391389265836685
1994-02-01,0.6056193465294523,0.18739387495860668,0.285677268778207,0.703375285082572,1.5381641792480332,0.41408509349697203,-0.7655552585574669,0.8184312268138398,0.5706250754569933,-1.0893234986415754,-1.0886694382851791,0.0666931402742871,1.2311189426848683,-2.2884322396226393,0.2573803006351354
1994-02-02,0.8017496518081423,0.40676641097234334,0.20363492661165106,0.4852988285619924,1.9472437236550102,0.4594776000616458,-0.906640387398492,1.0301095697952556,0.42915650017088935,-1.0086447924865993,-0.8974400627835688,0.4157234451242111,1.5537873133375029,-2.1560423172877625,0.041633051637529866
1994-02-03,0.8794544696266962,0.7125864522296378,0.07945690262489655,0.5685320526016892,1.9289434185364953,0.5181656359221012,-0.8833553515826479,1.4326287569804006,0.3285317619175185,-1.127260588859581,-0.8255420270712186,0.5010892788056324,1.6251789981995621,-1.9572440275935588,-0.11578087094297586
