,1,2,3,4,5,6,7,8,9,10,11,12,13,14,15
1994-08-04,0.32550659209675803,0.32550659209675803,0.32550659209675803,0.32550659209675803,0.32550659209675803,0.32550659209675803,0.32550659209675803,0.32550659209675803,0.32550659209675803,0.32550659209675803,0.32550659209675803,0.32550659209675803,0.32550659209675803,0.32550659209675803,0.32550659209675803
1994-08-05,0.198390765072733,0.198390765072733,0.198390765072733,0.198390765072733,0.198390765072733,0.198390765072733,0.198390765072733,0.198390765072733,0.198390765072733,0.198390765072733,0.198390765072733,0.198390765072733,0.198390765072733,0.198390765072733,0.198390765072733
1994-08-06,0.1127746378128137,0.1127746378128137,0.1127746378128137,0.1127746378128137,0.1127746378128137,0.1127746378128137,0.1127746378128137,0.1127746378128137,0.1127746378128137,0.1127746378128137,0.1127746378128137,0.1127746378128137,0.1127746378128137,0.1127746378128137,0.1127746378128137
1994-08-07,0.04077326700666874,0.04077326700666874,0.04077326700666874,0.04077326700666874,0.04077326700666874,0.04077326700666874,0.04077326700666874,0.04077326700666874,0.04077326700666874,0.04077326700666874,0.04077326700666874,0.04077326700666874,0.04077326700666874,0.04077326700666874,0.04077326700666874
1994-08-08,-0.22088587574248328,-0.22088587574248328,-0.22088587574248328,-0.22088587574248328,-0.22088587574248328,-0.22088587574248328,-0.22088587574248328,-0.22088587574248328,-0.22088587574248328,-0.22088587574248328,-0.22088587574248328,-0.22088587574248328,-0.22088587574248328,-0.22088587574248328,-0.22088587574248328
1994-08-09,-0.2329252087772163,-0.2329252087772163,-0.2329252087772163,-0.2329252087772163,-0.2329252087772163,-0.2329252087772163,-0.2329252087772163,-0.2329252087772163,-0.2329252087772163,-0.2329252087772163,-0.2329252087772163,-0.2329252087772163,-0.2329252087772163,-0.2329252087772163,-0.2329252087772163
1994-08-10,-0.1891994310944563,-0.1891994310944563,-0.1891994310944563,-0.1891994310944563,-0.1891994310944563,-0.1891994310944563,-0.1891994310944563,-0.1891994310944563,-0.1891994310944563,-0.1891994310944563,-0.1891994310944563,-0.1891994310944563,-0.1891994310944563,-0.1891994310944563,-0.1891994310944563
1994-08-11,-0.2941833183561907,-0.2941833183561907,-0.2941833183561907,-0.2941833183561907,-0.2941833183561907,-0.2941833183561907,-0.2941833183561907,-0.2941833183561907,-0.2941833183561907,-0.2941833183561907,-0.2941833183561907,-0.2941833183561907,-0.2941833183561907,-0.2941833183561907,-0.2941833183561907
1994-08-12,-0.23959032661427085,-0.23959032661427085,-0.23959032661427085,-0.23959032661427085,-0.23959032661427085,-0.23959032661427085,-0.23959032661427085,-0.23959032661427085,-0.23959032661427085,-0.23959032661427085,-0.23959032661427085,-0.23959032661427085,-0.23959032661427085,-0.23959032661427085,-0.23959032661427085
1994-08-13,-0.11198861852907904,-0.11198861852907904,-0.11198861852907904,-0.11198861852907904,-0.11198861852907904,-0.11198861852907904,-0.11198861852907904,-0.11198861852907904,-0.11198861852907904,-0.11198861852907904,-0.11198861852907904,-0.11198861852907904,-0.11198861852907904,-0.11198861852907904,-0.11198861852907904
1994-08-14,0.28252316949201894,0.28252316949201894,0.28252316949201894,0.28252316949201894,0.28252316949201894,0.28252316949201894,0.28252316949201894,0.28252316949201894,0.28252316949201894,0.28252316949201894,0.28252316949201894,0.28252316949201894,0.28252316949201894,0.28252316949201894,0.28252316949201894
1994-08-15,0.4606914031573852,0.4606914031573852,0.4606914031573852,0.4606914031573852,0.4606914031573852,0.4606914031573852,0.4606914031573852,0.4606914031573852,0.4606914031573852,0.4606914031573852,0.4606914031573852,0.4606914031573852,0.4606914031573852,0.4606914031573852,0.4606914031573852
1994-08-16,0.5265857250839144,0.5265857250839144,0.5265857250839144,0.5265857250839144,0.5265857250839144,0.5265857250839144,0.5265857250839144,0.5265857250839144,0.5265857250839144,0.5265857250839144,0.5265857250839144,0.5265857250839144,0.5265857250839144,0.5265857250839144,0.5265857250839144
1994-08-17,0.3960865219215305,0.3960865219215305,0.3960865219215305,0.3960865219215305,0.3960865219215305,0.3960865219215305,0.3960865219215305,0.3960865219215305,0.3960865219215305,0.3960865219215305,0.3960865219215305,0.3960865219215305,0.3960865219215305,0.3960865219215305,0.3960865219215305
1994-08-18,0.4866011766956983,0.4866011766956983,0.4866011766956983,0.4866011766956983,0.4866011766956983,0.4866011766956983,0.4866011766956983,0.4866011766956983,0.4866011766956983,0.4866011766956983,0.4866011766956983,0.4866011766956983,0.4866011766956983,0.4866011766956983,0.4866011766956983
1994-08-19,0.9105085886177392,0.9105085886177392,0.9105085886177392,0.9105085886177392,0.9105085886177392,0.9105085886177392,0.9105085886177392,0.9105085886177392,0.9105085886177392,0.9105085886177392,0.9105085886177392,0.9105085886177392,0.9105085886177392,0.9105085886177392,0.9105085886177392
1994-08-20,1.1166066449623273,1.1166066449623273,1.1166066449623273,1.1166066449623273,1.1166066449623273,1.1166066449623273,1.1166066449623273,1.1166066449623273,1.1166066449623273,1.1166066449623273,1.1166066449623273,1.1166066449623273,1.1166066449623273,1.1166066449623273,1.1166066449623273
1994-08-21,1.0133800162860285,1.0133800162860285,1.0133800162860285,1.0133800162860285,1.0133800162860285,1.0133800162860285,1.0133800162860285,1.0133800162860285,1.0133800162860285,1.0133800162860285,1.0133800162860285,1.0133800162860285,1.0133800162860285,1.0133800162860285,1.0133800162860285
1994-08-22,1.252244028097625,1.252244028097625,1.252244028097625,1.252244028097625,1.252244028097625,1.252244028097625,1.252244028097625,1.252244028097625,1.252244028097625,1.252244028097625,1.252244028097625,1.252244028097625,1.252244028097625,1.252244028097625,1.252244028097625
1994-08-23,1.3998962714923988,1.3998962714923988,1.3998962714923988,1.3998962714923988,1.3998962714923988,1.3998962714923988,1.3998962714923988,1.3998962714923988,1.3998962714923988,1.3998962714923988,1.3998962714923988,1.3998962714923988,1.3998962714923988,1.3998962714923988,1.3998962714923988
1994-08-24,1.5448503581369535,1.5448503581369535,1.5448503581369535,1.5448503581369535,1.5448503581369535,1.5448503581369535,1.5448503581369535,1.5448503581369535,1.5448503581369535,1.5448503581369535,1.5448503581369535,1.5448503581369535,1.5448503581369535,1.5448503581369535,1.5448503581369535
1994-08-25,1.7292616706429758,1.7292616706429758,1.7292616706429758,1.7292616706429758,1.7292616706429758,1.7292616706429758,1.7292616706429758,1.7292616706429758,1.7292616706429758,1.7292616706429758,1.7292616706429758,1.7292616706429758,1.7292616706429758,1.7292616706429758,1.7292616706429758
1994-08-26,1.4061210095224337,1.4061210095224337,1.4061210095224337,1.4061210095224337,1.4061210095224337,1.4061210095224337,1.4061210095224337,1.4061210095224337,1.4061210095224337,1.4061210095224337,1.4061210095224337,1.4061210095224337,1.4061210095224337,1.4061210095224337,1.4061210095224337
1994-08-27,1.2781033190533582,1.2781033190533582,1.2781033190533582,1.2781033190533582,1.2781033190533582,1.2781033190533582,1.2781033190533582,1.2781033190533582,1.2781033190533582,1.2781033190533582,1.2781033190533582,1.2781033190533582,1.2781033190533582,1.2781033190533582,1.2781033190533582
1994-08-28,1.2182124507484229,1.2182124507484229,1.2182124507484229,1.2182124507484229,1.2182124507484229,1.2182124507484229,1.2182124507484229,1.2182124507484229,1.2182124507484229,1.2182124507484229,1.2182124507484229,1.2182124507484229,1.2182124507484229,1.2182124507484229,1.2182124507484229
1994-08-29,1.3397109908331644,1.3397109908331644,1.3397109908331644,1.3397109908331644,1.3397109908331644,1.3397109908331644,1.3397109908331644,1.3397109908331644,1.3397109908331644,1.3397109908331644,1.3397109908331644,1.3397109908331644,1.3397109908331644,1.3397109908331644,1.3397109908331644
1994-08-30,1.556626209032156,1.556626209032156,1.556626209032156,1.556626209032156,1.556626209032156,1.556626209032156,1.556626209032156,1.556626209032156,1.556626209032156,1.556626209032156,1.556626209032156,1.556626209032156,1.556626209032156,1.556626209032156,1.556626209032156
1994-08-31,1.7214984201232264,1.7214984201232264,1.7214984201232264,1.7214984201232264,1.7214984201232264,1.7214984201232264,1.7214984201232264,1.7214984201232264,1.7214984201232264,1.7214984201232264,1.7214984201232264,1.7214984201232264,1.7214984201232264,1.7214984201232264,1.7214984201232264
1994-09-01,1.8769064516978577,1.8769064516978577,1.8769064516978577,1.8769064516978577,1.8769064516978577,1.8769064516978577,1.8769064516978577,1.8769064516978577,1.8769064516978577,1.8769064516978577,1.8769064516978577,1.8769064516978577,1.8769064516978577,1.8769064516978577,1.8769064516978577
1994-09-02,1.937906014231822,1.937906014231822,1.937906014231822,1.937906014231822,1.937906014231822,1.937906014231822,1.937906014231822,1.937906014231822,1.937906014231822,1.937906014231822,1.937906014231822,1.937906014231822,1.937906014231822,1.937906014231822,1.937906014231822
1994-09-03,1.8859445193133477,1.8859445193133477,1.8859445193133477,1.8859445193133477,1.8859445193133477,1.8859445193133477,1.8859445193133477,1.8859445193133477,1.8859445193133477,1.8859445193133477,1.8859445193133477,1.8859445193133477,1.8859445193133477,1.8859445193133477,1.8859445193133477
1994-09-04,1.7922547221785667,1.7922547221785667,1.7922547221785667,1.7922547221785667,1.7922547221785667,1.7922547221785667,1.7922547221785667,1.7922547221785667,1.7922547221785667,1.7922547221785667,1.7922547221785667,1.7922547221785667,1.7922547221785667,1.7922547221785667,1.7922547221785667
1994-09-05,1.7784528450783184,1.7784528450783184,1.7784528450783184,1.7784528450783184,1.7784528450783184,1.7784528450783184,1.7784528450783184,1.7784528450783184,1.7784528450783184,1.7784528450783184,1.7784528450783184,1.7784528450783184,1.7784528450783184,1.7784528450783184,1.7784528450783184
1994-09-06,1.5993937687975255,1.5993937687975255,1.5993937687975255,1.5993937687975255,1.5993937687975255,1.5993937687975255,1.5993937687975255,1.5993937687975255,1.5993937687975255,1.5993937687975255,1.5993937687975255,1.5993937687975255,1.5993937687975255,1.5993937687975255,1.5993937687975255
1994-09-07,1.5178938195817604,1.5178938195817604,1.5178938195817604,1.5178938195817604,1.5178938195817604,1.5178938195817604,1.5178938195817604,1.5178938195817604,1.5178938195817604,1.5178938195817604,1.5178938195817604,1.5178938195817604,1.5178938195817604,1.5178938195817604,1.5178938195817604
1994-09-08,1.367404957376338,1.367404957376338,1.367404957376338,1.367404957376338,1.367404957376338,1.367404957376338,1.367404957376338,1.367404957376338,1.367404957376338,1.367404957376338,1.367404957376338,1.367404957376338,1.367404957376338,1.367404957376338,1.367404957376338
1994-09-09,1.5991991044964575,1.5991991044964575,1.5991991044964575,1.5991991044964575,1.5991991044964575,1.5991991044964575,1.5991991044964575,1.5991991044964575,1.5991991044964575,1.5991991044964575,1.5991991044964575,1.5991991044964575,1.5991991044964575,1.5991991044964575,1.5991991044964575
1994-09-10,1.5812414753400768,1.5812414753400768,1.5812414753400768,1.5812414753400768,1.5812414753400768,1.5812414753400768,1.5812414753400768,1.5812414753400768,1.5812414753400768,1.5812414753400768,1.5812414753400768,1.5812414753400768,1.5812414753400768,1.5812414753400768,1.5812414753400768
1994-09-11,1.3473362415331405,1.3473362415331405,1.3473362415331405,1.3473362415331405,1.3473362415331405,1.3473362415331405,1.3473362415331405,1.3473362415331405,1.3473362415331405,1.3473362415331405,1.3473362415331405,1.3473362415331405,1.3473362415331405,1.3473362415331405,1.3473362415331405
1994-09-12,1.1379639965761748,1.1379639965761748,1.1379639965761748,1.1379639965761748,1.1379639965761748,1.1379639965761748,1.1379639965761748,1.1379639965761748,1.1379639965761748,1.1379639965761748,1.1379639965761748,1.1379639965761748,1.1379639965761748,1.1379639965761748,1.1379639965761748
1994-09-13,0.9663104728129218,0.9663104728129218,0.9663104728129218,0.9663104728129218,0.9663104728129218,0.9663104728129218,0.9663104728129218,0.9663104728129218,0.9663104728129218,0.9663104728129218,0.9663104728129218,0.9663104728129218,0.9663104728129218,0.9663104728129218,0.9663104728129218
1994-09-14,1.0241991316020884,1.0241991316020884,1.0241991316020884,1.0241991316020884,1.0241991316020884,1.0241991316020884,1.0241991316020884,1.0241991316020884,1.0241991316020884,1.0241991316020884,1.0241991316020884,1.0241991316020884,1.0241991316020884,1.0241991316020884,1.0241991316020884
1994-09-15,1.1557032100030888,1.1557032100030888,1.1557032100030888,1.1557032100030888,1.1557032100030888,1.1557032100030888,1.1557032100030888,1.1557032100030888,1.1557032100030888,1.1557032100030888,1.1557032100030888,1.1557032100030888,1.1557032100030888,1.1557032100030888,1.1557032100030888
1994-09-16,1.248873321409087,1.248873321409087,1.248873321409087,1.248873321409087,1.248873321409087,1.248873321409087,1.248873321409087,1.248873321409087,1.248873321409087,1.248873321409087,1.248873321409087,1.248873321409087,1.248873321409087,1.248873321409087,1.248873321409087
1994-09-17,1.275734143913605,1.275734143913605,1.275734143913605,1.275734143913605,1.275734143913605,1.275734143913605,1.275734143913605,1.275734143913605,1.275734143913605,1.275734143913605,1.275734143913605,1.275734143913605,1.275734143913605,1.275734143913605,1.275734143913605
1994-09-18,1.241080525200282,1.241080525200282,1.241080525200282,1.241080525200282,1.241080525200282,1.241080525200282,1.241080525200282,1.241080525200282,1.241080525200282,1.241080525200282,1.241080525200282,1.241080525200282,1.241080525200282,1.241080525200282,1.241080525200282
1994-09-19,0.6428845262255025,0.6428845262255025,0.6428845262255025,0.6428845262255025,0.6428845262255025,0.6428845262255025,0.6428845262255025,0.6428845262255025,0.6428845262255025,0.6428845262255025,0.6428845262255025,0.6428845262255025,0.6428845262255025,0.6428845262255025,0.6428845262255025
1994-09-20,0.07201208499621758,0.07201208499621758,0.07201208499621758,0.07201208499621758,0.07201208499621758,0.07201208499621758,0.07201208499621758,0.07201208499621758,0.07201208499621758,0.07201208499621758,0.07201208499621758,0.07201208499621758,0.07201208499621758,0.07201208499621758,0.07201208499621758
1994-09-21,-0.24805661213584798,-0.24805661213584798,-0.24805661213584798,-0.24805661213584798,-0.24805661213584798,-0.24805661213584798,-0.24805661213584798,-0.24805661213584798,-0.24805661213584798,-0.24805661213584798,-0.24805661213584798,-0.24805661213584798,-0.24805661213584798,-0.24805661213584798,-0.24805661213584798
1994-09-22,-0.6472814507631411,-0.6472814507631411,-0.6472814507631411,-0.6472814507631411,-0.6472814507631411,-0.6472814507631411,-0.6472814507631411,-0.6472814507631411,-0.6472814507631411,-0.6472814507631411,-0.6472814507631411,-0.6472814507631411,-0.6472814507631411,-0.6472814507631411,-0.6472814507631411
1994-09-23,-0.9993733485784878,-0.9993733485784878,-0.9993733485784878,-0.9993733485784878,-0.9993733485784878,-0.9993733485784878,-0.9993733485784878,-0.9993733485784878,-0.9993733485784878,-0.9993733485784878,-0.9993733485784878,-0.9993733485784878,-0.9993733485784878,-0.9993733485784878,-0.9993733485784878
1994-09-24,-1.0796888431774412,-1.0796888431774412,-1.0796888431774412,-1.0796888431774412,-1.0796888431774412,-1.0796888431774412,-1.0796888431774412,-1.0796888431774412,-1.0796888431774412,-1.0796888431774412,-1.0796888431774412,-1.0796888431774412,-1.0796888431774412,-1.0796888431774412,-1.0796888431774412
1994-09-25,-0.8210972783109787,-0.8210972783109787,-0.8210972783109787,-0.8210972783109787,-0.8210972783109787,-0.8210972783109787,-0.8210972783109787,-0.8210972783109787,-0.8210972783109787,-0.8210972783109787,-0.8210972783109787,-0.8210972783109787,-0.8210972783109787,-0.8210972783109787,-0.8210972783109787
1994-09-26,-0.7139749529665667,-0.7139749529665667,-0.7139749529665667,-0.7139749529665667,-0.7139749529665667,-0.7139749529665667,-0.7139749529665667,-0.7139749529665667,-0.7139749529665667,-0.7139749529665667,-0.7139749529665667,-0.7139749529665667,-0.7139749529665667,-0.7139749529665667,-0.7139749529665667
1994-09-27,-0.7751929255823499,-0.7751929255823499,-0.7751929255823499,-0.7751929255823499,-0.7751929255823499,-0.7751929255823499,-0.7751929255823499,-0.7751929255823499,-0.7751929255823499,-0.7751929255823499,-0.7751929255823499,-0.7751929255823499,-0.7751929255823499,-0.7751929255823499,-0.7751929255823499
1994-09-28,-1.022588419914934,-1.022588419914934,-1.022588419914934,-1.022588419914934,-1.022588419914934,-1.022588419914934,-1.022588419914934,-1.022588419914934,-1.022588419914934,-1.022588419914934,-1.022588419914934,-1.022588419914934,-1.022588419914934,-1.022588419914934,-1.022588419914934
1994-09-29,-1.3183625466965967,-1.3183625466965967,-1.3183625466965967,-1.3183625466965967,-1.3183625466965967,-1.3183625466965967,-1.3183625466965967,-1.3183625466965967,-1.3183625466965967,-1.3183625466965967,-1.3183625466965967,-1.3183625466965967,-1.3183625466965967,-1.3183625466965967,-1.3183625466965967
1994-09-30,-1.3713519589418277,-1.3713519589418277,-1.3713519589418277,-1.3713519589418277,-1.3713519589418277,-1.3713519589418277,-1.3713519589418277,-1.3713519589418277,-1.3713519589418277,-1.3713519589418277,-1.3713519589418277,-1.3713519589418277,-1.3713519589418277,-1.3713519589418277,-1.3713519589418277
1994-10-01,-1.3314099843873604,-1.3314099843873604,-1.3314099843873604,-1.3314099843873604,-1.3314099843873604,-1.3314099843873604,-1.3314099843873604,-1.3314099843873604,-1.3314099843873604,-1.3314099843873604,-1.3314099843873604,-1.3314099843873604,-1.3314099843873604,-1.3314099843873604,-1.3314099843873604
1994-10-02,-1.4058277974727071,-1.4058277974727071,-1.4058277974727071,-1.4058277974727071,-1.4058277974727071,-1.4058277974727071,-1.4058277974727071,-1.4058277974727071,-1.4058277974727071,-1.4058277974727071,-1.4058277974727071,-1.4058277974727071,-1.4058277974727071,-1.4058277974727071,-1.4058277974727071
1994-10-03,-1.443699375033234,-1.443699375033234,-1.443699375033234,-1.443699375033234,-1.443699375033234,-1.443699375033234,-1.443699375033234,-1.443699375033234,-1.443699375033234,-1.443699375033234,-1.443699375033234,-1.443699375033234,-1.443699375033234,-1.443699375033234,-1.443699375033234
1994-10-04,-1.4940447585334984,-1.4940447585334984,-1.4940447585334984,-1.4940447585334984,-1.4940447585334984,-1.4940447585334984,-1.4940447585334984,-1.4940447585334984,-1.4940447585334984,-1.4940447585334984,-1.4940447585334984,-1.4940447585334984,-1.4940447585334984,-1.4940447585334984,-1.4940447585334984
1994-10-05,-1.3399154714096122,-1.3399154714096122,-1.3399154714096122,-1.3399154714096122,-1.3399154714096122,-1.3399154714096122,-1.3399154714096122,-1.3399154714096122,-1.3399154714096122,-1.3399154714096122,-1.3399154714096122,-1.3399154714096122,-1.3399154714096122,-1.3399154714096122,-1.3399154714096122
1994-10-06,-1.0512197992020897,-1.0512197992020897,-1.0512197992020897,-1.0512197992020897,-1.0512197992020897,-1.0512197992020897,-1.0512197992020897,-1.0512197992020897,-1.0512197992020897,-1.0512197992020897,-1.0512197992020897,-1.0512197992020897,-1.0512197992020897,-1.0512197992020897,-1.0512197992020897
1994-10-07,-0.7943743649477262,-0.7943743649477262,-0.7943743649477262,-0.7943743649477262,-0.7943743649477262,-0.7943743649477262,-0.7943743649477262,-0.7943743649477262,-0.7943743649477262,-0.7943743649477262,-0.7943743649477262,-0.7943743649477262,-0.7943743649477262,-0.7943743649477262,-0.7943743649477262
1994-10-08,-0.5994784066505633,-0.5994784066505633,-0.5994784066505633,-0.5994784066505633,-0.5994784066505633,-0.5994784066505633,-0.5994784066505633,-0.5994784066505633,-0.5994784066505633,-0.5994784066505633,-0.5994784066505633,-0.5994784066505633,-0.5994784066505633,-0.5994784066505633,-0.5994784066505633
1994-10-09,-0.4014707283838379,-0.4014707283838379,-0.4014707283838379,-0.4014707283838379,-0.4014707283838379,-0.4014707283838379,-0.4014707283838379,-0.4014707283838379,-0.4014707283838379,-0.4014707283838379,-0.4014707283838379,-0.4014707283838379,-0.4014707283838379,-0.4014707283838379,-0.4014707283838379
1994-10-10,-0.6454015840178647,-0.6454015840178647,-0.6454015840178647,-0.6454015840178647,-0.6454015840178647,-0.6454015840178647,-0.6454015840178647,-0.6454015840178647,-0.6454015840178647,-0.6454015840178647,-0.6454015840178647,-0.6454015840178647,-0.6454015840178647,-0.6454015840178647,-0.6454015840178647
1994-10-11,-0.7464346535962506,-0.7464346535962506,-0.7464346535962506,-0.7464346535962506,-0.7464346535962506,-0.7464346535962506,-0.7464346535962506,-0.7464346535962506,-0.7464346535962506,-0.7464346535962506,-0.7464346535962506,-0.7464346535962506,-0.7464346535962506,-0.7464346535962506,-0.7464346535962506
1994-10-12,-0.8013994571074426,-0.8013994571074426,-0.8013994571074426,-0.8013994571074426,-0.8013994571074426,-0.8013994571074426,-0.8013994571074426,-0.8013994571074426,-0.8013994571074426,-0.8013994571074426,-0.8013994571074426,-0.8013994571074426,-0.8013994571074426,-0.8013994571074426,-0.8013994571074426
1994-10-13,-0.8260214190957182,-0.8260214190957182,-0.8260214190957182,-0.8260214190957182,-0.8260214190957182,-0.8260214190957182,-0.8260214190957182,-0.8260214190957182,-0.8260214190957182,-0.8260214190957182,-0.8260214190957182,-0.8260214190957182,-0.8260214190957182,-0.8260214190957182,-0.8260214190957182
1994-10-14,-1.007146796138615,-1.007146796138615,-1.007146796138615,-1.007146796138615,-1.007146796138615,-1.007146796138615,-1.007146796138615,-1.007146796138615,-1.007146796138615,-1.007146796138615,-1.007146796138615,-1.007146796138615,-1.007146796138615,-1.007146796138615,-1.007146796138615
1994-10-15,-1.2463654679254177,-1.2463654679254177,-1.2463654679254177,-1.2463654679254177,-1.2463654679254177,-1.2463654679254177,-1.2463654679254177,-1.2463654679254177,-1.2463654679254177,-1.2463654679254177,-1.2463654679254177,-1.2463654679254177,-1.2463654679254177,-1.2463654679254177,-1.2463654679254177
1994-10-16,-1.1527997362606948,-1.1527997362606948,-1.1527997362606948,-1.1527997362606948,-1.1527997362606948,-1.1527997362606948,-1.1527997362606948,-1.1527997362606948,-1.1527997362606948,-1.1527997362606948,-1.1527997362606948,-1.1527997362606948,-1.1527997362606948,-1.1527997362606948,-1.1527997362606948
1994-10-17,-0.822084151771299,-0.822084151771299,-0.822084151771299,-0.822084151771299,-0.822084151771299,-0.822084151771299,-0.822084151771299,-0.822084151771299,-0.822084151771299,-0.822084151771299,-0.822084151771299,-0.822084151771299,-0.822084151771299,-0.822084151771299,-0.822084151771299
1994-10-18,-0.7118650878037676,-0.7118650878037676,-0.7118650878037676,-0.7118650878037676,-0.7118650878037676,-0.7118650878037676,-0.7118650878037676,-0.7118650878037676,-0.7118650878037676,-0.7118650878037676,-0.7118650878037676,-0.7118650878037676,-0.7118650878037676,-0.7118650878037676,-0.7118650878037676
1994-10-19,-0.6897904131144558,-0.6897904131144558,-0.6897904131144558,-0.6897904131144558,-0.6897904131144558,-0.6897904131144558,-0.6897904131144558,-0.6897904131144558,-0.6897904131144558,-0.6897904131144558,-0.6897904131144558,-0.6897904131144558,-0.6897904131144558,-0.6897904131144558,-0.6897904131144558
1994-10-20,-0.5527126792329701,-0.5527126792329701,-0.5527126792329701,-0.5527126792329701,-0.5527126792329701,-0.5527126792329701,-0.5527126792329701,-0.5527126792329701,-0.5527126792329701,-0.5527126792329701,-0.5527126792329701,-0.5527126792329701,-0.5527126792329701,-0.5527126792329701,-0.5527126792329701
1994-10-21,-0.43092979922047353,-0.43092979922047353,-0.43092979922047353,-0.43092979922047353,-0.43092979922047353,-0.43092979922047353,-0.43092979922047353,-0.43092979922047353,-0.43092979922047353,-0.43092979922047353,-0.43092979922047353,-0.43092979922047353,-0.43092979922047353,-0.43092979922047353,-0.43092979922047353
1994-10-22,-0.26442948323743787,-0.26442948323743787,-0.26442948323743787,-0.26442948323743787,-0.26442948323743787,-0.26442948323743787,-0.26442948323743787,-0.26442948323743787,-0.26442948323743787,-0.26442948323743787,-0.26442948323743787,-0.26442948323743787,-0.26442948323743787,-0.26442948323743787,-0.26442948323743787
1994-10-23,-0.13742011698636802,-0.13742011698636802,-0.13742011698636802,-0.13742011698636802,-0.13742011698636802,-0.13742011698636802,-0.13742011698636802,-0.13742011698636802,-0.13742011698636802,-0.13742011698636802,-0.13742011698636802,-0.13742011698636802,-0.13742011698636802,-0.13742011698636802,-0.13742011698636802
1994-10-24,0.3108256104861482,0.3108256104861482,0.3108256104861482,0.3108256104861482,0.3108256104861482,0.3108256104861482,0.3108256104861482,0.3108256104861482,0.3108256104861482,0.3108256104861482,0.3108256104861482,0.3108256104861482,0.3108256104861482,0.3108256104861482,0.3108256104861482
1994-10-25,0.9428576679729621,0.9428576679729621,0.9428576679729621,0.9428576679729621,0.9428576679729621,0.9428576679729621,0.9428576679729621,0.9428576679729621,0.9428576679729621,0.9428576679729621,0.9428576679729621,0.9428576679729621,0.9428576679729621,0.9428576679729621,0.9428576679729621
1994-10-26,1.0921502706393116,1.0921502706393116,1.0921502706393116,1.0921502706393116,1.0921502706393116,1.0921502706393116,1.0921502706393116,1.0921502706393116,1.0921502706393116,1.0921502706393116,1.0921502706393116,1.0921502706393116,1.0921502706393116,1.0921502706393116,1.0921502706393116
1994-10-27,0.8089806045906675,0.8089806045906675,0.8089806045906675,0.8089806045906675,0.8089806045906675,0.8089806045906675,0.8089806045906675,0.8089806045906675,0.8089806045906675,0.8089806045906675,0.8089806045906675,0.8089806045906675,0.8089806045906675,0.8089806045906675,0.8089806045906675
1994-10-28,0.4428549186851339,0.4428549186851339,0.4428549186851339,0.4428549186851339,0.4428549186851339,0.4428549186851339,0.4428549186851339,0.4428549186851339,0.4428549186851339,0.4428549186851339,0.4428549186851339,0.4428549186851339,0.4428549186851339,0.4428549186851339,0.4428549186851339
1994-10-29,0.18634501263188177,0.18634501263188177,0.18634501263188177,0.18634501263188177,0.18634501263188177,0.18634501263188177,0.18634501263188177,0.18634501263188177,0.18634501263188177,0.18634501263188177,0.18634501263188177,0.18634501263188177,0.18634501263188177,0.18634501263188177,0.18634501263188177
1994-10-30,-0.05875062568963816,-0.05875062568963816,-0.05875062568963816,-0.05875062568963816,-0.05875062568963816,-0.05875062568963816,-0.05875062568963816,-0.05875062568963816,-0.05875062568963816,-0.05875062568963816,-0.05875062568963816,-0.05875062568963816,-0.05875062568963816,-0.05875062568963816,-0.05875062568963816
1994-10-31,-0.5875104319096617,-0.5875104319096617,-0.5875104319096617,-0.5875104319096617,-0.5875104319096617,-0.5875104319096617,-0.5875104319096617,-0.5875104319096617,-0.5875104319096617,-0.5875104319096617,-0.5875104319096617,-0.5875104319096617,-0.5875104319096617,-0.5875104319096617,-0.5875104319096617
1994-11-01,-1.072753976539389,-1.072753976539389,-1.072753976539389,-1.072753976539389,-1.072753976539389,-1.072753976539389,-1.072753976539389,-1.072753976539389,-1.072753976539389,-1.072753976539389,-1.072753976539389,-1.072753976539389,-1.072753976539389,-1.072753976539389,-1.072753976539389
1994-11-02,-1.1345173980871401,-1.1345173980871401,-1.1345173980871401,-1.1345173980871401,-1.1345173980871401,-1.1345173980871401,-1.1345173980871401,-1.1345173980871401,-1.1345173980871401,-1.1345173980871401,-1.1345173980871401,-1.1345173980871401,-1.1345173980871401,-1.1345173980871401,-1.1345173980871401
1994-11-03,-1.440863483476796,-1.440863483476796,-1.440863483476796,-1.440863483476796,-1.440863483476796,-1.440863483476796,-1.440863483476796,-1.440863483476796,-1.440863483476796,-1.440863483476796,-1.440863483476796,-1.440863483476796,-1.440863483476796,-1.440863483476796,-1.440863483476796
1994-11-04,-1.4935656138443605,-1.4935656138443605,-1.4935656138443605,-1.4935656138443605,-1.4935656138443605,-1.4935656138443605,-1.4935656138443605,-1.4935656138443605,-1.4935656138443605,-1.4935656138443605,-1.4935656138443605,-1.4935656138443605,-1.4935656138443605,-1.4935656138443605,-1.4935656138443605
1994-11-05,-1.4487402447003928,-1.4487402447003928,-1.4487402447003928,-1.4487402447003928,-1.4487402447003928,-1.4487402447003928,-1.4487402447003928,-1.4487402447003928,-1.4487402447003928,-1.4487402447003928,-1.4487402447003928,-1.4487402447003928,-1.4487402447003928,-1.4487402447003928,-1.4487402447003928
1994-11-06,-1.5769971637710902,-1.5769971637710902,-1.5769971637710902,-1.5769971637710902,-1.5769971637710902,-1.5769971637710902,-1.5769971637710902,-1.5769971637710902,-1.5769971637710902,-1.5769971637710902,-1.5769971637710902,-1.5769971637710902,-1.5769971637710902,-1.5769971637710902,-1.5769971637710902
1994-11-07,-1.4978767465251182,-1.4978767465251182,-1.4978767465251182,-1.4978767465251182,-1.4978767465251182,-1.4978767465251182,-1.4978767465251182,-1.4978767465251182,-1.4978767465251182,-1.4978767465251182,-1.4978767465251182,-1.4978767465251182,-1.4978767465251182,-1.4978767465251182,-1.4978767465251182
1994-11-08,-1.6095402202404152,-1.6095402202404152,-1.6095402202404152,-1.6095402202404152,-1.6095402202404152,-1.6095402202404152,-1.6095402202404152,-1.6095402202404152,-1.6095402202404152,-1.6095402202404152,-1.6095402202404152,-1.6095402202404152,-1.6095402202404152,-1.6095402202404152,-1.6095402202404152
1994-11-09,-1.4169708304439863,-1.4169708304439863,-1.4169708304439863,-1.4169708304439863,-1.4169708304439863,-1.4169708304439863,-1.4169708304439863,-1.4169708304439863,-1.4169708304439863,-1.4169708304439863,-1.4169708304439863,-1.4169708304439863,-1.4169708304439863,-1.4169708304439863,-1.4169708304439863
1994-11-10,-1.293495313824428,-1.293495313824428,-1.293495313824428,-1.293495313824428,-1.293495313824428,-1.293495313824428,-1.293495313824428,-1.293495313824428,-1.293495313824428,-1.293495313824428,-1.293495313824428,-1.293495313824428,-1.293495313824428,-1.293495313824428,-1.293495313824428
1994-11-11,-1.0561524846666903,-1.0561524846666903,-1.0561524846666903,-1.0561524846666903,-1.0561524846666903,-1.0561524846666903,-1.0561524846666903,-1.0561524846666903,-1.0561524846666903,-1.0561524846666903,-1.0561524846666903,-1.0561524846666903,-1.0561524846666903,-1.0561524846666903,-1.0561524846666903
1994-11-12,-0.8354984952066947,-0.8354984952066947,-0.8354984952066947,-0.8354984952066947,-0.8354984952066947,-0.8354984952066947,-0.8354984952066947,-0.8354984952066947,-0.8354984952066947,-0.8354984952066947,-0.8354984952066947,-0.8354984952066947,-0.8354984952066947,-0.8354984952066947,-0.8354984952066947
1994-11-13,-0.6304857759825391,-0.6304857759825391,-0.6304857759825391,-0.6304857759825391,-0.6304857759825391,-0.6304857759825391,-0.6304857759825391,-0.6304857759825391,-0.6304857759825391,-0.6304857759825391,-0.6304857759825391,-0.6304857759825391,-0.6304857759825391,-0.6304857759825391,-0.6304857759825391
1994-11-14,-0.6302234189198211,-0.6302234189198211,-0.6302234189198211,-0.6302234189198211,-0.6302234189198211,-0.6302234189198211,-0.6302234189198211,-0.6302234189198211,-0.6302234189198211,-0.6302234189198211,-0.6302234189198211,-0.6302234189198211,-0.6302234189198211,-0.6302234189198211,-0.6302234189198211
1994-11-15,-0.545826195013993,-0.545826195013993,-0.545826195013993,-0.545826195013993,-0.545826195013993,-0.545826195013993,-0.545826195013993,-0.545826195013993,-0.545826195013993,-0.545826195013993,-0.545826195013993,-0.545826195013993,-0.545826195013993,-0.545826195013993,-0.545826195013993
1994-11-16,-0.39061009854348766,-0.39061009854348766,-0.39061009854348766,-0.39061009854348766,-0.39061009854348766,-0.39061009854348766,-0.39061009854348766,-0.39061009854348766,-0.39061009854348766,-0.39061009854348766,-0.39061009854348766,-0.39061009854348766,-0.39061009854348766,-0.39061009854348766,-0.39061009854348766
1994-11-17,-0.25052066303972453,-0.25052066303972453,-0.25052066303972453,-0.25052066303972453,-0.25052066303972453,-0.25052066303972453,-0.25052066303972453,-0.25052066303972453,-0.25052066303972453,-0.25052066303972453,-0.25052066303972453,-0.25052066303972453,-0.25052066303972453,-0.25052066303972453,-0.25052066303972453
1994-11-18,-0.2951097388953862,-0.2951097388953862,-0.2951097388953862,-0.2951097388953862,-0.2951097388953862,-0.2951097388953862,-0.2951097388953862,-0.2951097388953862,-0.2951097388953862,-0.2951097388953862,-0.2951097388953862,-0.2951097388953862,-0.2951097388953862,-0.2951097388953862,-0.2951097388953862
1994-11-19,-0.3903385776826867,-0.3903385776826867,-0.3903385776826867,-0.3903385776826867,-0.3903385776826867,-0.3903385776826867,-0.3903385776826867,-0.3903385776826867,-0.3903385776826867,-0.3903385776826867,-0.3903385776826867,-0.3903385776826867,-0.3903385776826867,-0.3903385776826867,-0.3903385776826867
1994-11-20,-0.6794501998004803,-0.6794501998004803,-0.6794501998004803,-0.6794501998004803,-0.6794501998004803,-0.6794501998004803,-0.6794501998004803,-0.6794501998004803,-0.6794501998004803,-0.6794501998004803,-0.6794501998004803,-0.6794501998004803,-0.6794501998004803,-0.6794501998004803,-0.6794501998004803
1994-11-21,-0.7591797258339921,-0.7591797258339921,-0.7591797258339921,-0.7591797258339921,-0.7591797258339921,-0.7591797258339921,-0.7591797258339921,-0.7591797258339921,-0.7591797258339921,-0.7591797258339921,-0.7591797258339921,-0.7591797258339921,-0.7591797258339921,-0.7591797258339921,-0.7591797258339921
1994-11-22,-0.6675996651131721,-0.6675996651131721,-0.6675996651131721,-0.6675996651131721,-0.6675996651131721,-0.6675996651131721,-0.6675996651131721,-0.6675996651131721,-0.6675996651131721,-0.6675996651131721,-0.6675996651131721,-0.6675996651131721,-0.6675996651131721,-0.6675996651131721,-0.6675996651131721
1994-11-23,-0.7854698615637198,-0.7854698615637198,-0.7854698615637198,-0.7854698615637198,-0.7854698615637198,-0.7854698615637198,-0.7854698615637198,-0.7854698615637198,-0.7854698615637198,-0.7854698615637198,-0.7854698615637198,-0.7854698615637198,-0.7854698615637198,-0.7854698615637198,-0.7854698615637198
1994-11-24,-0.5920648632279403,-0.5920648632279403,-0.5920648632279403,-0.5920648632279403,-0.5920648632279403,-0.5920648632279403,-0.5920648632279403,-0.5920648632279403,-0.5920648632279403,-0.5920648632279403,-0.5920648632279403,-0.5920648632279403,-0.5920648632279403,-0.5920648632279403,-0.5920648632279403
1994-11-25,-0.34019574955361004,-0.34019574955361004,-0.34019574955361004,-0.34019574955361004,-0.34019574955361004,-0.34019574955361004,-0.34019574955361004,-0.34019574955361004,-0.34019574955361004,-0.34019574955361004,-0.34019574955361004,-0.34019574955361004,-0.34019574955361004,-0.34019574955361004,-0.34019574955361004
1994-11-26,0.21212456784623124,0.21212456784623124,0.21212456784623124,0.21212456784623124,0.21212456784623124,0.21212456784623124,0.21212456784623124,0.21212456784623124,0.21212456784623124,0.21212456784623124,0.21212456784623124,0.21212456784623124,0.21212456784623124,0.21212456784623124,0.21212456784623124
1994-11-27,0.48001541948271703,0.48001541948271703,0.48001541948271703,0.48001541948271703,0.48001541948271703,0.48001541948271703,0.48001541948271703,0.48001541948271703,0.48001541948271703,0.48001541948271703,0.48001541948271703,0.48001541948271703,0.48001541948271703,0.48001541948271703,0.48001541948271703
1994-11-28,0.5339818434631625,0.5339818434631625,0.5339818434631625,0.5339818434631625,0.5339818434631625,0.5339818434631625,0.5339818434631625,0.5339818434631625,0.5339818434631625,0.5339818434631625,0.5339818434631625,0.5339818434631625,0.5339818434631625,0.5339818434631625,0.5339818434631625
1994-11-29,0.534093078485562,0.534093078485562,0.534093078485562,0.534093078485562,0.534093078485562,0.534093078485562,0.534093078485562,0.534093078485562,0.534093078485562,0.534093078485562,0.534093078485562,0.534093078485562,0.534093078485562,0.534093078485562,0.534093078485562
1994-11-30,0.7524126472713367,0.7524126472713367,0.7524126472713367,0.7524126472713367,0.7524126472713367,0.7524126472713367,0.7524126472713367,0.7524126472713367,0.7524126472713367,0.7524126472713367,0.7524126472713367,0.7524126472713367,0.7524126472713367,0.7524126472713367,0.7524126472713367
1994-12-01,0.9561790167877294,0.9561790167877294,0.9561790167877294,0.9561790167877294,0.9561790167877294,0.9561790167877294,0.9561790167877294,0.9561790167877294,0.9561790167877294,0.9561790167877294,0.9561790167877294,0.9561790167877294,0.9561790167877294,0.9561790167877294,0.9561790167877294
1994-12-02,0.4518527715249607,0.4857599048142908,0.520011441339502,0.3892757116755613,0.47599006044977976,0.4986281102579872,0.4397096325588058,0.5289100769369673,0.37859678889865345,0.5934069102937709,0.5506674198168696,0.4144531564887934,0.46192913710428096,0.44224859287912643,0.4086255358716913
1994-12-03,0.4118518583103898,0.45440809679782845,0.6345178619574662,0.3308165736292372,0.5255987254057521,0.4181230051451413,0.5114056342175035,0.37134759163959996,0.34977058318900034,0.46959856094078983,0.595228704960452,0.5316285193028775,0.3000744867145543,0.367641654919562,0.30407993369113206
1994-12-04,0.23065352922235352,0.31920917025131806,0.33779710840696103,0.013178372448980485,0.36148529089876974,0.27749118637962306,0.5202276688652717,0.11915286118968678,-0.006181081503250576,0.2738136473561424,0.5274393318006934,0.39363072713420266,-0.07517936217386556,0.13712138369161994,0.2903094456069286
1994-12-05,0.23076013060504896,0.19348486813679772,0.41490530950966326,-0.12882813408856023,0.2592544733581065,0.2149714710313383,0.634362575826794,0.09320254985047073,-0.02403670706451199,0.26388653892400127,0.6851521580136313,0.6950208690251277,0.003850846781815435,0.24553754761705684,0.39270927364369684
1994-12-06,0.3873208363156179,0.4201843420969151,0.5056307722521877,0.03590131208554577,0.28954361066252443,0.3445212537544557,1.0658640101677435,0.2568360522383006,0.1445523145563624,0.5769921562306032,0.6279558738093453,1.0005412414678578,0.11064401634290891,0.537127169788049,0.5292206376247176
1994-12-07,0.6912101302520273,0.8684190852208765,0.905069267895397,0.24066284396787527,0.34123248663013106,0.49267750607779276,1.2206445248071043,0.3811746036952543,0.18313054774654075,0.7687678397563279,0.878171247233708,1.543257682179743,0.10614822591424893,0.9846279915963855,0.6260050832885582
1994-12-08,0.67462179871636,0.9903165369471736,0.8590232037296197,0.5404095545863453,0.47516527837895695,0.4175393403169973,1.1458008464446114,0.29868776780987627,0.5024212769746433,0.7769959673328015,0.7909484403082301,1.3550182066405103,0.020030122118513363,1.2096524864525517,0.660003362251831
1994-12-09,0.5640301599488106,1.031888169461776,0.7659605441016974,0.4590114079657201,0.7140482561311147,0.502669674265579,0.8404053459486425,0.2766858294290656,0.5475922208795215,0.5655848398485005,0.8173302922034671,0.9920855921037702,0.03212845871694641,1.2612954507094656,0.6883303842649905
1994-12-10,0.5081670419737709,1.2464565357035948,0.8564730139605495,0.6377521135740927,0.775170868982644,0.61395239784552,0.738190924711231,0.09504067914682425,0.6243831381019103,0.4504208281673652,0.869067832092972,0.6338533706246345,-0.036986047591570266,1.0630385801219187,1.102924827420114
1994-12-11,0.3180584759670844,1.1770630114431824,0.6096847010744251,0.7657854779949049,0.6675996877282985,0.766836625739014,0.6108662400859993,-0.09078582746489816,0.5082740529565112,0.37814939145087606,1.0019036106800938,0.4268686266635906,-0.021195717954374218,0.5919921578001387,0.8854546734131865
1994-12-12,0.3640739173057893,1.38500154097802,0.3761361284669222,0.9703324309008903,0.8243526955490292,0.8437031129642406,0.48943694100088403,-0.2967849495235155,0.3759698150637107,0.5005892123821902,1.283533826171435,0.40692229393592433,0.2816353451747799,0.31599888942460963,0.9968637969523749
1994-12-13,0.12461594623406227,1.2534735797528287,-0.3280628397683549,0.9760526033836324,0.6845571757350082,0.8350981175227655,0.36615715187290976,-0.5512582593859212,0.039178022378088,0.5798514091553119,1.195603123024437,0.5209687391276124,0.42835130873265176,0.1441009137879807,0.7372049991784607
1994-12-14,-0.18090698272497943,1.0852929196487284,-0.7462828261117473,0.5711016638777954,0.622956852753704,0.6023713379166805,0.22570478380965775,-0.9876483384078887,-0.045329244980256145,0.5046277644093696,0.9135096933027902,0.15913001757633136,0.1201740956147981,-0.10564684129453072,0.3373544189159241
1994-12-15,-0.2663762394912345,1.127332163939652,-0.8148524610908897,0.4173814220039519,0.573006669192595,0.32379606512565906,0.12255940486126544,-1.0816323639585899,-0.20976447465043332,0.2182045869048658,0.7276160905527308,-0.18564596359022328,0.14535182661136403,-0.028821427628501768,0.01021930570667707
1994-12-16,-0.24935645082148553,1.196378453729472,-0.7934856583283579,0.05866038966236363,0.26789543668258375,-0.039090584180298135,-0.16012061747868686,-1.1330306519234656,-0.2620007451885918,-0.055894105980134896,0.5505863727014134,-0.2772815440841448,0.36246662560072423,0.03063881041681015,-0.1229957845550655
1994-12-17,-0.13189683269402686,1.5575397410553455,-0.637690119473902,-0.03591000177861069,0.10425807493961586,-0.22999520695521017,-0.23802526782781186,-0.9688214120367189,-0.023949445739168466,-0.3262727194910616,0.34740731325141705,-0.17579565677553718,0.5660301514119511,0.24490283879043134,-0.04953207075299739
1994-12-18,0.07898524552003593,1.608837210624087,-0.45921899153115225,-0.041586130137313305,-0.0977511762269992,-0.6015259121698249,-0.0256785017562992,-0.7553982128606936,0.018464401067770166,-0.6846372431967516,0.0062474808906997055,-0.35920767258680975,0.6613176885259767,0.2545125743783778,-0.021360458619530894
1994-12-19,0.05025068089684405,1.8709290869176924,-0.37885411242492656,0.10190864494050103,-0.24746408386509836,-0.8453679181471652,-0.05478559324642712,-0.3951308560226353,0.14927802755364974,-0.7790118103932676,-0.47690226386344375,-0.45582882442277917,0.7540417233665919,0.2678551965261268,-0.23999251068343297
1994-12-20,0.0632256591522343,2.1839765612413333,-0.012822642642581122,0.2459451506411426,-0.3530684391997425,-1.0573974473875116,0.10492835089273085,-0.3152589308004309,0.11153410025590614,-1.053513718951502,-0.28474129043382806,-0.4505485379386149,0.6167725051465297,0.15244276890169162,0.02219007539058204
1994-12-21,0.16046507028891513,1.843945267750542,0.022932820854262178,0.24983230051397964,-0.4196717490832305,-1.0590663454816074,0.3391644139589518,-0.20523823110728076,0.27369298564205335,-1.083432121100484,-0.18503372123416068,-0.3917211388637697,0.7159113036989181,0.269731784317844,0.35853268892462803
1994-12-22,0.3925669243258795,1.7306980859620031,0.4731050222836156,0.657106149866198,-0.2729995894928985,-0.9979724624504009,0.5224616267291526,0.2787263027314709,0.3951444100224564,-1.1804585681391149,-0.33997925243330135,-0.28397576450641604,0.8088044468935361,0.3978716129256398,0.46219302990818495
1994-12-23,0.6652794973112824,1.430149968748858,0.8420300105064101,0.8305146477717984,-0.1908715023936327,-0.8453560891508036,0.7280728858055724,0.8605056066498844,0.4845216100631941,-0.9806977998347297,-0.6451153241598773,-0.1855221931636383,0.7128338885438524,0.6668687598594158,0.5227854685140124
1994-12-24,0.701421089757603,0.8338029057618819,1.0089157705787464,0.960949470109883,-0.17522934806142804,-0.7729595137124587,0.8252558266897104,1.1817223017368397,0.5173038932041941,-0.6342900812764708,-0.951499967614662,-0.19641248306334128,0.7297930330135322,0.8397472867688796,0.5534933389882769
1994-12-25,0.5652698419891177,0.37111912978417144,1.1081624657754214,0.8061039422612963,-0.2797559303298125,-0.6503107119567356,0.5558223948197223,1.6118462708766434,0.3461414247276785,-0.04493532048855537,-1.0948229151948388,-0.4150878673973481,0.499354915563717,0.9820044324909352,0.4668229684336964
1994-12-26,0.27232143110140483,-0.06803543179781413,0.8950496235714178,0.5050112867705503,-0.2926946146417734,-0.7284234699632032,0.19040575230971174,1.90652312513906,-0.0858767706527708,0.47453775093753753,-1.408585407211922,-0.5266012637753175,0.2669355226724844,1.0966850672335102,-0.05751561346808271
1994-12-27,0.21213392350835705,-0.26460525526892015,1.2170540451671252,0.27880742688480786,0.11801855650191247,-0.9043351093289284,-0.22469159969087538,2.261896416150833,-0.2735257958565314,1.1535860021177604,-1.391691638123124,-0.74133527018748,0.17409072208532458,1.290862809458147,-0.19697896251504624
1994-12-28,0.28780882849058775,-0.044390286953627504,1.2050264781212512,0.17481125954436383,0.1878471459028964,-0.7222987777090356,-0.31894790236974374,2.167532639749066,-0.4434848710743077,1.4804168447238149,-1.2986377059260763,-0.8574059139890597,0.2655394142350265,1.1504024084339566,-0.5713191517740599
1994-12-29,0.11662182019710603,0.047820154699346244,0.8140408497610765,0.22125774219517266,0.021031362782075052,-0.5090038333813278,-0.40848098944821226,1.9227715346410705,-0.7539918306826081,1.189085699215406,-1.5064922866975115,-0.7428417920259762,0.23904259317949597,0.9537373421304309,-0.8757249888851856
1994-12-30,-0.11901645371376822,-0.2477161130923394,0.5022557209904386,0.25650079650870544,0.06435550055093327,-0.6297153373828478,-0.43672699788186065,2.039051530041408,-0.8889733053179012,0.9651241680035221,-1.473587713785616,-0.525239479570776,-0.03270673116100053,0.9142351274292979,-1.2960999426502746
1994-12-31,-0.37496124299562633,-0.49955228183721195,0.2532170139318356,0.07362982656594055,0.068827197096733,-0.2914796907109634,-0.5764851872371132,2.0714342464545146,-0.9740345520647499,0.6054780426998503,-1.227652423730556,-0.26661538804008444,0.023423764125710015,0.8188368085666516,-1.3054689064364586
1995-01-01,-0.42916329746315596,-0.5001896751453878,0.030392085071127405,-0.3502766644489102,0.11365737566043875,-0.21042737858673147,-0.40316643779521955,1.8568042223673957,-1.1305257054457472,0.19322707099163813,-0.9710793836951862,-0.18042857698601242,0.5497614654276237,0.562362370814816,-1.180641773777614
1995-01-02,-0.29357825261158677,-0.25899162442862333,-0.1037829893910448,-1.0715082210904376,0.28530917780202547,-0.16276754251464204,-0.2522585686608286,1.4508688588275145,-1.3224063394340895,-0.28999934774022135,-0.5836182009257197,0.29922960437562224,0.43104691195912737,0.658161621790525,-1.2129468684620595
1995-01-03,0.014212255357325686,-0.23958930488242963,-0.26268544890453355,-1.3074848321935306,0.5524714425165327,-0.20003210469094745,-0.11326259725598607,0.9708446307894489,-0.8924228304391549,-0.5273051477331765,-0.3824263402978463,0.5168173996269038,0.036620775755091144,0.9095273223388957,-1.233008475706061
1995-01-04,0.16582923184190415,-0.12727399642688803,-0.4342479447110914,-1.4649221026522854,0.3221801961611332,-0.009718005757720326,0.5664271305344052,0.47792737866614615,-0.5134004193850249,-0.5924912685762836,-0.4142683264888161,0.41069106433425184,0.11463154148911756,0.9925653933635945,-1.3644040374914663
1995-01-05,0.02253344014585559,0.10275957589477472,-0.24923456925046095,-1.2999341367436057,0.1281555324496364,-0.11846688214374847,1.0266491585718167,0.31072494253284827,-0.3511681330665006,-0.5086110104776143,0.2761964735503517,0.3288690941708516,0.11666694227391175,0.9055009656721645,-1.041604167329988
1995-01-06,-0.1903440910667862,0.1268920809880472,0.17647095307227326,-0.9972698174762236,0.12070607151866163,-0.24841812940990518,1.0213712986981918,0.2572041360397799,-0.48376351100113457,-0.4685784580081895,1.0556556148128073,0.3608661034161559,-0.0011083416018104325,0.7267606079078759,-1.0041426000530789
1995-01-07,-0.08210667305708226,-0.10909754312497631,0.5496324421215891,-0.3742480691859997,0.30171467201754143,-0.5296172620323374,1.041497936967806,-0.0635522670986769,-0.4188314486168199,-0.3012503160168131,1.1248736470330818,-0.03724823626082887,0.4202621957055044,0.5548283834149095,-0.7115289588851751
1995-01-08,0.09204352423347141,-0.5853320276945359,0.5430484667251095,0.1506529407050834,0.5273506785167084,-0.7715556864898555,0.984171074063813,-0.01581410287537877,-0.18894360385677147,-0.1184058832455055,1.441138758658699,0.06866919565154442,0.8430319065289605,0.6149953655341953,-0.6953552720785544
1995-01-09,0.18048142883823617,-1.036934436793309,0.8082216826653473,0.4211391176614867,0.7245103092570068,-0.9428885691947515,1.4249267070956617,0.37997008744952376,0.28282129661409805,0.5010469127220031,1.3667195067839664,0.15873915288029972,1.2030134973491295,0.4733410512844267,-0.6018052908198915
1995-01-10,0.19591542068543047,-0.8179874958839145,0.9708901608832172,0.7002094233983781,0.8920859208779224,-0.9270239201510575,1.417267348401428,0.7840333593074714,0.21098237830883237,1.0439302956202403,1.6287868403869838,-0.2760136389791559,1.288402662492059,0.4715365060781357,-0.1787885885928319
1995-01-11,0.4221216830697507,-0.7769514613096964,1.1394292467984775,0.8480460289350235,0.9471900765234375,-0.7725168497524852,1.0069091487025064,0.9754356875393106,0.240608385157362,1.4271659130866696,1.7677739265668313,-0.7219880317264277,1.3282612805671057,0.3966339938869594,-0.19688673764273837
1995-01-12,0.6365387227760521,-0.8449104112241728,1.0257554268278404,0.9522778312274738,1.132844213211563,-0.821172557927827,0.7169323470456165,0.9847025800170185,0.6434059728893323,1.61080250803513,2.0405999488715363,-1.4257837092646082,1.4214760908472386,0.31074029381360874,0.008111306922535155
1995-01-13,0.8124494913877821,-0.8768686337172574,0.9460633027440166,1.0922117346078546,1.1328837318406118,-0.681176152084235,0.5173687778361554,1.085552497838528,1.1790747177848924,1.616909066280094,1.900652667846434,-1.8419703568585801,1.5274458729819902,0.1585074343555243,0.4095386270833446
1995-01-14,0.8137995190954997,-0.28671915913196255,0.7939530485603107,1.0361782192398368,1.345750563719824,-0.6406306187758277,0.8553707025761701,1.2965068873762229,1.5177259657457143,1.3695281741536005,1.6484056363721904,-1.6991368206556077,1.8621987152592079,0.1684463924489525,0.7098076374712903
1995-01-15,0.820981089969001,0.41157466661394376,0.5326032652373818,0.910337470580207,2.000640815923855,-0.3847290474679134,0.9907623031500605,1.3745007924365844,1.493830690516928,1.1521841457035633,1.5090647304178328,-1.5535099538814747,1.7573701492960545,0.09538561107374714,0.9215986239854926
1995-01-16,0.7735071566989797,1.2793872467202456,0.7942660088633802,0.5884117204876057,2.584404062971329,-0.3095763479178099,1.146026518273467,1.4299272719015297,1.2682317515458006,0.8568630427252614,1.4801626502110563,-1.3588290135436865,1.9956795719605949,-0.1285826332876686,1.03339246846063
1995-01-17,0.7415163360407718,1.7603210799409312,0.8935534859117644,0.4688798567408365,2.6208563258863777,-0.06033010656420829,1.1108177940826356,1.4012764639691837,0.8527943213847865,0.8981970334701165,1.410115414494806,-0.9605334507324005,2.0503572062343713,-0.3855804908791332,1.2250068146348212
1995-01-18,0.9341690608369315,1.801197780968412,0.7933400853320681,0.2756323590817839,2.5839752280825947,0.010756265273975668,1.1173249062199944,1.2573366599108478,0.5513843097080474,0.8674812087516944,1.071013005428283,-0.92065124381763,1.6568410394845619,-0.5780256523883369,1.5818819362269432
1995-01-19,0.8985339959724487,1.551831471279968,0.47232745509005847,0.5423773894940919,2.251223816924062,0.27944243289178244,1.0736251719664964,1.1938983843130837,0.17387920685852223,1.0382265064576761,1.0795760125270073,-0.4498350782297518,1.1613450503847242,-0.37070803353740933,1.7582041291343524
1995-01-20,1.0279699600435153,1.1958768838467477,0.38225954645902543,0.5514790127767675,2.4430113561811106,0.6792114945435697,0.7497121944548063,0.9489785237379774,-0.1330464584542825,1.0022153951097428,1.0348656792857849,0.024959184738002564,1.1991591459293303,-0.06989674069599802,1.6474185596752569
1995-01-21,1.0538186189136003,0.7183156412783406,0.22645985127759213,0.40816227375552705,2.3686743428199755,1.2445548203818437,0.528595147347439,0.7234110541934446,0.1091299279261269,0.7136985943751525,1.1000449509858052,0.4640272097481357,1.0679010473835764,-0.08766391523566697,1.5422846314554064
1995-01-22,1.159006885793831,0.159135445674746,-0.10019641333563835,0.44093081338463486,2.080486927522856,1.3224978279421902,0.14257210910302714,0.6354477865067967,0.4257973970387501,0.30862476848418374,0.7999403223466833,0.8111339971773065,0.4899929241414276,0.009140768808720235,1.5665241092974873
1995-01-23,1.1488673351258727,-0.5037553034994904,-0.026193657142559355,0.8281334688200604,1.9146208294544464,1.6225017219076732,0.04401301567484472,0.5894954292813649,0.4905701927645316,8.481598723240259e-05,0.2557754099713773,0.7843391077149229,0.5977149356108199,0.23075393344085376,1.572700508284306
1995-01-24,0.8164472693427588,-0.7321073151444308,0.3421724205489402,1.0284068338673664,1.2172980999480725,1.4207241500288557,-0.14183794035671374,0.4700956462078573,0.27417701341837397,-0.4323812239920362,-0.15480928438185357,1.0087483159982276,0.6613678344932108,0.48837959766848066,1.487295716873568
1995-01-25,0.48865720055337,-1.149490295122898,0.4680110119362772,1.2690418908763763,0.6524347031448761,1.171821136832529,-0.09756651368305161,0.2866937153400701,0.06749152615372442,-0.5328462390771611,-0.4062769916557643,1.30599688263008,0.8427485029651497,0.6520670105097357,1.2355192235212105
1995-01-26,0.3662818764973533,-1.394088700909625,1.1190444322313673,1.468986762169232,0.17589900234160016,1.0300069429012533,0.03723634327474002,0.11132830803343507,0.2026880811503821,-0.458590418671756,-0.4905416763414549,1.3807866081986477,1.0910026786461446,1.2105070225077514,1.1885973543150847
1995-01-27,0.1263189015708853,-1.590303376902427,1.1745371161443432,1.329006342435108,-0.07819769811064527,0.8464719389053388,0.1971607986449166,0.06485438619243149,0.27417921021385055,-0.17896304087257384,-0.21763844942524635,1.3745008396039509,1.2461168015028607,1.812166273069403,1.2692930717154676
1995-01-28,-0.3012682728324966,-1.8868132458690268,1.3920698561990865,1.3840178301198336,-0.11000270335006257,0.7512844818904151,0.2547017717581511,0.11295464540954694,0.37482134347331914,0.26859920816082467,-0.0903123862897135,1.5255399237039424,0.9522337113897138,1.8368665680844176,1.1583741769030238
1995-01-29,-0.2880686128999241,-1.8855418163304953,1.7139780965052975,1.141579008661756,0.046606644775215936,0.7460385876425156,0.2038540788070131,0.14550112221861156,0.4738903338290015,0.7564523570937852,0.057311794686952085,1.7100832739630953,0.8802992420276844,2.1022039299092325,1.0299747462557143
1995-01-30,-0.5410625780657856,-1.6394203168812285,1.6272798462513633,0.6867385450998281,0.008307634673100481,1.0544137729064749,-0.020131837289372186,-0.2615494553647434,0.9041087212738602,1.2887458134659115,0.12910096158323336,1.7481576564411399,0.2611266770653416,2.34448067383173,1.2420991063776141
1995-01-31,-0.6140257574286037,-1.44762879100038,1.3935630843732285,-0.019291056345713927,0.056553245549871345,1.2269140351787988,0.038088369488086006,-0.7519982532884466,1.181703313061824,1.2101106366004404,0.24999163440175695,2.214211035960931,0.3735126517707166,2.3283226420893817,1.1854767241631259
