,1,2,3,4,5,6,7,8,9,10,11,12,13,14,15
1994-09-15,1.3970996581311421,1.3970996581311421,1.3970996581311421,1.3970996581311421,1.3970996581311421,1.3970996581311421,1.3970996581311421,1.3970996581311421,1.3970996581311421,1.3970996581311421,1.3970996581311421,1.3970996581311421,1.3970996581311421,1.3970996581311421,1.3970996581311421
1994-09-16,1.5368322002471944,1.5368322002471944,1.5368322002471944,1.5368322002471944,1.5368322002471944,1.5368322002471944,1.5368322002471944,1.5368322002471944,1.5368322002471944,1.5368322002471944,1.5368322002471944,1.5368322002471944,1.5368322002471944,1.5368322002471944,1.5368322002471944
1994-09-17,1.698999436125427,1.698999436125427,1.698999436125427,1.698999436125427,1.698999436125427,1.698999436125427,1.698999436125427,1.698999436125427,1.698999436125427,1.698999436125427,1.698999436125427,1.698999436125427,1.698999436125427,1.698999436125427,1.698999436125427
1994-09-18,1.9065142085730182,1.9065142085730182,1.9065142085730182,1.9065142085730182,1.9065142085730182,1.9065142085730182,1.9065142085730182,1.9065142085730182,1.9065142085730182,1.9065142085730182,1.9065142085730182,1.9065142085730182,1.9065142085730182,1.9065142085730182,1.9065142085730182
1994-09-19,2.203675634232544,2.203675634232544,2.203675634232544,2.203675634232544,2.203675634232544,2.203675634232544,2.203675634232544,2.203675634232544,2.203675634232544,2.203675634232544,2.203675634232544,2.203675634232544,2.203675634232544,2.203675634232544,2.203675634232544
1994-09-20,2.1464034002255423,2.1464034002255423,2.1464034002255423,2.1464034002255423,2.1464034002255423,2.1464034002255423,2.1464034002255423,2.1464034002255423,2.1464034002255423,2.1464034002255423,2.1464034002255423,2.1464034002255423,2.1464034002255423,2.1464034002255423,2.1464034002255423
1994-09-21,2.264660291345737,2.264660291345737,2.264660291345737,2.264660291345737,2.264660291345737,2.264660291345737,2.264660291345737,2.264660291345737,2.264660291345737,2.264660291345737,2.264660291345737,2.264660291345737,2.264660291345737,2.264660291345737,2.264660291345737
1994-09-22,2.3007129681365734,2.3007129681365734,2.3007129681365734,2.3007129681365734,2.3007129681365734,2.3007129681365734,2.3007129681365734,2.3007129681365734,2.3007129681365734,2.3007129681365734,2.3007129681365734,2.3007129681365734,2.3007129681365734,2.3007129681365734,2.3007129681365734
1994-09-23,2.3578818226897185,2.3578818226897185,2.3578818226897185,2.3578818226897185,2.3578818226897185,2.3578818226897185,2.3578818226897185,2.3578818226897185,2.3578818226897185,2.3578818226897185,2.3578818226897185,2.3578818226897185,2.3578818226897185,2.3578818226897185,2.3578818226897185
1994-09-24,2.1151725421786742,2.1151725421786742,2.1151725421786742,2.1151725421786742,2.1151725421786742,2.1151725421786742,2.1151725421786742,2.1151725421786742,2.1151725421786742,2.1151725421786742,2.1151725421786742,2.1151725421786742,2.1151725421786742,2.1151725421786742,2.1151725421786742
1994-09-25,1.8839797445804753,1.8839797445804753,1.8839797445804753,1.8839797445804753,1.8839797445804753,1.8839797445804753,1.8839797445804753,1.8839797445804753,1.8839797445804753,1.8839797445804753,1.8839797445804753,1.8839797445804753,1.8839797445804753,1.8839797445804753,1.8839797445804753
1994-09-26,1.6050374227239186,1.6050374227239186,1.6050374227239186,1.6050374227239186,1.6050374227239186,1.6050374227239186,1.6050374227239186,1.6050374227239186,1.6050374227239186,1.6050374227239186,1.6050374227239186,1.6050374227239186,1.6050374227239186,1.6050374227239186,1.6050374227239186
1994-09-27,1.4961920124873573,1.4961920124873573,1.4961920124873573,1.4961920124873573,1.4961920124873573,1.4961920124873573,1.4961920124873573,1.4961920124873573,1.4961920124873573,1.4961920124873573,1.4961920124873573,1.4961920124873573,1.4961920124873573,1.4961920124873573,1.4961920124873573
1994-09-28,1.215784053859459,1.215784053859459,1.215784053859459,1.215784053859459,1.215784053859459,1.215784053859459,1.215784053859459,1.215784053859459,1.215784053859459,1.215784053859459,1.215784053859459,1.215784053859459,1.215784053859459,1.215784053859459,1.215784053859459
1994-09-29,1.0897222750998374,1.0897222750998374,1.0897222750998374,1.0897222750998374,1.0897222750998374,1.0897222750998374,1.0897222750998374,1.0897222750998374,1.0897222750998374,1.0897222750998374,1.0897222750998374,1.0897222750998374,1.0897222750998374,1.0897222750998374,1.0897222750998374
1994-09-30,0.5999548915245815,0.5999548915245815,0.5999548915245815,0.5999548915245815,0.5999548915245815,0.5999548915245815,0.5999548915245815,0.5999548915245815,0.5999548915245815,0.5999548915245815,0.5999548915245815,0.5999548915245815,0.5999548915245815,0.5999548915245815,0.5999548915245815
1994-10-01,0.4545410339274867,0.4545410339274867,0.4545410339274867,0.4545410339274867,0.4545410339274867,0.4545410339274867,0.4545410339274867,0.4545410339274867,0.4545410339274867,0.4545410339274867,0.4545410339274867,0.4545410339274867,0.4545410339274867,0.4545410339274867,0.4545410339274867
1994-10-02,0.2914995145817259,0.2914995145817259,0.2914995145817259,0.2914995145817259,0.2914995145817259,0.2914995145817259,0.2914995145817259,0.2914995145817259,0.2914995145817259,0.2914995145817259,0.2914995145817259,0.2914995145817259,0.2914995145817259,0.2914995145817259,0.2914995145817259
1994-10-03,-0.08885303188559124,-0.08885303188559124,-0.08885303188559124,-0.08885303188559124,-0.08885303188559124,-0.08885303188559124,-0.08885303188559124,-0.08885303188559124,-0.08885303188559124,-0.08885303188559124,-0.08885303188559124,-0.08885303188559124,-0.08885303188559124,-0.08885303188559124,-0.08885303188559124
1994-10-04,-0.2755842314073519,-0.2755842314073519,-0.2755842314073519,-0.2755842314073519,-0.2755842314073519,-0.2755842314073519,-0.2755842314073519,-0.2755842314073519,-0.2755842314073519,-0.2755842314073519,-0.2755842314073519,-0.2755842314073519,-0.2755842314073519,-0.2755842314073519,-0.2755842314073519
1994-10-05,-0.43995184326663955,-0.43995184326663955,-0.43995184326663955,-0.43995184326663955,-0.43995184326663955,-0.43995184326663955,-0.43995184326663955,-0.43995184326663955,-0.43995184326663955,-0.43995184326663955,-0.43995184326663955,-0.43995184326663955,-0.43995184326663955,-0.43995184326663955,-0.43995184326663955
1994-10-06,-0.5824536065742264,-0.5824536065742264,-0.5824536065742264,-0.5824536065742264,-0.5824536065742264,-0.5824536065742264,-0.5824536065742264,-0.5824536065742264,-0.5824536065742264,-0.5824536065742264,-0.5824536065742264,-0.5824536065742264,-0.5824536065742264,-0.5824536065742264,-0.5824536065742264
1994-10-07,-0.5675208346819207,-0.5675208346819207,-0.5675208346819207,-0.5675208346819207,-0.5675208346819207,-0.5675208346819207,-0.5675208346819207,-0.5675208346819207,-0.5675208346819207,-0.5675208346819207,-0.5675208346819207,-0.5675208346819207,-0.5675208346819207,-0.5675208346819207,-0.5675208346819207
1994-10-08,-0.6406778012225629,-0.6406778012225629,-0.6406778012225629,-0.6406778012225629,-0.6406778012225629,-0.6406778012225629,-0.6406778012225629,-0.6406778012225629,-0.6406778012225629,-0.6406778012225629,-0.6406778012225629,-0.6406778012225629,-0.6406778012225629,-0.6406778012225629,-0.6406778012225629
1994-10-09,-0.6940270811986521,-0.6940270811986521,-0.6940270811986521,-0.6940270811986521,-0.6940270811986521,-0.6940270811986521,-0.6940270811986521,-0.6940270811986521,-0.6940270811986521,-0.6940270811986521,-0.6940270811986521,-0.6940270811986521,-0.6940270811986521,-0.6940270811986521,-0.6940270811986521
1994-10-10,-0.8134974564812985,-0.8134974564812985,-0.8134974564812985,-0.8134974564812985,-0.8134974564812985,-0.8134974564812985,-0.8134974564812985,-0.8134974564812985,-0.8134974564812985,-0.8134974564812985,-0.8134974564812985,-0.8134974564812985,-0.8134974564812985,-0.8134974564812985,-0.8134974564812985
1994-10-11,-0.7552312879872836,-0.7552312879872836,-0.7552312879872836,-0.7552312879872836,-0.7552312879872836,-0.7552312879872836,-0.7552312879872836,-0.7552312879872836,-0.7552312879872836,-0.7552312879872836,-0.7552312879872836,-0.7552312879872836,-0.7552312879872836,-0.7552312879872836,-0.7552312879872836
1994-10-12,-0.6119622558824084,-0.6119622558824084,-0.6119622558824084,-0.6119622558824084,-0.6119622558824084,-0.6119622558824084,-0.6119622558824084,-0.6119622558824084,-0.6119622558824084,-0.6119622558824084,-0.6119622558824084,-0.6119622558824084,-0.6119622558824084,-0.6119622558824084,-0.6119622558824084
1994-10-13,-0.14066642482936526,-0.14066642482936526,-0.14066642482936526,-0.14066642482936526,-0.14066642482936526,-0.14066642482936526,-0.14066642482936526,-0.14066642482936526,-0.14066642482936526,-0.14066642482936526,-0.14066642482936526,-0.14066642482936526,-0.14066642482936526,-0.14066642482936526,-0.14066642482936526
1994-10-14,-0.15380065969542794,-0.15380065969542794,-0.15380065969542794,-0.15380065969542794,-0.15380065969542794,-0.15380065969542794,-0.15380065969542794,-0.15380065969542794,-0.15380065969542794,-0.15380065969542794,-0.15380065969542794,-0.15380065969542794,-0.15380065969542794,-0.15380065969542794,-0.15380065969542794
1994-10-15,-0.21402293187987695,-0.21402293187987695,-0.21402293187987695,-0.21402293187987695,-0.21402293187987695,-0.21402293187987695,-0.21402293187987695,-0.21402293187987695,-0.21402293187987695,-0.21402293187987695,-0.21402293187987695,-0.21402293187987695,-0.21402293187987695,-0.21402293187987695,-0.21402293187987695
1994-10-16,-0.4290211766554997,-0.4290211766554997,-0.4290211766554997,-0.4290211766554997,-0.4290211766554997,-0.4290211766554997,-0.4290211766554997,-0.4290211766554997,-0.4290211766554997,-0.4290211766554997,-0.4290211766554997,-0.4290211766554997,-0.4290211766554997,-0.4290211766554997,-0.4290211766554997
1994-10-17,-0.40256814562641713,-0.40256814562641713,-0.40256814562641713,-0.40256814562641713,-0.40256814562641713,-0.40256814562641713,-0.40256814562641713,-0.40256814562641713,-0.40256814562641713,-0.40256814562641713,-0.40256814562641713,-0.40256814562641713,-0.40256814562641713,-0.40256814562641713,-0.40256814562641713
1994-10-18,-0.20613175564027197,-0.20613175564027197,-0.20613175564027197,-0.20613175564027197,-0.20613175564027197,-0.20613175564027197,-0.20613175564027197,-0.20613175564027197,-0.20613175564027197,-0.20613175564027197,-0.20613175564027197,-0.20613175564027197,-0.20613175564027197,-0.20613175564027197,-0.20613175564027197
1994-10-19,-0.25482966827675974,-0.25482966827675974,-0.25482966827675974,-0.25482966827675974,-0.25482966827675974,-0.25482966827675974,-0.25482966827675974,-0.25482966827675974,-0.25482966827675974,-0.25482966827675974,-0.25482966827675974,-0.25482966827675974,-0.25482966827675974,-0.25482966827675974,-0.25482966827675974
1994-10-20,-0.17713610083514228,-0.17713610083514228,-0.17713610083514228,-0.17713610083514228,-0.17713610083514228,-0.17713610083514228,-0.17713610083514228,-0.17713610083514228,-0.17713610083514228,-0.17713610083514228,-0.17713610083514228,-0.17713610083514228,-0.17713610083514228,-0.17713610083514228,-0.17713610083514228
1994-10-21,-0.36229627398922293,-0.36229627398922293,-0.36229627398922293,-0.36229627398922293,-0.36229627398922293,-0.36229627398922293,-0.36229627398922293,-0.36229627398922293,-0.36229627398922293,-0.36229627398922293,-0.36229627398922293,-0.36229627398922293,-0.36229627398922293,-0.36229627398922293,-0.36229627398922293
1994-10-22,-0.6116328071014138,-0.6116328071014138,-0.6116328071014138,-0.6116328071014138,-0.6116328071014138,-0.6116328071014138,-0.6116328071014138,-0.6116328071014138,-0.6116328071014138,-0.6116328071014138,-0.6116328071014138,-0.6116328071014138,-0.6116328071014138,-0.6116328071014138,-0.6116328071014138
1994-10-23,-0.7196129865690662,-0.7196129865690662,-0.7196129865690662,-0.7196129865690662,-0.7196129865690662,-0.7196129865690662,-0.7196129865690662,-0.7196129865690662,-0.7196129865690662,-0.7196129865690662,-0.7196129865690662,-0.7196129865690662,-0.7196129865690662,-0.7196129865690662,-0.7196129865690662
1994-10-24,-0.5901587823580453,-0.5901587823580453,-0.5901587823580453,-0.5901587823580453,-0.5901587823580453,-0.5901587823580453,-0.5901587823580453,-0.5901587823580453,-0.5901587823580453,-0.5901587823580453,-0.5901587823580453,-0.5901587823580453,-0.5901587823580453,-0.5901587823580453,-0.5901587823580453
1994-10-25,-0.5773063812932124,-0.5773063812932124,-0.5773063812932124,-0.5773063812932124,-0.5773063812932124,-0.5773063812932124,-0.5773063812932124,-0.5773063812932124,-0.5773063812932124,-0.5773063812932124,-0.5773063812932124,-0.5773063812932124,-0.5773063812932124,-0.5773063812932124,-0.5773063812932124
1994-10-26,-0.5300080225893967,-0.5300080225893967,-0.5300080225893967,-0.5300080225893967,-0.5300080225893967,-0.5300080225893967,-0.5300080225893967,-0.5300080225893967,-0.5300080225893967,-0.5300080225893967,-0.5300080225893967,-0.5300080225893967,-0.5300080225893967,-0.5300080225893967,-0.5300080225893967
1994-10-27,-0.334265174823928,-0.334265174823928,-0.334265174823928,-0.334265174823928,-0.334265174823928,-0.334265174823928,-0.334265174823928,-0.334265174823928,-0.334265174823928,-0.334265174823928,-0.334265174823928,-0.334265174823928,-0.334265174823928,-0.334265174823928,-0.334265174823928
1994-10-28,0.05731242587028042,0.05731242587028042,0.05731242587028042,0.05731242587028042,0.05731242587028042,0.05731242587028042,0.05731242587028042,0.05731242587028042,0.05731242587028042,0.05731242587028042,0.05731242587028042,0.05731242587028042,0.05731242587028042,0.05731242587028042,0.05731242587028042
1994-10-29,0.20302654533262224,0.20302654533262224,0.20302654533262224,0.20302654533262224,0.20302654533262224,0.20302654533262224,0.20302654533262224,0.20302654533262224,0.20302654533262224,0.20302654533262224,0.20302654533262224,0.20302654533262224,0.20302654533262224,0.20302654533262224,0.20302654533262224
1994-10-30,0.6319617901297506,0.6319617901297506,0.6319617901297506,0.6319617901297506,0.6319617901297506,0.6319617901297506,0.6319617901297506,0.6319617901297506,0.6319617901297506,0.6319617901297506,0.6319617901297506,0.6319617901297506,0.6319617901297506,0.6319617901297506,0.6319617901297506
1994-10-31,0.4558384065882734,0.4558384065882734,0.4558384065882734,0.4558384065882734,0.4558384065882734,0.4558384065882734,0.4558384065882734,0.4558384065882734,0.4558384065882734,0.4558384065882734,0.4558384065882734,0.4558384065882734,0.4558384065882734,0.4558384065882734,0.4558384065882734
1994-11-01,0.3291195397385367,0.3291195397385367,0.3291195397385367,0.3291195397385367,0.3291195397385367,0.3291195397385367,0.3291195397385367,0.3291195397385367,0.3291195397385367,0.3291195397385367,0.3291195397385367,0.3291195397385367,0.3291195397385367,0.3291195397385367,0.3291195397385367
1994-11-02,0.31303606222345415,0.31303606222345415,0.31303606222345415,0.31303606222345415,0.31303606222345415,0.31303606222345415,0.31303606222345415,0.31303606222345415,0.31303606222345415,0.31303606222345415,0.31303606222345415,0.31303606222345415,0.31303606222345415,0.31303606222345415,0.31303606222345415
1994-11-03,0.16647255034097783,0.16647255034097783,0.16647255034097783,0.16647255034097783,0.16647255034097783,0.16647255034097783,0.16647255034097783,0.16647255034097783,0.16647255034097783,0.16647255034097783,0.16647255034097783,0.16647255034097783,0.16647255034097783,0.16647255034097783,0.16647255034097783
1994-11-04,-0.02598842000707046,-0.02598842000707046,-0.02598842000707046,-0.02598842000707046,-0.02598842000707046,-0.02598842000707046,-0.02598842000707046,-0.02598842000707046,-0.02598842000707046,-0.02598842000707046,-0.02598842000707046,-0.02598842000707046,-0.02598842000707046,-0.02598842000707046,-0.02598842000707046
1994-11-05,-0.21089265575762367,-0.21089265575762367,-0.21089265575762367,-0.21089265575762367,-0.21089265575762367,-0.21089265575762367,-0.21089265575762367,-0.21089265575762367,-0.21089265575762367,-0.21089265575762367,-0.21089265575762367,-0.21089265575762367,-0.21089265575762367,-0.21089265575762367,-0.21089265575762367
1994-11-06,-0.2053729942630166,-0.2053729942630166,-0.2053729942630166,-0.2053729942630166,-0.2053729942630166,-0.2053729942630166,-0.2053729942630166,-0.2053729942630166,-0.2053729942630166,-0.2053729942630166,-0.2053729942630166,-0.2053729942630166,-0.2053729942630166,-0.2053729942630166,-0.2053729942630166
1994-11-07,-0.5510576335521851,-0.5510576335521851,-0.5510576335521851,-0.5510576335521851,-0.5510576335521851,-0.5510576335521851,-0.5510576335521851,-0.5510576335521851,-0.5510576335521851,-0.5510576335521851,-0.5510576335521851,-0.5510576335521851,-0.5510576335521851,-0.5510576335521851,-0.5510576335521851
1994-11-08,-0.6881835212364221,-0.6881835212364221,-0.6881835212364221,-0.6881835212364221,-0.6881835212364221,-0.6881835212364221,-0.6881835212364221,-0.6881835212364221,-0.6881835212364221,-0.6881835212364221,-0.6881835212364221,-0.6881835212364221,-0.6881835212364221,-0.6881835212364221,-0.6881835212364221
1994-11-09,-0.9135389518689965,-0.9135389518689965,-0.9135389518689965,-0.9135389518689965,-0.9135389518689965,-0.9135389518689965,-0.9135389518689965,-0.9135389518689965,-0.9135389518689965,-0.9135389518689965,-0.9135389518689965,-0.9135389518689965,-0.9135389518689965,-0.9135389518689965,-0.9135389518689965
1994-11-10,-0.9545279829739879,-0.9545279829739879,-0.9545279829739879,-0.9545279829739879,-0.9545279829739879,-0.9545279829739879,-0.9545279829739879,-0.9545279829739879,-0.9545279829739879,-0.9545279829739879,-0.9545279829739879,-0.9545279829739879,-0.9545279829739879,-0.9545279829739879,-0.9545279829739879
1994-11-11,-1.0779192418877048,-1.0779192418877048,-1.0779192418877048,-1.0779192418877048,-1.0779192418877048,-1.0779192418877048,-1.0779192418877048,-1.0779192418877048,-1.0779192418877048,-1.0779192418877048,-1.0779192418877048,-1.0779192418877048,-1.0779192418877048,-1.0779192418877048,-1.0779192418877048
1994-11-12,-1.0814042562540565,-1.0814042562540565,-1.0814042562540565,-1.0814042562540565,-1.0814042562540565,-1.0814042562540565,-1.0814042562540565,-1.0814042562540565,-1.0814042562540565,-1.0814042562540565,-1.0814042562540565,-1.0814042562540565,-1.0814042562540565,-1.0814042562540565,-1.0814042562540565
1994-11-13,-1.0197816221036988,-1.0197816221036988,-1.0197816221036988,-1.0197816221036988,-1.0197816221036988,-1.0197816221036988,-1.0197816221036988,-1.0197816221036988,-1.0197816221036988,-1.0197816221036988,-1.0197816221036988,-1.0197816221036988,-1.0197816221036988,-1.0197816221036988,-1.0197816221036988
1994-11-14,-0.7746928921955444,-0.7746928921955444,-0.7746928921955444,-0.7746928921955444,-0.7746928921955444,-0.7746928921955444,-0.7746928921955444,-0.7746928921955444,-0.7746928921955444,-0.7746928921955444,-0.7746928921955444,-0.7746928921955444,-0.7746928921955444,-0.7746928921955444,-0.7746928921955444
1994-11-15,-0.6038214383686377,-0.6038214383686377,-0.6038214383686377,-0.6038214383686377,-0.6038214383686377,-0.6038214383686377,-0.6038214383686377,-0.6038214383686377,-0.6038214383686377,-0.6038214383686377,-0.6038214383686377,-0.6038214383686377,-0.6038214383686377,-0.6038214383686377,-0.6038214383686377
1994-11-16,-0.513653170372535,-0.513653170372535,-0.513653170372535,-0.513653170372535,-0.513653170372535,-0.513653170372535,-0.513653170372535,-0.513653170372535,-0.513653170372535,-0.513653170372535,-0.513653170372535,-0.513653170372535,-0.513653170372535,-0.513653170372535,-0.513653170372535
1994-11-17,-0.3730123104760137,-0.3730123104760137,-0.3730123104760137,-0.3730123104760137,-0.3730123104760137,-0.3730123104760137,-0.3730123104760137,-0.3730123104760137,-0.3730123104760137,-0.3730123104760137,-0.3730123104760137,-0.3730123104760137,-0.3730123104760137,-0.3730123104760137,-0.3730123104760137
1994-11-18,-0.3000385242506865,-0.3000385242506865,-0.3000385242506865,-0.3000385242506865,-0.3000385242506865,-0.3000385242506865,-0.3000385242506865,-0.3000385242506865,-0.3000385242506865,-0.3000385242506865,-0.3000385242506865,-0.3000385242506865,-0.3000385242506865,-0.3000385242506865,-0.3000385242506865
1994-11-19,-0.24134362035936335,-0.24134362035936335,-0.24134362035936335,-0.24134362035936335,-0.24134362035936335,-0.24134362035936335,-0.24134362035936335,-0.24134362035936335,-0.24134362035936335,-0.24134362035936335,-0.24134362035936335,-0.24134362035936335,-0.24134362035936335,-0.24134362035936335,-0.24134362035936335
1994-11-20,-0.38272004698930484,-0.38272004698930484,-0.38272004698930484,-0.38272004698930484,-0.38272004698930484,-0.38272004698930484,-0.38272004698930484,-0.38272004698930484,-0.38272004698930484,-0.38272004698930484,-0.38272004698930484,-0.38272004698930484,-0.38272004698930484,-0.38272004698930484,-0.38272004698930484
1994-11-21,-1.003109570844114,-1.003109570844114,-1.003109570844114,-1.003109570844114,-1.003109570844114,-1.003109570844114,-1.003109570844114,-1.003109570844114,-1.003109570844114,-1.003109570844114,-1.003109570844114,-1.003109570844114,-1.003109570844114,-1.003109570844114,-1.003109570844114
1994-11-22,-1.0851870681321873,-1.0851870681321873,-1.0851870681321873,-1.0851870681321873,-1.0851870681321873,-1.0851870681321873,-1.0851870681321873,-1.0851870681321873,-1.0851870681321873,-1.0851870681321873,-1.0851870681321873,-1.0851870681321873,-1.0851870681321873,-1.0851870681321873,-1.0851870681321873
1994-11-23,-1.0317675392233883,-1.0317675392233883,-1.0317675392233883,-1.0317675392233883,-1.0317675392233883,-1.0317675392233883,-1.0317675392233883,-1.0317675392233883,-1.0317675392233883,-1.0317675392233883,-1.0317675392233883,-1.0317675392233883,-1.0317675392233883,-1.0317675392233883,-1.0317675392233883
1994-11-24,-0.9582760103636744,-0.9582760103636744,-0.9582760103636744,-0.9582760103636744,-0.9582760103636744,-0.9582760103636744,-0.9582760103636744,-0.9582760103636744,-0.9582760103636744,-0.9582760103636744,-0.9582760103636744,-0.9582760103636744,-0.9582760103636744,-0.9582760103636744,-0.9582760103636744
1994-11-25,-0.9289642027391907,-0.9289642027391907,-0.9289642027391907,-0.9289642027391907,-0.9289642027391907,-0.9289642027391907,-0.9289642027391907,-0.9289642027391907,-0.9289642027391907,-0.9289642027391907,-0.9289642027391907,-0.9289642027391907,-0.9289642027391907,-0.9289642027391907,-0.9289642027391907
1994-11-26,-1.2919661100201139,-1.2919661100201139,-1.2919661100201139,-1.2919661100201139,-1.2919661100201139,-1.2919661100201139,-1.2919661100201139,-1.2919661100201139,-1.2919661100201139,-1.2919661100201139,-1.2919661100201139,-1.2919661100201139,-1.2919661100201139,-1.2919661100201139,-1.2919661100201139
1994-11-27,-1.491452764242608,-1.491452764242608,-1.491452764242608,-1.491452764242608,-1.491452764242608,-1.491452764242608,-1.491452764242608,-1.491452764242608,-1.491452764242608,-1.491452764242608,-1.491452764242608,-1.491452764242608,-1.491452764242608,-1.491452764242608,-1.491452764242608
1994-11-28,-1.4216171766732952,-1.4216171766732952,-1.4216171766732952,-1.4216171766732952,-1.4216171766732952,-1.4216171766732952,-1.4216171766732952,-1.4216171766732952,-1.4216171766732952,-1.4216171766732952,-1.4216171766732952,-1.4216171766732952,-1.4216171766732952,-1.4216171766732952,-1.4216171766732952
1994-11-29,-1.4415016737132138,-1.4415016737132138,-1.4415016737132138,-1.4415016737132138,-1.4415016737132138,-1.4415016737132138,-1.4415016737132138,-1.4415016737132138,-1.4415016737132138,-1.4415016737132138,-1.4415016737132138,-1.4415016737132138,-1.4415016737132138,-1.4415016737132138,-1.4415016737132138
1994-11-30,-1.3168927696758848,-1.3168927696758848,-1.3168927696758848,-1.3168927696758848,-1.3168927696758848,-1.3168927696758848,-1.3168927696758848,-1.3168927696758848,-1.3168927696758848,-1.3168927696758848,-1.3168927696758848,-1.3168927696758848,-1.3168927696758848,-1.3168927696758848,-1.3168927696758848
1994-12-01,-0.9734419972678826,-0.9734419972678826,-0.9734419972678826,-0.9734419972678826,-0.9734419972678826,-0.9734419972678826,-0.9734419972678826,-0.9734419972678826,-0.9734419972678826,-0.9734419972678826,-0.9734419972678826,-0.9734419972678826,-0.9734419972678826,-0.9734419972678826,-0.9734419972678826
1994-12-02,-0.785492814802481,-0.785492814802481,-0.785492814802481,-0.785492814802481,-0.785492814802481,-0.785492814802481,-0.785492814802481,-0.785492814802481,-0.785492814802481,-0.785492814802481,-0.785492814802481,-0.785492814802481,-0.785492814802481,-0.785492814802481,-0.785492814802481
1994-12-03,-0.6074340530127349,-0.6074340530127349,-0.6074340530127349,-0.6074340530127349,-0.6074340530127349,-0.6074340530127349,-0.6074340530127349,-0.6074340530127349,-0.6074340530127349,-0.6074340530127349,-0.6074340530127349,-0.6074340530127349,-0.6074340530127349,-0.6074340530127349,-0.6074340530127349
1994-12-04,-0.44921134143920943,-0.44921134143920943,-0.44921134143920943,-0.44921134143920943,-0.44921134143920943,-0.44921134143920943,-0.44921134143920943,-0.44921134143920943,-0.44921134143920943,-0.44921134143920943,-0.44921134143920943,-0.44921134143920943,-0.44921134143920943,-0.44921134143920943,-0.44921134143920943
1994-12-05,-0.399043406596847,-0.399043406596847,-0.399043406596847,-0.399043406596847,-0.399043406596847,-0.399043406596847,-0.399043406596847,-0.399043406596847,-0.399043406596847,-0.399043406596847,-0.399043406596847,-0.399043406596847,-0.399043406596847,-0.399043406596847,-0.399043406596847
1994-12-06,-0.29567950151506917,-0.29567950151506917,-0.29567950151506917,-0.29567950151506917,-0.29567950151506917,-0.29567950151506917,-0.29567950151506917,-0.29567950151506917,-0.29567950151506917,-0.29567950151506917,-0.29567950151506917,-0.29567950151506917,-0.29567950151506917,-0.29567950151506917,-0.29567950151506917
1994-12-07,-0.2209606762529546,-0.2209606762529546,-0.2209606762529546,-0.2209606762529546,-0.2209606762529546,-0.2209606762529546,-0.2209606762529546,-0.2209606762529546,-0.2209606762529546,-0.2209606762529546,-0.2209606762529546,-0.2209606762529546,-0.2209606762529546,-0.2209606762529546,-0.2209606762529546
1994-12-08,0.1410335069892607,0.1410335069892607,0.1410335069892607,0.1410335069892607,0.1410335069892607,0.1410335069892607,0.1410335069892607,0.1410335069892607,0.1410335069892607,0.1410335069892607,0.1410335069892607,0.1410335069892607,0.1410335069892607,0.1410335069892607,0.1410335069892607
1994-12-09,0.12851641248239257,0.12851641248239257,0.12851641248239257,0.12851641248239257,0.12851641248239257,0.12851641248239257,0.12851641248239257,0.12851641248239257,0.12851641248239257,0.12851641248239257,0.12851641248239257,0.12851641248239257,0.12851641248239257,0.12851641248239257,0.12851641248239257
1994-12-10,0.5419794923992269,0.5419794923992269,0.5419794923992269,0.5419794923992269,0.5419794923992269,0.5419794923992269,0.5419794923992269,0.5419794923992269,0.5419794923992269,0.5419794923992269,0.5419794923992269,0.5419794923992269,0.5419794923992269,0.5419794923992269,0.5419794923992269
1994-12-11,0.8231616872329004,0.8231616872329004,0.8231616872329004,0.8231616872329004,0.8231616872329004,0.8231616872329004,0.8231616872329004,0.8231616872329004,0.8231616872329004,0.8231616872329004,0.8231616872329004,0.8231616872329004,0.8231616872329004,0.8231616872329004,0.8231616872329004
1994-12-12,1.0077338889808283,1.0077338889808283,1.0077338889808283,1.0077338889808283,1.0077338889808283,1.0077338889808283,1.0077338889808283,1.0077338889808283,1.0077338889808283,1.0077338889808283,1.0077338889808283,1.0077338889808283,1.0077338889808283,1.0077338889808283,1.0077338889808283
1994-12-13,0.8314300143353073,0.8314300143353073,0.8314300143353073,0.8314300143353073,0.8314300143353073,0.8314300143353073,0.8314300143353073,0.8314300143353073,0.8314300143353073,0.8314300143353073,0.8314300143353073,0.8314300143353073,0.8314300143353073,0.8314300143353073,0.8314300143353073
1994-12-14,0.7729616982008549,0.7729616982008549,0.7729616982008549,0.7729616982008549,0.7729616982008549,0.7729616982008549,0.7729616982008549,0.7729616982008549,0.7729616982008549,0.7729616982008549,0.7729616982008549,0.7729616982008549,0.7729616982008549,0.7729616982008549,0.7729616982008549
1994-12-15,0.6691686446478984,0.6691686446478984,0.6691686446478984,0.6691686446478984,0.6691686446478984,0.6691686446478984,0.6691686446478984,0.6691686446478984,0.6691686446478984,0.6691686446478984,0.6691686446478984,0.6691686446478984,0.6691686446478984,0.6691686446478984,0.6691686446478984
1994-12-16,0.9459070629881104,0.9459070629881104,0.9459070629881104,0.9459070629881104,0.9459070629881104,0.9459070629881104,0.9459070629881104,0.9459070629881104,0.9459070629881104,0.9459070629881104,0.9459070629881104,0.9459070629881104,0.9459070629881104,0.9459070629881104,0.9459070629881104
1994-12-17,1.156650940732453,1.156650940732453,1.156650940732453,1.156650940732453,1.156650940732453,1.156650940732453,1.156650940732453,1.156650940732453,1.156650940732453,1.156650940732453,1.156650940732453,1.156650940732453,1.156650940732453,1.156650940732453,1.156650940732453
1994-12-18,1.2579214127686968,1.2579214127686968,1.2579214127686968,1.2579214127686968,1.2579214127686968,1.2579214127686968,1.2579214127686968,1.2579214127686968,1.2579214127686968,1.2579214127686968,1.2579214127686968,1.2579214127686968,1.2579214127686968,1.2579214127686968,1.2579214127686968
1994-12-19,1.559512182231522,1.559512182231522,1.559512182231522,1.559512182231522,1.559512182231522,1.559512182231522,1.559512182231522,1.559512182231522,1.559512182231522,1.559512182231522,1.559512182231522,1.559512182231522,1.559512182231522,1.559512182231522,1.559512182231522
1994-12-20,1.57858975634624,1.57858975634624,1.57858975634624,1.57858975634624,1.57858975634624,1.57858975634624,1.57858975634624,1.57858975634624,1.57858975634624,1.57858975634624,1.57858975634624,1.57858975634624,1.57858975634624,1.57858975634624,1.57858975634624
1994-12-21,1.6584208915310985,1.6584208915310985,1.6584208915310985,1.6584208915310985,1.6584208915310985,1.6584208915310985,1.6584208915310985,1.6584208915310985,1.6584208915310985,1.6584208915310985,1.6584208915310985,1.6584208915310985,1.6584208915310985,1.6584208915310985,1.6584208915310985
1994-12-22,1.7585035348972593,1.7585035348972593,1.7585035348972593,1.7585035348972593,1.7585035348972593,1.7585035348972593,1.7585035348972593,1.7585035348972593,1.7585035348972593,1.7585035348972593,1.7585035348972593,1.7585035348972593,1.7585035348972593,1.7585035348972593,1.7585035348972593
1994-12-23,1.7891646406274715,1.7891646406274715,1.7891646406274715,1.7891646406274715,1.7891646406274715,1.7891646406274715,1.7891646406274715,1.7891646406274715,1.7891646406274715,1.7891646406274715,1.7891646406274715,1.7891646406274715,1.7891646406274715,1.7891646406274715,1.7891646406274715
1994-12-24,1.6986940632164345,1.6986940632164345,1.6986940632164345,1.6986940632164345,1.6986940632164345,1.6986940632164345,1.6986940632164345,1.6986940632164345,1.6986940632164345,1.6986940632164345,1.6986940632164345,1.6986940632164345,1.6986940632164345,1.6986940632164345,1.6986940632164345
1994-12-25,1.3957226542754144,1.3957226542754144,1.3957226542754144,1.3957226542754144,1.3957226542754144,1.3957226542754144,1.3957226542754144,1.3957226542754144,1.3957226542754144,1.3957226542754144,1.3957226542754144,1.3957226542754144,1.3957226542754144,1.3957226542754144,1.3957226542754144
1994-12-26,0.9167935261579693,0.9167935261579693,0.9167935261579693,0.9167935261579693,0.9167935261579693,0.9167935261579693,0.9167935261579693,0.9167935261579693,0.9167935261579693,0.9167935261579693,0.9167935261579693,0.9167935261579693,0.9167935261579693,0.9167935261579693,0.9167935261579693
1994-12-27,0.472622431102884,0.472622431102884,0.472622431102884,0.472622431102884,0.472622431102884,0.472622431102884,0.472622431102884,0.472622431102884,0.472622431102884,0.472622431102884,0.472622431102884,0.472622431102884,0.472622431102884,0.472622431102884,0.472622431102884
1994-12-28,-0.013888621410790516,-0.013888621410790516,-0.013888621410790516,-0.013888621410790516,-0.013888621410790516,-0.013888621410790516,-0.013888621410790516,-0.013888621410790516,-0.013888621410790516,-0.013888621410790516,-0.013888621410790516,-0.013888621410790516,-0.013888621410790516,-0.013888621410790516,-0.013888621410790516
1994-12-29,-0.48908130794713667,-0.48908130794713667,-0.48908130794713667,-0.48908130794713667,-0.48908130794713667,-0.48908130794713667,-0.48908130794713667,-0.48908130794713667,-0.48908130794713667,-0.48908130794713667,-0.48908130794713667,-0.48908130794713667,-0.48908130794713667,-0.48908130794713667,-0.48908130794713667
1994-12-30,-0.775963495739504,-0.775963495739504,-0.775963495739504,-0.775963495739504,-0.775963495739504,-0.775963495739504,-0.775963495739504,-0.775963495739504,-0.775963495739504,-0.775963495739504,-0.775963495739504,-0.775963495739504,-0.775963495739504,-0.775963495739504,-0.775963495739504
1994-12-31,-1.2307960183549218,-1.2307960183549218,-1.2307960183549218,-1.2307960183549218,-1.2307960183549218,-1.2307960183549218,-1.2307960183549218,-1.2307960183549218,-1.2307960183549218,-1.2307960183549218,-1.2307960183549218,-1.2307960183549218,-1.2307960183549218,-1.2307960183549218,-1.2307960183549218
1995-01-01,-1.243036524341885,-1.243036524341885,-1.243036524341885,-1.243036524341885,-1.243036524341885,-1.243036524341885,-1.243036524341885,-1.243036524341885,-1.243036524341885,-1.243036524341885,-1.243036524341885,-1.243036524341885,-1.243036524341885,-1.243036524341885,-1.243036524341885
1995-01-02,-1.127977151425757,-1.127977151425757,-1.127977151425757,-1.127977151425757,-1.127977151425757,-1.127977151425757,-1.127977151425757,-1.127977151425757,-1.127977151425757,-1.127977151425757,-1.127977151425757,-1.127977151425757,-1.127977151425757,-1.127977151425757,-1.127977151425757
1995-01-03,-1.0799536917099557,-1.0799536917099557,-1.0799536917099557,-1.0799536917099557,-1.0799536917099557,-1.0799536917099557,-1.0799536917099557,-1.0799536917099557,-1.0799536917099557,-1.0799536917099557,-1.0799536917099557,-1.0799536917099557,-1.0799536917099557,-1.0799536917099557,-1.0799536917099557
1995-01-04,-0.8939265851685335,-0.8939265851685335,-0.8939265851685335,-0.8939265851685335,-0.8939265851685335,-0.8939265851685335,-0.8939265851685335,-0.8939265851685335,-0.8939265851685335,-0.8939265851685335,-0.8939265851685335,-0.8939265851685335,-0.8939265851685335,-0.8939265851685335,-0.8939265851685335
1995-01-05,-0.9672584741562135,-0.9672584741562135,-0.9672584741562135,-0.9672584741562135,-0.9672584741562135,-0.9672584741562135,-0.9672584741562135,-0.9672584741562135,-0.9672584741562135,-0.9672584741562135,-0.9672584741562135,-0.9672584741562135,-0.9672584741562135,-0.9672584741562135,-0.9672584741562135
1995-01-06,-1.0786599957837009,-1.0786599957837009,-1.0786599957837009,-1.0786599957837009,-1.0786599957837009,-1.0786599957837009,-1.0786599957837009,-1.0786599957837009,-1.0786599957837009,-1.0786599957837009,-1.0786599957837009,-1.0786599957837009,-1.0786599957837009,-1.0786599957837009,-1.0786599957837009
1995-01-07,-1.2239220900369905,-1.2239220900369905,-1.2239220900369905,-1.2239220900369905,-1.2239220900369905,-1.2239220900369905,-1.2239220900369905,-1.2239220900369905,-1.2239220900369905,-1.2239220900369905,-1.2239220900369905,-1.2239220900369905,-1.2239220900369905,-1.2239220900369905,-1.2239220900369905
1995-01-08,-1.134014963421769,-1.134014963421769,-1.134014963421769,-1.134014963421769,-1.134014963421769,-1.134014963421769,-1.134014963421769,-1.134014963421769,-1.134014963421769,-1.134014963421769,-1.134014963421769,-1.134014963421769,-1.134014963421769,-1.134014963421769,-1.134014963421769
1995-01-09,-1.1011548647723837,-1.1011548647723837,-1.1011548647723837,-1.1011548647723837,-1.1011548647723837,-1.1011548647723837,-1.1011548647723837,-1.1011548647723837,-1.1011548647723837,-1.1011548647723837,-1.1011548647723837,-1.1011548647723837,-1.1011548647723837,-1.1011548647723837,-1.1011548647723837
1995-01-10,-1.2900820231670143,-1.2900820231670143,-1.2900820231670143,-1.2900820231670143,-1.2900820231670143,-1.2900820231670143,-1.2900820231670143,-1.2900820231670143,-1.2900820231670143,-1.2900820231670143,-1.2900820231670143,-1.2900820231670143,-1.2900820231670143,-1.2900820231670143,-1.2900820231670143
1995-01-11,-1.3830383834193087,-1.3830383834193087,-1.3830383834193087,-1.3830383834193087,-1.3830383834193087,-1.3830383834193087,-1.3830383834193087,-1.3830383834193087,-1.3830383834193087,-1.3830383834193087,-1.3830383834193087,-1.3830383834193087,-1.3830383834193087,-1.3830383834193087,-1.3830383834193087
1995-01-12,-1.2502270781603408,-1.2502270781603408,-1.2502270781603408,-1.2502270781603408,-1.2502270781603408,-1.2502270781603408,-1.2502270781603408,-1.2502270781603408,-1.2502270781603408,-1.2502270781603408,-1.2502270781603408,-1.2502270781603408,-1.2502270781603408,-1.2502270781603408,-1.2502270781603408
1995-01-13,-1.041110186305735,-1.048452131249407,-1.034855483461741,-1.1654912394371308,-1.1653136741223136,-1.0176594021840657,-1.067470917217056,-1.1397636276573282,-1.0333648173787757,-1.1265242963418878,-1.0430361480803723,-1.0742309120585478,-1.0820472941676544,-1.1057368866178183,-1.1358774146713775
1995-01-14,-1.0024768241826711,-0.9573322297874781,-1.0318747784074678,-1.1705803885741481,-1.2869306171344046,-1.078678206385724,-0.9195966872591887,-1.0091572096752153,-0.9043119336294909,-1.2198627063000425,-0.9876820064473018,-1.0043787367309345,-1.037141851251807,-1.2311635418615188,-1.0298383275653695
1995-01-15,-0.8666503857634082,-0.6535786211145171,-1.0989540941771472,-1.0118557565608255,-1.3492958767401033,-0.9120577026299385,-0.7032540622581318,-0.852754386171986,-0.6392509999176955,-1.032657722647323,-0.9348394366694449,-0.8033786227554282,-0.9658348196094394,-0.9731731832534194,-0.8473385440515324
1995-01-16,-0.8161347066773006,-0.6879819328844025,-1.0883280965786353,-0.7638718466145897,-1.2687467523258074,-0.8291146781916358,-0.7165950853209752,-0.8096885216627647,-0.45873942796004874,-0.9243046800767812,-0.8409719315927053,-0.7513082541842033,-0.9104552012693138,-1.0912902331934753,-0.6535123380112553
1995-01-17,-0.7460585181367387,-0.5752365115362111,-0.9119819239258579,-0.7884101846625113,-1.174941299573866,-0.7312974552285652,-0.6441766066363537,-0.5708254493573321,-0.21527546912130596,-0.6121206410248969,-0.6615393144576164,-0.7214690812097649,-0.6799908293270872,-1.1629615211937157,-0.6464285808638695
1995-01-18,-0.6781832420202172,-0.523561963953483,-0.8211921757922446,-0.5999039225512731,-1.1674626447683947,-0.7058486084752322,-0.5605903534798359,-0.41698060175822677,-0.20809902576420772,-0.6135355686859221,-0.4927618644299306,-0.9153653363315989,-0.6615026481589523,-1.0712157999159824,-0.5572457832884609
1995-01-19,-0.6042502877446073,-0.2721320794260116,-0.7386988987913593,-0.3446303176060544,-1.074981436640458,-0.838053595468964,-0.49696848403131066,-0.3418578913241997,-0.15378656975298585,-0.41353976788277974,-0.41387302232520196,-0.9742107823112353,-0.7085392924251961,-0.7996819106465161,-0.3810798658887939
1995-01-20,-0.791477234028587,-0.17362932803450834,-0.8881015270503569,-0.15687208894872862,-1.1503535744056546,-0.9261320409695454,-0.5536093621818414,-0.44312410637703303,-0.34240048071120527,-0.204964688618456,-0.5277192316373174,-1.1288081666356327,-0.9387635838355068,-0.7533401676539533,-0.633743334926669
1995-01-21,-1.0257202582414928,-0.3470490470139953,-0.8935381453749828,0.028209906876067205,-1.1653996973473448,-0.6439046105596283,-0.8248924276741202,-0.6325611563957899,0.09068214920443593,-0.04365340294328504,-0.3330695914747779,-0.7774065879465886,-0.8426583080633482,-0.7106961558398635,-0.6374205407754179
1995-01-22,-1.138092788237,-0.4180921963729774,-0.9057761744466172,0.2793910583205662,-0.9823612996057379,-0.7055742317103578,-0.7335908204607946,-0.4919802914655393,0.2209898113938784,-0.15866511531638433,-0.18628730757596293,-0.3832519486801894,-0.6732660756807713,-0.7919020026163729,-0.8507606253387109
1995-01-23,-1.0196064874907473,-0.3226919312004892,-0.7280587055847422,0.36174671019818355,-0.7996102580323784,-0.36611470402930785,-0.4133138189640221,-0.5493614737921048,0.3022425591748878,0.32066680258841124,-0.06736294893698562,-0.01984537197162445,-0.3406630791128774,-0.6755558562870508,-0.7694752066129357
1995-01-24,-0.9270134112785394,-0.1906861983775061,-0.6251285967249778,0.35679327290417184,-0.6205814613871333,-0.13568851323896233,-0.3063870816501238,-0.31906596941614923,0.24967329049256778,0.5402977305667885,0.23263346131054005,0.45267637571688746,-0.41008111253570795,-0.6169281608145241,-0.701458929743475
1995-01-25,-0.705007263348875,0.001430071610280083,-0.29410730863015533,0.5382749339671083,-0.4379411343934001,-0.1813086111772501,-0.03689440802932606,-0.3547857697183848,0.32869001554712485,0.8764818322290452,0.35780021477631935,0.9598363715139534,-0.121791899937044,-0.21939487228087468,-0.9902375632769737
1995-01-26,-0.6978045925159995,0.380782890462713,-0.11761551880607461,0.5434141787735373,-0.2776770966704052,-0.15675824556353404,-0.15854600699271007,-0.4047999147898168,0.5344078571345814,1.1271305553909572,0.47434984896136756,1.3247909734937164,-0.10378794509738933,-0.09574958759109783,-0.9472398265847483
1995-01-27,-0.7156164656076662,0.6175652970433101,0.0755928199937903,0.5284626349090762,0.2717129725953236,-0.20326996265008757,-0.27181608640147975,-0.17965714923374923,0.4097465662753768,1.3243285567253875,0.23362685122234875,1.4679526473127782,0.021145049425803926,0.47010527977764155,-0.6564044115456595
1995-01-28,-0.6628692609154636,0.7583282498181587,0.3601678441563829,0.7048796977635591,0.703692018995746,-0.21886981849080692,-0.12385239856935812,-0.07083154303519516,0.6958928481551524,1.5363412352971122,0.34463732608931213,1.3599709630979475,0.06951240770446647,0.8271723680991097,-0.2219963618253921
1995-01-29,-0.5044669591705384,0.7949057855931584,0.40957772757484834,0.6693177932487292,0.9219650733460792,-0.2967897503591373,0.1459685136994791,-0.032238671211549504,0.8020238819074826,1.6412364445944676,0.4759771142688513,1.4196930581067042,0.2736127424789321,1.0721423113161375,-0.1336129103799883
1995-01-30,-0.5257756452707629,0.7958928394465999,0.1380977987513115,0.46555549958441983,0.8675076176432539,-0.0353780458045637,0.5266796048787389,0.1121180333379718,0.7816130265634773,1.5435761000329866,0.36449759277993615,1.1028909200623724,0.29863934306131157,1.3578872290996185,0.031373016907497706
1995-01-31,-0.48643754759298696,1.0064918189708196,0.017396105393266015,0.22648110014999634,0.9246163427667587,0.14887427385583094,0.9929883458360343,0.2902023842356776,0.6346917514184931,1.3764648842715892,0.1418668791677334,1.0537278075912377,0.5620086194931282,1.537122094573668,0.3446296443168901
1995-02-01,-0.10996525312102916,1.1187468797401763,-0.05287862272185172,0.509663032939368,1.0879489375645157,0.16796550366720944,1.3461076641110767,0.5927693943765537,0.45710059886514853,1.2378358178916415,0.016688067409716244,0.6822777922732418,0.794158075401804,1.9482252212189668,0.36487541419098996
1995-02-02,-0.3385563687431114,1.1086895234818739,-0.0903963222253942,0.4381097638594378,1.2291934796356687,0.26382718353860707,1.6206515114108162,0.5506847037865996,0.37257483902888194,1.3698860588455262,0.13393978583386576,0.6455052310458714,0.8807843215440367,2.2388230295301192,-0.006857577988198946
1995-02-03,-0.533949487308564,1.1892374558268257,0.03226841730360693,0.2205072487786207,0.8592852659517316,0.4327710513339342,1.5163659836748573,0.6621317391616802,0.2996346549990576,1.5245102823628924,0.07110958377266301,0.7652792614886316,0.7418063770406287,1.9329373105885843,-0.07249593056169149
1995-02-04,-0.551562944082959,0.9255988912417624,0.023106439737521828,0.01384209218873455,0.8322105220046087,0.4113216847190335,1.4747834591059201,0.8689021057487708,0.6425051917141068,1.8448203682449278,-0.1837577204925613,0.7592081361297287,0.7425755606548228,1.7166293198439053,0.24099688822846732
1995-02-05,-0.4647753137257144,0.6816683120650955,0.15477537863507662,0.3528815380755466,0.9474579814251154,0.3184691945961015,1.4468372223885828,0.6501858600308418,0.6898962401244217,2.02235521295782,-0.41786973952228473,0.6785373647919826,0.7083504359585443,1.7026732561476496,0.3969857579953286
1995-02-06,-0.16383489965272502,0.8162838177627452,0.5046263908211187,0.32289773138849537,0.9099968103904461,0.2589181823087181,1.1403448851014482,0.3361783801219017,0.39293803277998973,2.0862548665321574,-0.2395197296236287,0.6613292667665378,0.8025545273461028,1.8331771687176968,0.2711718269160059
1995-02-07,-0.06862851686670653,0.5852277267588556,0.5721996200230897,0.4399996435705104,0.7868123377670556,0.4759967137086853,0.8431021555201287,0.21733822456270804,0.5016296461340594,2.1158809489835475,-0.09080492135110026,0.5782847392660438,0.8270465265280623,1.801790283467019,0.6158981068831064
1995-02-08,0.25190867174629183,0.46848109925857756,0.6954196394424832,0.4846589003287927,0.9534757997862152,0.7499098794731127,0.3095385109728063,0.32406334682523447,0.6721499296856276,1.8699429994389491,0.07058130786335275,0.7809730409547485,0.8775259062887278,1.7233423035427142,0.566641337570393
1995-02-09,0.6081176270691221,0.3774911948850174,0.6712035719144066,0.6642423608747152,0.9775546004368758,0.8053855304603768,-0.0352116354451224,0.3735666505682271,0.5632598570653261,1.9620766209814338,0.25040016063453846,1.1256557893269408,0.6716990744011507,1.623970731265002,1.0866290868700206
1995-02-10,0.8913686714453848,0.4852206517683771,0.6600511280746382,0.9141124285225573,1.2028481921464707,0.927938838325434,-0.18590456120861149,0.5964507802268614,0.09721562981410317,2.1225326406448795,0.33788614868974604,1.2036493751611501,0.7310230345237626,1.3671211664393754,1.2743641764668867
1995-02-11,0.8435869867497413,0.3384114153487231,0.7524626587649962,1.155770376118178,1.2928152833677213,0.8437853463378925,-0.28303750392915933,0.8002791437416118,-0.09263585972126964,1.7685270092218082,0.14493411868919515,1.290503553013499,0.5161337421342789,1.2116522801916798,0.9373267240828949
1995-02-12,0.8842594935634325,0.4795296089956227,0.6618711544079151,1.5239322516994669,1.1614985835929017,0.6050948478656257,-0.39274871372748704,0.8480519709637937,-0.15912481053506955,1.6311214951746433,0.23739195465253984,1.3194160206601941,0.15883521464290792,1.2897578425909855,0.7522991457829565
1995-02-13,0.9999372728147558,0.1442489943276385,0.7821855908277161,1.2801912617627738,1.0302945445165153,0.4757667429864666,-0.5431158232948359,0.8822752559395923,-0.31466155560194264,0.9316261461257103,0.25421223260986464,1.4192766188434704,-0.3198045479736716,1.300294859814676,0.2954987208549548
1995-02-14,0.8351277717874941,0.49085141957771006,0.6658046836920372,0.7168835836462201,0.8908577152442081,0.21281363645471305,-0.49185999927236485,1.2054009956310006,-0.6268941878150406,0.12615452672479752,-0.1889172015011138,1.4113808480059968,-0.30508040759115207,0.8638234720890269,-0.10740809711892547
1995-02-15,0.8560095721916663,0.727746985882181,0.5526576124973169,0.3708127282172292,0.5530316601788721,-0.16646282667170156,-0.4555179342651394,1.2943165388732991,-0.6775742825961336,-0.634715138822576,-0.38945452009509585,1.4902956038515547,-0.12011692703425776,0.7728388942671054,-0.37302569308905165
1995-02-16,0.946792275223453,1.0773090632155018,0.2830291502569122,0.1964388309946405,0.3203412595025383,-0.03165863087494192,-0.45991438619516856,1.4609141824411125,-1.009443304321492,-1.398187136747242,-0.4803631198529068,1.3454998281879782,-0.19994955880431445,0.3626156134851663,-0.8420641059481044
1995-02-17,1.0670714859829,1.1156838706640757,0.39667304795731145,0.09844646663929194,-0.11511233268609931,0.11725259149729884,-0.31312901522651665,1.3444896666340318,-1.0759481935348483,-1.607950250199236,-0.7018887372810505,1.33738875283983,-0.5098213782463459,-0.6094988372531981,-0.9242998393095684
1995-02-18,1.1263600136818692,1.0627751246372124,0.5932151195562169,-0.36772032398070964,-0.9415875923404259,0.24069454842489926,0.0679159395479322,1.136717905813812,-0.8559711428716591,-1.6230872162427006,-0.7013386078802881,1.5293080135480972,-0.552312326392546,-1.3451972481512369,-0.9003004525118155
1995-02-19,1.0885462831507757,0.6376151261054086,0.19634316524437648,-0.6581950402402429,-1.5492226865194363,-0.14483163177237662,0.2279944960887891,1.0249706253045026,-0.6021117917496238,-1.087228504413044,-0.9377177429136349,1.1286898404151304,-0.5265475834152008,-1.6513709779515593,-1.0130678737283163
1995-02-20,0.9787093404334288,0.5155346142883558,0.04506008343751694,-0.7189511009620283,-1.5419257918592961,-0.17396708435056843,0.7064657714808426,0.7782423293119295,-0.5622448120218795,-0.8316223774755869,-1.1736516295800206,0.5137944929860079,-0.8415496970259492,-1.4213395210364443,-0.9817979597945633
1995-02-21,1.0344285812814147,0.35484748017086615,0.1490818169884075,-0.8496524862083136,-1.3386987936310875,-0.5407921928711372,0.8848590918778327,0.4965754258249352,-0.07947355823871827,-1.0977807490667146,-1.3374159029717716,0.025470991518068736,-1.1516329780193588,-1.521196902804739,-0.9321630018821965
1995-02-22,0.9297277806968878,0.27009297410709476,-0.0009580319876983266,-1.1851997040417717,-1.2058329015841398,-0.8450498338464176,0.7268465107473778,0.623011514713145,0.3912092977906326,-1.1885092713555467,-1.6728978303120885,-0.3826606031424272,-1.6524845925703995,-1.5739063094607841,-1.1093492264700482
1995-02-23,0.7598084075374294,-0.09096749249047172,-0.3303267485779132,-1.424580083047489,-0.8476737152329704,-1.1027193275732419,0.5298518362436007,0.9262920561675894,0.6791214050529918,-0.9552352554200111,-1.7278052999807694,-0.6445798948062684,-1.7140399990283761,-1.4517844315298216,-0.8864563399641212
1995-02-24,0.66356415276236,-0.35100493466480837,-0.3962395584946944,-1.6882128459663692,-0.8189960261944914,-1.2928758114584664,0.32191002645112227,0.9046991425445664,0.5530731367530729,-0.869087870519897,-1.6642512514434982,-0.5476021906865763,-1.7139148547618308,-1.1532731493659487,-0.9421414629020115
1995-02-25,0.38641306627149113,-0.7011061003687524,-0.3361931363856915,-1.768783908594583,-0.9767774558066789,-1.2577440598991978,0.33679771659244,0.8673182574355082,0.5113301320884186,-0.6550324949604684,-1.313898387015384,-0.275476526250666,-1.3306855849470178,-1.0294483084473534,-0.8042137092127366
1995-02-26,0.2051489466869987,-0.5637433122877477,-0.3195687355302665,-1.4736912150222288,-1.3072733965193737,-1.1791750691789253,0.012713474850290465,0.8265978247300731,0.6280098547346075,-0.4020640691753644,-0.9438363651481793,-0.05823742562754344,-1.1280678345647215,-0.8639639640758787,-0.9404970578271676
1995-02-27,-0.1751702115945255,-0.25098568977557845,-0.46060199846028127,-1.2832854520501764,-1.5101362921429808,-1.2446655401963878,-0.12392436386994647,0.5522331869871773,0.4454758760682637,-0.519509858071257,-0.6133630115737704,-0.0913614799984946,-1.2342004423568969,-0.7146865010430782,-1.0302478397115449
1995-02-28,-0.4172715265187333,-0.35530294935419837,-0.8008048544969755,-1.102951630743612,-1.4914206875791733,-1.3962648285275787,-0.10346536807540889,0.47744195617946605,0.14075095931339676,-0.8125340397211479,-0.5785198336800107,-0.2317354896966738,-1.1563474076195333,-0.6399493543940218,-0.9339337566371699
1995-03-01,-0.7541280778721404,-0.5271429567493225,-0.9662220418828312,-1.1473016572207253,-1.5592132386696453,-0.948617269169751,-0.12693404447386636,0.191874772634412,0.30781123516884606,-1.0854489326453702,-0.23506205556286652,0.00806831959603361,-0.911041841597349,-0.8928097682735123,-0.4614245314979734
1995-03-02,-0.8162065107668158,-0.5928015833218921,-1.1145366400087402,-1.2695432514228397,-1.5548528289543802,-0.7707922135015954,-0.16550302537796496,0.2598548799859352,0.383886297206695,-1.2910569160428689,0.09925979925294842,-0.04904381332981586,-0.9913105227543829,-1.315936400551698,-0.3730896671333422
1995-03-03,-0.8778210760967518,-0.25674264297153476,-1.195745927192834,-1.3571965725972988,-1.5239975262842351,-0.7792891022876334,0.24087432646247506,0.6911457293408482,0.362818166329225,-1.553363970833682,0.3040969501917763,-0.3693575149242877,-1.0063015477070882,-1.4802346338653747,-0.45593291565446437
1995-03-04,-0.7638196677012936,-0.09350160724445351,-1.7436484047475422,-1.3722419919061724,-1.5995429487948172,-0.4183256657074215,0.36937719911275657,0.5726776626402817,0.41043750345337043,-1.951623540187676,0.5444412304821739,-0.7478333499902605,-0.783110796284361,-1.5716908979613462,-0.06419972370355939
1995-03-05,-0.7802114880819925,-0.046860197479045775,-2.0492312966684914,-1.5026077072179793,-1.6877759814084894,-0.20745042756007778,0.4228772167327575,0.8173125923673885,0.5677766549710047,-2.141462796025459,1.146831219002885,-0.9071017415696015,-0.8875764503725295,-1.810758372780778,0.18516334019257816
1995-03-06,-0.8062596856379496,-0.5760289681345381,-2.3728234959716468,-1.377258993623482,-1.4444874726074484,-0.4336536973067356,0.664259150057383,0.7155023417867802,0.8600379922494242,-2.2269383710520456,1.6068875888827334,-1.0504061711548927,-0.9804847969668291,-1.8796412948605261,0.1392002848408945
1995-03-07,-0.9200225256595363,-0.8564771109857404,-2.553968679538173,-1.3820344790552583,-0.946316416670286,-0.5431657848447669,0.536148960639198,0.20877034186134868,0.8502277290820356,-2.3583334167299244,1.8141524682381038,-1.1165250566836546,-0.9479791853931746,-1.746073566188343,0.2934473637394229
1995-03-08,-1.0634697222657299,-0.6556270925931631,-2.7121106092630605,-1.2684579475367834,-0.6124721283929728,-0.3632875583248036,0.2885038324634258,0.06056786509119271,0.6896794506586188,-2.1936911677005457,2.0565536983290853,-1.207730728979757,-0.7029720897507729,-1.5187322778738759,0.12484850638275179
1995-03-09,-1.3163826530568745,-0.3132959082774348,-2.4738272030306514,-0.903600286785994,-0.8098497323406094,-0.037150594802782724,0.18923528153813826,0.04909833800338136,1.114838548346406,-2.3339823442887515,2.287379205692783,-1.1773838709574007,-0.2809380783746996,-1.2552433586985672,0.0836461814750211
1995-03-10,-1.1269202845484998,-0.3078689788329361,-2.2425239609569916,-0.9261432347003415,-0.6633891026471105,0.08236813747438337,0.1716341199204161,-0.17048767501454026,1.0660827291518826,-2.3185347109769014,2.130767718713737,-0.7647866539398488,0.044859113499879075,-0.9662417958952858,-0.07863527798258904
1995-03-11,-0.9087410269466107,-0.3224444201412151,-1.9329064292997051,-1.1651671192215578,-0.21860490492341844,0.2884458491620863,-0.07390407329026755,-0.18453632223569702,1.1076099059658884,-2.2207739840695373,1.7666078413068655,-0.7173110391484947,-0.032822899850782586,-0.7658645180407698,0.04543430497231504
1995-03-12,-0.7987618561764364,-0.3950126484745953,-1.8563986957271954,-1.387766970001564,-0.08902900902564208,0.3031017168081792,-0.29717255362648287,-0.18465703377846562,0.7493795856335468,-1.883757509619919,1.204791055259667,-0.7769680018021607,-0.0033446391104285517,-0.3906102849720169,-0.2358020889044584
1995-03-13,-0.7453635533841506,-0.41097026779720774,-1.7886407852218265,-1.538919443455828,-0.13202053180448511,0.1827047890778345,-0.063126919464401,-0.37687054013338944,0.3145631349358341,-1.1626928078516643,1.1812620524556594,-0.6879857183937739,-0.13370717278963956,-0.09851985082147921,-0.8464489682630844
1995-03-14,-0.5679893633037996,0.11514736204897269,-1.560241354950814,-1.4925861254190629,0.04019882425882788,0.19933418665975958,0.4147419871508637,-0.5171629487714082,-0.0010239134217286286,-0.68866356578814,1.0728827459815888,-0.7941021192498238,-0.17955529249263655,-0.3628530007931839,-1.013297451577867
