,1,2,3,4,5,6,7,8,9,10,11,12,13,14,15
1996-08-15,-1.8605175452342915,-1.8605175452342915,-1.8605175452342915,-1.8605175452342915,-1.8605175452342915,-1.8605175452342915,-1.8605175452342915,-1.8605175452342915,-1.8605175452342915,-1.8605175452342915,-1.8605175452342915,-1.8605175452342915,-1.8605175452342915,-1.8605175452342915,-1.8605175452342915
1996-08-16,-1.6567809198798005,-1.6567809198798005,-1.6567809198798005,-1.6567809198798005,-1.6567809198798005,-1.6567809198798005,-1.6567809198798005,-1.6567809198798005,-1.6567809198798005,-1.6567809198798005,-1.6567809198798005,-1.6567809198798005,-1.6567809198798005,-1.6567809198798005,-1.6567809198798005
1996-08-17,-1.2776683566534381,-1.2776683566534381,-1.2776683566534381,-1.2776683566534381,-1.2776683566534381,-1.2776683566534381,-1.2776683566534381,-1.2776683566534381,-1.2776683566534381,-1.2776683566534381,-1.2776683566534381,-1.2776683566534381,-1.2776683566534381,-1.2776683566534381,-1.2776683566534381
1996-08-18,-0.5584018008078305,-0.5584018008078305,-0.5584018008078305,-0.5584018008078305,-0.5584018008078305,-0.5584018008078305,-0.5584018008078305,-0.5584018008078305,-0.5584018008078305,-0.5584018008078305,-0.5584018008078305,-0.5584018008078305,-0.5584018008078305,-0.5584018008078305,-0.5584018008078305
1996-08-19,-0.30283368411385125,-0.30283368411385125,-0.30283368411385125,-0.30283368411385125,-0.30283368411385125,-0.30283368411385125,-0.30283368411385125,-0.30283368411385125,-0.30283368411385125,-0.30283368411385125,-0.30283368411385125,-0.30283368411385125,-0.30283368411385125,-0.30283368411385125,-0.30283368411385125
1996-08-20,-0.18315113232121719,-0.18315113232121719,-0.18315113232121719,-0.18315113232121719,-0.18315113232121719,-0.18315113232121719,-0.18315113232121719,-0.18315113232121719,-0.18315113232121719,-0.18315113232121719,-0.18315113232121719,-0.18315113232121719,-0.18315113232121719,-0.18315113232121719,-0.18315113232121719
1996-08-21,-0.11429336401236613,-0.11429336401236613,-0.11429336401236613,-0.11429336401236613,-0.11429336401236613,-0.11429336401236613,-0.11429336401236613,-0.11429336401236613,-0.11429336401236613,-0.11429336401236613,-0.11429336401236613,-0.11429336401236613,-0.11429336401236613,-0.11429336401236613,-0.11429336401236613
1996-08-22,-0.17694555273442042,-0.17694555273442042,-0.17694555273442042,-0.17694555273442042,-0.17694555273442042,-0.17694555273442042,-0.17694555273442042,-0.17694555273442042,-0.17694555273442042,-0.17694555273442042,-0.17694555273442042,-0.17694555273442042,-0.17694555273442042,-0.17694555273442042,-0.17694555273442042
1996-08-23,-0.3758713696517086,-0.3758713696517086,-0.3758713696517086,-0.3758713696517086,-0.3758713696517086,-0.3758713696517086,-0.3758713696517086,-0.3758713696517086,-0.3758713696517086,-0.3758713696517086,-0.3758713696517086,-0.3758713696517086,-0.3758713696517086,-0.3758713696517086,-0.3758713696517086
1996-08-24,-0.4044465317062106,-0.4044465317062106,-0.4044465317062106,-0.4044465317062106,-0.4044465317062106,-0.4044465317062106,-0.4044465317062106,-0.4044465317062106,-0.4044465317062106,-0.4044465317062106,-0.4044465317062106,-0.4044465317062106,-0.4044465317062106,-0.4044465317062106,-0.4044465317062106
1996-08-25,-0.4353541283574728,-0.4353541283574728,-0.4353541283574728,-0.4353541283574728,-0.4353541283574728,-0.4353541283574728,-0.4353541283574728,-0.4353541283574728,-0.4353541283574728,-0.4353541283574728,-0.4353541283574728,-0.4353541283574728,-0.4353541283574728,-0.4353541283574728,-0.4353541283574728
1996-08-26,-0.552155588124743,-0.552155588124743,-0.552155588124743,-0.552155588124743,-0.552155588124743,-0.552155588124743,-0.552155588124743,-0.552155588124743,-0.552155588124743,-0.552155588124743,-0.552155588124743,-0.552155588124743,-0.552155588124743,-0.552155588124743,-0.552155588124743
1996-08-27,-0.3627209511514615,-0.3627209511514615,-0.3627209511514615,-0.3627209511514615,-0.3627209511514615,-0.3627209511514615,-0.3627209511514615,-0.3627209511514615,-0.3627209511514615,-0.3627209511514615,-0.3627209511514615,-0.3627209511514615,-0.3627209511514615,-0.3627209511514615,-0.3627209511514615
1996-08-28,-0.2148744399439706,-0.2148744399439706,-0.2148744399439706,-0.2148744399439706,-0.2148744399439706,-0.2148744399439706,-0.2148744399439706,-0.2148744399439706,-0.2148744399439706,-0.2148744399439706,-0.2148744399439706,-0.2148744399439706,-0.2148744399439706,-0.2148744399439706,-0.2148744399439706
1996-08-29,-0.07492314406087788,-0.07492314406087788,-0.07492314406087788,-0.07492314406087788,-0.07492314406087788,-0.07492314406087788,-0.07492314406087788,-0.07492314406087788,-0.07492314406087788,-0.07492314406087788,-0.07492314406087788,-0.07492314406087788,-0.07492314406087788,-0.07492314406087788,-0.07492314406087788
1996-08-30,-0.1229761709087894,-0.1229761709087894,-0.1229761709087894,-0.1229761709087894,-0.1229761709087894,-0.1229761709087894,-0.1229761709087894,-0.1229761709087894,-0.1229761709087894,-0.1229761709087894,-0.1229761709087894,-0.1229761709087894,-0.1229761709087894,-0.1229761709087894,-0.1229761709087894
1996-08-31,-0.368119140982818,-0.368119140982818,-0.368119140982818,-0.368119140982818,-0.368119140982818,-0.368119140982818,-0.368119140982818,-0.368119140982818,-0.368119140982818,-0.368119140982818,-0.368119140982818,-0.368119140982818,-0.368119140982818,-0.368119140982818,-0.368119140982818
1996-09-01,-0.41515421712049666,-0.41515421712049666,-0.41515421712049666,-0.41515421712049666,-0.41515421712049666,-0.41515421712049666,-0.41515421712049666,-0.41515421712049666,-0.41515421712049666,-0.41515421712049666,-0.41515421712049666,-0.41515421712049666,-0.41515421712049666,-0.41515421712049666,-0.41515421712049666
1996-09-02,-0.4868649442921803,-0.4868649442921803,-0.4868649442921803,-0.4868649442921803,-0.4868649442921803,-0.4868649442921803,-0.4868649442921803,-0.4868649442921803,-0.4868649442921803,-0.4868649442921803,-0.4868649442921803,-0.4868649442921803,-0.4868649442921803,-0.4868649442921803,-0.4868649442921803
1996-09-03,-0.207608300190149,-0.207608300190149,-0.207608300190149,-0.207608300190149,-0.207608300190149,-0.207608300190149,-0.207608300190149,-0.207608300190149,-0.207608300190149,-0.207608300190149,-0.207608300190149,-0.207608300190149,-0.207608300190149,-0.207608300190149,-0.207608300190149
1996-09-04,-0.19261124366067411,-0.19261124366067411,-0.19261124366067411,-0.19261124366067411,-0.19261124366067411,-0.19261124366067411,-0.19261124366067411,-0.19261124366067411,-0.19261124366067411,-0.19261124366067411,-0.19261124366067411,-0.19261124366067411,-0.19261124366067411,-0.19261124366067411,-0.19261124366067411
1996-09-05,-0.24234047481773546,-0.24234047481773546,-0.24234047481773546,-0.24234047481773546,-0.24234047481773546,-0.24234047481773546,-0.24234047481773546,-0.24234047481773546,-0.24234047481773546,-0.24234047481773546,-0.24234047481773546,-0.24234047481773546,-0.24234047481773546,-0.24234047481773546,-0.24234047481773546
1996-09-06,-0.15182955710753757,-0.15182955710753757,-0.15182955710753757,-0.15182955710753757,-0.15182955710753757,-0.15182955710753757,-0.15182955710753757,-0.15182955710753757,-0.15182955710753757,-0.15182955710753757,-0.15182955710753757,-0.15182955710753757,-0.15182955710753757,-0.15182955710753757,-0.15182955710753757
1996-09-07,0.18609937743611288,0.18609937743611288,0.18609937743611288,0.18609937743611288,0.18609937743611288,0.18609937743611288,0.18609937743611288,0.18609937743611288,0.18609937743611288,0.18609937743611288,0.18609937743611288,0.18609937743611288,0.18609937743611288,0.18609937743611288,0.18609937743611288
1996-09-08,0.3912125745899947,0.3912125745899947,0.3912125745899947,0.3912125745899947,0.3912125745899947,0.3912125745899947,0.3912125745899947,0.3912125745899947,0.3912125745899947,0.3912125745899947,0.3912125745899947,0.3912125745899947,0.3912125745899947,0.3912125745899947,0.3912125745899947
1996-09-09,0.5352331649728631,0.5352331649728631,0.5352331649728631,0.5352331649728631,0.5352331649728631,0.5352331649728631,0.5352331649728631,0.5352331649728631,0.5352331649728631,0.5352331649728631,0.5352331649728631,0.5352331649728631,0.5352331649728631,0.5352331649728631,0.5352331649728631
1996-09-10,0.6849827397896494,0.6849827397896494,0.6849827397896494,0.6849827397896494,0.6849827397896494,0.6849827397896494,0.6849827397896494,0.6849827397896494,0.6849827397896494,0.6849827397896494,0.6849827397896494,0.6849827397896494,0.6849827397896494,0.6849827397896494,0.6849827397896494
1996-09-11,1.0019433199220398,1.0019433199220398,1.0019433199220398,1.0019433199220398,1.0019433199220398,1.0019433199220398,1.0019433199220398,1.0019433199220398,1.0019433199220398,1.0019433199220398,1.0019433199220398,1.0019433199220398,1.0019433199220398,1.0019433199220398,1.0019433199220398
1996-09-12,1.2418938329306344,1.2418938329306344,1.2418938329306344,1.2418938329306344,1.2418938329306344,1.2418938329306344,1.2418938329306344,1.2418938329306344,1.2418938329306344,1.2418938329306344,1.2418938329306344,1.2418938329306344,1.2418938329306344,1.2418938329306344,1.2418938329306344
1996-09-13,1.2494572299941598,1.2494572299941598,1.2494572299941598,1.2494572299941598,1.2494572299941598,1.2494572299941598,1.2494572299941598,1.2494572299941598,1.2494572299941598,1.2494572299941598,1.2494572299941598,1.2494572299941598,1.2494572299941598,1.2494572299941598,1.2494572299941598
1996-09-14,1.1165748625223482,1.1165748625223482,1.1165748625223482,1.1165748625223482,1.1165748625223482,1.1165748625223482,1.1165748625223482,1.1165748625223482,1.1165748625223482,1.1165748625223482,1.1165748625223482,1.1165748625223482,1.1165748625223482,1.1165748625223482,1.1165748625223482
1996-09-15,0.7857449721457723,0.7857449721457723,0.7857449721457723,0.7857449721457723,0.7857449721457723,0.7857449721457723,0.7857449721457723,0.7857449721457723,0.7857449721457723,0.7857449721457723,0.7857449721457723,0.7857449721457723,0.7857449721457723,0.7857449721457723,0.7857449721457723
1996-09-16,0.7319568571157146,0.7319568571157146,0.7319568571157146,0.7319568571157146,0.7319568571157146,0.7319568571157146,0.7319568571157146,0.7319568571157146,0.7319568571157146,0.7319568571157146,0.7319568571157146,0.7319568571157146,0.7319568571157146,0.7319568571157146,0.7319568571157146
1996-09-17,0.8036012187928439,0.8036012187928439,0.8036012187928439,0.8036012187928439,0.8036012187928439,0.8036012187928439,0.8036012187928439,0.8036012187928439,0.8036012187928439,0.8036012187928439,0.8036012187928439,0.8036012187928439,0.8036012187928439,0.8036012187928439,0.8036012187928439
1996-09-18,0.8078141273345273,0.8078141273345273,0.8078141273345273,0.8078141273345273,0.8078141273345273,0.8078141273345273,0.8078141273345273,0.8078141273345273,0.8078141273345273,0.8078141273345273,0.8078141273345273,0.8078141273345273,0.8078141273345273,0.8078141273345273,0.8078141273345273
1996-09-19,0.7665116381455617,0.7665116381455617,0.7665116381455617,0.7665116381455617,0.7665116381455617,0.7665116381455617,0.7665116381455617,0.7665116381455617,0.7665116381455617,0.7665116381455617,0.7665116381455617,0.7665116381455617,0.7665116381455617,0.7665116381455617,0.7665116381455617
1996-09-20,0.7853978264640156,0.7853978264640156,0.7853978264640156,0.7853978264640156,0.7853978264640156,0.7853978264640156,0.7853978264640156,0.7853978264640156,0.7853978264640156,0.7853978264640156,0.7853978264640156,0.7853978264640156,0.7853978264640156,0.7853978264640156,0.7853978264640156
1996-09-21,0.6992576571143225,0.6992576571143225,0.6992576571143225,0.6992576571143225,0.6992576571143225,0.6992576571143225,0.6992576571143225,0.6992576571143225,0.6992576571143225,0.6992576571143225,0.6992576571143225,0.6992576571143225,0.6992576571143225,0.6992576571143225,0.6992576571143225
1996-09-22,0.48204304102628787,0.48204304102628787,0.48204304102628787,0.48204304102628787,0.48204304102628787,0.48204304102628787,0.48204304102628787,0.48204304102628787,0.48204304102628787,0.48204304102628787,0.48204304102628787,0.48204304102628787,0.48204304102628787,0.48204304102628787,0.48204304102628787
1996-09-23,0.24071117809909445,0.24071117809909445,0.24071117809909445,0.24071117809909445,0.24071117809909445,0.24071117809909445,0.24071117809909445,0.24071117809909445,0.24071117809909445,0.24071117809909445,0.24071117809909445,0.24071117809909445,0.24071117809909445,0.24071117809909445,0.24071117809909445
1996-09-24,0.05550336042015472,0.05550336042015472,0.05550336042015472,0.05550336042015472,0.05550336042015472,0.05550336042015472,0.05550336042015472,0.05550336042015472,0.05550336042015472,0.05550336042015472,0.05550336042015472,0.05550336042015472,0.05550336042015472,0.05550336042015472,0.05550336042015472
1996-09-25,-0.24853619357920123,-0.24853619357920123,-0.24853619357920123,-0.24853619357920123,-0.24853619357920123,-0.24853619357920123,-0.24853619357920123,-0.24853619357920123,-0.24853619357920123,-0.24853619357920123,-0.24853619357920123,-0.24853619357920123,-0.24853619357920123,-0.24853619357920123,-0.24853619357920123
1996-09-26,-0.4434283324213005,-0.4434283324213005,-0.4434283324213005,-0.4434283324213005,-0.4434283324213005,-0.4434283324213005,-0.4434283324213005,-0.4434283324213005,-0.4434283324213005,-0.4434283324213005,-0.4434283324213005,-0.4434283324213005,-0.4434283324213005,-0.4434283324213005,-0.4434283324213005
1996-09-27,-0.5872776064190403,-0.5872776064190403,-0.5872776064190403,-0.5872776064190403,-0.5872776064190403,-0.5872776064190403,-0.5872776064190403,-0.5872776064190403,-0.5872776064190403,-0.5872776064190403,-0.5872776064190403,-0.5872776064190403,-0.5872776064190403,-0.5872776064190403,-0.5872776064190403
1996-09-28,-0.5205642444469086,-0.5205642444469086,-0.5205642444469086,-0.5205642444469086,-0.5205642444469086,-0.5205642444469086,-0.5205642444469086,-0.5205642444469086,-0.5205642444469086,-0.5205642444469086,-0.5205642444469086,-0.5205642444469086,-0.5205642444469086,-0.5205642444469086,-0.5205642444469086
1996-09-29,-0.23476252044766582,-0.23476252044766582,-0.23476252044766582,-0.23476252044766582,-0.23476252044766582,-0.23476252044766582,-0.23476252044766582,-0.23476252044766582,-0.23476252044766582,-0.23476252044766582,-0.23476252044766582,-0.23476252044766582,-0.23476252044766582,-0.23476252044766582,-0.23476252044766582
1996-09-30,0.06711938304202118,0.06711938304202118,0.06711938304202118,0.06711938304202118,0.06711938304202118,0.06711938304202118,0.06711938304202118,0.06711938304202118,0.06711938304202118,0.06711938304202118,0.06711938304202118,0.06711938304202118,0.06711938304202118,0.06711938304202118,0.06711938304202118
1996-10-01,-0.1269606684389434,-0.1269606684389434,-0.1269606684389434,-0.1269606684389434,-0.1269606684389434,-0.1269606684389434,-0.1269606684389434,-0.1269606684389434,-0.1269606684389434,-0.1269606684389434,-0.1269606684389434,-0.1269606684389434,-0.1269606684389434,-0.1269606684389434,-0.1269606684389434
1996-10-02,-0.19568159223163964,-0.19568159223163964,-0.19568159223163964,-0.19568159223163964,-0.19568159223163964,-0.19568159223163964,-0.19568159223163964,-0.19568159223163964,-0.19568159223163964,-0.19568159223163964,-0.19568159223163964,-0.19568159223163964,-0.19568159223163964,-0.19568159223163964,-0.19568159223163964
1996-10-03,-0.5391057522208851,-0.5391057522208851,-0.5391057522208851,-0.5391057522208851,-0.5391057522208851,-0.5391057522208851,-0.5391057522208851,-0.5391057522208851,-0.5391057522208851,-0.5391057522208851,-0.5391057522208851,-0.5391057522208851,-0.5391057522208851,-0.5391057522208851,-0.5391057522208851
1996-10-04,-0.6599058785996825,-0.6599058785996825,-0.6599058785996825,-0.6599058785996825,-0.6599058785996825,-0.6599058785996825,-0.6599058785996825,-0.6599058785996825,-0.6599058785996825,-0.6599058785996825,-0.6599058785996825,-0.6599058785996825,-0.6599058785996825,-0.6599058785996825,-0.6599058785996825
1996-10-05,-0.7402598335122852,-0.7402598335122852,-0.7402598335122852,-0.7402598335122852,-0.7402598335122852,-0.7402598335122852,-0.7402598335122852,-0.7402598335122852,-0.7402598335122852,-0.7402598335122852,-0.7402598335122852,-0.7402598335122852,-0.7402598335122852,-0.7402598335122852,-0.7402598335122852
1996-10-06,-0.8295638739361356,-0.8295638739361356,-0.8295638739361356,-0.8295638739361356,-0.8295638739361356,-0.8295638739361356,-0.8295638739361356,-0.8295638739361356,-0.8295638739361356,-0.8295638739361356,-0.8295638739361356,-0.8295638739361356,-0.8295638739361356,-0.8295638739361356,-0.8295638739361356
1996-10-07,-0.7794047261265665,-0.7794047261265665,-0.7794047261265665,-0.7794047261265665,-0.7794047261265665,-0.7794047261265665,-0.7794047261265665,-0.7794047261265665,-0.7794047261265665,-0.7794047261265665,-0.7794047261265665,-0.7794047261265665,-0.7794047261265665,-0.7794047261265665,-0.7794047261265665
1996-10-08,-0.9082827602441448,-0.9082827602441448,-0.9082827602441448,-0.9082827602441448,-0.9082827602441448,-0.9082827602441448,-0.9082827602441448,-0.9082827602441448,-0.9082827602441448,-0.9082827602441448,-0.9082827602441448,-0.9082827602441448,-0.9082827602441448,-0.9082827602441448,-0.9082827602441448
1996-10-09,-0.7089313684166371,-0.7089313684166371,-0.7089313684166371,-0.7089313684166371,-0.7089313684166371,-0.7089313684166371,-0.7089313684166371,-0.7089313684166371,-0.7089313684166371,-0.7089313684166371,-0.7089313684166371,-0.7089313684166371,-0.7089313684166371,-0.7089313684166371,-0.7089313684166371
1996-10-10,-0.35173900827392784,-0.35173900827392784,-0.35173900827392784,-0.35173900827392784,-0.35173900827392784,-0.35173900827392784,-0.35173900827392784,-0.35173900827392784,-0.35173900827392784,-0.35173900827392784,-0.35173900827392784,-0.35173900827392784,-0.35173900827392784,-0.35173900827392784,-0.35173900827392784
1996-10-11,0.09529646211820722,0.09529646211820722,0.09529646211820722,0.09529646211820722,0.09529646211820722,0.09529646211820722,0.09529646211820722,0.09529646211820722,0.09529646211820722,0.09529646211820722,0.09529646211820722,0.09529646211820722,0.09529646211820722,0.09529646211820722,0.09529646211820722
1996-10-12,0.06569025423621065,0.06569025423621065,0.06569025423621065,0.06569025423621065,0.06569025423621065,0.06569025423621065,0.06569025423621065,0.06569025423621065,0.06569025423621065,0.06569025423621065,0.06569025423621065,0.06569025423621065,0.06569025423621065,0.06569025423621065,0.06569025423621065
1996-10-13,-0.12778772502098,-0.12778772502098,-0.12778772502098,-0.12778772502098,-0.12778772502098,-0.12778772502098,-0.12778772502098,-0.12778772502098,-0.12778772502098,-0.12778772502098,-0.12778772502098,-0.12778772502098,-0.12778772502098,-0.12778772502098,-0.12778772502098
1996-10-14,-0.20985598860014396,-0.20985598860014396,-0.20985598860014396,-0.20985598860014396,-0.20985598860014396,-0.20985598860014396,-0.20985598860014396,-0.20985598860014396,-0.20985598860014396,-0.20985598860014396,-0.20985598860014396,-0.20985598860014396,-0.20985598860014396,-0.20985598860014396,-0.20985598860014396
1996-10-15,-0.3269882944918384,-0.3269882944918384,-0.3269882944918384,-0.3269882944918384,-0.3269882944918384,-0.3269882944918384,-0.3269882944918384,-0.3269882944918384,-0.3269882944918384,-0.3269882944918384,-0.3269882944918384,-0.3269882944918384,-0.3269882944918384,-0.3269882944918384,-0.3269882944918384
1996-10-16,-0.4227034142989901,-0.4227034142989901,-0.4227034142989901,-0.4227034142989901,-0.4227034142989901,-0.4227034142989901,-0.4227034142989901,-0.4227034142989901,-0.4227034142989901,-0.4227034142989901,-0.4227034142989901,-0.4227034142989901,-0.4227034142989901,-0.4227034142989901,-0.4227034142989901
1996-10-17,-0.3528619794640005,-0.3528619794640005,-0.3528619794640005,-0.3528619794640005,-0.3528619794640005,-0.3528619794640005,-0.3528619794640005,-0.3528619794640005,-0.3528619794640005,-0.3528619794640005,-0.3528619794640005,-0.3528619794640005,-0.3528619794640005,-0.3528619794640005,-0.3528619794640005
1996-10-18,-0.019925677118603807,-0.019925677118603807,-0.019925677118603807,-0.019925677118603807,-0.019925677118603807,-0.019925677118603807,-0.019925677118603807,-0.019925677118603807,-0.019925677118603807,-0.019925677118603807,-0.019925677118603807,-0.019925677118603807,-0.019925677118603807,-0.019925677118603807,-0.019925677118603807
1996-10-19,0.4142595565851713,0.4142595565851713,0.4142595565851713,0.4142595565851713,0.4142595565851713,0.4142595565851713,0.4142595565851713,0.4142595565851713,0.4142595565851713,0.4142595565851713,0.4142595565851713,0.4142595565851713,0.4142595565851713,0.4142595565851713,0.4142595565851713
1996-10-20,0.6265040954044769,0.6265040954044769,0.6265040954044769,0.6265040954044769,0.6265040954044769,0.6265040954044769,0.6265040954044769,0.6265040954044769,0.6265040954044769,0.6265040954044769,0.6265040954044769,0.6265040954044769,0.6265040954044769,0.6265040954044769,0.6265040954044769
1996-10-21,0.7347280195383341,0.7347280195383341,0.7347280195383341,0.7347280195383341,0.7347280195383341,0.7347280195383341,0.7347280195383341,0.7347280195383341,0.7347280195383341,0.7347280195383341,0.7347280195383341,0.7347280195383341,0.7347280195383341,0.7347280195383341,0.7347280195383341
1996-10-22,0.9011572811618552,0.9011572811618552,0.9011572811618552,0.9011572811618552,0.9011572811618552,0.9011572811618552,0.9011572811618552,0.9011572811618552,0.9011572811618552,0.9011572811618552,0.9011572811618552,0.9011572811618552,0.9011572811618552,0.9011572811618552,0.9011572811618552
1996-10-23,0.990662322619829,0.990662322619829,0.990662322619829,0.990662322619829,0.990662322619829,0.990662322619829,0.990662322619829,0.990662322619829,0.990662322619829,0.990662322619829,0.990662322619829,0.990662322619829,0.990662322619829,0.990662322619829,0.990662322619829
1996-10-24,1.0085992987528856,1.0085992987528856,1.0085992987528856,1.0085992987528856,1.0085992987528856,1.0085992987528856,1.0085992987528856,1.0085992987528856,1.0085992987528856,1.0085992987528856,1.0085992987528856,1.0085992987528856,1.0085992987528856,1.0085992987528856,1.0085992987528856
1996-10-25,1.1618684674687214,1.1618684674687214,1.1618684674687214,1.1618684674687214,1.1618684674687214,1.1618684674687214,1.1618684674687214,1.1618684674687214,1.1618684674687214,1.1618684674687214,1.1618684674687214,1.1618684674687214,1.1618684674687214,1.1618684674687214,1.1618684674687214
1996-10-26,1.5915796568998515,1.5915796568998515,1.5915796568998515,1.5915796568998515,1.5915796568998515,1.5915796568998515,1.5915796568998515,1.5915796568998515,1.5915796568998515,1.5915796568998515,1.5915796568998515,1.5915796568998515,1.5915796568998515,1.5915796568998515,1.5915796568998515
1996-10-27,1.5300910405241672,1.5300910405241672,1.5300910405241672,1.5300910405241672,1.5300910405241672,1.5300910405241672,1.5300910405241672,1.5300910405241672,1.5300910405241672,1.5300910405241672,1.5300910405241672,1.5300910405241672,1.5300910405241672,1.5300910405241672,1.5300910405241672
1996-10-28,1.3001184684337508,1.3001184684337508,1.3001184684337508,1.3001184684337508,1.3001184684337508,1.3001184684337508,1.3001184684337508,1.3001184684337508,1.3001184684337508,1.3001184684337508,1.3001184684337508,1.3001184684337508,1.3001184684337508,1.3001184684337508,1.3001184684337508
1996-10-29,1.270294437253241,1.270294437253241,1.270294437253241,1.270294437253241,1.270294437253241,1.270294437253241,1.270294437253241,1.270294437253241,1.270294437253241,1.270294437253241,1.270294437253241,1.270294437253241,1.270294437253241,1.270294437253241,1.270294437253241
1996-10-30,1.4100410782448032,1.4100410782448032,1.4100410782448032,1.4100410782448032,1.4100410782448032,1.4100410782448032,1.4100410782448032,1.4100410782448032,1.4100410782448032,1.4100410782448032,1.4100410782448032,1.4100410782448032,1.4100410782448032,1.4100410782448032,1.4100410782448032
1996-10-31,1.477598512741407,1.477598512741407,1.477598512741407,1.477598512741407,1.477598512741407,1.477598512741407,1.477598512741407,1.477598512741407,1.477598512741407,1.477598512741407,1.477598512741407,1.477598512741407,1.477598512741407,1.477598512741407,1.477598512741407
1996-11-01,1.5428289189449795,1.5428289189449795,1.5428289189449795,1.5428289189449795,1.5428289189449795,1.5428289189449795,1.5428289189449795,1.5428289189449795,1.5428289189449795,1.5428289189449795,1.5428289189449795,1.5428289189449795,1.5428289189449795,1.5428289189449795,1.5428289189449795
1996-11-02,1.558205388927393,1.558205388927393,1.558205388927393,1.558205388927393,1.558205388927393,1.558205388927393,1.558205388927393,1.558205388927393,1.558205388927393,1.558205388927393,1.558205388927393,1.558205388927393,1.558205388927393,1.558205388927393,1.558205388927393
1996-11-03,1.6763618027861356,1.6763618027861356,1.6763618027861356,1.6763618027861356,1.6763618027861356,1.6763618027861356,1.6763618027861356,1.6763618027861356,1.6763618027861356,1.6763618027861356,1.6763618027861356,1.6763618027861356,1.6763618027861356,1.6763618027861356,1.6763618027861356
1996-11-04,1.66290623323733,1.66290623323733,1.66290623323733,1.66290623323733,1.66290623323733,1.66290623323733,1.66290623323733,1.66290623323733,1.66290623323733,1.66290623323733,1.66290623323733,1.66290623323733,1.66290623323733,1.66290623323733,1.66290623323733
1996-11-05,1.802793674802769,1.802793674802769,1.802793674802769,1.802793674802769,1.802793674802769,1.802793674802769,1.802793674802769,1.802793674802769,1.802793674802769,1.802793674802769,1.802793674802769,1.802793674802769,1.802793674802769,1.802793674802769,1.802793674802769
1996-11-06,1.858927482687191,1.858927482687191,1.858927482687191,1.858927482687191,1.858927482687191,1.858927482687191,1.858927482687191,1.858927482687191,1.858927482687191,1.858927482687191,1.858927482687191,1.858927482687191,1.858927482687191,1.858927482687191,1.858927482687191
1996-11-07,1.6855707839778549,1.6855707839778549,1.6855707839778549,1.6855707839778549,1.6855707839778549,1.6855707839778549,1.6855707839778549,1.6855707839778549,1.6855707839778549,1.6855707839778549,1.6855707839778549,1.6855707839778549,1.6855707839778549,1.6855707839778549,1.6855707839778549
1996-11-08,1.2942704482197414,1.2942704482197414,1.2942704482197414,1.2942704482197414,1.2942704482197414,1.2942704482197414,1.2942704482197414,1.2942704482197414,1.2942704482197414,1.2942704482197414,1.2942704482197414,1.2942704482197414,1.2942704482197414,1.2942704482197414,1.2942704482197414
1996-11-09,0.8799246601536833,0.8799246601536833,0.8799246601536833,0.8799246601536833,0.8799246601536833,0.8799246601536833,0.8799246601536833,0.8799246601536833,0.8799246601536833,0.8799246601536833,0.8799246601536833,0.8799246601536833,0.8799246601536833,0.8799246601536833,0.8799246601536833
1996-11-10,0.47312229075702533,0.47312229075702533,0.47312229075702533,0.47312229075702533,0.47312229075702533,0.47312229075702533,0.47312229075702533,0.47312229075702533,0.47312229075702533,0.47312229075702533,0.47312229075702533,0.47312229075702533,0.47312229075702533,0.47312229075702533,0.47312229075702533
1996-11-11,-0.030168230636111317,-0.030168230636111317,-0.030168230636111317,-0.030168230636111317,-0.030168230636111317,-0.030168230636111317,-0.030168230636111317,-0.030168230636111317,-0.030168230636111317,-0.030168230636111317,-0.030168230636111317,-0.030168230636111317,-0.030168230636111317,-0.030168230636111317,-0.030168230636111317
1996-11-12,-0.37993924758918785,-0.37993924758918785,-0.37993924758918785,-0.37993924758918785,-0.37993924758918785,-0.37993924758918785,-0.37993924758918785,-0.37993924758918785,-0.37993924758918785,-0.37993924758918785,-0.37993924758918785,-0.37993924758918785,-0.37993924758918785,-0.37993924758918785,-0.37993924758918785
1996-11-13,-1.0023482812178293,-1.0023482812178293,-1.0023482812178293,-1.0023482812178293,-1.0023482812178293,-1.0023482812178293,-1.0023482812178293,-1.0023482812178293,-1.0023482812178293,-1.0023482812178293,-1.0023482812178293,-1.0023482812178293,-1.0023482812178293,-1.0023482812178293,-1.0023482812178293
1996-11-14,-1.8313717244498438,-1.8313717244498438,-1.8313717244498438,-1.8313717244498438,-1.8313717244498438,-1.8313717244498438,-1.8313717244498438,-1.8313717244498438,-1.8313717244498438,-1.8313717244498438,-1.8313717244498438,-1.8313717244498438,-1.8313717244498438,-1.8313717244498438,-1.8313717244498438
1996-11-15,-2.478194004388919,-2.478194004388919,-2.478194004388919,-2.478194004388919,-2.478194004388919,-2.478194004388919,-2.478194004388919,-2.478194004388919,-2.478194004388919,-2.478194004388919,-2.478194004388919,-2.478194004388919,-2.478194004388919,-2.478194004388919,-2.478194004388919
1996-11-16,-2.515496670262895,-2.515496670262895,-2.515496670262895,-2.515496670262895,-2.515496670262895,-2.515496670262895,-2.515496670262895,-2.515496670262895,-2.515496670262895,-2.515496670262895,-2.515496670262895,-2.515496670262895,-2.515496670262895,-2.515496670262895,-2.515496670262895
1996-11-17,-2.2944193614496293,-2.2944193614496293,-2.2944193614496293,-2.2944193614496293,-2.2944193614496293,-2.2944193614496293,-2.2944193614496293,-2.2944193614496293,-2.2944193614496293,-2.2944193614496293,-2.2944193614496293,-2.2944193614496293,-2.2944193614496293,-2.2944193614496293,-2.2944193614496293
1996-11-18,-2.2275132384484344,-2.2275132384484344,-2.2275132384484344,-2.2275132384484344,-2.2275132384484344,-2.2275132384484344,-2.2275132384484344,-2.2275132384484344,-2.2275132384484344,-2.2275132384484344,-2.2275132384484344,-2.2275132384484344,-2.2275132384484344,-2.2275132384484344,-2.2275132384484344
1996-11-19,-2.2316029583971853,-2.2316029583971853,-2.2316029583971853,-2.2316029583971853,-2.2316029583971853,-2.2316029583971853,-2.2316029583971853,-2.2316029583971853,-2.2316029583971853,-2.2316029583971853,-2.2316029583971853,-2.2316029583971853,-2.2316029583971853,-2.2316029583971853,-2.2316029583971853
1996-11-20,-2.0446123801618103,-2.0446123801618103,-2.0446123801618103,-2.0446123801618103,-2.0446123801618103,-2.0446123801618103,-2.0446123801618103,-2.0446123801618103,-2.0446123801618103,-2.0446123801618103,-2.0446123801618103,-2.0446123801618103,-2.0446123801618103,-2.0446123801618103,-2.0446123801618103
1996-11-21,-1.7519609510204885,-1.7519609510204885,-1.7519609510204885,-1.7519609510204885,-1.7519609510204885,-1.7519609510204885,-1.7519609510204885,-1.7519609510204885,-1.7519609510204885,-1.7519609510204885,-1.7519609510204885,-1.7519609510204885,-1.7519609510204885,-1.7519609510204885,-1.7519609510204885
1996-11-22,-1.22177225128439,-1.22177225128439,-1.22177225128439,-1.22177225128439,-1.22177225128439,-1.22177225128439,-1.22177225128439,-1.22177225128439,-1.22177225128439,-1.22177225128439,-1.22177225128439,-1.22177225128439,-1.22177225128439,-1.22177225128439,-1.22177225128439
1996-11-23,-0.8870794189940622,-0.8870794189940622,-0.8870794189940622,-0.8870794189940622,-0.8870794189940622,-0.8870794189940622,-0.8870794189940622,-0.8870794189940622,-0.8870794189940622,-0.8870794189940622,-0.8870794189940622,-0.8870794189940622,-0.8870794189940622,-0.8870794189940622,-0.8870794189940622
1996-11-24,-0.6721896447542596,-0.6721896447542596,-0.6721896447542596,-0.6721896447542596,-0.6721896447542596,-0.6721896447542596,-0.6721896447542596,-0.6721896447542596,-0.6721896447542596,-0.6721896447542596,-0.6721896447542596,-0.6721896447542596,-0.6721896447542596,-0.6721896447542596,-0.6721896447542596
1996-11-25,-0.5606691422676863,-0.5606691422676863,-0.5606691422676863,-0.5606691422676863,-0.5606691422676863,-0.5606691422676863,-0.5606691422676863,-0.5606691422676863,-0.5606691422676863,-0.5606691422676863,-0.5606691422676863,-0.5606691422676863,-0.5606691422676863,-0.5606691422676863,-0.5606691422676863
1996-11-26,-0.6577856192144609,-0.6577856192144609,-0.6577856192144609,-0.6577856192144609,-0.6577856192144609,-0.6577856192144609,-0.6577856192144609,-0.6577856192144609,-0.6577856192144609,-0.6577856192144609,-0.6577856192144609,-0.6577856192144609,-0.6577856192144609,-0.6577856192144609,-0.6577856192144609
1996-11-27,-0.2977721675350088,-0.2977721675350088,-0.2977721675350088,-0.2977721675350088,-0.2977721675350088,-0.2977721675350088,-0.2977721675350088,-0.2977721675350088,-0.2977721675350088,-0.2977721675350088,-0.2977721675350088,-0.2977721675350088,-0.2977721675350088,-0.2977721675350088,-0.2977721675350088
1996-11-28,-0.11107784861101253,-0.11107784861101253,-0.11107784861101253,-0.11107784861101253,-0.11107784861101253,-0.11107784861101253,-0.11107784861101253,-0.11107784861101253,-0.11107784861101253,-0.11107784861101253,-0.11107784861101253,-0.11107784861101253,-0.11107784861101253,-0.11107784861101253,-0.11107784861101253
1996-11-29,0.1752757987054224,0.1752757987054224,0.1752757987054224,0.1752757987054224,0.1752757987054224,0.1752757987054224,0.1752757987054224,0.1752757987054224,0.1752757987054224,0.1752757987054224,0.1752757987054224,0.1752757987054224,0.1752757987054224,0.1752757987054224,0.1752757987054224
1996-11-30,0.2563871444157289,0.2563871444157289,0.2563871444157289,0.2563871444157289,0.2563871444157289,0.2563871444157289,0.2563871444157289,0.2563871444157289,0.2563871444157289,0.2563871444157289,0.2563871444157289,0.2563871444157289,0.2563871444157289,0.2563871444157289,0.2563871444157289
1996-12-01,-0.2577001497413933,-0.2577001497413933,-0.2577001497413933,-0.2577001497413933,-0.2577001497413933,-0.2577001497413933,-0.2577001497413933,-0.2577001497413933,-0.2577001497413933,-0.2577001497413933,-0.2577001497413933,-0.2577001497413933,-0.2577001497413933,-0.2577001497413933,-0.2577001497413933
1996-12-02,-0.5193250850757613,-0.5193250850757613,-0.5193250850757613,-0.5193250850757613,-0.5193250850757613,-0.5193250850757613,-0.5193250850757613,-0.5193250850757613,-0.5193250850757613,-0.5193250850757613,-0.5193250850757613,-0.5193250850757613,-0.5193250850757613,-0.5193250850757613,-0.5193250850757613
1996-12-03,-0.5480441773541044,-0.5480441773541044,-0.5480441773541044,-0.5480441773541044,-0.5480441773541044,-0.5480441773541044,-0.5480441773541044,-0.5480441773541044,-0.5480441773541044,-0.5480441773541044,-0.5480441773541044,-0.5480441773541044,-0.5480441773541044,-0.5480441773541044,-0.5480441773541044
1996-12-04,-0.3896840307787742,-0.3896840307787742,-0.3896840307787742,-0.3896840307787742,-0.3896840307787742,-0.3896840307787742,-0.3896840307787742,-0.3896840307787742,-0.3896840307787742,-0.3896840307787742,-0.3896840307787742,-0.3896840307787742,-0.3896840307787742,-0.3896840307787742,-0.3896840307787742
1996-12-05,0.20174242584816016,0.20174242584816016,0.20174242584816016,0.20174242584816016,0.20174242584816016,0.20174242584816016,0.20174242584816016,0.20174242584816016,0.20174242584816016,0.20174242584816016,0.20174242584816016,0.20174242584816016,0.20174242584816016,0.20174242584816016,0.20174242584816016
1996-12-06,0.3457519744462337,0.3457519744462337,0.3457519744462337,0.3457519744462337,0.3457519744462337,0.3457519744462337,0.3457519744462337,0.3457519744462337,0.3457519744462337,0.3457519744462337,0.3457519744462337,0.3457519744462337,0.3457519744462337,0.3457519744462337,0.3457519744462337
1996-12-07,0.0345110632268914,0.0345110632268914,0.0345110632268914,0.0345110632268914,0.0345110632268914,0.0345110632268914,0.0345110632268914,0.0345110632268914,0.0345110632268914,0.0345110632268914,0.0345110632268914,0.0345110632268914,0.0345110632268914,0.0345110632268914,0.0345110632268914
1996-12-08,-0.030365524500888603,-0.030365524500888603,-0.030365524500888603,-0.030365524500888603,-0.030365524500888603,-0.030365524500888603,-0.030365524500888603,-0.030365524500888603,-0.030365524500888603,-0.030365524500888603,-0.030365524500888603,-0.030365524500888603,-0.030365524500888603,-0.030365524500888603,-0.030365524500888603
1996-12-09,0.44995255323662753,0.44995255323662753,0.44995255323662753,0.44995255323662753,0.44995255323662753,0.44995255323662753,0.44995255323662753,0.44995255323662753,0.44995255323662753,0.44995255323662753,0.44995255323662753,0.44995255323662753,0.44995255323662753,0.44995255323662753,0.44995255323662753
1996-12-10,0.759853484317579,0.759853484317579,0.759853484317579,0.759853484317579,0.759853484317579,0.759853484317579,0.759853484317579,0.759853484317579,0.759853484317579,0.759853484317579,0.759853484317579,0.759853484317579,0.759853484317579,0.759853484317579,0.759853484317579
1996-12-11,1.1441286617459172,1.1441286617459172,1.1441286617459172,1.1441286617459172,1.1441286617459172,1.1441286617459172,1.1441286617459172,1.1441286617459172,1.1441286617459172,1.1441286617459172,1.1441286617459172,1.1441286617459172,1.1441286617459172,1.1441286617459172,1.1441286617459172
1996-12-12,1.3269449774714284,1.3269449774714284,1.3269449774714284,1.3269449774714284,1.3269449774714284,1.3269449774714284,1.3269449774714284,1.3269449774714284,1.3269449774714284,1.3269449774714284,1.3269449774714284,1.3269449774714284,1.3269449774714284,1.3269449774714284,1.3269449774714284
1996-12-13,0.6345551701987641,0.667303309502662,0.6114925307514678,0.6836978725801686,0.6762760276118581,0.6268128336459512,0.642133953244669,0.6031951485666759,0.7094223599338074,0.5856651539363924,0.6685419168851896,0.6464965155566459,0.6418633217037272,0.66776959422806,0.6686741398209961
1996-12-14,1.004920186113221,1.0662718590141818,1.048727647956554,1.1834048095073149,1.0966605825330848,1.1732379558953276,0.9657091055053572,1.0819367239139943,1.1293796950778234,0.9587943728307557,1.120165940421735,0.9313810823482255,1.0595854497392683,1.18304581728387,1.1894633791907272
1996-12-15,0.9487185620422407,0.9820131582275953,1.1209056850824917,1.2264276927191913,0.9012771508969029,1.2482071709721179,0.8645879787057063,1.086105226154157,1.08242297497986,0.952051455319785,0.9407153418089774,0.9116940752795468,1.034169936244889,1.3272749227630343,1.3322053681569528
1996-12-16,0.6344920791729963,0.5902603308569837,1.0060013743329475,1.0625648541482244,0.646811391492211,1.0522562212603044,0.5394634424976699,0.8601005106196318,0.9830384711243785,0.6675843081756446,0.5439413299435889,0.7024113569207946,0.9760987821085715,0.968920076352525,1.1285070860010642
1996-12-17,0.5891523040331469,0.49012719328211835,0.9810985404052267,0.9889267205356692,0.6449511455727139,0.7285451966386843,0.07881192627555676,1.0539576515928577,1.0711193634931542,0.6788749205135084,0.44162883954766663,0.483600908264179,0.9863897686829675,1.0015043486504722,1.1452023110272604
1996-12-18,0.44942518652448726,0.30292065606535296,0.9474099506242573,0.8213805916408584,0.5315550270037387,0.3771433139916424,-0.40200701217792933,0.9595934936325013,0.8395058458473407,0.8072244743245829,0.31438400857700005,0.4398453977638554,0.8207652050174536,0.5516862682210393,0.9034128214032452
1996-12-19,0.4530440581948746,0.5017470798967592,1.0614535876592117,0.9271477258317004,0.5711872781497749,0.2978022689722753,-0.7139888393973225,0.6904987852949497,0.693011693787989,1.029685274077993,0.2250878627724511,0.5229470089033701,0.7827471635696059,0.635914329301576,1.1668021866754776
1996-12-20,0.5334670171252154,0.705842212180278,1.2909482025664114,1.0706275795531457,0.9866457851273875,0.6258660660231538,-0.7882995373912939,0.7820778977252532,0.6742271911998653,1.1247107319289,0.5559976269570286,0.5925590972249679,0.9032005623448471,0.7768859817890226,1.1762350172844476
1996-12-21,0.5128358307600915,0.7779542077935688,1.7235354166678256,1.2347713534994555,1.191985837028029,0.9374956071410924,-0.3855521030420212,1.0413695690497073,0.6176752560212088,1.06698193010434,0.48175732338278676,0.7298742688491525,1.0090450454593638,0.8747606915864745,0.7576680946685979
1996-12-22,0.5183085039447706,0.9499721759400549,1.8645299466663645,1.330833701975504,1.566451701103913,0.8735824129718673,-0.21772111410585368,0.8859131947553271,0.76190371084,0.9122474656888708,0.31258505386397917,0.9762953265507954,0.7496401472446153,1.0476628858396024,0.6037179815535979
1996-12-23,0.8492897700408142,1.053299569015504,2.09989572596023,1.3878146920437828,1.6836715568984444,0.9252412461320285,-0.03830539514769712,0.7308369194694636,1.1044542419125605,0.9140458390098103,0.39883223970738846,1.042354225363471,0.799392402609129,0.9548663779865887,0.8742594680745087
1996-12-24,0.9693901586849616,1.0191331191717152,2.220315868170941,1.2445613094010126,1.7282803229505566,0.8117716836241763,-0.1595797277611448,0.7741180117069335,1.009592583279292,0.7906245369553259,0.642085724401211,1.3077901435462038,0.6431407800356326,0.9501453235517112,0.6714138760872731
1996-12-25,1.0277597058180192,0.9873899802002861,2.331839760697953,1.2344912121256892,1.7008755627556025,0.7694887194477438,0.13118527084131812,0.9566439626537142,0.8390611018359864,0.9326020604177864,0.6127246737230179,1.8463455942525073,0.5312778870375454,0.5566888907644849,0.10401191402033445
1996-12-26,0.9232808594143945,1.1494418720244406,2.302625983708468,1.271863496622622,1.3629315402263993,0.8482632303540081,0.47177439614811545,0.7845152704197695,0.5800228877808046,0.930099239936333,0.8974138333995911,2.2284987094230613,-0.07732250243346785,0.3193241322286194,-0.07324769018546277
1996-12-27,0.9133012149877642,1.1448997468447064,2.2652951828117907,0.8714297718848137,1.1272189292677084,0.8438299395868654,0.8527979858488923,0.6720636474377772,0.5561163274918158,1.0896388304186067,1.1469498073621915,2.097015482349165,-0.6526726758645256,0.4051609039392908,-0.0053417495875760805
1996-12-28,0.9127640942039597,1.2192139493154177,1.9936204007101375,0.4638914932513365,0.806354955598518,0.9301405805246279,1.0831317703972316,0.5855708300820478,0.6102610025312856,1.1566359569403748,1.3127810784002865,1.8965665130906664,-0.90072376944751,0.522611554162332,0.33472982147852937
1996-12-29,1.0056756669006555,1.392722270114754,1.493431162028132,0.23678078838528288,0.2036908380749983,1.0382713177422247,1.2817049619584688,0.8167880043281692,0.5443092842101948,0.9086013678240656,1.3546979852647678,1.8157675187822693,-0.8314595925639466,0.5354806318970032,0.535573391858804
1996-12-30,0.7501297638980756,1.4652697439637299,0.8160811623104017,0.16440872239552382,-0.5219880202432378,0.5309889757949113,0.9226687564533961,0.7302599559407349,0.484616456870069,0.7713655520920623,1.0454838372039357,1.4936982745684126,-0.9699442397073197,0.8743803058792925,0.43812121422151296
1996-12-31,0.31246756753836996,1.6331255243078902,0.29823302681772046,-0.21185789446462255,-1.1575086036206927,-0.013845032163977086,0.6324087511861267,0.575908189402889,0.5902045836055952,0.3926385625706287,0.5949637307346044,0.9136063110937527,-0.6675627079311924,1.0606080541056295,0.36204594741617774
1997-01-01,-0.06477110543723008,1.5191993179385208,-0.11903821205542736,-0.424834500930423,-1.6254690078997163,-1.0335545771519914,0.3103220322934387,0.4307138288914824,0.7785353612207153,-0.2168016760892219,0.04488139993171629,-0.02723992478414803,-0.3802339551875951,1.0191815112294487,0.33290269644363424
1997-01-02,-0.25260349389542847,0.9263102751815662,-0.4660515415752496,-0.43615063939289345,-2.1502773539871516,-1.730168559941956,0.11242682297799637,0.5572371838701993,0.7311402697975459,-0.8284839931036909,-0.11989472486302437,-0.7711576639518346,-0.394481190927867,0.8701236795007934,0.187707041241456
1997-01-03,-0.3839662164466128,0.419978782324804,-0.3624753802625378,-0.5729856706162887,-2.424453698415176,-1.6667924989008223,-0.07084540185827058,0.8523367830565646,0.8960054639203642,-1.0144375984572558,-0.4413717285988874,-1.3409586896057486,-0.29051785180007794,0.10160685659633868,0.057418660990854055
1997-01-04,-0.5240266578088353,-0.2339329594913822,-0.4621161747580785,-0.8835759200664125,-2.582352018655687,-1.4330461328863715,-0.18087761689760926,0.7188012247427173,1.0504603255006066,-1.0234483874229485,-0.527298800553009,-1.6303975856256747,-0.13974339090091134,-0.7642004052451089,-0.0014541365410014188
1997-01-05,-0.38368909787632716,-0.5848245901069673,-0.5171686047618145,-0.9092740573290636,-2.2805433771487413,-1.3614836375923858,-0.6626552797139742,0.47094240260953824,0.9530433287387843,-1.0832278072884876,-0.290662196818887,-1.768470964062967,-0.46078683706685525,-1.5790674032301228,-0.2733085266923326
1997-01-06,-0.12350482290273723,-0.759929052027065,-0.41707132443911826,-0.9247198214088007,-1.8917112577733475,-1.6694185175985672,-1.0711218746927258,0.3006362097552788,0.3921854751171258,-0.7752968769407629,-0.0874987210221151,-1.731886259212075,-0.5805933990536213,-2.312427557732491,0.016165652157082988
1997-01-07,-0.09957606012006921,-0.7713793376109815,-0.7380961039932668,-0.9730306628139902,-1.6011538724860175,-1.5131494595868806,-1.282580576143922,0.08811461335970533,-0.04184331463324008,-0.5543804214585547,0.038748217087348436,-1.3589370168332695,-0.9935124110444327,-2.645669819519483,0.2820724723872218
1997-01-08,-0.15672320372548623,-0.7112459472386813,-0.9740717073939847,-1.122851423427798,-0.96903737946621,-1.1750701658675666,-1.3604161279433895,-0.18017285001290118,0.17032507208210174,-0.3571784480789797,-0.02176365225150684,-0.9470790813746469,-1.198074438854906,-2.855488620979763,0.023572081209424174
1997-01-09,-0.1650679325904811,-0.5618066672883284,-1.4318356974851831,-1.1586265796661515,-0.09455794200010106,-0.8994980385998423,-1.344717951238768,-0.4620529961049943,0.37068578702884475,-0.4305137982115601,-0.25500894994326245,-1.0318116461000115,-1.6270710663572066,-2.8364742451761895,-0.5561228349692626
1997-01-10,-0.391199732570663,-0.5532307269781832,-1.816717338550576,-0.8481066192425822,0.309448107804489,-0.7702894400813899,-1.4192534549031506,-0.4932187631814962,0.46981012359073426,-0.45758070515158067,-0.6678865402801782,-0.7473869036506375,-1.5643140316134876,-2.9749637182611433,-0.8734042860893235
1997-01-11,-0.6407346435594454,-0.42968555201015,-1.9113898042128608,-0.8819694676848389,0.49515427347168167,-0.9815614428578713,-1.267053533474183,-0.1945689524932098,0.09671149413544193,-0.5716334616093636,-0.7353241130067978,-0.45670893276599217,-1.6502459416054887,-2.74692828085648,-0.7256109290009746
1997-01-12,-0.9065292545103144,-0.1602909764969179,-1.653822404649793,-1.3001798396839335,0.4401617089454709,-1.1835600854275685,-1.2485488824412978,-0.1625087399216427,-0.4422382193980752,-0.6763314617867415,-0.9814460471527207,-0.2843235315694763,-1.4730554528710051,-2.6155606441034562,-0.8633111381011138
1997-01-13,-1.3361939579222508,-0.41270061791069856,-1.3891198365304707,-1.255980623623868,0.582078577405273,-0.9899610146033426,-0.7166753778135562,-0.456062906725401,-1.078023678572184,-0.6563237076761368,-0.7677844294580606,-0.48306884126520605,-1.4116367114519237,-2.6795154534409122,-1.064889225678983
1997-01-14,-1.526780104434017,-0.6192729157342849,-1.2227884815003576,-1.3421404259936522,0.4632344657170946,-1.138932655070914,-0.26406822899298765,-0.7022070102154941,-1.2798116634616763,-0.9194622156858796,-0.5900162674893517,-0.2734952226649835,-1.2079508148751972,-2.830350567905186,-1.290433627905671
1997-01-15,-1.4471240764056472,-0.8091002457202761,-1.1530032935437196,-1.4414110286520787,0.7158030005836701,-1.5519335561705676,-0.015795684107187957,-0.8509372723715773,-1.4034858937965229,-0.6755753623712295,-0.5471881724683035,-0.16815597855808956,-0.9372383676718253,-2.488683144250038,-1.812424817343463
1997-01-16,-1.4542614199912223,-0.7120926735820012,-0.8933815510040002,-1.479027434469816,1.0528588880010044,-1.934340617664163,0.28959375194447273,-0.8484387389429981,-1.3615346147583296,-0.6563006537420821,-0.8602636068048409,-0.26719946656213467,-0.7752871031116771,-2.2041815670695564,-1.7988792416989319
1997-01-17,-1.3746124499848733,-0.7417993557047698,-0.7805367535214898,-1.6378878988829586,0.8327533576265638,-1.8124150809350505,0.5143645721922292,-1.053724838490483,-1.423666040347342,-0.45745379234533234,-0.910957456135034,-0.7482400535487782,-0.785991612985692,-1.7301793366178655,-1.0890598713066106
1997-01-18,-1.220159918311149,-0.9535152491124776,-0.22871647798914888,-1.9186669968839285,0.3218207571131161,-1.4224799978246796,0.5921609129933223,-0.9994390789305323,-1.3674728678740102,-0.8810911241786352,-1.0135376803171796,-0.5425654448214687,-0.8171874497763219,-1.762575453912531,-0.7517742167826247
1997-01-19,-1.1731519640684545,-1.0467291092253974,-0.24707321136906096,-2.2888326204871183,-0.3557968987932944,-1.6342659501068704,0.6273801452785777,-0.9628705365372497,-1.5563114593743912,-0.6302518825826288,-0.9762118284801559,-0.24985595730733076,-1.0446087968896347,-1.835239298931377,-0.7144830097718531
1997-01-20,-1.1299687607192028,-0.8294575064582461,0.08171979147145315,-2.795378582749814,-1.1022201274358732,-1.4776976307258403,0.5135732919417179,-1.04079512852388,-1.1374388960020405,-0.3579766474919178,-0.7855530884902573,0.10672288153593179,-1.62459632266003,-1.766716443811159,-1.0897420190106664
1997-01-21,-0.9011690083768997,-0.6806312722810645,0.31322129282443684,-3.3336162550504147,-1.362986251133587,-1.2199817849562238,0.6343714605500013,-1.4295155320073638,-0.7913327546203865,-0.1537273558743837,-0.2990106878582727,0.35954466557335135,-1.9942491245697518,-1.5528471986484667,-1.258800753279701
1997-01-22,-0.7952535072980529,-0.5643803882207014,0.12131657181899053,-3.4657843588317867,-1.2355792960303473,-0.8582156490849234,0.62371079120426,-1.747161378963896,-0.3947694385572896,-0.27915865529286304,0.20644008417859422,0.6953563806202088,-1.7972935555167853,-1.7103340312419713,-1.0749268958158298
1997-01-23,-0.78264803930574,-0.7373593039802079,-0.07527127134471862,-3.943888744456639,-1.1064119862950244,-0.750886012630983,0.6997848729342258,-1.6280837533000547,-0.12449300854391596,-0.03686447767386049,0.5185858208983264,1.158334533526902,-2.0964181283440166,-2.030982006439204,-1.2114809821339612
1997-01-24,-0.9064546279635957,-0.9773020035670548,-0.07413474176638478,-3.852553311726696,-1.0253213494202837,-0.7814818702252461,0.7067405161261822,-1.479412054003523,0.10145536008623354,-0.015728962065461583,0.6247059786873015,0.5499772718639211,-2.2651619297446084,-2.412269543958956,-1.491985052303063
1997-01-25,-0.9204374152185016,-0.6803281275573506,-0.14649187651242976,-3.80761649319186,-0.40885777557505054,-0.4357074659704,0.46537345421982695,-1.2287739939413358,3.143108594441564e-05,-0.1253177237931591,0.7916934193405688,-0.05542786261931679,-2.235375687628647,-2.540233161413881,-1.821572266429834
1997-01-26,-0.8428016574832803,-0.12229752911522623,-0.40149387620176097,-3.5278378310053564,-0.12873536724523538,-0.024766820332438797,0.06373638140459839,-0.9082067074458914,-0.14461375665919296,-0.3850939255228737,0.7751365304111782,-0.1578656294999666,-1.915355250050046,-2.203112090147492,-2.1411556273808956
1997-01-27,-0.6915277767044056,-0.2410069862374515,-0.3166304690568138,-3.203026785499133,-0.42455616648779737,0.19265037291962986,-0.5122444310564938,-0.7541776682085495,0.13416519108685696,-0.24181848674488904,0.8357446690609093,-0.005173382505924136,-1.6125865557620236,-1.7100949871582698,-2.2840785741287197
1997-01-28,-0.6574409591290058,-0.2726018281255716,-0.28036020679259666,-3.2750196895955175,-0.6835063637136232,-0.10114712459213426,-0.3708584731104643,-0.7227755972879916,0.4322046511071964,-0.2741630117740802,0.7811662851689962,-0.11452564948595007,-1.3232646123891278,-1.367955666043878,-2.1961556676514657
1997-01-29,-0.5175424989973155,0.02874967668640705,-0.5648489071752256,-2.989853705625379,-0.47390966972156345,0.09334211151558543,-0.1644798289888797,-0.8012642814850577,0.3867842388952215,0.0350973620891726,0.6384232477070966,-0.27486797983402084,-1.0637620280270097,-1.0293772831268633,-1.9794804747950312
1997-01-30,-0.2424068766773155,0.30464361699644515,-0.896383447921396,-2.626705386566958,-0.49720737597469694,0.30466559303837804,0.10858413804280613,-0.9003683366746744,-0.08408866100237462,-0.05242441546433761,0.39773673466997717,-0.32682774926934693,-0.5654085216886446,-0.5467634930755362,-1.8426198159907339
1997-01-31,0.17211909566633096,0.14382677596539323,-1.2151408738285037,-2.495489463683487,-0.7394636262485305,0.06416776490723777,-0.02694663386932479,-1.085530146663,-0.6367002744588893,-0.06720236911304796,0.5284688414641566,-0.2686449587974699,-0.42117658472113984,-0.05402776350227735,-1.5737804280000738
1997-02-01,0.381605242155723,-0.09950428758624842,-1.2821284312682732,-2.4198499137659453,-0.8546680033912282,0.20945859730257319,-0.006646935306876482,-0.9490062943498981,-0.8072824289494416,-0.04814947288937951,0.7151933889377942,0.11042501382789816,-0.3521959887172256,0.030915950267969658,-1.1394199234986893
1997-02-02,0.6332415311282807,-0.05067149163444839,-1.3156910756654496,-1.9010019045288735,-1.1713353578521277,0.5164425917939225,-0.0019623633616311018,-0.7679479684465562,-1.0808878548241403,0.3991269029263591,0.7457094108176499,0.44026378259504606,-0.08498203863270144,-0.010589416083095294,-0.6349462561103855
1997-02-03,0.8472021086781903,-0.0469668648036131,-1.747270530327423,-1.2532852185207257,-1.3187666893880747,0.7285629747980762,0.08184275674898699,-0.7163285783081937,-1.2796190152648057,0.6502151589121381,0.8308405493620896,0.5866559927754604,0.05844029316533129,-0.10891947613934712,-0.058641268040890336
1997-02-04,0.9262096622901494,0.04214942896247435,-1.8421341397154256,-0.9972644599027476,-1.3464199727573047,1.0079913439737707,0.027984674809207685,-0.6547460137771485,-1.4465418640028525,1.0958601531085004,0.9900709359711144,0.586199010226256,0.07033912526285806,0.06723447441241275,0.18734308738466654
1997-02-05,0.8705843243098823,0.6363076376756664,-1.6246149721138792,-1.0414639798935794,-1.06360970597497,1.3268809975977052,0.1645184007878872,-0.5796961883754967,-1.7109987669792686,1.0481795486390764,1.0049368543047188,0.7544412163177238,-0.14954280571634757,0.3507654427872583,0.5268131561434772
1997-02-06,0.572165233833797,1.143998184906389,-1.6745307080094918,-1.1035627596577988,-0.9857622997348172,1.3110944765866546,0.3280422848698522,-0.4513368934368021,-1.6767924902162055,1.3222050107562688,0.7018095392092857,0.5578522161752919,-0.17868249632969685,0.43809339681974735,0.7073615514701881
1997-02-07,0.4801552600793067,1.389200814837195,-1.5991168948864154,-1.0151731827652033,-0.51876410930632,0.7085391705752313,0.7639232101681319,-0.12042535016307968,-1.5206721828675909,1.4478618236022918,0.4456293680817158,0.5608261510016999,0.23539143380169222,0.5712600074608897,0.5267251111257497
1997-02-08,0.43305171495954986,1.847825521081388,-1.4312369388684911,-0.5506167946192253,-0.31854993900969386,0.2768059503441461,1.140092565974275,0.261590413858664,-1.4109457565475252,1.261675237418621,0.03103434483099414,0.3745281411122901,0.2344251494926759,0.6820913226764055,0.5372591931730466
1997-02-09,0.0926591869173528,2.040747563050022,-1.084489886966343,-0.1816450679611259,-0.3508340088809141,-0.025643971041824157,1.2217572243228967,0.18980779610442566,-1.4999153927908555,1.3922940726229374,0.13710230952370267,0.6906037430288162,0.2064451308997128,0.936963638301155,0.38281465850430596
1997-02-10,-0.3115966987605017,2.4131419531550735,-0.851827486860703,0.12400220166671837,-0.44521723238158323,0.0663646269016303,1.019521219170075,0.03664252932013364,-1.3550835106032844,1.8641478581093973,0.5912531948423576,0.2146771424156137,0.4270838469509632,1.2225199466809091,0.15281971480852075
1997-02-11,-0.5373733962718138,2.38650842948319,-0.5541052173878054,0.4846409721219705,-0.5850471330414069,-0.00757872994398913,1.199903533681137,0.09117884220329586,-1.368596128464611,1.969625098979559,0.7903760977549581,-0.607142468247172,0.8034133410398685,0.627343224789244,0.5041321648193979
