,1,2,3,4,5,6,7,8,9,10,11,12,13,14,15
1999-08-03,-0.22270574045047348,-0.22270574045047348,-0.22270574045047348,-0.22270574045047348,-0.22270574045047348,-0.22270574045047348,-0.22270574045047348,-0.22270574045047348,-0.22270574045047348,-0.22270574045047348,-0.22270574045047348,-0.22270574045047348,-0.22270574045047348,-0.22270574045047348,-0.22270574045047348
1999-08-04,-0.13070088219170675,-0.13070088219170675,-0.13070088219170675,-0.13070088219170675,-0.13070088219170675,-0.13070088219170675,-0.13070088219170675,-0.13070088219170675,-0.13070088219170675,-0.13070088219170675,-0.13070088219170675,-0.13070088219170675,-0.13070088219170675,-0.13070088219170675,-0.13070088219170675
1999-08-05,-0.15204539244202617,-0.15204539244202617,-0.15204539244202617,-0.15204539244202617,-0.15204539244202617,-0.15204539244202617,-0.15204539244202617,-0.15204539244202617,-0.15204539244202617,-0.15204539244202617,-0.15204539244202617,-0.15204539244202617,-0.15204539244202617,-0.15204539244202617,-0.15204539244202617
1999-08-06,-0.23109387788912675,-0.23109387788912675,-0.23109387788912675,-0.23109387788912675,-0.23109387788912675,-0.23109387788912675,-0.23109387788912675,-0.23109387788912675,-0.23109387788912675,-0.23109387788912675,-0.23109387788912675,-0.23109387788912675,-0.23109387788912675,-0.23109387788912675,-0.23109387788912675
1999-08-07,-0.1286179933747717,-0.1286179933747717,-0.1286179933747717,-0.1286179933747717,-0.1286179933747717,-0.1286179933747717,-0.1286179933747717,-0.1286179933747717,-0.1286179933747717,-0.1286179933747717,-0.1286179933747717,-0.1286179933747717,-0.1286179933747717,-0.1286179933747717,-0.1286179933747717
1999-08-08,0.1110817953586528,0.1110817953586528,0.1110817953586528,0.1110817953586528,0.1110817953586528,0.1110817953586528,0.1110817953586528,0.1110817953586528,0.1110817953586528,0.1110817953586528,0.1110817953586528,0.1110817953586528,0.1110817953586528,0.1110817953586528,0.1110817953586528
1999-08-09,0.1776437545338947,0.1776437545338947,0.1776437545338947,0.1776437545338947,0.1776437545338947,0.1776437545338947,0.1776437545338947,0.1776437545338947,0.1776437545338947,0.1776437545338947,0.1776437545338947,0.1776437545338947,0.1776437545338947,0.1776437545338947,0.1776437545338947
1999-08-10,-0.0032095587388910004,-0.0032095587388910004,-0.0032095587388910004,-0.0032095587388910004,-0.0032095587388910004,-0.0032095587388910004,-0.0032095587388910004,-0.0032095587388910004,-0.0032095587388910004,-0.0032095587388910004,-0.0032095587388910004,-0.0032095587388910004,-0.0032095587388910004,-0.0032095587388910004,-0.0032095587388910004
1999-08-11,-0.090574099497671,-0.090574099497671,-0.090574099497671,-0.090574099497671,-0.090574099497671,-0.090574099497671,-0.090574099497671,-0.090574099497671,-0.090574099497671,-0.090574099497671,-0.090574099497671,-0.090574099497671,-0.090574099497671,-0.090574099497671,-0.090574099497671
1999-08-12,-0.1639316086322464,-0.1639316086322464,-0.1639316086322464,-0.1639316086322464,-0.1639316086322464,-0.1639316086322464,-0.1639316086322464,-0.1639316086322464,-0.1639316086322464,-0.1639316086322464,-0.1639316086322464,-0.1639316086322464,-0.1639316086322464,-0.1639316086322464,-0.1639316086322464
1999-08-13,-0.2583707868386915,-0.2583707868386915,-0.2583707868386915,-0.2583707868386915,-0.2583707868386915,-0.2583707868386915,-0.2583707868386915,-0.2583707868386915,-0.2583707868386915,-0.2583707868386915,-0.2583707868386915,-0.2583707868386915,-0.2583707868386915,-0.2583707868386915,-0.2583707868386915
1999-08-14,-0.38442673160958735,-0.38442673160958735,-0.38442673160958735,-0.38442673160958735,-0.38442673160958735,-0.38442673160958735,-0.38442673160958735,-0.38442673160958735,-0.38442673160958735,-0.38442673160958735,-0.38442673160958735,-0.38442673160958735,-0.38442673160958735,-0.38442673160958735,-0.38442673160958735
1999-08-15,-0.6672329950610515,-0.6672329950610515,-0.6672329950610515,-0.6672329950610515,-0.6672329950610515,-0.6672329950610515,-0.6672329950610515,-0.6672329950610515,-0.6672329950610515,-0.6672329950610515,-0.6672329950610515,-0.6672329950610515,-0.6672329950610515,-0.6672329950610515,-0.6672329950610515
1999-08-16,-0.806451536555881,-0.806451536555881,-0.806451536555881,-0.806451536555881,-0.806451536555881,-0.806451536555881,-0.806451536555881,-0.806451536555881,-0.806451536555881,-0.806451536555881,-0.806451536555881,-0.806451536555881,-0.806451536555881,-0.806451536555881,-0.806451536555881
1999-08-17,-0.9402263195393064,-0.9402263195393064,-0.9402263195393064,-0.9402263195393064,-0.9402263195393064,-0.9402263195393064,-0.9402263195393064,-0.9402263195393064,-0.9402263195393064,-0.9402263195393064,-0.9402263195393064,-0.9402263195393064,-0.9402263195393064,-0.9402263195393064,-0.9402263195393064
1999-08-18,-1.2059984004575548,-1.2059984004575548,-1.2059984004575548,-1.2059984004575548,-1.2059984004575548,-1.2059984004575548,-1.2059984004575548,-1.2059984004575548,-1.2059984004575548,-1.2059984004575548,-1.2059984004575548,-1.2059984004575548,-1.2059984004575548,-1.2059984004575548,-1.2059984004575548
1999-08-19,-1.4125179039740794,-1.4125179039740794,-1.4125179039740794,-1.4125179039740794,-1.4125179039740794,-1.4125179039740794,-1.4125179039740794,-1.4125179039740794,-1.4125179039740794,-1.4125179039740794,-1.4125179039740794,-1.4125179039740794,-1.4125179039740794,-1.4125179039740794,-1.4125179039740794
1999-08-20,-1.3951193195340967,-1.3951193195340967,-1.3951193195340967,-1.3951193195340967,-1.3951193195340967,-1.3951193195340967,-1.3951193195340967,-1.3951193195340967,-1.3951193195340967,-1.3951193195340967,-1.3951193195340967,-1.3951193195340967,-1.3951193195340967,-1.3951193195340967,-1.3951193195340967
1999-08-21,-0.9153331149108213,-0.9153331149108213,-0.9153331149108213,-0.9153331149108213,-0.9153331149108213,-0.9153331149108213,-0.9153331149108213,-0.9153331149108213,-0.9153331149108213,-0.9153331149108213,-0.9153331149108213,-0.9153331149108213,-0.9153331149108213,-0.9153331149108213,-0.9153331149108213
1999-08-22,-0.8693062703575845,-0.8693062703575845,-0.8693062703575845,-0.8693062703575845,-0.8693062703575845,-0.8693062703575845,-0.8693062703575845,-0.8693062703575845,-0.8693062703575845,-0.8693062703575845,-0.8693062703575845,-0.8693062703575845,-0.8693062703575845,-0.8693062703575845,-0.8693062703575845
1999-08-23,-0.8148220415144872,-0.8148220415144872,-0.8148220415144872,-0.8148220415144872,-0.8148220415144872,-0.8148220415144872,-0.8148220415144872,-0.8148220415144872,-0.8148220415144872,-0.8148220415144872,-0.8148220415144872,-0.8148220415144872,-0.8148220415144872,-0.8148220415144872,-0.8148220415144872
1999-08-24,-0.8169189444687049,-0.8169189444687049,-0.8169189444687049,-0.8169189444687049,-0.8169189444687049,-0.8169189444687049,-0.8169189444687049,-0.8169189444687049,-0.8169189444687049,-0.8169189444687049,-0.8169189444687049,-0.8169189444687049,-0.8169189444687049,-0.8169189444687049,-0.8169189444687049
1999-08-25,-0.5188165357423956,-0.5188165357423956,-0.5188165357423956,-0.5188165357423956,-0.5188165357423956,-0.5188165357423956,-0.5188165357423956,-0.5188165357423956,-0.5188165357423956,-0.5188165357423956,-0.5188165357423956,-0.5188165357423956,-0.5188165357423956,-0.5188165357423956,-0.5188165357423956
1999-08-26,-0.17186106452312744,-0.17186106452312744,-0.17186106452312744,-0.17186106452312744,-0.17186106452312744,-0.17186106452312744,-0.17186106452312744,-0.17186106452312744,-0.17186106452312744,-0.17186106452312744,-0.17186106452312744,-0.17186106452312744,-0.17186106452312744,-0.17186106452312744,-0.17186106452312744
1999-08-27,0.3158891851752147,0.3158891851752147,0.3158891851752147,0.3158891851752147,0.3158891851752147,0.3158891851752147,0.3158891851752147,0.3158891851752147,0.3158891851752147,0.3158891851752147,0.3158891851752147,0.3158891851752147,0.3158891851752147,0.3158891851752147,0.3158891851752147
1999-08-28,0.381795401017769,0.381795401017769,0.381795401017769,0.381795401017769,0.381795401017769,0.381795401017769,0.381795401017769,0.381795401017769,0.381795401017769,0.381795401017769,0.381795401017769,0.381795401017769,0.381795401017769,0.381795401017769,0.381795401017769
1999-08-29,0.4795157784453158,0.4795157784453158,0.4795157784453158,0.4795157784453158,0.4795157784453158,0.4795157784453158,0.4795157784453158,0.4795157784453158,0.4795157784453158,0.4795157784453158,0.4795157784453158,0.4795157784453158,0.4795157784453158,0.4795157784453158,0.4795157784453158
1999-08-30,0.26503464684106187,0.26503464684106187,0.26503464684106187,0.26503464684106187,0.26503464684106187,0.26503464684106187,0.26503464684106187,0.26503464684106187,0.26503464684106187,0.26503464684106187,0.26503464684106187,0.26503464684106187,0.26503464684106187,0.26503464684106187,0.26503464684106187
1999-08-31,0.1258568619321718,0.1258568619321718,0.1258568619321718,0.1258568619321718,0.1258568619321718,0.1258568619321718,0.1258568619321718,0.1258568619321718,0.1258568619321718,0.1258568619321718,0.1258568619321718,0.1258568619321718,0.1258568619321718,0.1258568619321718,0.1258568619321718
1999-09-01,0.30673567258627094,0.30673567258627094,0.30673567258627094,0.30673567258627094,0.30673567258627094,0.30673567258627094,0.30673567258627094,0.30673567258627094,0.30673567258627094,0.30673567258627094,0.30673567258627094,0.30673567258627094,0.30673567258627094,0.30673567258627094,0.30673567258627094
1999-09-02,0.15061906159886632,0.15061906159886632,0.15061906159886632,0.15061906159886632,0.15061906159886632,0.15061906159886632,0.15061906159886632,0.15061906159886632,0.15061906159886632,0.15061906159886632,0.15061906159886632,0.15061906159886632,0.15061906159886632,0.15061906159886632,0.15061906159886632
1999-09-03,0.15306506727672037,0.15306506727672037,0.15306506727672037,0.15306506727672037,0.15306506727672037,0.15306506727672037,0.15306506727672037,0.15306506727672037,0.15306506727672037,0.15306506727672037,0.15306506727672037,0.15306506727672037,0.15306506727672037,0.15306506727672037,0.15306506727672037
1999-09-04,-0.09084078453348417,-0.09084078453348417,-0.09084078453348417,-0.09084078453348417,-0.09084078453348417,-0.09084078453348417,-0.09084078453348417,-0.09084078453348417,-0.09084078453348417,-0.09084078453348417,-0.09084078453348417,-0.09084078453348417,-0.09084078453348417,-0.09084078453348417,-0.09084078453348417
1999-09-05,-0.20078445154868046,-0.20078445154868046,-0.20078445154868046,-0.20078445154868046,-0.20078445154868046,-0.20078445154868046,-0.20078445154868046,-0.20078445154868046,-0.20078445154868046,-0.20078445154868046,-0.20078445154868046,-0.20078445154868046,-0.20078445154868046,-0.20078445154868046,-0.20078445154868046
1999-09-06,-0.39556880330299315,-0.39556880330299315,-0.39556880330299315,-0.39556880330299315,-0.39556880330299315,-0.39556880330299315,-0.39556880330299315,-0.39556880330299315,-0.39556880330299315,-0.39556880330299315,-0.39556880330299315,-0.39556880330299315,-0.39556880330299315,-0.39556880330299315,-0.39556880330299315
1999-09-07,-0.7817750668286393,-0.7817750668286393,-0.7817750668286393,-0.7817750668286393,-0.7817750668286393,-0.7817750668286393,-0.7817750668286393,-0.7817750668286393,-0.7817750668286393,-0.7817750668286393,-0.7817750668286393,-0.7817750668286393,-0.7817750668286393,-0.7817750668286393,-0.7817750668286393
1999-09-08,-1.0637904230020987,-1.0637904230020987,-1.0637904230020987,-1.0637904230020987,-1.0637904230020987,-1.0637904230020987,-1.0637904230020987,-1.0637904230020987,-1.0637904230020987,-1.0637904230020987,-1.0637904230020987,-1.0637904230020987,-1.0637904230020987,-1.0637904230020987,-1.0637904230020987
1999-09-09,-0.8747458701730075,-0.8747458701730075,-0.8747458701730075,-0.8747458701730075,-0.8747458701730075,-0.8747458701730075,-0.8747458701730075,-0.8747458701730075,-0.8747458701730075,-0.8747458701730075,-0.8747458701730075,-0.8747458701730075,-0.8747458701730075,-0.8747458701730075,-0.8747458701730075
1999-09-10,-0.5694284720827447,-0.5694284720827447,-0.5694284720827447,-0.5694284720827447,-0.5694284720827447,-0.5694284720827447,-0.5694284720827447,-0.5694284720827447,-0.5694284720827447,-0.5694284720827447,-0.5694284720827447,-0.5694284720827447,-0.5694284720827447,-0.5694284720827447,-0.5694284720827447
1999-09-11,-0.3507211874200819,-0.3507211874200819,-0.3507211874200819,-0.3507211874200819,-0.3507211874200819,-0.3507211874200819,-0.3507211874200819,-0.3507211874200819,-0.3507211874200819,-0.3507211874200819,-0.3507211874200819,-0.3507211874200819,-0.3507211874200819,-0.3507211874200819,-0.3507211874200819
1999-09-12,-0.3697558534101415,-0.3697558534101415,-0.3697558534101415,-0.3697558534101415,-0.3697558534101415,-0.3697558534101415,-0.3697558534101415,-0.3697558534101415,-0.3697558534101415,-0.3697558534101415,-0.3697558534101415,-0.3697558534101415,-0.3697558534101415,-0.3697558534101415,-0.3697558534101415
1999-09-13,-0.5379755186138819,-0.5379755186138819,-0.5379755186138819,-0.5379755186138819,-0.5379755186138819,-0.5379755186138819,-0.5379755186138819,-0.5379755186138819,-0.5379755186138819,-0.5379755186138819,-0.5379755186138819,-0.5379755186138819,-0.5379755186138819,-0.5379755186138819,-0.5379755186138819
1999-09-14,-0.5542600933784586,-0.5542600933784586,-0.5542600933784586,-0.5542600933784586,-0.5542600933784586,-0.5542600933784586,-0.5542600933784586,-0.5542600933784586,-0.5542600933784586,-0.5542600933784586,-0.5542600933784586,-0.5542600933784586,-0.5542600933784586,-0.5542600933784586,-0.5542600933784586
1999-09-15,-0.30231510258380634,-0.30231510258380634,-0.30231510258380634,-0.30231510258380634,-0.30231510258380634,-0.30231510258380634,-0.30231510258380634,-0.30231510258380634,-0.30231510258380634,-0.30231510258380634,-0.30231510258380634,-0.30231510258380634,-0.30231510258380634,-0.30231510258380634,-0.30231510258380634
1999-09-16,-0.13370215373304936,-0.13370215373304936,-0.13370215373304936,-0.13370215373304936,-0.13370215373304936,-0.13370215373304936,-0.13370215373304936,-0.13370215373304936,-0.13370215373304936,-0.13370215373304936,-0.13370215373304936,-0.13370215373304936,-0.13370215373304936,-0.13370215373304936,-0.13370215373304936
1999-09-17,-0.4634748635011835,-0.4634748635011835,-0.4634748635011835,-0.4634748635011835,-0.4634748635011835,-0.4634748635011835,-0.4634748635011835,-0.4634748635011835,-0.4634748635011835,-0.4634748635011835,-0.4634748635011835,-0.4634748635011835,-0.4634748635011835,-0.4634748635011835,-0.4634748635011835
1999-09-18,-0.4565699162363597,-0.4565699162363597,-0.4565699162363597,-0.4565699162363597,-0.4565699162363597,-0.4565699162363597,-0.4565699162363597,-0.4565699162363597,-0.4565699162363597,-0.4565699162363597,-0.4565699162363597,-0.4565699162363597,-0.4565699162363597,-0.4565699162363597,-0.4565699162363597
1999-09-19,-0.8514745270121457,-0.8514745270121457,-0.8514745270121457,-0.8514745270121457,-0.8514745270121457,-0.8514745270121457,-0.8514745270121457,-0.8514745270121457,-0.8514745270121457,-0.8514745270121457,-0.8514745270121457,-0.8514745270121457,-0.8514745270121457,-0.8514745270121457,-0.8514745270121457
1999-09-20,-1.3386518717640228,-1.3386518717640228,-1.3386518717640228,-1.3386518717640228,-1.3386518717640228,-1.3386518717640228,-1.3386518717640228,-1.3386518717640228,-1.3386518717640228,-1.3386518717640228,-1.3386518717640228,-1.3386518717640228,-1.3386518717640228,-1.3386518717640228,-1.3386518717640228
1999-09-21,-1.337076414731379,-1.337076414731379,-1.337076414731379,-1.337076414731379,-1.337076414731379,-1.337076414731379,-1.337076414731379,-1.337076414731379,-1.337076414731379,-1.337076414731379,-1.337076414731379,-1.337076414731379,-1.337076414731379,-1.337076414731379,-1.337076414731379
1999-09-22,-1.2890162976622084,-1.2890162976622084,-1.2890162976622084,-1.2890162976622084,-1.2890162976622084,-1.2890162976622084,-1.2890162976622084,-1.2890162976622084,-1.2890162976622084,-1.2890162976622084,-1.2890162976622084,-1.2890162976622084,-1.2890162976622084,-1.2890162976622084,-1.2890162976622084
1999-09-23,-1.3633373093264234,-1.3633373093264234,-1.3633373093264234,-1.3633373093264234,-1.3633373093264234,-1.3633373093264234,-1.3633373093264234,-1.3633373093264234,-1.3633373093264234,-1.3633373093264234,-1.3633373093264234,-1.3633373093264234,-1.3633373093264234,-1.3633373093264234,-1.3633373093264234
1999-09-24,-1.7917984978059556,-1.7917984978059556,-1.7917984978059556,-1.7917984978059556,-1.7917984978059556,-1.7917984978059556,-1.7917984978059556,-1.7917984978059556,-1.7917984978059556,-1.7917984978059556,-1.7917984978059556,-1.7917984978059556,-1.7917984978059556,-1.7917984978059556,-1.7917984978059556
1999-09-25,-1.7268744991068152,-1.7268744991068152,-1.7268744991068152,-1.7268744991068152,-1.7268744991068152,-1.7268744991068152,-1.7268744991068152,-1.7268744991068152,-1.7268744991068152,-1.7268744991068152,-1.7268744991068152,-1.7268744991068152,-1.7268744991068152,-1.7268744991068152,-1.7268744991068152
1999-09-26,-1.797872663715773,-1.797872663715773,-1.797872663715773,-1.797872663715773,-1.797872663715773,-1.797872663715773,-1.797872663715773,-1.797872663715773,-1.797872663715773,-1.797872663715773,-1.797872663715773,-1.797872663715773,-1.797872663715773,-1.797872663715773,-1.797872663715773
1999-09-27,-1.9646732496037405,-1.9646732496037405,-1.9646732496037405,-1.9646732496037405,-1.9646732496037405,-1.9646732496037405,-1.9646732496037405,-1.9646732496037405,-1.9646732496037405,-1.9646732496037405,-1.9646732496037405,-1.9646732496037405,-1.9646732496037405,-1.9646732496037405,-1.9646732496037405
1999-09-28,-1.9447973226020867,-1.9447973226020867,-1.9447973226020867,-1.9447973226020867,-1.9447973226020867,-1.9447973226020867,-1.9447973226020867,-1.9447973226020867,-1.9447973226020867,-1.9447973226020867,-1.9447973226020867,-1.9447973226020867,-1.9447973226020867,-1.9447973226020867,-1.9447973226020867
1999-09-29,-1.844557487725246,-1.844557487725246,-1.844557487725246,-1.844557487725246,-1.844557487725246,-1.844557487725246,-1.844557487725246,-1.844557487725246,-1.844557487725246,-1.844557487725246,-1.844557487725246,-1.844557487725246,-1.844557487725246,-1.844557487725246,-1.844557487725246
1999-09-30,-1.7368045041243227,-1.7368045041243227,-1.7368045041243227,-1.7368045041243227,-1.7368045041243227,-1.7368045041243227,-1.7368045041243227,-1.7368045041243227,-1.7368045041243227,-1.7368045041243227,-1.7368045041243227,-1.7368045041243227,-1.7368045041243227,-1.7368045041243227,-1.7368045041243227
1999-10-01,-1.488055589064919,-1.488055589064919,-1.488055589064919,-1.488055589064919,-1.488055589064919,-1.488055589064919,-1.488055589064919,-1.488055589064919,-1.488055589064919,-1.488055589064919,-1.488055589064919,-1.488055589064919,-1.488055589064919,-1.488055589064919,-1.488055589064919
1999-10-02,-1.3001286682542084,-1.3001286682542084,-1.3001286682542084,-1.3001286682542084,-1.3001286682542084,-1.3001286682542084,-1.3001286682542084,-1.3001286682542084,-1.3001286682542084,-1.3001286682542084,-1.3001286682542084,-1.3001286682542084,-1.3001286682542084,-1.3001286682542084,-1.3001286682542084
1999-10-03,-1.1168248338311226,-1.1168248338311226,-1.1168248338311226,-1.1168248338311226,-1.1168248338311226,-1.1168248338311226,-1.1168248338311226,-1.1168248338311226,-1.1168248338311226,-1.1168248338311226,-1.1168248338311226,-1.1168248338311226,-1.1168248338311226,-1.1168248338311226,-1.1168248338311226
1999-10-04,-1.1018310266671048,-1.1018310266671048,-1.1018310266671048,-1.1018310266671048,-1.1018310266671048,-1.1018310266671048,-1.1018310266671048,-1.1018310266671048,-1.1018310266671048,-1.1018310266671048,-1.1018310266671048,-1.1018310266671048,-1.1018310266671048,-1.1018310266671048,-1.1018310266671048
1999-10-05,-1.2224781857793576,-1.2224781857793576,-1.2224781857793576,-1.2224781857793576,-1.2224781857793576,-1.2224781857793576,-1.2224781857793576,-1.2224781857793576,-1.2224781857793576,-1.2224781857793576,-1.2224781857793576,-1.2224781857793576,-1.2224781857793576,-1.2224781857793576,-1.2224781857793576
1999-10-06,-1.0740445982365368,-1.0740445982365368,-1.0740445982365368,-1.0740445982365368,-1.0740445982365368,-1.0740445982365368,-1.0740445982365368,-1.0740445982365368,-1.0740445982365368,-1.0740445982365368,-1.0740445982365368,-1.0740445982365368,-1.0740445982365368,-1.0740445982365368,-1.0740445982365368
1999-10-07,-0.7004070129175138,-0.7004070129175138,-0.7004070129175138,-0.7004070129175138,-0.7004070129175138,-0.7004070129175138,-0.7004070129175138,-0.7004070129175138,-0.7004070129175138,-0.7004070129175138,-0.7004070129175138,-0.7004070129175138,-0.7004070129175138,-0.7004070129175138,-0.7004070129175138
1999-10-08,-0.4740706444634916,-0.4740706444634916,-0.4740706444634916,-0.4740706444634916,-0.4740706444634916,-0.4740706444634916,-0.4740706444634916,-0.4740706444634916,-0.4740706444634916,-0.4740706444634916,-0.4740706444634916,-0.4740706444634916,-0.4740706444634916,-0.4740706444634916,-0.4740706444634916
1999-10-09,-0.2331301850143596,-0.2331301850143596,-0.2331301850143596,-0.2331301850143596,-0.2331301850143596,-0.2331301850143596,-0.2331301850143596,-0.2331301850143596,-0.2331301850143596,-0.2331301850143596,-0.2331301850143596,-0.2331301850143596,-0.2331301850143596,-0.2331301850143596,-0.2331301850143596
1999-10-10,0.30718728059755684,0.30718728059755684,0.30718728059755684,0.30718728059755684,0.30718728059755684,0.30718728059755684,0.30718728059755684,0.30718728059755684,0.30718728059755684,0.30718728059755684,0.30718728059755684,0.30718728059755684,0.30718728059755684,0.30718728059755684,0.30718728059755684
1999-10-11,0.4452734640491595,0.4452734640491595,0.4452734640491595,0.4452734640491595,0.4452734640491595,0.4452734640491595,0.4452734640491595,0.4452734640491595,0.4452734640491595,0.4452734640491595,0.4452734640491595,0.4452734640491595,0.4452734640491595,0.4452734640491595,0.4452734640491595
1999-10-12,0.6297726923844603,0.6297726923844603,0.6297726923844603,0.6297726923844603,0.6297726923844603,0.6297726923844603,0.6297726923844603,0.6297726923844603,0.6297726923844603,0.6297726923844603,0.6297726923844603,0.6297726923844603,0.6297726923844603,0.6297726923844603,0.6297726923844603
1999-10-13,0.5999407816143029,0.5999407816143029,0.5999407816143029,0.5999407816143029,0.5999407816143029,0.5999407816143029,0.5999407816143029,0.5999407816143029,0.5999407816143029,0.5999407816143029,0.5999407816143029,0.5999407816143029,0.5999407816143029,0.5999407816143029,0.5999407816143029
1999-10-14,0.5335949364601249,0.5335949364601249,0.5335949364601249,0.5335949364601249,0.5335949364601249,0.5335949364601249,0.5335949364601249,0.5335949364601249,0.5335949364601249,0.5335949364601249,0.5335949364601249,0.5335949364601249,0.5335949364601249,0.5335949364601249,0.5335949364601249
1999-10-15,0.7750121337647812,0.7750121337647812,0.7750121337647812,0.7750121337647812,0.7750121337647812,0.7750121337647812,0.7750121337647812,0.7750121337647812,0.7750121337647812,0.7750121337647812,0.7750121337647812,0.7750121337647812,0.7750121337647812,0.7750121337647812,0.7750121337647812
1999-10-16,1.0366263414025312,1.0366263414025312,1.0366263414025312,1.0366263414025312,1.0366263414025312,1.0366263414025312,1.0366263414025312,1.0366263414025312,1.0366263414025312,1.0366263414025312,1.0366263414025312,1.0366263414025312,1.0366263414025312,1.0366263414025312,1.0366263414025312
1999-10-17,1.191939055981371,1.191939055981371,1.191939055981371,1.191939055981371,1.191939055981371,1.191939055981371,1.191939055981371,1.191939055981371,1.191939055981371,1.191939055981371,1.191939055981371,1.191939055981371,1.191939055981371,1.191939055981371,1.191939055981371
1999-10-18,1.2727973343279766,1.2727973343279766,1.2727973343279766,1.2727973343279766,1.2727973343279766,1.2727973343279766,1.2727973343279766,1.2727973343279766,1.2727973343279766,1.2727973343279766,1.2727973343279766,1.2727973343279766,1.2727973343279766,1.2727973343279766,1.2727973343279766
1999-10-19,1.2410018801905054,1.2410018801905054,1.2410018801905054,1.2410018801905054,1.2410018801905054,1.2410018801905054,1.2410018801905054,1.2410018801905054,1.2410018801905054,1.2410018801905054,1.2410018801905054,1.2410018801905054,1.2410018801905054,1.2410018801905054,1.2410018801905054
1999-10-20,1.3074417394152367,1.3074417394152367,1.3074417394152367,1.3074417394152367,1.3074417394152367,1.3074417394152367,1.3074417394152367,1.3074417394152367,1.3074417394152367,1.3074417394152367,1.3074417394152367,1.3074417394152367,1.3074417394152367,1.3074417394152367,1.3074417394152367
1999-10-21,1.3805299118135559,1.3805299118135559,1.3805299118135559,1.3805299118135559,1.3805299118135559,1.3805299118135559,1.3805299118135559,1.3805299118135559,1.3805299118135559,1.3805299118135559,1.3805299118135559,1.3805299118135559,1.3805299118135559,1.3805299118135559,1.3805299118135559
1999-10-22,1.4480741903043148,1.4480741903043148,1.4480741903043148,1.4480741903043148,1.4480741903043148,1.4480741903043148,1.4480741903043148,1.4480741903043148,1.4480741903043148,1.4480741903043148,1.4480741903043148,1.4480741903043148,1.4480741903043148,1.4480741903043148,1.4480741903043148
1999-10-23,1.300306348263765,1.300306348263765,1.300306348263765,1.300306348263765,1.300306348263765,1.300306348263765,1.300306348263765,1.300306348263765,1.300306348263765,1.300306348263765,1.300306348263765,1.300306348263765,1.300306348263765,1.300306348263765,1.300306348263765
1999-10-24,1.3227635733558374,1.3227635733558374,1.3227635733558374,1.3227635733558374,1.3227635733558374,1.3227635733558374,1.3227635733558374,1.3227635733558374,1.3227635733558374,1.3227635733558374,1.3227635733558374,1.3227635733558374,1.3227635733558374,1.3227635733558374,1.3227635733558374
1999-10-25,1.2879942526820654,1.2879942526820654,1.2879942526820654,1.2879942526820654,1.2879942526820654,1.2879942526820654,1.2879942526820654,1.2879942526820654,1.2879942526820654,1.2879942526820654,1.2879942526820654,1.2879942526820654,1.2879942526820654,1.2879942526820654,1.2879942526820654
1999-10-26,1.5938851392396278,1.5938851392396278,1.5938851392396278,1.5938851392396278,1.5938851392396278,1.5938851392396278,1.5938851392396278,1.5938851392396278,1.5938851392396278,1.5938851392396278,1.5938851392396278,1.5938851392396278,1.5938851392396278,1.5938851392396278,1.5938851392396278
1999-10-27,1.5114274141981938,1.5114274141981938,1.5114274141981938,1.5114274141981938,1.5114274141981938,1.5114274141981938,1.5114274141981938,1.5114274141981938,1.5114274141981938,1.5114274141981938,1.5114274141981938,1.5114274141981938,1.5114274141981938,1.5114274141981938,1.5114274141981938
1999-10-28,1.7731324692262043,1.7731324692262043,1.7731324692262043,1.7731324692262043,1.7731324692262043,1.7731324692262043,1.7731324692262043,1.7731324692262043,1.7731324692262043,1.7731324692262043,1.7731324692262043,1.7731324692262043,1.7731324692262043,1.7731324692262043,1.7731324692262043
1999-10-29,1.9790710669780638,1.9790710669780638,1.9790710669780638,1.9790710669780638,1.9790710669780638,1.9790710669780638,1.9790710669780638,1.9790710669780638,1.9790710669780638,1.9790710669780638,1.9790710669780638,1.9790710669780638,1.9790710669780638,1.9790710669780638,1.9790710669780638
1999-10-30,2.0949693897252066,2.0949693897252066,2.0949693897252066,2.0949693897252066,2.0949693897252066,2.0949693897252066,2.0949693897252066,2.0949693897252066,2.0949693897252066,2.0949693897252066,2.0949693897252066,2.0949693897252066,2.0949693897252066,2.0949693897252066,2.0949693897252066
1999-10-31,2.3095378352105147,2.3095378352105147,2.3095378352105147,2.3095378352105147,2.3095378352105147,2.3095378352105147,2.3095378352105147,2.3095378352105147,2.3095378352105147,2.3095378352105147,2.3095378352105147,2.3095378352105147,2.3095378352105147,2.3095378352105147,2.3095378352105147
1999-11-01,2.437639239276179,2.437639239276179,2.437639239276179,2.437639239276179,2.437639239276179,2.437639239276179,2.437639239276179,2.437639239276179,2.437639239276179,2.437639239276179,2.437639239276179,2.437639239276179,2.437639239276179,2.437639239276179,2.437639239276179
1999-11-02,2.346850828983117,2.346850828983117,2.346850828983117,2.346850828983117,2.346850828983117,2.346850828983117,2.346850828983117,2.346850828983117,2.346850828983117,2.346850828983117,2.346850828983117,2.346850828983117,2.346850828983117,2.346850828983117,2.346850828983117
1999-11-03,2.6645646225790447,2.6645646225790447,2.6645646225790447,2.6645646225790447,2.6645646225790447,2.6645646225790447,2.6645646225790447,2.6645646225790447,2.6645646225790447,2.6645646225790447,2.6645646225790447,2.6645646225790447,2.6645646225790447,2.6645646225790447,2.6645646225790447
1999-11-04,2.7172344102096115,2.7172344102096115,2.7172344102096115,2.7172344102096115,2.7172344102096115,2.7172344102096115,2.7172344102096115,2.7172344102096115,2.7172344102096115,2.7172344102096115,2.7172344102096115,2.7172344102096115,2.7172344102096115,2.7172344102096115,2.7172344102096115
1999-11-05,2.3660031324118362,2.3660031324118362,2.3660031324118362,2.3660031324118362,2.3660031324118362,2.3660031324118362,2.3660031324118362,2.3660031324118362,2.3660031324118362,2.3660031324118362,2.3660031324118362,2.3660031324118362,2.3660031324118362,2.3660031324118362,2.3660031324118362
1999-11-06,1.944405121585557,1.944405121585557,1.944405121585557,1.944405121585557,1.944405121585557,1.944405121585557,1.944405121585557,1.944405121585557,1.944405121585557,1.944405121585557,1.944405121585557,1.944405121585557,1.944405121585557,1.944405121585557,1.944405121585557
1999-11-07,1.8561529256674683,1.8561529256674683,1.8561529256674683,1.8561529256674683,1.8561529256674683,1.8561529256674683,1.8561529256674683,1.8561529256674683,1.8561529256674683,1.8561529256674683,1.8561529256674683,1.8561529256674683,1.8561529256674683,1.8561529256674683,1.8561529256674683
1999-11-08,1.550571202620511,1.550571202620511,1.550571202620511,1.550571202620511,1.550571202620511,1.550571202620511,1.550571202620511,1.550571202620511,1.550571202620511,1.550571202620511,1.550571202620511,1.550571202620511,1.550571202620511,1.550571202620511,1.550571202620511
1999-11-09,1.1153112535744103,1.1153112535744103,1.1153112535744103,1.1153112535744103,1.1153112535744103,1.1153112535744103,1.1153112535744103,1.1153112535744103,1.1153112535744103,1.1153112535744103,1.1153112535744103,1.1153112535744103,1.1153112535744103,1.1153112535744103,1.1153112535744103
1999-11-10,0.7084078006024466,0.7084078006024466,0.7084078006024466,0.7084078006024466,0.7084078006024466,0.7084078006024466,0.7084078006024466,0.7084078006024466,0.7084078006024466,0.7084078006024466,0.7084078006024466,0.7084078006024466,0.7084078006024466,0.7084078006024466,0.7084078006024466
1999-11-11,0.4427727821039121,0.4427727821039121,0.4427727821039121,0.4427727821039121,0.4427727821039121,0.4427727821039121,0.4427727821039121,0.4427727821039121,0.4427727821039121,0.4427727821039121,0.4427727821039121,0.4427727821039121,0.4427727821039121,0.4427727821039121,0.4427727821039121
1999-11-12,0.1878502136717275,0.1878502136717275,0.1878502136717275,0.1878502136717275,0.1878502136717275,0.1878502136717275,0.1878502136717275,0.1878502136717275,0.1878502136717275,0.1878502136717275,0.1878502136717275,0.1878502136717275,0.1878502136717275,0.1878502136717275,0.1878502136717275
1999-11-13,0.010975045177294866,0.010975045177294866,0.010975045177294866,0.010975045177294866,0.010975045177294866,0.010975045177294866,0.010975045177294866,0.010975045177294866,0.010975045177294866,0.010975045177294866,0.010975045177294866,0.010975045177294866,0.010975045177294866,0.010975045177294866,0.010975045177294866
1999-11-14,-0.1569936593417416,-0.1569936593417416,-0.1569936593417416,-0.1569936593417416,-0.1569936593417416,-0.1569936593417416,-0.1569936593417416,-0.1569936593417416,-0.1569936593417416,-0.1569936593417416,-0.1569936593417416,-0.1569936593417416,-0.1569936593417416,-0.1569936593417416,-0.1569936593417416
1999-11-15,-0.4426122064818765,-0.4426122064818765,-0.4426122064818765,-0.4426122064818765,-0.4426122064818765,-0.4426122064818765,-0.4426122064818765,-0.4426122064818765,-0.4426122064818765,-0.4426122064818765,-0.4426122064818765,-0.4426122064818765,-0.4426122064818765,-0.4426122064818765,-0.4426122064818765
1999-11-16,-0.6399356193898775,-0.6399356193898775,-0.6399356193898775,-0.6399356193898775,-0.6399356193898775,-0.6399356193898775,-0.6399356193898775,-0.6399356193898775,-0.6399356193898775,-0.6399356193898775,-0.6399356193898775,-0.6399356193898775,-0.6399356193898775,-0.6399356193898775,-0.6399356193898775
1999-11-17,-0.40772683252863434,-0.40772683252863434,-0.40772683252863434,-0.40772683252863434,-0.40772683252863434,-0.40772683252863434,-0.40772683252863434,-0.40772683252863434,-0.40772683252863434,-0.40772683252863434,-0.40772683252863434,-0.40772683252863434,-0.40772683252863434,-0.40772683252863434,-0.40772683252863434
1999-11-18,-0.24087402919584364,-0.24087402919584364,-0.24087402919584364,-0.24087402919584364,-0.24087402919584364,-0.24087402919584364,-0.24087402919584364,-0.24087402919584364,-0.24087402919584364,-0.24087402919584364,-0.24087402919584364,-0.24087402919584364,-0.24087402919584364,-0.24087402919584364,-0.24087402919584364
1999-11-19,-0.09192093626929808,-0.09192093626929808,-0.09192093626929808,-0.09192093626929808,-0.09192093626929808,-0.09192093626929808,-0.09192093626929808,-0.09192093626929808,-0.09192093626929808,-0.09192093626929808,-0.09192093626929808,-0.09192093626929808,-0.09192093626929808,-0.09192093626929808,-0.09192093626929808
1999-11-20,-0.279969477111848,-0.279969477111848,-0.279969477111848,-0.279969477111848,-0.279969477111848,-0.279969477111848,-0.279969477111848,-0.279969477111848,-0.279969477111848,-0.279969477111848,-0.279969477111848,-0.279969477111848,-0.279969477111848,-0.279969477111848,-0.279969477111848
1999-11-21,-0.21272103649670088,-0.21272103649670088,-0.21272103649670088,-0.21272103649670088,-0.21272103649670088,-0.21272103649670088,-0.21272103649670088,-0.21272103649670088,-0.21272103649670088,-0.21272103649670088,-0.21272103649670088,-0.21272103649670088,-0.21272103649670088,-0.21272103649670088,-0.21272103649670088
1999-11-22,-0.44650735028873817,-0.44650735028873817,-0.44650735028873817,-0.44650735028873817,-0.44650735028873817,-0.44650735028873817,-0.44650735028873817,-0.44650735028873817,-0.44650735028873817,-0.44650735028873817,-0.44650735028873817,-0.44650735028873817,-0.44650735028873817,-0.44650735028873817,-0.44650735028873817
1999-11-23,-0.7303021945088811,-0.7303021945088811,-0.7303021945088811,-0.7303021945088811,-0.7303021945088811,-0.7303021945088811,-0.7303021945088811,-0.7303021945088811,-0.7303021945088811,-0.7303021945088811,-0.7303021945088811,-0.7303021945088811,-0.7303021945088811,-0.7303021945088811,-0.7303021945088811
1999-11-24,-0.6623279126022904,-0.6623279126022904,-0.6623279126022904,-0.6623279126022904,-0.6623279126022904,-0.6623279126022904,-0.6623279126022904,-0.6623279126022904,-0.6623279126022904,-0.6623279126022904,-0.6623279126022904,-0.6623279126022904,-0.6623279126022904,-0.6623279126022904,-0.6623279126022904
1999-11-25,-0.08430294684479013,-0.08430294684479013,-0.08430294684479013,-0.08430294684479013,-0.08430294684479013,-0.08430294684479013,-0.08430294684479013,-0.08430294684479013,-0.08430294684479013,-0.08430294684479013,-0.08430294684479013,-0.08430294684479013,-0.08430294684479013,-0.08430294684479013,-0.08430294684479013
1999-11-26,0.17178374609733083,0.17178374609733083,0.17178374609733083,0.17178374609733083,0.17178374609733083,0.17178374609733083,0.17178374609733083,0.17178374609733083,0.17178374609733083,0.17178374609733083,0.17178374609733083,0.17178374609733083,0.17178374609733083,0.17178374609733083,0.17178374609733083
1999-11-27,0.2766301328972227,0.2766301328972227,0.2766301328972227,0.2766301328972227,0.2766301328972227,0.2766301328972227,0.2766301328972227,0.2766301328972227,0.2766301328972227,0.2766301328972227,0.2766301328972227,0.2766301328972227,0.2766301328972227,0.2766301328972227,0.2766301328972227
1999-11-28,0.40588294534299085,0.40588294534299085,0.40588294534299085,0.40588294534299085,0.40588294534299085,0.40588294534299085,0.40588294534299085,0.40588294534299085,0.40588294534299085,0.40588294534299085,0.40588294534299085,0.40588294534299085,0.40588294534299085,0.40588294534299085,0.40588294534299085
1999-11-29,0.5275374103701918,0.5275374103701918,0.5275374103701918,0.5275374103701918,0.5275374103701918,0.5275374103701918,0.5275374103701918,0.5275374103701918,0.5275374103701918,0.5275374103701918,0.5275374103701918,0.5275374103701918,0.5275374103701918,0.5275374103701918,0.5275374103701918
1999-11-30,0.8872372000681216,0.8872372000681216,0.8872372000681216,0.8872372000681216,0.8872372000681216,0.8872372000681216,0.8872372000681216,0.8872372000681216,0.8872372000681216,0.8872372000681216,0.8872372000681216,0.8872372000681216,0.8872372000681216,0.8872372000681216,0.8872372000681216
1999-12-01,-0.13320315607590436,-0.0821612328037596,0.01744449779658768,-0.1144102390468036,-0.23191235123929785,-0.10435789933782469,-0.15530493348019936,-0.15369384991191867,-0.034516145796883925,-0.11858563617176293,-0.05730674020191436,-0.09561190260757824,-0.09081248555148742,-0.06257908680589006,-0.16403071545295655
1999-12-02,0.2988321301961786,0.4184206328116118,0.5069730876241688,0.559941829001386,0.13036377483008518,0.24186260096397696,0.359795876584863,0.24633802378933162,0.4628130334778491,0.5032227741413149,0.42561398955407176,0.49790947392238155,0.4025711675135076,0.33955877116996847,0.23196860075714432
1999-12-03,0.07648287337841052,0.44463367754452227,0.27457469841639104,0.30627647123018104,-0.3144563728044981,0.18347758183105484,0.2972271591076539,0.17488048575924342,0.2924308962337926,0.6290995190614227,0.2391784117383384,0.35259360605149004,0.3327741385822464,0.044687189190805374,0.10608373689998069
1999-12-04,0.07410252859421845,0.37113940116815813,0.2837697611191759,0.007710797834897533,-0.3211109181382711,0.16365684391499452,0.398181142189356,0.023733098815295586,0.2205619088305389,0.7015417702323536,0.17995105349792456,0.29945241889553353,0.35729279210811116,-0.17975052496257354,0.11398944530426842
1999-12-05,0.42253217544484184,0.7194905810159996,0.7370749569878448,0.12985791385376466,0.0023804282181081214,0.8561097388657823,0.6740758622143975,0.45604759483338286,0.4346409246491585,0.78066352340835,0.5332290326447658,0.7774372741098137,0.6397378682671543,0.10551823024064848,0.6046635757651877
1999-12-06,1.0688057332544514,1.1139015733024988,1.4370696384787847,0.6218447067298716,0.7168854112367274,1.3337439098010218,0.9876341369555055,1.1314766892708774,0.735055295136149,1.3453300397002674,1.1459555773205692,1.370969716602592,1.1903855876606928,0.6894144609827059,0.9609119305843681
1999-12-07,1.4859770587665297,1.3822571789050107,1.9183650772766696,1.0478801221974237,1.2769425578802853,1.4935603281227654,1.2126703704361954,1.525768269441749,1.2172260865545812,1.4602166460582326,1.6331502000357623,1.852813074731713,1.4786991713230149,1.1919947834971718,1.4308963860466233
1999-12-08,1.61337809770038,1.3032556745851187,1.8804629454092023,1.1097805358630841,1.7777842003506816,1.4965331302307379,1.183893392348201,1.457667051208576,1.1686537574024918,1.6973033625149956,1.4292046958559124,1.8544635789206116,1.38861298977461,1.3856315605382996,1.5509763210662564
1999-12-09,1.275000102336756,0.8668736480920587,1.6316517069544585,1.0162490255895367,1.7553829072668972,1.1939481321397842,1.1505368528385813,1.134135862686548,0.5450833343722236,1.9103551285182634,0.9084569756277396,1.3493296453640309,1.127663882584397,1.408921407292011,1.332786234446233
1999-12-10,0.8507307863826118,0.5038056080966427,1.3887915219075422,0.8613197615906645,1.4563870943832218,0.8679972318244608,0.8925995486558455,1.1610134384180641,0.30339339576202834,1.8381517294242835,0.6900676061085496,0.7865461541172404,0.9203810780993967,1.3170414408193292,1.1695193750362831
1999-12-11,0.49257793331009414,0.321956463427421,1.1285348148524803,0.5940432709268324,1.0200413167293778,0.5130250055313805,1.0913459894549649,1.2926780587974929,0.12321555362638663,1.6406788183290888,0.6303918327498864,0.4047326527695986,0.5244366616066787,0.9416114163583,0.8261209286665693
1999-12-12,0.24565824489454435,0.28076792621769975,0.9546052430606644,0.5912436871311699,0.6083809448178602,0.30134875943253414,1.265196696661466,1.4177128028224766,-0.010619853653585686,1.3464820015007948,0.6426216008924386,0.009057706197947258,0.3765696102855505,0.8314773958348423,0.49706394771156753
1999-12-13,0.12247228976516111,0.5731435856074304,0.6832604682182007,0.5160851910124292,0.5985134141932964,0.06455004350535568,1.2638509413298336,1.3878773446146586,-0.09333916723257117,1.1179660342663107,0.5034314517026852,0.1062150974460778,0.37249533707442334,0.7798307274095356,0.06524663401590049
1999-12-14,0.18024266760604804,0.39063542892697706,0.7203766636378011,0.3332417540558043,0.69126836450201,-0.2996193026430215,0.8733610458078354,1.2636523712485916,-0.19873385203943508,0.9643644702430787,0.1439522205347026,0.20276225428803282,0.37001078371968976,0.7474806541198098,-0.006474259970655388
1999-12-15,0.34375211353385277,0.7487318259795437,0.8705514199276905,0.2849429932048033,0.7007307335470575,-0.08470632262261936,0.5723402119670149,0.8556774553918325,-0.3205646456864347,0.7898675676933582,0.19037036695658524,-0.1167486804627799,0.4839038305192019,0.7284763960587854,-0.10840142925140124
1999-12-16,0.5380680884183283,0.8847775479468551,1.0086839230437705,0.16936157777988867,0.6518157769385594,0.048190853131869216,0.6672119018336644,0.5617482479676416,-0.37528128039979974,0.6903948481289984,0.49820832583398816,-0.30263791932787143,0.7538389516365686,0.5748243763245912,-0.05161129341955278
1999-12-17,0.5078390852489857,1.1097477701528589,0.9381517871556995,0.4145117062120264,0.7213699493455566,0.15727306101799698,0.9409485068830644,0.4211212234791535,-0.4895046081894222,0.46666573686849394,0.3003431821630378,-0.3991750417429631,1.2263832684323388,0.49664746499410606,0.0844512275589926
1999-12-18,0.36583041200877947,1.0446155998691469,0.8832745582346662,0.2723031546102779,0.9486644468014017,0.17985697874241058,1.2886541116293515,0.03274585121111668,-0.3946682981524907,0.2937827804034161,-0.029988442326646183,-0.6327059661829938,1.2436301114930697,0.6632097573745296,0.2957815740154446
1999-12-19,0.28798589265239233,1.1906037847793873,1.3712107204291215,0.08963811263328161,0.9543343310633973,0.25377878744737586,1.347533508549702,-0.09817547280241945,-0.1654625046478797,0.19106729633125313,-0.017010210247713712,-0.7594912461599584,1.3706815138601482,0.8770563944483223,0.34866703244911246
1999-12-20,0.2583551164366387,1.2650424446505264,1.6744197263484804,0.09060468931239572,1.1153778513355475,0.23856521558175306,1.403327400547656,-0.13284056245959194,0.17468196713931583,0.2116069805104437,0.36750401814581657,-0.7154199459827082,1.4765186901725298,0.9203758513161348,0.38502814893812676
1999-12-21,0.2587841615533725,0.9716238438966428,1.6486229435555178,0.4843117500820985,1.0861001482928065,0.029404564687139804,1.2603449448646955,-0.013544973061819591,0.11928704625078781,0.24835354302939006,0.5033500745286422,-0.7106805985195904,1.7570682695289572,0.8142836807103913,0.7406688494245365
1999-12-22,0.36929937577726096,0.7910368233868099,1.345746210910271,0.7051416966075346,0.6449770153648152,-0.10651367469196311,0.9840532102480398,-0.0461099500672166,-0.1195960390779617,0.09320050700262428,0.5618487473814143,-0.6977154263599114,1.719350564676397,0.28180008227856085,0.45198415634251676
1999-12-23,0.25902203122265216,0.5441892434276318,1.1501070121653114,0.7318738360612914,0.1625292522024735,-0.17784401183139967,0.702004048473377,-0.32663586502387393,-0.05313763228000084,0.04607930209157729,0.6524788735761508,-0.5798791654392507,1.388408920563834,-0.118858409199739,0.3997455189914556
1999-12-24,0.05063147372084095,0.7606691290677632,0.7696818503046532,0.7935503102687214,-0.27044532299739066,-0.19778501991533023,0.5303807658314741,-0.6103268228399388,-0.5632054569032455,0.10609758927205408,0.7430954105365701,-0.5082451802898532,0.9899862405757113,-0.187746400620194,0.33064161495464633
1999-12-25,-0.166457503112162,0.8636502711005942,0.3929421494228205,0.9191128929567706,-0.6622343235372324,-0.4032735894674052,0.3296420831982527,-0.8070193793214709,-0.828999301384621,0.17913646383159285,0.6812830634860354,-0.3059463234295707,0.5051852898622103,-0.4516204589740885,0.4427631838126402
1999-12-26,-0.12050131900270408,0.777391699801052,0.12400973552674832,0.9170859792665224,-0.6082386451228033,-0.8758539887576553,0.16702236293971842,-1.1313083322732789,-0.9524587253945792,0.48173850317370376,0.2936250860563696,-0.12758241299967787,0.0036664510032649263,-0.7970514076090857,0.7083951225782709
1999-12-27,-0.17728848445737316,0.5640181348141076,-0.27763407412305646,0.4636930344011298,-0.5900823914059665,-1.027663763214933,0.06454783458535987,-1.6343680047204145,-1.1756687536211055,0.6542950928454156,-0.14149235824081058,0.2055173703207403,-0.4075156566111089,-1.5236878013851354,0.9540876350069621
1999-12-28,-0.23885946471911212,0.13137458543320535,-0.7444166934743628,0.309427253183343,-0.25344727691326496,-1.0721797502130994,0.18883492345361877,-2.1600441836457707,-1.118944409940719,0.8038022002733854,-0.608308674119597,-0.04302917233800139,-0.3583227340590691,-1.606319076747794,1.1873229054270096
1999-12-29,-0.27119947281012885,-0.039015533868142604,-1.2317587509967027,0.24262788571757649,0.11338926685912751,-1.3215923073362457,0.4665459229275901,-2.195459831232504,-0.7991297759929935,0.8615706767564004,-0.8412083590350861,0.02793242120672434,-0.23472010358516168,-1.7058908716462187,1.1722262928179585
1999-12-30,-0.3300350281027867,0.03677902132644709,-1.3131579267347968,0.5144297635254849,0.21706100712226697,-1.470782692627998,0.3359034459314596,-2.206974895866757,-0.6890542888896913,0.6128815188102242,-0.9407349110118329,-0.07711743266755018,-0.2350997573342733,-1.3713728787711346,0.9910087889708334
1999-12-31,-0.3042662624548897,0.214053169218455,-1.653050508020006,0.5859545639167093,-0.22480771162580035,-1.4147468196394397,0.20123089415762935,-2.018162937445498,-0.7798550123433734,0.8847161104758399,-1.0671702555583436,0.08953952705249722,0.1112709536412228,-1.1898415822497705,0.8641293758318128
2000-01-01,-0.48394815966005644,0.6645597869233049,-1.8763239273831844,0.48814731492887026,-0.6187665186362934,-1.1206488430424688,0.3457014572228231,-1.9874496617729684,-0.9574708829931103,0.8479370784426977,-1.3967398611384882,0.46397935951223324,0.427201096303417,-0.8105474375442849,0.5206431730041073
2000-01-02,-0.354690173965102,1.0565629289636582,-1.814875251909208,0.5211492720182099,-0.8455225332666394,-1.0016155796414612,0.3396276592010992,-1.5502298618958612,-0.6985667043992464,0.8690884464290224,-1.5118996276832501,0.8320671024603149,0.3274615271083358,-0.8417803106613901,0.15742708908440284
2000-01-03,-0.2408764591041109,1.3643138212769828,-1.571056625888622,0.5420348340626535,-0.9416665985773353,-0.928686445043612,0.10043975737367891,-0.7570698472793134,-0.8524939810447435,0.8761569319504413,-1.6007587176967912,0.9582096846256574,-0.09940429929958991,-1.0375094369906166,0.2135301446334566
2000-01-04,-0.020539069731424265,1.6801456551350187,-1.3230167867821436,0.6310009543410026,-0.9684230531272838,-0.6515431480060823,0.11690885179208076,-0.08569869828734025,-0.6744975818829306,1.1267439562847237,-1.5318506962041067,0.735963884683575,-0.5416882912957488,-1.0570540095809784,0.23815240437477783
2000-01-05,-0.10627896998844769,1.6038629269552895,-1.1299627447648464,0.5931427228227658,-0.8735157107926359,-0.3169082585664726,0.008196347938178717,0.08606218963585673,-0.6765810315643558,0.9689296392405148,-1.4586520497596214,0.4338616816276714,-0.8723243057242223,-1.137137871065328,0.5549483558384175
2000-01-06,-0.17252764703140047,1.3492363144681792,-0.7209447422300072,0.5505536133940762,-0.6416527966274879,-0.04515483322911574,0.3032481428635689,0.07220552332431864,-0.6166809358424324,0.7429068096984596,-1.327045837322267,0.09912295351850871,-1.5259900084743596,-1.116265727466575,0.6318414700386623
2000-01-07,-0.07015819374689071,0.9811885232136217,-0.35046650536922636,0.6866870369963756,-0.3331343124127502,0.19040832896007945,0.7109573570519319,-0.3199785415495077,-0.5553930651859982,0.5621275117237832,-1.2252169881215054,0.006930028270775208,-2.242095955114069,-1.0994595994936582,1.0702433827216056
2000-01-08,-0.1747757841583242,0.9184200419867534,-0.52492632683112,0.6997296319540945,-0.636932035265012,0.6063166430456658,0.9508840908496003,-0.4616547216790832,-0.7418185287656405,0.3669661659778364,-1.053368406885504,0.05659553718535546,-2.6347843889683396,-0.9685380061500033,1.1042218959997818
2000-01-09,-0.424207134434939,0.6334641566657674,-0.7397520879284177,0.5355292393502669,-0.5586742417265187,0.7428315191591863,0.7589950742802805,-0.367478701462622,-0.7153716831377617,0.20062372096524062,-0.7360618318062956,0.08570905630436057,-2.994650628454865,-0.945557384932485,1.0608710085434383
2000-01-10,-0.6918620166129517,0.19915704778796614,-0.6445423404272853,0.19103567362870355,-0.65616573320834,1.2308828395542977,0.6684767717492167,-0.3549321649444963,-0.5911065910242483,-0.21199793712911963,-0.17534949598651603,0.24714419265550888,-3.3777395754109474,-1.0623660963862536,1.0808873451615497
2000-01-11,-0.556899793095236,-0.30470238099081226,-0.3124519720294717,-0.006673751165358466,-0.7379073380676029,1.4280862471100484,0.6644645288198882,-0.6102576085726976,-0.4578823117184068,-0.5575206466193221,0.5033086623245476,0.2634800760299877,-3.431948923572896,-1.0096253453007855,1.1017340436120808
2000-01-12,-0.510235082208551,-0.245893735468585,-0.040061519386530346,-0.3179262117382138,-0.7069945098701864,1.4552095560545348,0.5293360771683187,-0.5250663263316288,-0.4119431669726742,-0.6831496986831679,0.7328242586560964,0.23793391921985238,-3.4072483659749535,-0.9754911118317252,1.0953363574421353
2000-01-13,-0.4279334430795544,-0.036831655170429585,-0.08276217784784434,-0.2803381141529041,-0.8967116499555087,1.1064428681499923,0.42911996787340667,-0.5822250558438377,-0.16172257618628005,-0.6686046568975609,0.78726464404646,0.23436670954691619,-3.0872256879616966,-1.0205356600088102,0.8134310885320658
2000-01-14,-0.34817060456346643,0.3723573718942769,0.2912495341111534,-0.23243153281113565,-1.2251717750560336,0.8965332975872293,0.28287623604330886,-0.30334528376355613,0.1959977417623018,-0.7790198465968919,1.1698671014220594,-0.0373672807656563,-2.5809605551850616,-0.8741030351176522,0.520977985603846
2000-01-15,-0.3677289365043082,0.422805370495221,0.7951767919868585,-0.13662832356300522,-1.0366643818584178,0.7062980670778705,-0.05935925434717555,-0.014928933361550704,0.43515589883929773,-0.4998001970292495,1.5255850433664777,-0.2067102808880194,-2.2184727385873444,-0.8700703793995976,0.2507709914041814
2000-01-16,-0.2202275305792406,0.46136378024331515,1.0022967460417653,-0.2170784831493314,-0.9498621201473372,0.3982300167876303,-0.4645277507570815,-0.010221129596684397,0.1617194289092122,-0.2855224413895085,1.7883679137536466,-0.2022287072818821,-1.5648144186176391,-1.1618759239604797,0.3701163639658144
2000-01-17,0.19285591027944504,0.6712639213006474,0.7359578871855117,-0.2652474270778393,-0.9856269196019064,0.3106409286374626,-0.5680405470664062,0.11677202717851316,-0.038352516848615445,-0.2428858613945367,1.754999715780746,-0.2532343701743756,-1.1162358532444308,-1.168900475842901,0.2913053779020717
2000-01-18,0.6300071665318905,0.3753783575532113,0.648391225274658,0.18861504827598,-0.6798162725786465,0.35379949673429695,-0.5528519922487415,-0.07548400282645147,-0.08603114351291177,-0.10513349748416988,1.9049464006454557,-0.12453819361943236,-1.0497352504549913,-1.273727431073679,0.19442599257558477
2000-01-19,0.6256303845529338,0.20814120545723386,0.40683084760929755,0.4620105898616425,-0.6601110063387088,0.5408524025159388,-0.5670814366126548,-0.09297314969666913,-0.663604817487217,0.011360804958636258,2.0330708257282373,-0.07415000048594184,-0.9191778711920732,-0.9954558410438986,0.14866335783477067
2000-01-20,0.6696280989305782,-0.038372678103414826,0.10329551998302035,0.47255921973071346,-0.29105708516686474,0.6024760408829134,-0.4918316196865409,-0.14542942087830502,-0.8108076172741496,-0.05644478215845588,1.9338734446479169,-0.07221812581990937,-0.6382401133049943,-0.6310672299318563,-0.01946384429510823
2000-01-21,0.4968595096939741,-0.1310163431702059,0.1619240140659769,0.41108034990527104,0.13704321564812091,0.7519614692513963,-0.6593912414150698,-0.3589461923266978,-0.8592084380972775,-0.6633666687803988,1.364012275417927,0.30755316174303016,-0.2572229006929096,-0.6786465275549748,-0.034005214057449086
2000-01-22,0.0021882084078660986,-0.6939599152237766,0.3084279839344702,0.16489485231181375,0.21195284945430526,0.5856202906053792,-0.6834287315628323,-0.19555382494406123,-0.8397695757322323,-0.996394706537127,0.9035891266586354,0.520173529801077,-0.2549812495147134,-0.5736300199021255,-0.08452352010473478
2000-01-23,-0.13117895882041197,-0.581304113538978,0.374390771313062,0.13922746813092254,0.42813853358230386,0.24256027917049694,-0.4611921639913049,0.1874602338436223,-0.7031811247506037,-1.1318318557282894,0.44166289952600324,0.4258862464231191,-0.1118448714382839,-0.6681211846778707,-0.18410247595858475
2000-01-24,-0.05636132237439706,-0.09031469330041987,0.04504450797639317,0.08533246595336,0.724120857036954,-0.13141343018603113,-0.3785163351841352,0.4947192320647063,-0.7865331397903962,-1.419703196335242,0.26813122251680266,0.193695021457658,0.258435962072475,-0.6827980699694465,-0.760945013736558
2000-01-25,-0.4018277782960253,0.5074609235706781,-0.13318627282404688,0.06531446653923191,1.036879005704632,-0.36818577176040895,-0.118884639366198,0.6091280927443161,-0.5752374109932316,-1.530865734935726,0.12141743720148178,0.0992850073930054,0.8078740695302337,-0.4798901592092473,-0.8597280155080358
2000-01-26,-0.8534689741366712,0.5484049990936056,-0.12375852693797484,0.0346807159048621,1.0008339963285071,-0.3441980589307387,-0.19613314182363453,0.47993970724562496,-0.36976142847022964,-1.800951207120236,0.07193338054121483,-0.02855289740767464,1.1712806336339778,-0.24377121110092367,-0.8101340630792935
2000-01-27,-0.828622725840278,0.5524314157461784,-0.007375098805505486,-0.3051620410998162,0.6885515229238525,-0.30284603902036294,-0.3067323402862526,0.18376133920682675,0.008790384116757411,-1.6737521275222358,0.19084383283770548,-0.15041151559988178,1.2503495210224718,0.0668254688274804,-0.7468223818898642
2000-01-28,-0.4488261103648027,0.615483532304222,0.3995153340162237,-0.20777724239044132,0.4023989658413694,-0.10217941330011882,-0.6221292241851296,0.2809477781171961,0.4571621043589157,-1.6324055499119434,-0.20363131861263778,-0.31747785114866245,1.0413136723210021,0.0938465684518936,-0.7622906018624784
2000-01-29,-0.07767717881222143,0.7193660125459698,1.0885440943996898,-0.1272080325701267,0.22773796520242115,0.1982111098180165,-0.5142617075101473,0.3046284591818231,1.0613426119484743,-1.6360372647127477,-0.12168051313556842,-0.34242635434437735,0.7762159073324488,0.5929360348017266,-0.8320764524985331
2000-01-30,0.2175677143496034,0.34981204874711236,1.2727389717856046,0.13108986036577933,0.154157022605044,0.3808446497936654,-0.7374540758244663,0.10487254977102935,1.2556542481794006,-1.5092976716725506,0.07665631111643173,-0.2084796841114532,0.723118838989132,0.8887272607352033,-0.8079766136571515
