,1,2,3,4,5,6,7,8,9,10,11,12,13,14,15
2002-08-30,-0.04307955802610387,-0.04307955802610387,-0.04307955802610387,-0.04307955802610387,-0.04307955802610387,-0.04307955802610387,-0.04307955802610387,-0.04307955802610387,-0.04307955802610387,-0.04307955802610387,-0.04307955802610387,-0.04307955802610387,-0.04307955802610387,-0.04307955802610387,-0.04307955802610387
2002-08-31,0.0514471496066553,0.0514471496066553,0.0514471496066553,0.0514471496066553,0.0514471496066553,0.0514471496066553,0.0514471496066553,0.0514471496066553,0.0514471496066553,0.0514471496066553,0.0514471496066553,0.0514471496066553,0.0514471496066553,0.0514471496066553,0.0514471496066553
2002-09-01,0.17550275384076108,0.17550275384076108,0.17550275384076108,0.17550275384076108,0.17550275384076108,0.17550275384076108,0.17550275384076108,0.17550275384076108,0.17550275384076108,0.17550275384076108,0.17550275384076108,0.17550275384076108,0.17550275384076108,0.17550275384076108,0.17550275384076108
2002-09-02,0.2687511374043773,0.2687511374043773,0.2687511374043773,0.2687511374043773,0.2687511374043773,0.2687511374043773,0.2687511374043773,0.2687511374043773,0.2687511374043773,0.2687511374043773,0.2687511374043773,0.2687511374043773,0.2687511374043773,0.2687511374043773,0.2687511374043773
2002-09-03,0.24172830023633463,0.24172830023633463,0.24172830023633463,0.24172830023633463,0.24172830023633463,0.24172830023633463,0.24172830023633463,0.24172830023633463,0.24172830023633463,0.24172830023633463,0.24172830023633463,0.24172830023633463,0.24172830023633463,0.24172830023633463,0.24172830023633463
2002-09-04,0.2952917053420994,0.2952917053420994,0.2952917053420994,0.2952917053420994,0.2952917053420994,0.2952917053420994,0.2952917053420994,0.2952917053420994,0.2952917053420994,0.2952917053420994,0.2952917053420994,0.2952917053420994,0.2952917053420994,0.2952917053420994,0.2952917053420994
2002-09-05,0.21825038015982132,0.21825038015982132,0.21825038015982132,0.21825038015982132,0.21825038015982132,0.21825038015982132,0.21825038015982132,0.21825038015982132,0.21825038015982132,0.21825038015982132,0.21825038015982132,0.21825038015982132,0.21825038015982132,0.21825038015982132,0.21825038015982132
2002-09-06,0.4524918076228746,0.4524918076228746,0.4524918076228746,0.4524918076228746,0.4524918076228746,0.4524918076228746,0.4524918076228746,0.4524918076228746,0.4524918076228746,0.4524918076228746,0.4524918076228746,0.4524918076228746,0.4524918076228746,0.4524918076228746,0.4524918076228746
2002-09-07,0.5542671502983704,0.5542671502983704,0.5542671502983704,0.5542671502983704,0.5542671502983704,0.5542671502983704,0.5542671502983704,0.5542671502983704,0.5542671502983704,0.5542671502983704,0.5542671502983704,0.5542671502983704,0.5542671502983704,0.5542671502983704,0.5542671502983704
2002-09-08,0.5328906225491101,0.5328906225491101,0.5328906225491101,0.5328906225491101,0.5328906225491101,0.5328906225491101,0.5328906225491101,0.5328906225491101,0.5328906225491101,0.5328906225491101,0.5328906225491101,0.5328906225491101,0.5328906225491101,0.5328906225491101,0.5328906225491101
2002-09-09,0.5315073602355012,0.5315073602355012,0.5315073602355012,0.5315073602355012,0.5315073602355012,0.5315073602355012,0.5315073602355012,0.5315073602355012,0.5315073602355012,0.5315073602355012,0.5315073602355012,0.5315073602355012,0.5315073602355012,0.5315073602355012,0.5315073602355012
2002-09-10,0.748156793574508,0.748156793574508,0.748156793574508,0.748156793574508,0.748156793574508,0.748156793574508,0.748156793574508,0.748156793574508,0.748156793574508,0.748156793574508,0.748156793574508,0.748156793574508,0.748156793574508,0.748156793574508,0.748156793574508
2002-09-11,0.8622439741409236,0.8622439741409236,0.8622439741409236,0.8622439741409236,0.8622439741409236,0.8622439741409236,0.8622439741409236,0.8622439741409236,0.8622439741409236,0.8622439741409236,0.8622439741409236,0.8622439741409236,0.8622439741409236,0.8622439741409236,0.8622439741409236
2002-09-12,0.8299997465964568,0.8299997465964568,0.8299997465964568,0.8299997465964568,0.8299997465964568,0.8299997465964568,0.8299997465964568,0.8299997465964568,0.8299997465964568,0.8299997465964568,0.8299997465964568,0.8299997465964568,0.8299997465964568,0.8299997465964568,0.8299997465964568
2002-09-13,0.6792887796927853,0.6792887796927853,0.6792887796927853,0.6792887796927853,0.6792887796927853,0.6792887796927853,0.6792887796927853,0.6792887796927853,0.6792887796927853,0.6792887796927853,0.6792887796927853,0.6792887796927853,0.6792887796927853,0.6792887796927853,0.6792887796927853
2002-09-14,0.38483560971346237,0.38483560971346237,0.38483560971346237,0.38483560971346237,0.38483560971346237,0.38483560971346237,0.38483560971346237,0.38483560971346237,0.38483560971346237,0.38483560971346237,0.38483560971346237,0.38483560971346237,0.38483560971346237,0.38483560971346237,0.38483560971346237
2002-09-15,0.38927997455801544,0.38927997455801544,0.38927997455801544,0.38927997455801544,0.38927997455801544,0.38927997455801544,0.38927997455801544,0.38927997455801544,0.38927997455801544,0.38927997455801544,0.38927997455801544,0.38927997455801544,0.38927997455801544,0.38927997455801544,0.38927997455801544
2002-09-16,0.221637352685807,0.221637352685807,0.221637352685807,0.221637352685807,0.221637352685807,0.221637352685807,0.221637352685807,0.221637352685807,0.221637352685807,0.221637352685807,0.221637352685807,0.221637352685807,0.221637352685807,0.221637352685807,0.221637352685807
2002-09-17,0.4087986255191505,0.4087986255191505,0.4087986255191505,0.4087986255191505,0.4087986255191505,0.4087986255191505,0.4087986255191505,0.4087986255191505,0.4087986255191505,0.4087986255191505,0.4087986255191505,0.4087986255191505,0.4087986255191505,0.4087986255191505,0.4087986255191505
2002-09-18,0.06761426348373564,0.06761426348373564,0.06761426348373564,0.06761426348373564,0.06761426348373564,0.06761426348373564,0.06761426348373564,0.06761426348373564,0.06761426348373564,0.06761426348373564,0.06761426348373564,0.06761426348373564,0.06761426348373564,0.06761426348373564,0.06761426348373564
2002-09-19,-0.10114737611349933,-0.10114737611349933,-0.10114737611349933,-0.10114737611349933,-0.10114737611349933,-0.10114737611349933,-0.10114737611349933,-0.10114737611349933,-0.10114737611349933,-0.10114737611349933,-0.10114737611349933,-0.10114737611349933,-0.10114737611349933,-0.10114737611349933,-0.10114737611349933
2002-09-20,-0.14796062904008797,-0.14796062904008797,-0.14796062904008797,-0.14796062904008797,-0.14796062904008797,-0.14796062904008797,-0.14796062904008797,-0.14796062904008797,-0.14796062904008797,-0.14796062904008797,-0.14796062904008797,-0.14796062904008797,-0.14796062904008797,-0.14796062904008797,-0.14796062904008797
2002-09-21,-0.23201215818454918,-0.23201215818454918,-0.23201215818454918,-0.23201215818454918,-0.23201215818454918,-0.23201215818454918,-0.23201215818454918,-0.23201215818454918,-0.23201215818454918,-0.23201215818454918,-0.23201215818454918,-0.23201215818454918,-0.23201215818454918,-0.23201215818454918,-0.23201215818454918
2002-09-22,-0.23249039054552692,-0.23249039054552692,-0.23249039054552692,-0.23249039054552692,-0.23249039054552692,-0.23249039054552692,-0.23249039054552692,-0.23249039054552692,-0.23249039054552692,-0.23249039054552692,-0.23249039054552692,-0.23249039054552692,-0.23249039054552692,-0.23249039054552692,-0.23249039054552692
2002-09-23,-0.2682563789849073,-0.2682563789849073,-0.2682563789849073,-0.2682563789849073,-0.2682563789849073,-0.2682563789849073,-0.2682563789849073,-0.2682563789849073,-0.2682563789849073,-0.2682563789849073,-0.2682563789849073,-0.2682563789849073,-0.2682563789849073,-0.2682563789849073,-0.2682563789849073
2002-09-24,-0.2241104605695552,-0.2241104605695552,-0.2241104605695552,-0.2241104605695552,-0.2241104605695552,-0.2241104605695552,-0.2241104605695552,-0.2241104605695552,-0.2241104605695552,-0.2241104605695552,-0.2241104605695552,-0.2241104605695552,-0.2241104605695552,-0.2241104605695552,-0.2241104605695552
2002-09-25,-0.41797553004830146,-0.41797553004830146,-0.41797553004830146,-0.41797553004830146,-0.41797553004830146,-0.41797553004830146,-0.41797553004830146,-0.41797553004830146,-0.41797553004830146,-0.41797553004830146,-0.41797553004830146,-0.41797553004830146,-0.41797553004830146,-0.41797553004830146,-0.41797553004830146
2002-09-26,-0.5033408935242082,-0.5033408935242082,-0.5033408935242082,-0.5033408935242082,-0.5033408935242082,-0.5033408935242082,-0.5033408935242082,-0.5033408935242082,-0.5033408935242082,-0.5033408935242082,-0.5033408935242082,-0.5033408935242082,-0.5033408935242082,-0.5033408935242082,-0.5033408935242082
2002-09-27,-0.5711646631770305,-0.5711646631770305,-0.5711646631770305,-0.5711646631770305,-0.5711646631770305,-0.5711646631770305,-0.5711646631770305,-0.5711646631770305,-0.5711646631770305,-0.5711646631770305,-0.5711646631770305,-0.5711646631770305,-0.5711646631770305,-0.5711646631770305,-0.5711646631770305
2002-09-28,-0.38707116213197057,-0.38707116213197057,-0.38707116213197057,-0.38707116213197057,-0.38707116213197057,-0.38707116213197057,-0.38707116213197057,-0.38707116213197057,-0.38707116213197057,-0.38707116213197057,-0.38707116213197057,-0.38707116213197057,-0.38707116213197057,-0.38707116213197057,-0.38707116213197057
2002-09-29,-0.2394787721662934,-0.2394787721662934,-0.2394787721662934,-0.2394787721662934,-0.2394787721662934,-0.2394787721662934,-0.2394787721662934,-0.2394787721662934,-0.2394787721662934,-0.2394787721662934,-0.2394787721662934,-0.2394787721662934,-0.2394787721662934,-0.2394787721662934,-0.2394787721662934
2002-09-30,-0.16364525898429821,-0.16364525898429821,-0.16364525898429821,-0.16364525898429821,-0.16364525898429821,-0.16364525898429821,-0.16364525898429821,-0.16364525898429821,-0.16364525898429821,-0.16364525898429821,-0.16364525898429821,-0.16364525898429821,-0.16364525898429821,-0.16364525898429821,-0.16364525898429821
2002-10-01,-0.19668207681067815,-0.19668207681067815,-0.19668207681067815,-0.19668207681067815,-0.19668207681067815,-0.19668207681067815,-0.19668207681067815,-0.19668207681067815,-0.19668207681067815,-0.19668207681067815,-0.19668207681067815,-0.19668207681067815,-0.19668207681067815,-0.19668207681067815,-0.19668207681067815
2002-10-02,-0.4113125580928886,-0.4113125580928886,-0.4113125580928886,-0.4113125580928886,-0.4113125580928886,-0.4113125580928886,-0.4113125580928886,-0.4113125580928886,-0.4113125580928886,-0.4113125580928886,-0.4113125580928886,-0.4113125580928886,-0.4113125580928886,-0.4113125580928886,-0.4113125580928886
2002-10-03,-0.007789308162430415,-0.007789308162430415,-0.007789308162430415,-0.007789308162430415,-0.007789308162430415,-0.007789308162430415,-0.007789308162430415,-0.007789308162430415,-0.007789308162430415,-0.007789308162430415,-0.007789308162430415,-0.007789308162430415,-0.007789308162430415,-0.007789308162430415,-0.007789308162430415
2002-10-04,0.08067161789631178,0.08067161789631178,0.08067161789631178,0.08067161789631178,0.08067161789631178,0.08067161789631178,0.08067161789631178,0.08067161789631178,0.08067161789631178,0.08067161789631178,0.08067161789631178,0.08067161789631178,0.08067161789631178,0.08067161789631178,0.08067161789631178
2002-10-05,0.6182291280226658,0.6182291280226658,0.6182291280226658,0.6182291280226658,0.6182291280226658,0.6182291280226658,0.6182291280226658,0.6182291280226658,0.6182291280226658,0.6182291280226658,0.6182291280226658,0.6182291280226658,0.6182291280226658,0.6182291280226658,0.6182291280226658
2002-10-06,0.9969125034518688,0.9969125034518688,0.9969125034518688,0.9969125034518688,0.9969125034518688,0.9969125034518688,0.9969125034518688,0.9969125034518688,0.9969125034518688,0.9969125034518688,0.9969125034518688,0.9969125034518688,0.9969125034518688,0.9969125034518688,0.9969125034518688
2002-10-07,1.1457378882504656,1.1457378882504656,1.1457378882504656,1.1457378882504656,1.1457378882504656,1.1457378882504656,1.1457378882504656,1.1457378882504656,1.1457378882504656,1.1457378882504656,1.1457378882504656,1.1457378882504656,1.1457378882504656,1.1457378882504656,1.1457378882504656
2002-10-08,1.167409116688683,1.167409116688683,1.167409116688683,1.167409116688683,1.167409116688683,1.167409116688683,1.167409116688683,1.167409116688683,1.167409116688683,1.167409116688683,1.167409116688683,1.167409116688683,1.167409116688683,1.167409116688683,1.167409116688683
2002-10-09,1.0794667630759491,1.0794667630759491,1.0794667630759491,1.0794667630759491,1.0794667630759491,1.0794667630759491,1.0794667630759491,1.0794667630759491,1.0794667630759491,1.0794667630759491,1.0794667630759491,1.0794667630759491,1.0794667630759491,1.0794667630759491,1.0794667630759491
2002-10-10,0.8399493608301111,0.8399493608301111,0.8399493608301111,0.8399493608301111,0.8399493608301111,0.8399493608301111,0.8399493608301111,0.8399493608301111,0.8399493608301111,0.8399493608301111,0.8399493608301111,0.8399493608301111,0.8399493608301111,0.8399493608301111,0.8399493608301111
2002-10-11,0.7690787298538467,0.7690787298538467,0.7690787298538467,0.7690787298538467,0.7690787298538467,0.7690787298538467,0.7690787298538467,0.7690787298538467,0.7690787298538467,0.7690787298538467,0.7690787298538467,0.7690787298538467,0.7690787298538467,0.7690787298538467,0.7690787298538467
2002-10-12,0.8206918634593567,0.8206918634593567,0.8206918634593567,0.8206918634593567,0.8206918634593567,0.8206918634593567,0.8206918634593567,0.8206918634593567,0.8206918634593567,0.8206918634593567,0.8206918634593567,0.8206918634593567,0.8206918634593567,0.8206918634593567,0.8206918634593567
2002-10-13,0.5409392643746967,0.5409392643746967,0.5409392643746967,0.5409392643746967,0.5409392643746967,0.5409392643746967,0.5409392643746967,0.5409392643746967,0.5409392643746967,0.5409392643746967,0.5409392643746967,0.5409392643746967,0.5409392643746967,0.5409392643746967,0.5409392643746967
2002-10-14,0.39165113087151665,0.39165113087151665,0.39165113087151665,0.39165113087151665,0.39165113087151665,0.39165113087151665,0.39165113087151665,0.39165113087151665,0.39165113087151665,0.39165113087151665,0.39165113087151665,0.39165113087151665,0.39165113087151665,0.39165113087151665,0.39165113087151665
2002-10-15,0.4493946338579677,0.4493946338579677,0.4493946338579677,0.4493946338579677,0.4493946338579677,0.4493946338579677,0.4493946338579677,0.4493946338579677,0.4493946338579677,0.4493946338579677,0.4493946338579677,0.4493946338579677,0.4493946338579677,0.4493946338579677,0.4493946338579677
2002-10-16,0.2729472389355759,0.2729472389355759,0.2729472389355759,0.2729472389355759,0.2729472389355759,0.2729472389355759,0.2729472389355759,0.2729472389355759,0.2729472389355759,0.2729472389355759,0.2729472389355759,0.2729472389355759,0.2729472389355759,0.2729472389355759,0.2729472389355759
2002-10-17,0.14443669955881583,0.14443669955881583,0.14443669955881583,0.14443669955881583,0.14443669955881583,0.14443669955881583,0.14443669955881583,0.14443669955881583,0.14443669955881583,0.14443669955881583,0.14443669955881583,0.14443669955881583,0.14443669955881583,0.14443669955881583,0.14443669955881583
2002-10-18,0.057365066408178914,0.057365066408178914,0.057365066408178914,0.057365066408178914,0.057365066408178914,0.057365066408178914,0.057365066408178914,0.057365066408178914,0.057365066408178914,0.057365066408178914,0.057365066408178914,0.057365066408178914,0.057365066408178914,0.057365066408178914,0.057365066408178914
2002-10-19,-0.18533257307534173,-0.18533257307534173,-0.18533257307534173,-0.18533257307534173,-0.18533257307534173,-0.18533257307534173,-0.18533257307534173,-0.18533257307534173,-0.18533257307534173,-0.18533257307534173,-0.18533257307534173,-0.18533257307534173,-0.18533257307534173,-0.18533257307534173,-0.18533257307534173
2002-10-20,-0.31943823871383037,-0.31943823871383037,-0.31943823871383037,-0.31943823871383037,-0.31943823871383037,-0.31943823871383037,-0.31943823871383037,-0.31943823871383037,-0.31943823871383037,-0.31943823871383037,-0.31943823871383037,-0.31943823871383037,-0.31943823871383037,-0.31943823871383037,-0.31943823871383037
2002-10-21,-0.5120809098642074,-0.5120809098642074,-0.5120809098642074,-0.5120809098642074,-0.5120809098642074,-0.5120809098642074,-0.5120809098642074,-0.5120809098642074,-0.5120809098642074,-0.5120809098642074,-0.5120809098642074,-0.5120809098642074,-0.5120809098642074,-0.5120809098642074,-0.5120809098642074
2002-10-22,-0.6033852736227105,-0.6033852736227105,-0.6033852736227105,-0.6033852736227105,-0.6033852736227105,-0.6033852736227105,-0.6033852736227105,-0.6033852736227105,-0.6033852736227105,-0.6033852736227105,-0.6033852736227105,-0.6033852736227105,-0.6033852736227105,-0.6033852736227105,-0.6033852736227105
2002-10-23,-0.7800368815540758,-0.7800368815540758,-0.7800368815540758,-0.7800368815540758,-0.7800368815540758,-0.7800368815540758,-0.7800368815540758,-0.7800368815540758,-0.7800368815540758,-0.7800368815540758,-0.7800368815540758,-0.7800368815540758,-0.7800368815540758,-0.7800368815540758,-0.7800368815540758
2002-10-24,-0.8463300931643402,-0.8463300931643402,-0.8463300931643402,-0.8463300931643402,-0.8463300931643402,-0.8463300931643402,-0.8463300931643402,-0.8463300931643402,-0.8463300931643402,-0.8463300931643402,-0.8463300931643402,-0.8463300931643402,-0.8463300931643402,-0.8463300931643402,-0.8463300931643402
2002-10-25,-0.8468942725936031,-0.8468942725936031,-0.8468942725936031,-0.8468942725936031,-0.8468942725936031,-0.8468942725936031,-0.8468942725936031,-0.8468942725936031,-0.8468942725936031,-0.8468942725936031,-0.8468942725936031,-0.8468942725936031,-0.8468942725936031,-0.8468942725936031,-0.8468942725936031
2002-10-26,-0.9914015258551051,-0.9914015258551051,-0.9914015258551051,-0.9914015258551051,-0.9914015258551051,-0.9914015258551051,-0.9914015258551051,-0.9914015258551051,-0.9914015258551051,-0.9914015258551051,-0.9914015258551051,-0.9914015258551051,-0.9914015258551051,-0.9914015258551051,-0.9914015258551051
2002-10-27,-1.0545776922905332,-1.0545776922905332,-1.0545776922905332,-1.0545776922905332,-1.0545776922905332,-1.0545776922905332,-1.0545776922905332,-1.0545776922905332,-1.0545776922905332,-1.0545776922905332,-1.0545776922905332,-1.0545776922905332,-1.0545776922905332,-1.0545776922905332,-1.0545776922905332
2002-10-28,-1.2352006210428381,-1.2352006210428381,-1.2352006210428381,-1.2352006210428381,-1.2352006210428381,-1.2352006210428381,-1.2352006210428381,-1.2352006210428381,-1.2352006210428381,-1.2352006210428381,-1.2352006210428381,-1.2352006210428381,-1.2352006210428381,-1.2352006210428381,-1.2352006210428381
2002-10-29,-1.1442926833229141,-1.1442926833229141,-1.1442926833229141,-1.1442926833229141,-1.1442926833229141,-1.1442926833229141,-1.1442926833229141,-1.1442926833229141,-1.1442926833229141,-1.1442926833229141,-1.1442926833229141,-1.1442926833229141,-1.1442926833229141,-1.1442926833229141,-1.1442926833229141
2002-10-30,-1.1705914742096055,-1.1705914742096055,-1.1705914742096055,-1.1705914742096055,-1.1705914742096055,-1.1705914742096055,-1.1705914742096055,-1.1705914742096055,-1.1705914742096055,-1.1705914742096055,-1.1705914742096055,-1.1705914742096055,-1.1705914742096055,-1.1705914742096055,-1.1705914742096055
2002-10-31,-0.9579675334538614,-0.9579675334538614,-0.9579675334538614,-0.9579675334538614,-0.9579675334538614,-0.9579675334538614,-0.9579675334538614,-0.9579675334538614,-0.9579675334538614,-0.9579675334538614,-0.9579675334538614,-0.9579675334538614,-0.9579675334538614,-0.9579675334538614,-0.9579675334538614
2002-11-01,-1.0907760299666436,-1.0907760299666436,-1.0907760299666436,-1.0907760299666436,-1.0907760299666436,-1.0907760299666436,-1.0907760299666436,-1.0907760299666436,-1.0907760299666436,-1.0907760299666436,-1.0907760299666436,-1.0907760299666436,-1.0907760299666436,-1.0907760299666436,-1.0907760299666436
2002-11-02,-1.1581575642286008,-1.1581575642286008,-1.1581575642286008,-1.1581575642286008,-1.1581575642286008,-1.1581575642286008,-1.1581575642286008,-1.1581575642286008,-1.1581575642286008,-1.1581575642286008,-1.1581575642286008,-1.1581575642286008,-1.1581575642286008,-1.1581575642286008,-1.1581575642286008
2002-11-03,-1.200903467705363,-1.200903467705363,-1.200903467705363,-1.200903467705363,-1.200903467705363,-1.200903467705363,-1.200903467705363,-1.200903467705363,-1.200903467705363,-1.200903467705363,-1.200903467705363,-1.200903467705363,-1.200903467705363,-1.200903467705363,-1.200903467705363
2002-11-04,-1.120466859396472,-1.120466859396472,-1.120466859396472,-1.120466859396472,-1.120466859396472,-1.120466859396472,-1.120466859396472,-1.120466859396472,-1.120466859396472,-1.120466859396472,-1.120466859396472,-1.120466859396472,-1.120466859396472,-1.120466859396472,-1.120466859396472
2002-11-05,-0.8603121289027476,-0.8603121289027476,-0.8603121289027476,-0.8603121289027476,-0.8603121289027476,-0.8603121289027476,-0.8603121289027476,-0.8603121289027476,-0.8603121289027476,-0.8603121289027476,-0.8603121289027476,-0.8603121289027476,-0.8603121289027476,-0.8603121289027476,-0.8603121289027476
2002-11-06,-0.5375774054438512,-0.5375774054438512,-0.5375774054438512,-0.5375774054438512,-0.5375774054438512,-0.5375774054438512,-0.5375774054438512,-0.5375774054438512,-0.5375774054438512,-0.5375774054438512,-0.5375774054438512,-0.5375774054438512,-0.5375774054438512,-0.5375774054438512,-0.5375774054438512
2002-11-07,-0.2482897028729307,-0.2482897028729307,-0.2482897028729307,-0.2482897028729307,-0.2482897028729307,-0.2482897028729307,-0.2482897028729307,-0.2482897028729307,-0.2482897028729307,-0.2482897028729307,-0.2482897028729307,-0.2482897028729307,-0.2482897028729307,-0.2482897028729307,-0.2482897028729307
2002-11-08,-0.02633768321869422,-0.02633768321869422,-0.02633768321869422,-0.02633768321869422,-0.02633768321869422,-0.02633768321869422,-0.02633768321869422,-0.02633768321869422,-0.02633768321869422,-0.02633768321869422,-0.02633768321869422,-0.02633768321869422,-0.02633768321869422,-0.02633768321869422,-0.02633768321869422
2002-11-09,0.11211504814535966,0.11211504814535966,0.11211504814535966,0.11211504814535966,0.11211504814535966,0.11211504814535966,0.11211504814535966,0.11211504814535966,0.11211504814535966,0.11211504814535966,0.11211504814535966,0.11211504814535966,0.11211504814535966,0.11211504814535966,0.11211504814535966
2002-11-10,0.18484314423554118,0.18484314423554118,0.18484314423554118,0.18484314423554118,0.18484314423554118,0.18484314423554118,0.18484314423554118,0.18484314423554118,0.18484314423554118,0.18484314423554118,0.18484314423554118,0.18484314423554118,0.18484314423554118,0.18484314423554118,0.18484314423554118
2002-11-11,0.2538999076614377,0.2538999076614377,0.2538999076614377,0.2538999076614377,0.2538999076614377,0.2538999076614377,0.2538999076614377,0.2538999076614377,0.2538999076614377,0.2538999076614377,0.2538999076614377,0.2538999076614377,0.2538999076614377,0.2538999076614377,0.2538999076614377
2002-11-12,0.35270897629813913,0.35270897629813913,0.35270897629813913,0.35270897629813913,0.35270897629813913,0.35270897629813913,0.35270897629813913,0.35270897629813913,0.35270897629813913,0.35270897629813913,0.35270897629813913,0.35270897629813913,0.35270897629813913,0.35270897629813913,0.35270897629813913
2002-11-13,0.5380873829460742,0.5380873829460742,0.5380873829460742,0.5380873829460742,0.5380873829460742,0.5380873829460742,0.5380873829460742,0.5380873829460742,0.5380873829460742,0.5380873829460742,0.5380873829460742,0.5380873829460742,0.5380873829460742,0.5380873829460742,0.5380873829460742
2002-11-14,0.7165743007371274,0.7165743007371274,0.7165743007371274,0.7165743007371274,0.7165743007371274,0.7165743007371274,0.7165743007371274,0.7165743007371274,0.7165743007371274,0.7165743007371274,0.7165743007371274,0.7165743007371274,0.7165743007371274,0.7165743007371274,0.7165743007371274
2002-11-15,0.8598308894594768,0.8598308894594768,0.8598308894594768,0.8598308894594768,0.8598308894594768,0.8598308894594768,0.8598308894594768,0.8598308894594768,0.8598308894594768,0.8598308894594768,0.8598308894594768,0.8598308894594768,0.8598308894594768,0.8598308894594768,0.8598308894594768
2002-11-16,0.9250967336329229,0.9250967336329229,0.9250967336329229,0.9250967336329229,0.9250967336329229,0.9250967336329229,0.9250967336329229,0.9250967336329229,0.9250967336329229,0.9250967336329229,0.9250967336329229,0.9250967336329229,0.9250967336329229,0.9250967336329229,0.9250967336329229
2002-11-17,0.7691724650880685,0.7691724650880685,0.7691724650880685,0.7691724650880685,0.7691724650880685,0.7691724650880685,0.7691724650880685,0.7691724650880685,0.7691724650880685,0.7691724650880685,0.7691724650880685,0.7691724650880685,0.7691724650880685,0.7691724650880685,0.7691724650880685
2002-11-18,1.1965693408201776,1.1965693408201776,1.1965693408201776,1.1965693408201776,1.1965693408201776,1.1965693408201776,1.1965693408201776,1.1965693408201776,1.1965693408201776,1.1965693408201776,1.1965693408201776,1.1965693408201776,1.1965693408201776,1.1965693408201776,1.1965693408201776
2002-11-19,1.7064014735917201,1.7064014735917201,1.7064014735917201,1.7064014735917201,1.7064014735917201,1.7064014735917201,1.7064014735917201,1.7064014735917201,1.7064014735917201,1.7064014735917201,1.7064014735917201,1.7064014735917201,1.7064014735917201,1.7064014735917201,1.7064014735917201
2002-11-20,1.855908317113381,1.855908317113381,1.855908317113381,1.855908317113381,1.855908317113381,1.855908317113381,1.855908317113381,1.855908317113381,1.855908317113381,1.855908317113381,1.855908317113381,1.855908317113381,1.855908317113381,1.855908317113381,1.855908317113381
2002-11-21,1.8368455094485105,1.8368455094485105,1.8368455094485105,1.8368455094485105,1.8368455094485105,1.8368455094485105,1.8368455094485105,1.8368455094485105,1.8368455094485105,1.8368455094485105,1.8368455094485105,1.8368455094485105,1.8368455094485105,1.8368455094485105,1.8368455094485105
2002-11-22,1.8717126979803265,1.8717126979803265,1.8717126979803265,1.8717126979803265,1.8717126979803265,1.8717126979803265,1.8717126979803265,1.8717126979803265,1.8717126979803265,1.8717126979803265,1.8717126979803265,1.8717126979803265,1.8717126979803265,1.8717126979803265,1.8717126979803265
2002-11-23,1.987535128206937,1.987535128206937,1.987535128206937,1.987535128206937,1.987535128206937,1.987535128206937,1.987535128206937,1.987535128206937,1.987535128206937,1.987535128206937,1.987535128206937,1.987535128206937,1.987535128206937,1.987535128206937,1.987535128206937
2002-11-24,2.069979112286335,2.069979112286335,2.069979112286335,2.069979112286335,2.069979112286335,2.069979112286335,2.069979112286335,2.069979112286335,2.069979112286335,2.069979112286335,2.069979112286335,2.069979112286335,2.069979112286335,2.069979112286335,2.069979112286335
2002-11-25,2.0173420773301234,2.0173420773301234,2.0173420773301234,2.0173420773301234,2.0173420773301234,2.0173420773301234,2.0173420773301234,2.0173420773301234,2.0173420773301234,2.0173420773301234,2.0173420773301234,2.0173420773301234,2.0173420773301234,2.0173420773301234,2.0173420773301234
2002-11-26,1.7743994865893613,1.7743994865893613,1.7743994865893613,1.7743994865893613,1.7743994865893613,1.7743994865893613,1.7743994865893613,1.7743994865893613,1.7743994865893613,1.7743994865893613,1.7743994865893613,1.7743994865893613,1.7743994865893613,1.7743994865893613,1.7743994865893613
2002-11-27,1.5967050356313062,1.5967050356313062,1.5967050356313062,1.5967050356313062,1.5967050356313062,1.5967050356313062,1.5967050356313062,1.5967050356313062,1.5967050356313062,1.5967050356313062,1.5967050356313062,1.5967050356313062,1.5967050356313062,1.5967050356313062,1.5967050356313062
2002-11-28,1.3551194586504558,1.3551194586504558,1.3551194586504558,1.3551194586504558,1.3551194586504558,1.3551194586504558,1.3551194586504558,1.3551194586504558,1.3551194586504558,1.3551194586504558,1.3551194586504558,1.3551194586504558,1.3551194586504558,1.3551194586504558,1.3551194586504558
2002-11-29,1.0274696417146114,1.0274696417146114,1.0274696417146114,1.0274696417146114,1.0274696417146114,1.0274696417146114,1.0274696417146114,1.0274696417146114,1.0274696417146114,1.0274696417146114,1.0274696417146114,1.0274696417146114,1.0274696417146114,1.0274696417146114,1.0274696417146114
2002-11-30,1.0623398350985698,1.0623398350985698,1.0623398350985698,1.0623398350985698,1.0623398350985698,1.0623398350985698,1.0623398350985698,1.0623398350985698,1.0623398350985698,1.0623398350985698,1.0623398350985698,1.0623398350985698,1.0623398350985698,1.0623398350985698,1.0623398350985698
2002-12-01,0.8008935729573422,0.8008935729573422,0.8008935729573422,0.8008935729573422,0.8008935729573422,0.8008935729573422,0.8008935729573422,0.8008935729573422,0.8008935729573422,0.8008935729573422,0.8008935729573422,0.8008935729573422,0.8008935729573422,0.8008935729573422,0.8008935729573422
2002-12-02,0.24782569272979943,0.24782569272979943,0.24782569272979943,0.24782569272979943,0.24782569272979943,0.24782569272979943,0.24782569272979943,0.24782569272979943,0.24782569272979943,0.24782569272979943,0.24782569272979943,0.24782569272979943,0.24782569272979943,0.24782569272979943,0.24782569272979943
2002-12-03,-0.34283029740630855,-0.34283029740630855,-0.34283029740630855,-0.34283029740630855,-0.34283029740630855,-0.34283029740630855,-0.34283029740630855,-0.34283029740630855,-0.34283029740630855,-0.34283029740630855,-0.34283029740630855,-0.34283029740630855,-0.34283029740630855,-0.34283029740630855,-0.34283029740630855
2002-12-04,-0.8601631347405972,-0.8601631347405972,-0.8601631347405972,-0.8601631347405972,-0.8601631347405972,-0.8601631347405972,-0.8601631347405972,-0.8601631347405972,-0.8601631347405972,-0.8601631347405972,-0.8601631347405972,-0.8601631347405972,-0.8601631347405972,-0.8601631347405972,-0.8601631347405972
2002-12-05,-1.3408718105660593,-1.3408718105660593,-1.3408718105660593,-1.3408718105660593,-1.3408718105660593,-1.3408718105660593,-1.3408718105660593,-1.3408718105660593,-1.3408718105660593,-1.3408718105660593,-1.3408718105660593,-1.3408718105660593,-1.3408718105660593,-1.3408718105660593,-1.3408718105660593
2002-12-06,-1.655394217692593,-1.655394217692593,-1.655394217692593,-1.655394217692593,-1.655394217692593,-1.655394217692593,-1.655394217692593,-1.655394217692593,-1.655394217692593,-1.655394217692593,-1.655394217692593,-1.655394217692593,-1.655394217692593,-1.655394217692593,-1.655394217692593
2002-12-07,-1.6424785522280494,-1.6424785522280494,-1.6424785522280494,-1.6424785522280494,-1.6424785522280494,-1.6424785522280494,-1.6424785522280494,-1.6424785522280494,-1.6424785522280494,-1.6424785522280494,-1.6424785522280494,-1.6424785522280494,-1.6424785522280494,-1.6424785522280494,-1.6424785522280494
2002-12-08,-1.7534207991292121,-1.7534207991292121,-1.7534207991292121,-1.7534207991292121,-1.7534207991292121,-1.7534207991292121,-1.7534207991292121,-1.7534207991292121,-1.7534207991292121,-1.7534207991292121,-1.7534207991292121,-1.7534207991292121,-1.7534207991292121,-1.7534207991292121,-1.7534207991292121
2002-12-09,-1.5494437135696788,-1.5494437135696788,-1.5494437135696788,-1.5494437135696788,-1.5494437135696788,-1.5494437135696788,-1.5494437135696788,-1.5494437135696788,-1.5494437135696788,-1.5494437135696788,-1.5494437135696788,-1.5494437135696788,-1.5494437135696788,-1.5494437135696788,-1.5494437135696788
2002-12-10,-1.326079555720158,-1.326079555720158,-1.326079555720158,-1.326079555720158,-1.326079555720158,-1.326079555720158,-1.326079555720158,-1.326079555720158,-1.326079555720158,-1.326079555720158,-1.326079555720158,-1.326079555720158,-1.326079555720158,-1.326079555720158,-1.326079555720158
2002-12-11,-1.1719289289601773,-1.1719289289601773,-1.1719289289601773,-1.1719289289601773,-1.1719289289601773,-1.1719289289601773,-1.1719289289601773,-1.1719289289601773,-1.1719289289601773,-1.1719289289601773,-1.1719289289601773,-1.1719289289601773,-1.1719289289601773,-1.1719289289601773,-1.1719289289601773
2002-12-12,-1.0414491165088666,-1.0414491165088666,-1.0414491165088666,-1.0414491165088666,-1.0414491165088666,-1.0414491165088666,-1.0414491165088666,-1.0414491165088666,-1.0414491165088666,-1.0414491165088666,-1.0414491165088666,-1.0414491165088666,-1.0414491165088666,-1.0414491165088666,-1.0414491165088666
2002-12-13,-0.9661576106165307,-0.9661576106165307,-0.9661576106165307,-0.9661576106165307,-0.9661576106165307,-0.9661576106165307,-0.9661576106165307,-0.9661576106165307,-0.9661576106165307,-0.9661576106165307,-0.9661576106165307,-0.9661576106165307,-0.9661576106165307,-0.9661576106165307,-0.9661576106165307
2002-12-14,-1.2806649096578395,-1.2806649096578395,-1.2806649096578395,-1.2806649096578395,-1.2806649096578395,-1.2806649096578395,-1.2806649096578395,-1.2806649096578395,-1.2806649096578395,-1.2806649096578395,-1.2806649096578395,-1.2806649096578395,-1.2806649096578395,-1.2806649096578395,-1.2806649096578395
2002-12-15,-1.344189895143173,-1.344189895143173,-1.344189895143173,-1.344189895143173,-1.344189895143173,-1.344189895143173,-1.344189895143173,-1.344189895143173,-1.344189895143173,-1.344189895143173,-1.344189895143173,-1.344189895143173,-1.344189895143173,-1.344189895143173,-1.344189895143173
2002-12-16,-1.6155563622890954,-1.6155563622890954,-1.6155563622890954,-1.6155563622890954,-1.6155563622890954,-1.6155563622890954,-1.6155563622890954,-1.6155563622890954,-1.6155563622890954,-1.6155563622890954,-1.6155563622890954,-1.6155563622890954,-1.6155563622890954,-1.6155563622890954,-1.6155563622890954
2002-12-17,-1.7781763559132067,-1.7781763559132067,-1.7781763559132067,-1.7781763559132067,-1.7781763559132067,-1.7781763559132067,-1.7781763559132067,-1.7781763559132067,-1.7781763559132067,-1.7781763559132067,-1.7781763559132067,-1.7781763559132067,-1.7781763559132067,-1.7781763559132067,-1.7781763559132067
2002-12-18,-1.7295980265043336,-1.7295980265043336,-1.7295980265043336,-1.7295980265043336,-1.7295980265043336,-1.7295980265043336,-1.7295980265043336,-1.7295980265043336,-1.7295980265043336,-1.7295980265043336,-1.7295980265043336,-1.7295980265043336,-1.7295980265043336,-1.7295980265043336,-1.7295980265043336
2002-12-19,-1.4408436615937708,-1.4408436615937708,-1.4408436615937708,-1.4408436615937708,-1.4408436615937708,-1.4408436615937708,-1.4408436615937708,-1.4408436615937708,-1.4408436615937708,-1.4408436615937708,-1.4408436615937708,-1.4408436615937708,-1.4408436615937708,-1.4408436615937708,-1.4408436615937708
2002-12-20,-1.2897511215036308,-1.2897511215036308,-1.2897511215036308,-1.2897511215036308,-1.2897511215036308,-1.2897511215036308,-1.2897511215036308,-1.2897511215036308,-1.2897511215036308,-1.2897511215036308,-1.2897511215036308,-1.2897511215036308,-1.2897511215036308,-1.2897511215036308,-1.2897511215036308
2002-12-21,-0.6962128720380222,-0.6962128720380222,-0.6962128720380222,-0.6962128720380222,-0.6962128720380222,-0.6962128720380222,-0.6962128720380222,-0.6962128720380222,-0.6962128720380222,-0.6962128720380222,-0.6962128720380222,-0.6962128720380222,-0.6962128720380222,-0.6962128720380222,-0.6962128720380222
2002-12-22,-0.46447627687360077,-0.46447627687360077,-0.46447627687360077,-0.46447627687360077,-0.46447627687360077,-0.46447627687360077,-0.46447627687360077,-0.46447627687360077,-0.46447627687360077,-0.46447627687360077,-0.46447627687360077,-0.46447627687360077,-0.46447627687360077,-0.46447627687360077,-0.46447627687360077
2002-12-23,-0.08905044888428217,-0.08905044888428217,-0.08905044888428217,-0.08905044888428217,-0.08905044888428217,-0.08905044888428217,-0.08905044888428217,-0.08905044888428217,-0.08905044888428217,-0.08905044888428217,-0.08905044888428217,-0.08905044888428217,-0.08905044888428217,-0.08905044888428217,-0.08905044888428217
2002-12-24,0.3193573093166225,0.3193573093166225,0.3193573093166225,0.3193573093166225,0.3193573093166225,0.3193573093166225,0.3193573093166225,0.3193573093166225,0.3193573093166225,0.3193573093166225,0.3193573093166225,0.3193573093166225,0.3193573093166225,0.3193573093166225,0.3193573093166225
2002-12-25,0.6452518089195562,0.6452518089195562,0.6452518089195562,0.6452518089195562,0.6452518089195562,0.6452518089195562,0.6452518089195562,0.6452518089195562,0.6452518089195562,0.6452518089195562,0.6452518089195562,0.6452518089195562,0.6452518089195562,0.6452518089195562,0.6452518089195562
2002-12-26,1.0437566172137367,1.0437566172137367,1.0437566172137367,1.0437566172137367,1.0437566172137367,1.0437566172137367,1.0437566172137367,1.0437566172137367,1.0437566172137367,1.0437566172137367,1.0437566172137367,1.0437566172137367,1.0437566172137367,1.0437566172137367,1.0437566172137367
2002-12-27,1.4072248763039163,1.4072248763039163,1.4072248763039163,1.4072248763039163,1.4072248763039163,1.4072248763039163,1.4072248763039163,1.4072248763039163,1.4072248763039163,1.4072248763039163,1.4072248763039163,1.4072248763039163,1.4072248763039163,1.4072248763039163,1.4072248763039163
2002-12-28,1.3799307718365166,1.3885703257331241,1.430372557531101,1.3959689087352383,1.3479618935433457,1.442772779892101,1.422540664497155,1.3958647656063998,1.4164468039010243,1.3751588636007541,1.4478531615260357,1.3715391165361677,1.3836435803695382,1.3261915546434488,1.3899000815497262
2002-12-29,1.4198395424900125,1.4423041592812513,1.6043724417091882,1.5304003159418558,1.585210337124801,1.5915645330109445,1.6237140312098024,1.47850355122959,1.563450761769612,1.487026661252765,1.5956471653029267,1.5175055647004514,1.3798295316565712,1.4950160064716906,1.6166006669760906
2002-12-30,1.3471703261816022,1.5220362237946994,1.5914358139891644,1.3770224357848804,1.6609431243749198,1.651081612965545,1.714449535598185,1.434507621291676,1.4875960150341294,1.5647670977111994,1.6317735960713962,1.6064299519836651,1.3979726040794385,1.5001737770566588,1.5821032533896746
2002-12-31,1.287260475267983,1.4629477158551516,1.6995795204985293,1.0986980521831085,1.7052573742500172,1.4801845623452001,1.6898405258864908,1.3347189304371228,1.4346542461146312,1.2428136955450184,1.6361573969431997,1.5831219526087714,1.2039404155778932,1.5469585950491966,1.4914097239142414
2003-01-01,1.2745625025132339,1.4304717527787802,1.6581079237864826,1.0842693232080713,1.6335121832717316,1.4817098785614082,1.6370735899612052,1.1464791531005987,1.6957943913525153,1.282121926152205,1.612673250564362,1.5321325272308366,1.2628597255521263,1.6439201757811281,1.3131844362548606
2003-01-02,1.25094377212064,1.4593583389498899,1.7579503295898529,1.1133559452369366,1.5467963209063738,1.2843794169382496,1.6897423892752956,1.2072423063749782,1.728206857309726,1.395747528802895,1.3336904745874023,1.6927797366759119,1.0671217158823951,1.558372895580569,1.222269144318679
2003-01-03,1.450162840011983,1.54471861294854,1.5637911765104622,1.1961270738000678,1.3235114753973372,0.9828343087037329,1.422986103607033,1.2888550278487294,1.822767892795997,1.2952960225473973,1.4391665401839373,1.775730867149924,1.1205957628401622,1.4301028994289948,1.4898564661459326
2003-01-04,1.4477451389148137,1.447976343219471,1.9959344795109353,1.3956503913072875,1.4706087265543162,0.5715017332292655,1.1321040443722212,1.346103588315013,1.988880530111399,1.5921880780405755,1.4195395886898519,1.7975288460189804,0.7143250593816521,1.2699861083890975,1.3098379853536688
2003-01-05,1.1083231594237821,1.291595623790686,1.7836212368195445,1.2249847665941958,1.4397509096074368,0.17021201573935513,0.76153186091535,0.9495988018049629,1.4346278815525568,1.7011548771554033,1.239521429332192,1.5838027261367364,0.5271765869784729,1.0337485857528468,0.9231990183113888
2003-01-06,1.0605601836985856,1.4493396528321907,1.6798491075178763,0.7783939854993827,1.30887752696586,-0.15101330507734112,0.5361576211696927,0.6174862658664176,1.0858340772044224,1.852120397274272,1.0362680462160185,1.5693869083101195,0.2308888099782949,0.5644359192028668,0.8721801165007931
2003-01-07,1.067975578794472,1.4065268710326488,1.7685857562211313,0.6533019916965975,1.2453924147842177,-0.06518119123498,0.6540267033948027,0.354607177624644,0.8849219769974032,1.8870561923155849,1.077499605547015,1.9608632669932275,0.17006684058472407,0.6159286934284293,0.9621903899309974
2003-01-08,0.9543180938337554,1.1735112281651956,1.859844505521088,0.34359476853884985,1.0833612908604702,-0.11864954916567853,0.9782696424747495,0.09280111361932863,0.9345198375255368,1.990226266595874,1.0143048235533922,2.2724877162713626,0.015297208729852196,0.5528369846391221,1.143929995346207
2003-01-09,0.7300246966819929,1.2660965881048445,1.9015787785614846,-0.24067274598470675,1.0174003480919676,0.22515929474198815,1.1537383422965604,-0.2634149664105317,0.7802455735484818,1.9107856216414414,0.9308333371298949,2.2831870509076593,-0.19614222813729168,0.6702851935364598,1.3274670006596738
2003-01-10,0.4984628730698829,1.0817419000816333,1.7289754738026792,-0.6665500653306473,0.8432213701541427,0.2682925753934738,0.9793995348386272,-0.603998487938605,0.5957643369838728,1.817109995538818,0.7549710641013653,2.03558588160328,-0.32206486159563336,0.7774978672536415,1.1001168021015038
2003-01-11,0.32794460228390404,0.7477269909100944,1.379361620318246,-0.8086229012268279,0.5255159245155677,0.26506145245736734,0.627373610135891,-0.4884147571581702,0.1336477204441124,2.0278472694423355,0.3771409148320327,1.922470964873083,-0.5031961455025123,0.8911206409986113,1.1408411060995094
2003-01-12,-0.1674205839056698,0.33948597421681687,1.182192801981799,-0.9801182821904822,0.2824318856207234,0.323706869317183,0.34773895746912487,-0.2794475394466769,-0.26036869654867445,2.1083962533960516,-0.33902617482870256,1.7724493774548877,-0.7678158495816627,0.5918611919118317,1.0160916984048551
2003-01-13,-0.2812566145376182,-0.19851865728352766,0.8577908924100444,-1.7553194863710753,0.11100652110941109,0.5255438755762526,0.4165079332032657,-0.06612726647599723,-0.5302319867834275,2.1671827260162315,-0.5233410276566649,1.6379095606834082,-0.9133441040090207,0.29029515740186257,0.9209956743768644
2003-01-14,0.028146946704920912,-0.48562223389598086,0.5722393854762846,-1.8339285434550237,0.25149092213647617,0.5756793790350245,0.23105424803058935,0.21029218564326396,-1.2171013128985138,1.900328251541744,-0.42373692025050874,0.8908931039688359,-1.1830209215154968,0.38990981538700953,0.7375086044350903
2003-01-15,0.25627788095649473,-0.43904609241971837,0.5833741998751043,-1.797264766640188,0.5165936463252161,0.8830172580577904,0.37604344733670503,0.4757058760384765,-1.793561511130727,1.5991350520958931,-0.6688387440162915,0.5024477023245766,-1.4411611970751967,0.6280049841801798,0.3829092499471125
2003-01-16,0.6724190021449662,-0.3701576113590106,0.7900977104997954,-1.3066077657527773,0.6830859153043431,0.9216173730506343,0.9917549324021326,0.6131365825142046,-1.9494080594643697,1.1624901307685922,-0.8697844975057135,0.2786697152456803,-1.5083466626532203,0.636652205816276,0.2165211396645351
2003-01-17,0.6662015192957413,-0.5383289351666728,0.5975447946670343,-0.9616563221604587,0.7231278160497294,0.8927114360996992,0.9650770788167283,0.6504998065251074,-1.9828115724766433,0.8348162544642439,-0.739019932746012,0.3239776237825622,-1.3602384547417559,0.519018010978763,-0.3133961787316339
2003-01-18,0.5581308495938855,-0.7428636249281136,0.7394671248998449,-0.8342955410411071,0.6991274471414837,0.39421015652937175,0.52839973353898,0.7313071753933666,-1.9071279081479442,0.6012880665875578,-0.8210076482908131,0.12375885265285316,-1.416105030872798,0.40377145769970346,-0.41584413110187995
2003-01-19,0.6461367204590476,-0.25398770448603314,0.4042836537195609,-0.751050654690476,0.5230140769282191,0.5426910318412508,0.2497468643915372,0.621071511661375,-1.846487139012886,0.14338909480644296,-0.8575312104416156,-0.27419646169208034,-1.3364637683317928,0.7291859710135921,-0.3167689232643549
2003-01-20,0.5431709289623464,0.7399000266728714,0.1261938127512296,-0.9756143217040024,0.29255470542162076,0.7771356628316943,-0.18132782822117535,0.25667692045911444,-1.606598015783788,0.1694396882804182,-0.4928426227347719,-0.41184413068467324,-1.211213905150902,1.0224103403936564,-0.3888915039385239
2003-01-21,0.6777501054576299,1.175614504715644,0.25095047278290683,-0.9867275732977829,0.4819929911594801,1.0485826768670101,-0.4324563572925054,-0.0905532608060778,-1.6645600356607575,0.32031770624037226,0.0035816538551558257,-0.49000140224468497,-1.3520173662180888,1.2522920055650477,-0.48659126644281775
2003-01-22,0.8068565242416241,1.2846772444115815,-2.7333314472790467e-05,-1.2790946727028583,0.5077484000364971,1.078224444750089,-0.4870321859307962,-0.31638106198199395,-1.4211671293961547,-0.010972272243733722,-0.09744227567049184,-0.5825419893648667,-1.3172122432052635,1.2596548604367235,-0.9031546434219503
2003-01-23,0.9402599690782498,1.6686494910152596,-0.018418043391410673,-1.1438213871649814,0.46571954363235124,0.7872060674066513,-0.5276193928876226,-0.7435382776996458,-1.0126689137892877,-0.5998124485566864,-0.19810384993448282,-0.8968218315032261,-0.997710270552363,1.455463794801367,-1.2412440026269245
2003-01-24,1.096693245927023,1.704080094010012,0.10778749251435654,-0.5436782341620182,0.47531705842887895,0.3675657170388666,-0.3636501262722721,-0.7667535567149781,-0.696175648292012,-0.9372487073804195,-0.28879906060617166,-1.444598719140753,-0.6493270240077622,1.7082807003236282,-1.7387318581989715
2003-01-25,0.9489544054249623,1.6541250046117413,0.2801763857039248,-0.16209042402238538,0.5952285177435531,-0.1777948917140635,-0.3016000317436027,-0.8068711445472534,-0.5892379971176921,-1.0077618231905952,-0.05991034677492502,-1.7198417079029067,-0.3853857953090731,1.6861485756979748,-2.33999118182352
2003-01-26,0.5996649813418934,1.2569240576312855,0.38748922094315613,0.4209329025608773,0.6831283867693259,-0.5963366368151144,-0.22128403504426872,-0.9381366580859777,-0.7033216137281973,-1.4029790384540395,0.11412260249562661,-2.0088484401173043,-0.034725874059586596,1.5270896315807518,-2.4704043410328325
2003-01-27,0.42105523663551586,1.0003210867084016,0.3636313395883195,0.8885513787382915,0.4318913433658628,-0.6081437657060288,-0.22277638166467997,-1.1990626170280396,-0.3534192107652226,-1.6813138571099673,0.25306301689789795,-2.282171003850716,0.146151903077034,1.3791820274403488,-2.355820119291914
2003-01-28,0.48265080208842964,0.8412892834674995,0.25332381718819663,0.573004662614715,0.17793894212109035,-0.7650269504474662,-0.4547110213311047,-1.4793925003254251,-0.27794911243791,-2.0557293481796983,0.5949142996527503,-1.8069834003173826,0.27609811964571224,1.0443776618883622,-2.2512889964230496
2003-01-29,0.22715592428579895,0.9725755865523062,-0.006799532130691594,0.39648720620559363,0.07076835959806851,-0.5809080519586848,-0.5961005078920593,-1.6963142234329283,-0.21063677144526852,-2.3502754382362663,1.001305735986476,-1.574622225054248,0.3152716884235466,1.1699316850632606,-2.105767500467698
2003-01-30,0.1028263638970024,1.1396610128711573,-0.030039019413597507,0.4572263549301062,-0.10379468179839138,-0.09312892375230857,-0.6159310550893875,-1.5973645293335268,0.14419310645698277,-2.7021135754281818,1.3916267003207308,-1.4063828756274357,0.32551093508965806,1.461263320302299,-1.8865983733222595
2003-01-31,0.3192273846037972,1.0943497408860006,-0.35412371706857576,0.6891023578232213,-0.4231041529911488,0.06449936612297429,-0.570966075032051,-1.4841200558942411,0.5433552915241495,-2.425594566538664,1.4636202603493143,-0.9026685680929967,-0.0007842647049612172,1.2789291066435329,-1.5300126739860453
2003-02-01,0.5757353323804796,1.1547199230642538,-0.34610207035659285,0.7811272559659833,-0.7330868859003052,0.2699408454643891,-0.37896676058740086,-1.1669287326022055,0.4610916613314348,-2.037334342816653,1.5524878002754685,-0.7389823364503898,-0.4106074960564108,0.9130213036648174,-0.913115537330494
2003-02-02,0.5386236107100196,0.8348710035235692,-0.3706015309749069,0.7281621509121358,-0.866077477872043,0.5001708315679732,-0.6650048337849869,-1.0218487798082816,0.2959280786178226,-2.144968600009617,1.4687859697840602,-0.40720752815815137,-0.8884498239786893,0.8624412103159396,-0.2840346510154335
2003-02-03,0.7289628419068622,0.7922514441920263,-0.44521127760695023,0.8895517553785984,-0.989544005550096,0.8713526861666806,-0.5738692827355114,-0.7036334200270264,0.341194133971481,-2.054029030006913,1.0717174682898472,-0.14524601828139255,-1.2738872311133225,0.6041566571609713,-0.23020489056926224
2003-02-04,0.9405102403609393,0.4909481860169174,-0.3808320520620031,0.8798264688660984,-1.054169287837563,0.5891185450684349,-0.39795720792392497,0.03729093273925267,0.4361628201450931,-1.6874429037294496,0.4482440119098307,-0.12941144212932906,-1.2905678617146124,0.08390148555759014,-0.17410610520300274
2003-02-05,1.009513253579461,0.13351996437302097,-0.6651208237828348,0.7831509610062419,-0.7989337593564237,0.4560812239397952,-0.07961931075213323,0.43974035694754154,0.5627879268417996,-1.1689978356865012,0.1500952691449018,0.43113004350649564,-1.033239404912044,-0.40915274597253665,-0.04799384737344303
2003-02-06,1.1406590515231716,-0.012695098060764293,-0.7136417198519382,0.8857062634697047,-0.36656349700734525,0.229875207575746,-0.11309586682573661,0.25806600596171264,0.9572835549945459,-0.732611544785923,-0.021302982607377775,0.5977591583773446,-0.7402925276856542,-0.9298975124039474,0.02041058681512746
2003-02-07,1.24210874206738,-0.33317620821767235,-0.9302149199246048,0.7531266092566922,-0.08473329491516235,0.3175815196843688,0.09856035831006009,0.24644020550477788,1.22917899202404,-0.7555797319447207,-0.11668370016660624,0.391741037368675,-0.412386366227662,-1.0994160000247915,0.03305426186557227
2003-02-08,1.1539537691834019,-0.3951204734867938,-0.6248101548835134,0.844013112324831,-0.02411297408403548,0.2778314182683007,0.37098914571864655,0.47644493752337147,1.1792499345362133,-0.6763991809921195,-0.5085756953994692,0.26683619860944396,-0.1243527926407355,-0.7411040380229246,-0.22666700355988942
2003-02-09,0.7052497490344193,-0.00690772858892058,-0.3265803881160528,0.8298275735237675,0.03141012476947111,-0.21752244272620386,0.781800947720981,0.7414461965161563,0.7903469548725903,-0.4726114728685528,-0.5908675627028405,0.3043804926365234,0.4258753415043324,-0.4757360179607735,-0.446072732181651
2003-02-10,0.28079484187699777,0.29712057510642564,0.01605139055575552,0.7135596846704604,0.2704071341492027,-0.36156396290865633,1.0124900073830783,0.9395249061941792,0.4095277506582094,-0.23380561616787712,-0.2764987906658564,0.5989812987257547,1.0040277007542056,-0.7993286126796495,-0.38534641282309867
2003-02-11,0.09369816736020589,0.25353410726220155,0.335501794050769,0.4155426875695434,0.13975314145279352,-0.06317079481444487,1.0674848843008549,1.1929772618903152,0.08877868803884588,-0.42572886279780464,0.19839481995805133,1.2631572971090796,1.4205846593137457,-1.3180012813720137,-0.2963581891877815
2003-02-12,-0.1908071837270389,0.41142500969433554,0.7188332527881297,0.2919954850051752,0.17186239841870982,0.06359268921518078,1.5069603506941733,1.4108498549735398,0.04529802307583756,-0.5716723943806034,0.26735730770583205,1.6479650724447392,1.549440449113878,-1.62495193514894,-0.30062140832406326
2003-02-13,-0.12225052984555848,0.5204785645313932,1.0489310166180368,0.26125315548152095,0.016985598872116276,0.2933556864245142,1.465553100903098,1.2490078891251104,0.17831282833713546,-0.22899738805895378,0.49544375100803173,1.8505565284044267,1.562418485463368,-1.8086329931221952,-0.44733418229164634
2003-02-14,-0.08919880528863507,0.5001012882509617,1.1669302868015037,0.3992546159121807,-0.2795971534023832,0.2464952952319386,1.461210719385772,1.1650642916397103,0.196510316806414,0.1628122235009444,0.6441877886576549,1.8984614742637675,1.5889900142840476,-2.13256300336223,-0.3009128213785992
2003-02-15,-0.2317104982018348,0.3834892044000578,1.2980309848083633,0.5869802218110699,-0.5453382907201475,0.435963987436022,1.3467909008255423,1.03263013229537,0.3669261424924873,0.4610983406626152,0.8225550932170005,1.7036010840651798,1.9288600908227067,-2.265257185716147,0.2028382466575766
2003-02-16,-0.6674511155458723,0.30021905683492955,1.0162002884650165,0.6701980798162479,-0.5423163612736178,0.44700199083880054,1.1681805598553567,0.8045176157910134,0.48029805952407956,0.583153268772124,0.8079388390422401,1.5742910666479726,2.4432090568488944,-2.0991894422025794,0.40399260273992915
2003-02-17,-1.0635255465531632,-0.04031987071456057,1.2108497311880575,0.9409826742750583,-0.43940592121107036,0.9498426024900216,0.9637735859010285,0.6974188842011302,0.5073948041133315,0.269184703480746,0.47339943707354926,1.304017094684042,2.631927689583527,-1.7440384064422139,0.27398974775788765
2003-02-18,-1.151836247385597,-0.6488684035327461,0.9204697592594455,1.2067364583206077,-0.20461310595378365,1.3999290776553563,1.055963446928715,0.8573616321374312,0.69313985743906,-0.07354665247519063,0.047904191013835,1.0998074809655047,2.45177451898105,-1.4465090196511272,-0.032919131724876954
2003-02-19,-1.1482636419753736,-1.2039900398659702,0.20012779268142544,1.1799578817245464,-0.2760213179264431,1.2985160231571962,1.0362519388202078,0.8053303776929602,1.009578751089408,-0.06736387224071068,-0.3220768273497677,1.1042234162049998,2.5524956963093315,-1.1298177067943582,-0.455038200698923
2003-02-20,-1.1537495751323055,-1.5870697547946426,-0.11294216972522231,0.9118159432172289,-0.2864632059763077,1.2326812817431938,0.5366853119148249,0.22648462052992252,1.3316768064490858,0.1582409534257488,-0.7574116753985222,1.3530238981400475,2.420635961625686,-0.9121922286643017,-0.748161899197998
2003-02-21,-1.2356204308515928,-2.0987007441576457,-0.3795107357393244,0.3346130120944159,-0.24154761439060518,1.3628672064800391,0.05583247052974594,0.05186476382085537,1.6159110644490353,0.31784984420893,-0.6882690304650235,1.2544022361093874,1.9291067527944863,-0.8413297080162195,-0.7533911078181178
2003-02-22,-1.525401954332445,-2.6878073849076203,-0.7804863089415341,0.13097074157685476,-0.14356152548920675,1.3502772441073132,0.11968464297433146,1.0117747031421236,1.76298711627369,0.645851168193539,-0.38688663902022546,1.3980383983505849,1.724229504929744,-0.8468702871050292,-0.6957097413111029
2003-02-23,-1.7823330909050694,-2.7260358575977763,-0.8927153463333853,-0.04949651472728825,0.038809374925840086,1.2734129653658555,0.2963179456724868,1.4952946597324752,1.914032037187914,1.0303060718633006,-0.36342468499555025,1.370945739008803,1.6816292457566555,-0.6134685949766021,-0.855218830256269
2003-02-24,-1.8020839274028715,-2.606143700060488,-0.7162974509471266,-0.19206428219653457,-0.3916350178700584,1.082706137681896,0.30061559877075383,1.3668809969835243,1.9300089464969379,1.1884470361524075,-0.39820835063308296,0.8138092313500195,1.5983693501041183,-0.43235260083015686,-0.7309250009986027
2003-02-25,-1.370453917743934,-2.4097961749480667,-0.45859065992821546,0.34591327415267015,-0.7484900304112142,0.7769158446635899,0.559440625802636,1.0285439429658685,1.9283842110410157,1.0197107977611937,-0.4932316606650899,0.08103701394968368,1.509167756644422,-0.3717399048265274,-0.5765497677402458
2003-02-26,-0.8019584399029516,-2.404542269646212,-0.47608140181645825,0.29215547818422105,-0.7239352610265123,0.5192736237453265,0.7458330830089673,0.992817581471647,1.786093922025901,1.0043318206822323,-0.23087516168612593,-0.3136659774320448,1.4989484496570213,-0.5035108041315349,-0.2422005356463695
