,1,2,3,4,5,6,7,8,9,10,11,12,13,14,15
2004-09-04,0.5298668411041346,0.5298668411041346,0.5298668411041346,0.5298668411041346,0.5298668411041346,0.5298668411041346,0.5298668411041346,0.5298668411041346,0.5298668411041346,0.5298668411041346,0.5298668411041346,0.5298668411041346,0.5298668411041346,0.5298668411041346,0.5298668411041346
2004-09-05,0.36680589790325846,0.36680589790325846,0.36680589790325846,0.36680589790325846,0.36680589790325846,0.36680589790325846,0.36680589790325846,0.36680589790325846,0.36680589790325846,0.36680589790325846,0.36680589790325846,0.36680589790325846,0.36680589790325846,0.36680589790325846,0.36680589790325846
2004-09-06,0.11974923274355197,0.11974923274355197,0.11974923274355197,0.11974923274355197,0.11974923274355197,0.11974923274355197,0.11974923274355197,0.11974923274355197,0.11974923274355197,0.11974923274355197,0.11974923274355197,0.11974923274355197,0.11974923274355197,0.11974923274355197,0.11974923274355197
2004-09-07,0.21800949071964956,0.21800949071964956,0.21800949071964956,0.21800949071964956,0.21800949071964956,0.21800949071964956,0.21800949071964956,0.21800949071964956,0.21800949071964956,0.21800949071964956,0.21800949071964956,0.21800949071964956,0.21800949071964956,0.21800949071964956,0.21800949071964956
2004-09-08,0.2885948187215438,0.2885948187215438,0.2885948187215438,0.2885948187215438,0.2885948187215438,0.2885948187215438,0.2885948187215438,0.2885948187215438,0.2885948187215438,0.2885948187215438,0.2885948187215438,0.2885948187215438,0.2885948187215438,0.2885948187215438,0.2885948187215438
2004-09-09,0.029588681435829604,0.029588681435829604,0.029588681435829604,0.029588681435829604,0.029588681435829604,0.029588681435829604,0.029588681435829604,0.029588681435829604,0.029588681435829604,0.029588681435829604,0.029588681435829604,0.029588681435829604,0.029588681435829604,0.029588681435829604,0.029588681435829604
2004-09-10,-0.24203816597043068,-0.24203816597043068,-0.24203816597043068,-0.24203816597043068,-0.24203816597043068,-0.24203816597043068,-0.24203816597043068,-0.24203816597043068,-0.24203816597043068,-0.24203816597043068,-0.24203816597043068,-0.24203816597043068,-0.24203816597043068,-0.24203816597043068,-0.24203816597043068
2004-09-11,-0.4710072992500938,-0.4710072992500938,-0.4710072992500938,-0.4710072992500938,-0.4710072992500938,-0.4710072992500938,-0.4710072992500938,-0.4710072992500938,-0.4710072992500938,-0.4710072992500938,-0.4710072992500938,-0.4710072992500938,-0.4710072992500938,-0.4710072992500938,-0.4710072992500938
2004-09-12,-0.5179135385929472,-0.5179135385929472,-0.5179135385929472,-0.5179135385929472,-0.5179135385929472,-0.5179135385929472,-0.5179135385929472,-0.5179135385929472,-0.5179135385929472,-0.5179135385929472,-0.5179135385929472,-0.5179135385929472,-0.5179135385929472,-0.5179135385929472,-0.5179135385929472
2004-09-13,-0.8068741087313465,-0.8068741087313465,-0.8068741087313465,-0.8068741087313465,-0.8068741087313465,-0.8068741087313465,-0.8068741087313465,-0.8068741087313465,-0.8068741087313465,-0.8068741087313465,-0.8068741087313465,-0.8068741087313465,-0.8068741087313465,-0.8068741087313465,-0.8068741087313465
2004-09-14,-0.6938969142346666,-0.6938969142346666,-0.6938969142346666,-0.6938969142346666,-0.6938969142346666,-0.6938969142346666,-0.6938969142346666,-0.6938969142346666,-0.6938969142346666,-0.6938969142346666,-0.6938969142346666,-0.6938969142346666,-0.6938969142346666,-0.6938969142346666,-0.6938969142346666
2004-09-15,-0.6031334788440328,-0.6031334788440328,-0.6031334788440328,-0.6031334788440328,-0.6031334788440328,-0.6031334788440328,-0.6031334788440328,-0.6031334788440328,-0.6031334788440328,-0.6031334788440328,-0.6031334788440328,-0.6031334788440328,-0.6031334788440328,-0.6031334788440328,-0.6031334788440328
2004-09-16,-0.6046706410259297,-0.6046706410259297,-0.6046706410259297,-0.6046706410259297,-0.6046706410259297,-0.6046706410259297,-0.6046706410259297,-0.6046706410259297,-0.6046706410259297,-0.6046706410259297,-0.6046706410259297,-0.6046706410259297,-0.6046706410259297,-0.6046706410259297,-0.6046706410259297
2004-09-17,-0.35578187298435904,-0.35578187298435904,-0.35578187298435904,-0.35578187298435904,-0.35578187298435904,-0.35578187298435904,-0.35578187298435904,-0.35578187298435904,-0.35578187298435904,-0.35578187298435904,-0.35578187298435904,-0.35578187298435904,-0.35578187298435904,-0.35578187298435904,-0.35578187298435904
2004-09-18,-0.40338918293887227,-0.40338918293887227,-0.40338918293887227,-0.40338918293887227,-0.40338918293887227,-0.40338918293887227,-0.40338918293887227,-0.40338918293887227,-0.40338918293887227,-0.40338918293887227,-0.40338918293887227,-0.40338918293887227,-0.40338918293887227,-0.40338918293887227,-0.40338918293887227
2004-09-19,-0.719909047245331,-0.719909047245331,-0.719909047245331,-0.719909047245331,-0.719909047245331,-0.719909047245331,-0.719909047245331,-0.719909047245331,-0.719909047245331,-0.719909047245331,-0.719909047245331,-0.719909047245331,-0.719909047245331,-0.719909047245331,-0.719909047245331
2004-09-20,-0.9581534246821903,-0.9581534246821903,-0.9581534246821903,-0.9581534246821903,-0.9581534246821903,-0.9581534246821903,-0.9581534246821903,-0.9581534246821903,-0.9581534246821903,-0.9581534246821903,-0.9581534246821903,-0.9581534246821903,-0.9581534246821903,-0.9581534246821903,-0.9581534246821903
2004-09-21,-1.0190165932418456,-1.0190165932418456,-1.0190165932418456,-1.0190165932418456,-1.0190165932418456,-1.0190165932418456,-1.0190165932418456,-1.0190165932418456,-1.0190165932418456,-1.0190165932418456,-1.0190165932418456,-1.0190165932418456,-1.0190165932418456,-1.0190165932418456,-1.0190165932418456
2004-09-22,-0.9305731648328246,-0.9305731648328246,-0.9305731648328246,-0.9305731648328246,-0.9305731648328246,-0.9305731648328246,-0.9305731648328246,-0.9305731648328246,-0.9305731648328246,-0.9305731648328246,-0.9305731648328246,-0.9305731648328246,-0.9305731648328246,-0.9305731648328246,-0.9305731648328246
2004-09-23,-0.9032753123174878,-0.9032753123174878,-0.9032753123174878,-0.9032753123174878,-0.9032753123174878,-0.9032753123174878,-0.9032753123174878,-0.9032753123174878,-0.9032753123174878,-0.9032753123174878,-0.9032753123174878,-0.9032753123174878,-0.9032753123174878,-0.9032753123174878,-0.9032753123174878
2004-09-24,-0.8996060196139366,-0.8996060196139366,-0.8996060196139366,-0.8996060196139366,-0.8996060196139366,-0.8996060196139366,-0.8996060196139366,-0.8996060196139366,-0.8996060196139366,-0.8996060196139366,-0.8996060196139366,-0.8996060196139366,-0.8996060196139366,-0.8996060196139366,-0.8996060196139366
2004-09-25,-0.7115399862792994,-0.7115399862792994,-0.7115399862792994,-0.7115399862792994,-0.7115399862792994,-0.7115399862792994,-0.7115399862792994,-0.7115399862792994,-0.7115399862792994,-0.7115399862792994,-0.7115399862792994,-0.7115399862792994,-0.7115399862792994,-0.7115399862792994,-0.7115399862792994
2004-09-26,-0.6361526873283886,-0.6361526873283886,-0.6361526873283886,-0.6361526873283886,-0.6361526873283886,-0.6361526873283886,-0.6361526873283886,-0.6361526873283886,-0.6361526873283886,-0.6361526873283886,-0.6361526873283886,-0.6361526873283886,-0.6361526873283886,-0.6361526873283886,-0.6361526873283886
2004-09-27,-0.34141251922798255,-0.34141251922798255,-0.34141251922798255,-0.34141251922798255,-0.34141251922798255,-0.34141251922798255,-0.34141251922798255,-0.34141251922798255,-0.34141251922798255,-0.34141251922798255,-0.34141251922798255,-0.34141251922798255,-0.34141251922798255,-0.34141251922798255,-0.34141251922798255
2004-09-28,-0.303286440664148,-0.303286440664148,-0.303286440664148,-0.303286440664148,-0.303286440664148,-0.303286440664148,-0.303286440664148,-0.303286440664148,-0.303286440664148,-0.303286440664148,-0.303286440664148,-0.303286440664148,-0.303286440664148,-0.303286440664148,-0.303286440664148
2004-09-29,-0.208098324446217,-0.208098324446217,-0.208098324446217,-0.208098324446217,-0.208098324446217,-0.208098324446217,-0.208098324446217,-0.208098324446217,-0.208098324446217,-0.208098324446217,-0.208098324446217,-0.208098324446217,-0.208098324446217,-0.208098324446217,-0.208098324446217
2004-09-30,0.019464886478331972,0.019464886478331972,0.019464886478331972,0.019464886478331972,0.019464886478331972,0.019464886478331972,0.019464886478331972,0.019464886478331972,0.019464886478331972,0.019464886478331972,0.019464886478331972,0.019464886478331972,0.019464886478331972,0.019464886478331972,0.019464886478331972
2004-10-01,0.3135542683147269,0.3135542683147269,0.3135542683147269,0.3135542683147269,0.3135542683147269,0.3135542683147269,0.3135542683147269,0.3135542683147269,0.3135542683147269,0.3135542683147269,0.3135542683147269,0.3135542683147269,0.3135542683147269,0.3135542683147269,0.3135542683147269
2004-10-02,0.2762528135305984,0.2762528135305984,0.2762528135305984,0.2762528135305984,0.2762528135305984,0.2762528135305984,0.2762528135305984,0.2762528135305984,0.2762528135305984,0.2762528135305984,0.2762528135305984,0.2762528135305984,0.2762528135305984,0.2762528135305984,0.2762528135305984
2004-10-03,0.33945953628770176,0.33945953628770176,0.33945953628770176,0.33945953628770176,0.33945953628770176,0.33945953628770176,0.33945953628770176,0.33945953628770176,0.33945953628770176,0.33945953628770176,0.33945953628770176,0.33945953628770176,0.33945953628770176,0.33945953628770176,0.33945953628770176
2004-10-04,0.6154921689295928,0.6154921689295928,0.6154921689295928,0.6154921689295928,0.6154921689295928,0.6154921689295928,0.6154921689295928,0.6154921689295928,0.6154921689295928,0.6154921689295928,0.6154921689295928,0.6154921689295928,0.6154921689295928,0.6154921689295928,0.6154921689295928
2004-10-05,0.7276271166278263,0.7276271166278263,0.7276271166278263,0.7276271166278263,0.7276271166278263,0.7276271166278263,0.7276271166278263,0.7276271166278263,0.7276271166278263,0.7276271166278263,0.7276271166278263,0.7276271166278263,0.7276271166278263,0.7276271166278263,0.7276271166278263
2004-10-06,0.8537220093097707,0.8537220093097707,0.8537220093097707,0.8537220093097707,0.8537220093097707,0.8537220093097707,0.8537220093097707,0.8537220093097707,0.8537220093097707,0.8537220093097707,0.8537220093097707,0.8537220093097707,0.8537220093097707,0.8537220093097707,0.8537220093097707
2004-10-07,0.9905033808154059,0.9905033808154059,0.9905033808154059,0.9905033808154059,0.9905033808154059,0.9905033808154059,0.9905033808154059,0.9905033808154059,0.9905033808154059,0.9905033808154059,0.9905033808154059,0.9905033808154059,0.9905033808154059,0.9905033808154059,0.9905033808154059
2004-10-08,1.0394389634106211,1.0394389634106211,1.0394389634106211,1.0394389634106211,1.0394389634106211,1.0394389634106211,1.0394389634106211,1.0394389634106211,1.0394389634106211,1.0394389634106211,1.0394389634106211,1.0394389634106211,1.0394389634106211,1.0394389634106211,1.0394389634106211
2004-10-09,1.3391307753852246,1.3391307753852246,1.3391307753852246,1.3391307753852246,1.3391307753852246,1.3391307753852246,1.3391307753852246,1.3391307753852246,1.3391307753852246,1.3391307753852246,1.3391307753852246,1.3391307753852246,1.3391307753852246,1.3391307753852246,1.3391307753852246
2004-10-10,1.1942146232270359,1.1942146232270359,1.1942146232270359,1.1942146232270359,1.1942146232270359,1.1942146232270359,1.1942146232270359,1.1942146232270359,1.1942146232270359,1.1942146232270359,1.1942146232270359,1.1942146232270359,1.1942146232270359,1.1942146232270359,1.1942146232270359
2004-10-11,1.2206527577128579,1.2206527577128579,1.2206527577128579,1.2206527577128579,1.2206527577128579,1.2206527577128579,1.2206527577128579,1.2206527577128579,1.2206527577128579,1.2206527577128579,1.2206527577128579,1.2206527577128579,1.2206527577128579,1.2206527577128579,1.2206527577128579
2004-10-12,1.116937206364555,1.116937206364555,1.116937206364555,1.116937206364555,1.116937206364555,1.116937206364555,1.116937206364555,1.116937206364555,1.116937206364555,1.116937206364555,1.116937206364555,1.116937206364555,1.116937206364555,1.116937206364555,1.116937206364555
2004-10-13,1.1137653839530175,1.1137653839530175,1.1137653839530175,1.1137653839530175,1.1137653839530175,1.1137653839530175,1.1137653839530175,1.1137653839530175,1.1137653839530175,1.1137653839530175,1.1137653839530175,1.1137653839530175,1.1137653839530175,1.1137653839530175,1.1137653839530175
2004-10-14,1.4640714907429697,1.4640714907429697,1.4640714907429697,1.4640714907429697,1.4640714907429697,1.4640714907429697,1.4640714907429697,1.4640714907429697,1.4640714907429697,1.4640714907429697,1.4640714907429697,1.4640714907429697,1.4640714907429697,1.4640714907429697,1.4640714907429697
2004-10-15,1.7407210800310795,1.7407210800310795,1.7407210800310795,1.7407210800310795,1.7407210800310795,1.7407210800310795,1.7407210800310795,1.7407210800310795,1.7407210800310795,1.7407210800310795,1.7407210800310795,1.7407210800310795,1.7407210800310795,1.7407210800310795,1.7407210800310795
2004-10-16,1.9778111544486106,1.9778111544486106,1.9778111544486106,1.9778111544486106,1.9778111544486106,1.9778111544486106,1.9778111544486106,1.9778111544486106,1.9778111544486106,1.9778111544486106,1.9778111544486106,1.9778111544486106,1.9778111544486106,1.9778111544486106,1.9778111544486106
2004-10-17,1.7659218659810818,1.7659218659810818,1.7659218659810818,1.7659218659810818,1.7659218659810818,1.7659218659810818,1.7659218659810818,1.7659218659810818,1.7659218659810818,1.7659218659810818,1.7659218659810818,1.7659218659810818,1.7659218659810818,1.7659218659810818,1.7659218659810818
2004-10-18,1.4494816611824295,1.4494816611824295,1.4494816611824295,1.4494816611824295,1.4494816611824295,1.4494816611824295,1.4494816611824295,1.4494816611824295,1.4494816611824295,1.4494816611824295,1.4494816611824295,1.4494816611824295,1.4494816611824295,1.4494816611824295,1.4494816611824295
2004-10-19,1.103374286436068,1.103374286436068,1.103374286436068,1.103374286436068,1.103374286436068,1.103374286436068,1.103374286436068,1.103374286436068,1.103374286436068,1.103374286436068,1.103374286436068,1.103374286436068,1.103374286436068,1.103374286436068,1.103374286436068
2004-10-20,0.8051263092773182,0.8051263092773182,0.8051263092773182,0.8051263092773182,0.8051263092773182,0.8051263092773182,0.8051263092773182,0.8051263092773182,0.8051263092773182,0.8051263092773182,0.8051263092773182,0.8051263092773182,0.8051263092773182,0.8051263092773182,0.8051263092773182
2004-10-21,0.48182611461844504,0.48182611461844504,0.48182611461844504,0.48182611461844504,0.48182611461844504,0.48182611461844504,0.48182611461844504,0.48182611461844504,0.48182611461844504,0.48182611461844504,0.48182611461844504,0.48182611461844504,0.48182611461844504,0.48182611461844504,0.48182611461844504
2004-10-22,0.15467420176894214,0.15467420176894214,0.15467420176894214,0.15467420176894214,0.15467420176894214,0.15467420176894214,0.15467420176894214,0.15467420176894214,0.15467420176894214,0.15467420176894214,0.15467420176894214,0.15467420176894214,0.15467420176894214,0.15467420176894214,0.15467420176894214
2004-10-23,-0.2594214427953934,-0.2594214427953934,-0.2594214427953934,-0.2594214427953934,-0.2594214427953934,-0.2594214427953934,-0.2594214427953934,-0.2594214427953934,-0.2594214427953934,-0.2594214427953934,-0.2594214427953934,-0.2594214427953934,-0.2594214427953934,-0.2594214427953934,-0.2594214427953934
2004-10-24,-0.7243514189007756,-0.7243514189007756,-0.7243514189007756,-0.7243514189007756,-0.7243514189007756,-0.7243514189007756,-0.7243514189007756,-0.7243514189007756,-0.7243514189007756,-0.7243514189007756,-0.7243514189007756,-0.7243514189007756,-0.7243514189007756,-0.7243514189007756,-0.7243514189007756
2004-10-25,-0.8509569423802096,-0.8509569423802096,-0.8509569423802096,-0.8509569423802096,-0.8509569423802096,-0.8509569423802096,-0.8509569423802096,-0.8509569423802096,-0.8509569423802096,-0.8509569423802096,-0.8509569423802096,-0.8509569423802096,-0.8509569423802096,-0.8509569423802096,-0.8509569423802096
2004-10-26,-0.8073873120428458,-0.8073873120428458,-0.8073873120428458,-0.8073873120428458,-0.8073873120428458,-0.8073873120428458,-0.8073873120428458,-0.8073873120428458,-0.8073873120428458,-0.8073873120428458,-0.8073873120428458,-0.8073873120428458,-0.8073873120428458,-0.8073873120428458,-0.8073873120428458
2004-10-27,-0.9578907953059898,-0.9578907953059898,-0.9578907953059898,-0.9578907953059898,-0.9578907953059898,-0.9578907953059898,-0.9578907953059898,-0.9578907953059898,-0.9578907953059898,-0.9578907953059898,-0.9578907953059898,-0.9578907953059898,-0.9578907953059898,-0.9578907953059898,-0.9578907953059898
2004-10-28,-1.1995257584539987,-1.1995257584539987,-1.1995257584539987,-1.1995257584539987,-1.1995257584539987,-1.1995257584539987,-1.1995257584539987,-1.1995257584539987,-1.1995257584539987,-1.1995257584539987,-1.1995257584539987,-1.1995257584539987,-1.1995257584539987,-1.1995257584539987,-1.1995257584539987
2004-10-29,-1.0652411426792119,-1.0652411426792119,-1.0652411426792119,-1.0652411426792119,-1.0652411426792119,-1.0652411426792119,-1.0652411426792119,-1.0652411426792119,-1.0652411426792119,-1.0652411426792119,-1.0652411426792119,-1.0652411426792119,-1.0652411426792119,-1.0652411426792119,-1.0652411426792119
2004-10-30,-0.8865648188134926,-0.8865648188134926,-0.8865648188134926,-0.8865648188134926,-0.8865648188134926,-0.8865648188134926,-0.8865648188134926,-0.8865648188134926,-0.8865648188134926,-0.8865648188134926,-0.8865648188134926,-0.8865648188134926,-0.8865648188134926,-0.8865648188134926,-0.8865648188134926
2004-10-31,-0.7144402649697212,-0.7144402649697212,-0.7144402649697212,-0.7144402649697212,-0.7144402649697212,-0.7144402649697212,-0.7144402649697212,-0.7144402649697212,-0.7144402649697212,-0.7144402649697212,-0.7144402649697212,-0.7144402649697212,-0.7144402649697212,-0.7144402649697212,-0.7144402649697212
2004-11-01,-0.5600495215138748,-0.5600495215138748,-0.5600495215138748,-0.5600495215138748,-0.5600495215138748,-0.5600495215138748,-0.5600495215138748,-0.5600495215138748,-0.5600495215138748,-0.5600495215138748,-0.5600495215138748,-0.5600495215138748,-0.5600495215138748,-0.5600495215138748,-0.5600495215138748
2004-11-02,-0.4791541101391772,-0.4791541101391772,-0.4791541101391772,-0.4791541101391772,-0.4791541101391772,-0.4791541101391772,-0.4791541101391772,-0.4791541101391772,-0.4791541101391772,-0.4791541101391772,-0.4791541101391772,-0.4791541101391772,-0.4791541101391772,-0.4791541101391772,-0.4791541101391772
2004-11-03,-0.16910858122673467,-0.16910858122673467,-0.16910858122673467,-0.16910858122673467,-0.16910858122673467,-0.16910858122673467,-0.16910858122673467,-0.16910858122673467,-0.16910858122673467,-0.16910858122673467,-0.16910858122673467,-0.16910858122673467,-0.16910858122673467,-0.16910858122673467,-0.16910858122673467
2004-11-04,0.06936804462892718,0.06936804462892718,0.06936804462892718,0.06936804462892718,0.06936804462892718,0.06936804462892718,0.06936804462892718,0.06936804462892718,0.06936804462892718,0.06936804462892718,0.06936804462892718,0.06936804462892718,0.06936804462892718,0.06936804462892718,0.06936804462892718
2004-11-05,0.22979770592525395,0.22979770592525395,0.22979770592525395,0.22979770592525395,0.22979770592525395,0.22979770592525395,0.22979770592525395,0.22979770592525395,0.22979770592525395,0.22979770592525395,0.22979770592525395,0.22979770592525395,0.22979770592525395,0.22979770592525395,0.22979770592525395
2004-11-06,0.30866770422332873,0.30866770422332873,0.30866770422332873,0.30866770422332873,0.30866770422332873,0.30866770422332873,0.30866770422332873,0.30866770422332873,0.30866770422332873,0.30866770422332873,0.30866770422332873,0.30866770422332873,0.30866770422332873,0.30866770422332873,0.30866770422332873
2004-11-07,0.1815261983963815,0.1815261983963815,0.1815261983963815,0.1815261983963815,0.1815261983963815,0.1815261983963815,0.1815261983963815,0.1815261983963815,0.1815261983963815,0.1815261983963815,0.1815261983963815,0.1815261983963815,0.1815261983963815,0.1815261983963815,0.1815261983963815
2004-11-08,0.14658100416694692,0.14658100416694692,0.14658100416694692,0.14658100416694692,0.14658100416694692,0.14658100416694692,0.14658100416694692,0.14658100416694692,0.14658100416694692,0.14658100416694692,0.14658100416694692,0.14658100416694692,0.14658100416694692,0.14658100416694692,0.14658100416694692
2004-11-09,0.19827707353121568,0.19827707353121568,0.19827707353121568,0.19827707353121568,0.19827707353121568,0.19827707353121568,0.19827707353121568,0.19827707353121568,0.19827707353121568,0.19827707353121568,0.19827707353121568,0.19827707353121568,0.19827707353121568,0.19827707353121568,0.19827707353121568
2004-11-10,0.5909865415033386,0.5909865415033386,0.5909865415033386,0.5909865415033386,0.5909865415033386,0.5909865415033386,0.5909865415033386,0.5909865415033386,0.5909865415033386,0.5909865415033386,0.5909865415033386,0.5909865415033386,0.5909865415033386,0.5909865415033386,0.5909865415033386
2004-11-11,0.5587214936567689,0.5587214936567689,0.5587214936567689,0.5587214936567689,0.5587214936567689,0.5587214936567689,0.5587214936567689,0.5587214936567689,0.5587214936567689,0.5587214936567689,0.5587214936567689,0.5587214936567689,0.5587214936567689,0.5587214936567689,0.5587214936567689
2004-11-12,0.7557795140995113,0.7557795140995113,0.7557795140995113,0.7557795140995113,0.7557795140995113,0.7557795140995113,0.7557795140995113,0.7557795140995113,0.7557795140995113,0.7557795140995113,0.7557795140995113,0.7557795140995113,0.7557795140995113,0.7557795140995113,0.7557795140995113
2004-11-13,0.6131044533309586,0.6131044533309586,0.6131044533309586,0.6131044533309586,0.6131044533309586,0.6131044533309586,0.6131044533309586,0.6131044533309586,0.6131044533309586,0.6131044533309586,0.6131044533309586,0.6131044533309586,0.6131044533309586,0.6131044533309586,0.6131044533309586
2004-11-14,0.6166880743917849,0.6166880743917849,0.6166880743917849,0.6166880743917849,0.6166880743917849,0.6166880743917849,0.6166880743917849,0.6166880743917849,0.6166880743917849,0.6166880743917849,0.6166880743917849,0.6166880743917849,0.6166880743917849,0.6166880743917849,0.6166880743917849
2004-11-15,0.3240449364182166,0.3240449364182166,0.3240449364182166,0.3240449364182166,0.3240449364182166,0.3240449364182166,0.3240449364182166,0.3240449364182166,0.3240449364182166,0.3240449364182166,0.3240449364182166,0.3240449364182166,0.3240449364182166,0.3240449364182166,0.3240449364182166
2004-11-16,0.09896825275914096,0.09896825275914096,0.09896825275914096,0.09896825275914096,0.09896825275914096,0.09896825275914096,0.09896825275914096,0.09896825275914096,0.09896825275914096,0.09896825275914096,0.09896825275914096,0.09896825275914096,0.09896825275914096,0.09896825275914096,0.09896825275914096
2004-11-17,0.17374332535763662,0.17374332535763662,0.17374332535763662,0.17374332535763662,0.17374332535763662,0.17374332535763662,0.17374332535763662,0.17374332535763662,0.17374332535763662,0.17374332535763662,0.17374332535763662,0.17374332535763662,0.17374332535763662,0.17374332535763662,0.17374332535763662
2004-11-18,0.09616679541355203,0.09616679541355203,0.09616679541355203,0.09616679541355203,0.09616679541355203,0.09616679541355203,0.09616679541355203,0.09616679541355203,0.09616679541355203,0.09616679541355203,0.09616679541355203,0.09616679541355203,0.09616679541355203,0.09616679541355203,0.09616679541355203
2004-11-19,-0.07034921698466598,-0.07034921698466598,-0.07034921698466598,-0.07034921698466598,-0.07034921698466598,-0.07034921698466598,-0.07034921698466598,-0.07034921698466598,-0.07034921698466598,-0.07034921698466598,-0.07034921698466598,-0.07034921698466598,-0.07034921698466598,-0.07034921698466598,-0.07034921698466598
2004-11-20,-0.36505413774404805,-0.36505413774404805,-0.36505413774404805,-0.36505413774404805,-0.36505413774404805,-0.36505413774404805,-0.36505413774404805,-0.36505413774404805,-0.36505413774404805,-0.36505413774404805,-0.36505413774404805,-0.36505413774404805,-0.36505413774404805,-0.36505413774404805,-0.36505413774404805
2004-11-21,-0.443207768380061,-0.443207768380061,-0.443207768380061,-0.443207768380061,-0.443207768380061,-0.443207768380061,-0.443207768380061,-0.443207768380061,-0.443207768380061,-0.443207768380061,-0.443207768380061,-0.443207768380061,-0.443207768380061,-0.443207768380061,-0.443207768380061
2004-11-22,-0.43795305181759764,-0.43795305181759764,-0.43795305181759764,-0.43795305181759764,-0.43795305181759764,-0.43795305181759764,-0.43795305181759764,-0.43795305181759764,-0.43795305181759764,-0.43795305181759764,-0.43795305181759764,-0.43795305181759764,-0.43795305181759764,-0.43795305181759764,-0.43795305181759764
2004-11-23,-0.3405170216401787,-0.3405170216401787,-0.3405170216401787,-0.3405170216401787,-0.3405170216401787,-0.3405170216401787,-0.3405170216401787,-0.3405170216401787,-0.3405170216401787,-0.3405170216401787,-0.3405170216401787,-0.3405170216401787,-0.3405170216401787,-0.3405170216401787,-0.3405170216401787
2004-11-24,-0.3086622327391797,-0.3086622327391797,-0.3086622327391797,-0.3086622327391797,-0.3086622327391797,-0.3086622327391797,-0.3086622327391797,-0.3086622327391797,-0.3086622327391797,-0.3086622327391797,-0.3086622327391797,-0.3086622327391797,-0.3086622327391797,-0.3086622327391797,-0.3086622327391797
2004-11-25,-0.39975422644064385,-0.39975422644064385,-0.39975422644064385,-0.39975422644064385,-0.39975422644064385,-0.39975422644064385,-0.39975422644064385,-0.39975422644064385,-0.39975422644064385,-0.39975422644064385,-0.39975422644064385,-0.39975422644064385,-0.39975422644064385,-0.39975422644064385,-0.39975422644064385
2004-11-26,-0.6329054890696328,-0.6329054890696328,-0.6329054890696328,-0.6329054890696328,-0.6329054890696328,-0.6329054890696328,-0.6329054890696328,-0.6329054890696328,-0.6329054890696328,-0.6329054890696328,-0.6329054890696328,-0.6329054890696328,-0.6329054890696328,-0.6329054890696328,-0.6329054890696328
2004-11-27,-0.6183751585245721,-0.6183751585245721,-0.6183751585245721,-0.6183751585245721,-0.6183751585245721,-0.6183751585245721,-0.6183751585245721,-0.6183751585245721,-0.6183751585245721,-0.6183751585245721,-0.6183751585245721,-0.6183751585245721,-0.6183751585245721,-0.6183751585245721,-0.6183751585245721
2004-11-28,-0.6135397811741775,-0.6135397811741775,-0.6135397811741775,-0.6135397811741775,-0.6135397811741775,-0.6135397811741775,-0.6135397811741775,-0.6135397811741775,-0.6135397811741775,-0.6135397811741775,-0.6135397811741775,-0.6135397811741775,-0.6135397811741775,-0.6135397811741775,-0.6135397811741775
2004-11-29,-0.3663849729545416,-0.3663849729545416,-0.3663849729545416,-0.3663849729545416,-0.3663849729545416,-0.3663849729545416,-0.3663849729545416,-0.3663849729545416,-0.3663849729545416,-0.3663849729545416,-0.3663849729545416,-0.3663849729545416,-0.3663849729545416,-0.3663849729545416,-0.3663849729545416
2004-11-30,-0.42581197911978913,-0.42581197911978913,-0.42581197911978913,-0.42581197911978913,-0.42581197911978913,-0.42581197911978913,-0.42581197911978913,-0.42581197911978913,-0.42581197911978913,-0.42581197911978913,-0.42581197911978913,-0.42581197911978913,-0.42581197911978913,-0.42581197911978913,-0.42581197911978913
2004-12-01,-0.2890056182493752,-0.2890056182493752,-0.2890056182493752,-0.2890056182493752,-0.2890056182493752,-0.2890056182493752,-0.2890056182493752,-0.2890056182493752,-0.2890056182493752,-0.2890056182493752,-0.2890056182493752,-0.2890056182493752,-0.2890056182493752,-0.2890056182493752,-0.2890056182493752
2004-12-02,0.034006460752592456,0.034006460752592456,0.034006460752592456,0.034006460752592456,0.034006460752592456,0.034006460752592456,0.034006460752592456,0.034006460752592456,0.034006460752592456,0.034006460752592456,0.034006460752592456,0.034006460752592456,0.034006460752592456,0.034006460752592456,0.034006460752592456
2004-12-03,0.5464719607455549,0.5464719607455549,0.5464719607455549,0.5464719607455549,0.5464719607455549,0.5464719607455549,0.5464719607455549,0.5464719607455549,0.5464719607455549,0.5464719607455549,0.5464719607455549,0.5464719607455549,0.5464719607455549,0.5464719607455549,0.5464719607455549
2004-12-04,0.7517701049322826,0.7517701049322826,0.7517701049322826,0.7517701049322826,0.7517701049322826,0.7517701049322826,0.7517701049322826,0.7517701049322826,0.7517701049322826,0.7517701049322826,0.7517701049322826,0.7517701049322826,0.7517701049322826,0.7517701049322826,0.7517701049322826
2004-12-05,0.9196200088578029,0.9196200088578029,0.9196200088578029,0.9196200088578029,0.9196200088578029,0.9196200088578029,0.9196200088578029,0.9196200088578029,0.9196200088578029,0.9196200088578029,0.9196200088578029,0.9196200088578029,0.9196200088578029,0.9196200088578029,0.9196200088578029
2004-12-06,0.5230682753038068,0.5230682753038068,0.5230682753038068,0.5230682753038068,0.5230682753038068,0.5230682753038068,0.5230682753038068,0.5230682753038068,0.5230682753038068,0.5230682753038068,0.5230682753038068,0.5230682753038068,0.5230682753038068,0.5230682753038068,0.5230682753038068
2004-12-07,0.7074554488076328,0.7074554488076328,0.7074554488076328,0.7074554488076328,0.7074554488076328,0.7074554488076328,0.7074554488076328,0.7074554488076328,0.7074554488076328,0.7074554488076328,0.7074554488076328,0.7074554488076328,0.7074554488076328,0.7074554488076328,0.7074554488076328
2004-12-08,0.9123328411569265,0.9123328411569265,0.9123328411569265,0.9123328411569265,0.9123328411569265,0.9123328411569265,0.9123328411569265,0.9123328411569265,0.9123328411569265,0.9123328411569265,0.9123328411569265,0.9123328411569265,0.9123328411569265,0.9123328411569265,0.9123328411569265
2004-12-09,0.7419521738833789,0.7419521738833789,0.7419521738833789,0.7419521738833789,0.7419521738833789,0.7419521738833789,0.7419521738833789,0.7419521738833789,0.7419521738833789,0.7419521738833789,0.7419521738833789,0.7419521738833789,0.7419521738833789,0.7419521738833789,0.7419521738833789
2004-12-10,0.467630257392116,0.467630257392116,0.467630257392116,0.467630257392116,0.467630257392116,0.467630257392116,0.467630257392116,0.467630257392116,0.467630257392116,0.467630257392116,0.467630257392116,0.467630257392116,0.467630257392116,0.467630257392116,0.467630257392116
2004-12-11,0.30667760416430984,0.30667760416430984,0.30667760416430984,0.30667760416430984,0.30667760416430984,0.30667760416430984,0.30667760416430984,0.30667760416430984,0.30667760416430984,0.30667760416430984,0.30667760416430984,0.30667760416430984,0.30667760416430984,0.30667760416430984,0.30667760416430984
2004-12-12,0.4352201168216927,0.4352201168216927,0.4352201168216927,0.4352201168216927,0.4352201168216927,0.4352201168216927,0.4352201168216927,0.4352201168216927,0.4352201168216927,0.4352201168216927,0.4352201168216927,0.4352201168216927,0.4352201168216927,0.4352201168216927,0.4352201168216927
2004-12-13,0.4015971882863393,0.4015971882863393,0.4015971882863393,0.4015971882863393,0.4015971882863393,0.4015971882863393,0.4015971882863393,0.4015971882863393,0.4015971882863393,0.4015971882863393,0.4015971882863393,0.4015971882863393,0.4015971882863393,0.4015971882863393,0.4015971882863393
2004-12-14,0.4831666127926082,0.4831666127926082,0.4831666127926082,0.4831666127926082,0.4831666127926082,0.4831666127926082,0.4831666127926082,0.4831666127926082,0.4831666127926082,0.4831666127926082,0.4831666127926082,0.4831666127926082,0.4831666127926082,0.4831666127926082,0.4831666127926082
2004-12-15,0.2613243695614906,0.2613243695614906,0.2613243695614906,0.2613243695614906,0.2613243695614906,0.2613243695614906,0.2613243695614906,0.2613243695614906,0.2613243695614906,0.2613243695614906,0.2613243695614906,0.2613243695614906,0.2613243695614906,0.2613243695614906,0.2613243695614906
2004-12-16,0.002780421972253391,0.002780421972253391,0.002780421972253391,0.002780421972253391,0.002780421972253391,0.002780421972253391,0.002780421972253391,0.002780421972253391,0.002780421972253391,0.002780421972253391,0.002780421972253391,0.002780421972253391,0.002780421972253391,0.002780421972253391,0.002780421972253391
2004-12-17,-0.2032661652202279,-0.2032661652202279,-0.2032661652202279,-0.2032661652202279,-0.2032661652202279,-0.2032661652202279,-0.2032661652202279,-0.2032661652202279,-0.2032661652202279,-0.2032661652202279,-0.2032661652202279,-0.2032661652202279,-0.2032661652202279,-0.2032661652202279,-0.2032661652202279
2004-12-18,-0.39569821337631994,-0.39569821337631994,-0.39569821337631994,-0.39569821337631994,-0.39569821337631994,-0.39569821337631994,-0.39569821337631994,-0.39569821337631994,-0.39569821337631994,-0.39569821337631994,-0.39569821337631994,-0.39569821337631994,-0.39569821337631994,-0.39569821337631994,-0.39569821337631994
2004-12-19,-0.1591521657056029,-0.1591521657056029,-0.1591521657056029,-0.1591521657056029,-0.1591521657056029,-0.1591521657056029,-0.1591521657056029,-0.1591521657056029,-0.1591521657056029,-0.1591521657056029,-0.1591521657056029,-0.1591521657056029,-0.1591521657056029,-0.1591521657056029,-0.1591521657056029
2004-12-20,-0.09773703855135794,-0.09773703855135794,-0.09773703855135794,-0.09773703855135794,-0.09773703855135794,-0.09773703855135794,-0.09773703855135794,-0.09773703855135794,-0.09773703855135794,-0.09773703855135794,-0.09773703855135794,-0.09773703855135794,-0.09773703855135794,-0.09773703855135794,-0.09773703855135794
2004-12-21,-0.25253848434718734,-0.25253848434718734,-0.25253848434718734,-0.25253848434718734,-0.25253848434718734,-0.25253848434718734,-0.25253848434718734,-0.25253848434718734,-0.25253848434718734,-0.25253848434718734,-0.25253848434718734,-0.25253848434718734,-0.25253848434718734,-0.25253848434718734,-0.25253848434718734
2004-12-22,-0.5397579632555227,-0.5397579632555227,-0.5397579632555227,-0.5397579632555227,-0.5397579632555227,-0.5397579632555227,-0.5397579632555227,-0.5397579632555227,-0.5397579632555227,-0.5397579632555227,-0.5397579632555227,-0.5397579632555227,-0.5397579632555227,-0.5397579632555227,-0.5397579632555227
2004-12-23,-0.4578771338652501,-0.4578771338652501,-0.4578771338652501,-0.4578771338652501,-0.4578771338652501,-0.4578771338652501,-0.4578771338652501,-0.4578771338652501,-0.4578771338652501,-0.4578771338652501,-0.4578771338652501,-0.4578771338652501,-0.4578771338652501,-0.4578771338652501,-0.4578771338652501
2004-12-24,-0.640050310050612,-0.640050310050612,-0.640050310050612,-0.640050310050612,-0.640050310050612,-0.640050310050612,-0.640050310050612,-0.640050310050612,-0.640050310050612,-0.640050310050612,-0.640050310050612,-0.640050310050612,-0.640050310050612,-0.640050310050612,-0.640050310050612
2004-12-25,-0.6505912118184929,-0.6505912118184929,-0.6505912118184929,-0.6505912118184929,-0.6505912118184929,-0.6505912118184929,-0.6505912118184929,-0.6505912118184929,-0.6505912118184929,-0.6505912118184929,-0.6505912118184929,-0.6505912118184929,-0.6505912118184929,-0.6505912118184929,-0.6505912118184929
2004-12-26,-0.9164570432990945,-0.9164570432990945,-0.9164570432990945,-0.9164570432990945,-0.9164570432990945,-0.9164570432990945,-0.9164570432990945,-0.9164570432990945,-0.9164570432990945,-0.9164570432990945,-0.9164570432990945,-0.9164570432990945,-0.9164570432990945,-0.9164570432990945,-0.9164570432990945
2004-12-27,-1.1342350411548496,-1.1342350411548496,-1.1342350411548496,-1.1342350411548496,-1.1342350411548496,-1.1342350411548496,-1.1342350411548496,-1.1342350411548496,-1.1342350411548496,-1.1342350411548496,-1.1342350411548496,-1.1342350411548496,-1.1342350411548496,-1.1342350411548496,-1.1342350411548496
2004-12-28,-1.0703991159669541,-1.0703991159669541,-1.0703991159669541,-1.0703991159669541,-1.0703991159669541,-1.0703991159669541,-1.0703991159669541,-1.0703991159669541,-1.0703991159669541,-1.0703991159669541,-1.0703991159669541,-1.0703991159669541,-1.0703991159669541,-1.0703991159669541,-1.0703991159669541
2004-12-29,-0.9441505533040918,-0.9441505533040918,-0.9441505533040918,-0.9441505533040918,-0.9441505533040918,-0.9441505533040918,-0.9441505533040918,-0.9441505533040918,-0.9441505533040918,-0.9441505533040918,-0.9441505533040918,-0.9441505533040918,-0.9441505533040918,-0.9441505533040918,-0.9441505533040918
2004-12-30,-1.1015179121462164,-1.1015179121462164,-1.1015179121462164,-1.1015179121462164,-1.1015179121462164,-1.1015179121462164,-1.1015179121462164,-1.1015179121462164,-1.1015179121462164,-1.1015179121462164,-1.1015179121462164,-1.1015179121462164,-1.1015179121462164,-1.1015179121462164,-1.1015179121462164
2004-12-31,-1.2345641421219304,-1.2345641421219304,-1.2345641421219304,-1.2345641421219304,-1.2345641421219304,-1.2345641421219304,-1.2345641421219304,-1.2345641421219304,-1.2345641421219304,-1.2345641421219304,-1.2345641421219304,-1.2345641421219304,-1.2345641421219304,-1.2345641421219304,-1.2345641421219304
2005-01-01,-1.0493182909153342,-1.0493182909153342,-1.0493182909153342,-1.0493182909153342,-1.0493182909153342,-1.0493182909153342,-1.0493182909153342,-1.0493182909153342,-1.0493182909153342,-1.0493182909153342,-1.0493182909153342,-1.0493182909153342,-1.0493182909153342,-1.0493182909153342,-1.0493182909153342
2005-01-02,-1.0051845998341462,-1.0537959262738608,-1.0037558683536874,-1.1561065190399806,-1.105459358862609,-1.063766708454001,-1.0535296615564669,-1.0082802092681258,-1.0679526123565275,-1.0862247759226538,-1.0022039635873372,-1.0709356948875304,-1.0858287178583284,-1.0664099046970497,-1.0346809195293967
2005-01-03,-0.9204559049452562,-0.9209371445992889,-0.7932031240396082,-1.0414256704083287,-1.0676163748561203,-0.9690669085877808,-0.9348867363600634,-0.9309701583075372,-0.8949444109057637,-0.9809843837317856,-0.950730161836172,-1.015750794134703,-1.1124030179011521,-0.996996753860053,-0.9392978956362201
2005-01-04,-0.8737195589236989,-0.6782028286314297,-0.6721537198577802,-0.8691947934191279,-0.759026846521406,-0.7032520356264177,-0.6561414890843275,-0.7656882459792741,-0.7226947925554388,-0.7985928293520261,-0.7124036732613598,-0.668396938033211,-0.9350344160636573,-0.939979081173168,-0.7951838507291137
2005-01-05,-0.9114352803634239,-0.7284731404175719,-0.6959896490317474,-0.7786126921347705,-1.0841404594050807,-0.8979130150757506,-0.5127889918294629,-0.8779746369915145,-0.7248472346770645,-0.7188982684734004,-0.858066258045006,-0.6860382990113575,-1.0266207698342267,-0.8569945523224655,-0.9495200432881991
2005-01-06,-0.605138283398604,-0.31420228353877505,-0.2227353207058629,-0.30043019493740786,-0.8164386672733069,-0.46514197385678285,-0.1792947576610765,-0.477612876039015,-0.24604319887281528,-0.36300374965014853,-0.42033258704666115,-0.24176831851776698,-0.6241980700293891,-0.6174380663413822,-0.47538878474498736
2005-01-07,-0.2916581517726436,-0.1266131244129085,0.3414372231140827,-0.02802376587090348,-0.6042956080301027,-0.08380013970633451,0.2829347683854048,-0.397706968205152,0.1508071963427336,-0.03981038893781442,0.07904112161172604,0.20487845632586546,-0.2679714546781828,-0.031937601804058184,-0.004154411005648691
2005-01-08,0.1161963662372606,0.22766097092517948,0.8395657999760592,0.5953252536744501,-0.07878964335487033,0.27545599773148366,0.61161914022329,-0.14926959793829975,0.3278942039093951,0.4115343007149554,0.4766192166263002,0.6417201077102656,0.12644269512016004,0.4617716571951753,0.48931048924436754
2005-01-09,0.3752266425852681,0.41415667818689805,1.1804839837130066,1.0725790270235367,0.06060135768335206,0.5637917338682609,0.9043725445309334,-0.13621747289785655,0.5377875268435882,1.026115844799947,0.5868122615293503,1.1619819725391718,0.7378284139262943,0.9691689190092801,1.1988989815678557
2005-01-10,0.8219616572695605,0.7694671063978106,1.5200615209660595,1.534942766610331,0.6464142004727821,0.5249410495766287,1.433334202773403,0.6382881761976021,0.7145252876187719,1.5936809103609288,0.7798366666555641,1.769942151035466,1.4402133507826766,1.5844566288049315,1.8789333260881522
2005-01-11,1.1263522805753203,1.0468324665001316,1.718265922224594,1.8576218790443746,0.9743901296475416,0.37537687038291534,1.7821923609337893,1.14512673762397,1.1098285015730582,2.007600880781631,0.6932985964011995,2.228695586059595,1.8170885386329336,1.800190508934059,2.140172740847963
2005-01-12,1.154612137098985,1.2568214011002892,1.657063088790579,1.874323146707376,1.1163582147552045,0.2413055778920637,2.062503593607244,1.3627190178563373,1.1574696754888807,2.1550186383799392,0.05674205068450645,2.287300370281547,2.240145793476578,2.071265738763606,1.9249408339724563
2005-01-13,0.9478660839452107,1.1280637005596819,1.3908402980089323,1.7269498686538307,1.1956983641657284,0.13121399775844636,2.331339461970268,1.4908165441850176,1.0872770115605825,2.297109585452614,-0.13354640872463228,2.061681270495996,2.6328795661581905,2.0173684347224716,1.7491155640290559
2005-01-14,0.740051753003949,1.2349220996612587,0.9554523199990574,1.5926399524653083,1.5285754017346518,0.1624569733694707,2.4777306211009265,1.7545813573448958,0.9551638858249354,2.0898618344732713,-0.3884902375258627,2.0347254706773787,2.773225938608453,2.0222489072979974,1.7301866016550982
2005-01-15,0.6814305266170101,1.262688077298155,0.7067087818116605,1.4127311734837498,1.8368185523891674,0.11843392592602293,2.6370670573183475,1.7797030350523315,0.7279446654772271,2.0201232697529425,-0.33542002670598176,2.3395444803707264,2.439053013573435,2.3270568496150634,1.3640618981686365
2005-01-16,0.5349731582012899,1.2829732294570027,0.3793560891939673,1.0662179913003205,2.0018337633198,0.006192696672452002,2.6847602166199764,1.812110025496761,0.4597869750423561,1.7245775204974587,0.06116803480242807,2.3588404534595657,2.235435725213063,2.394890015341278,1.1296479476426504
2005-01-17,0.3693099424675492,1.4499607535845507,0.14166694847927472,0.9042548517652345,2.370889090409721,0.02176995672045852,2.906428044600685,1.5729803923404813,0.393843528009727,1.6122458905706303,0.3825433673418673,2.5954545291744058,2.3584730886344167,2.1859914843563013,0.650851442338329
2005-01-18,-0.024797841930566906,1.9008009203778355,0.10243849707305315,0.7710126033958546,2.6200072539906705,0.25682184731788993,2.9629849788402005,0.9747043095510786,0.28957204610593135,1.4983075431246116,0.4523840137626708,2.796047481266728,2.442537816491499,1.9709267032983657,0.21111048815728028
2005-01-19,-0.280926834954654,2.032320484609216,0.15067533805702463,0.616638277707545,2.8273479299303212,0.15015107437576392,2.822271413882801,0.7439854269677999,0.04574136566736362,1.0052246214677067,0.932510645415077,2.8495250235051595,2.457338691754181,1.89291046885362,0.13468176721212347
2005-01-20,-0.5230118863320102,2.2022420063479875,0.32074792434976923,0.5751977679377251,2.6876100215312055,0.20213234333895785,2.903310605828662,0.4354261634481952,-0.25611467841692986,0.5296837934246763,1.251105793141141,2.586474265152836,2.308410161287619,1.8350622085300585,0.2630743818841006
2005-01-21,-0.6961402833712493,2.3077439707457486,0.7017198431447385,0.8602002147563133,2.5517394210804234,0.3358148974428622,2.7011356361338867,0.3589675674498799,-0.43453300951784235,0.32050355378354584,1.732138935676055,2.497145499650731,2.5940113154370734,2.1673650771447543,0.2073366735623164
2005-01-22,-0.5394757265071259,2.1125290946985626,1.0383959070870648,0.9184560350667168,2.710878551781015,0.4277192435052315,2.9914134367098963,0.24015769493881758,-0.5944566094587559,0.19747932563296475,2.209379286674856,2.067706191217388,2.492090909594803,2.051434350379269,-0.042135837964184915
2005-01-23,-0.4520699059230097,2.2908915182480394,1.351849666811907,0.46078350302922183,2.603126646912856,0.23515636681037536,3.235718164025488,0.420362238653806,-0.5354085489071707,0.17777642687704034,2.458483098169373,1.765100779827686,2.4551205611746454,2.1304828927187147,-0.08920920209709841
2005-01-24,-0.3836914085521845,2.25429769029601,1.2031799643753773,0.367739338689735,2.3587434924655155,0.19493510020659993,3.174192131267755,0.7318610422035356,-0.965288339072048,0.11914939361395052,2.5454764415025584,1.5942621639290857,2.276928136745841,1.9258980189105643,-0.1559557472256005
2005-01-25,-0.3083380478856059,2.352928496156021,1.3897416113953964,0.40384658721636935,2.0275820459979523,0.3649848696281352,2.6762149595733398,1.0173980200943524,-0.8082421549660972,-0.03414731396994237,2.452068417618018,1.4440530652691244,2.2218912919300378,1.3976031303129337,-0.02088439431747574
2005-01-26,-0.31880267778454663,2.443396056836845,1.6252475737627083,0.4987042442869319,1.8819850612127007,0.2554275962264628,1.8907830457714039,1.0148854266286937,-0.824106103700075,-0.21566794274617077,2.40855029112427,1.214762722427643,2.167189806105873,1.0495043764519587,-0.3139584634567106
2005-01-27,0.008829088171285073,2.6005919305025325,1.478172230608392,0.6969256193416686,1.7557891328909896,0.18815219258690946,1.3535302671153393,0.6763650905923021,-1.2019256153375704,-0.42471086019559373,2.5096154807999334,0.896840207300391,2.4695437260408744,0.9102221228376187,-0.7919658885516637
2005-01-28,0.2905664052746653,2.662446675441775,1.0112864898407972,1.035944311967527,1.5526779551661063,0.03136475591850865,0.8352019283763992,0.6830620111115708,-1.4523863151030414,-0.4973750457246802,2.431450649471304,0.3417313526146533,2.6949427737719547,0.7305598626339124,-1.2070852307156335
2005-01-29,0.44326737283164774,2.2011454780672475,0.31401995255855575,1.0583697005004171,1.1536204173043207,-0.20688130645546718,0.6182119792648809,0.9397761706814804,-1.2567177870807928,-0.6300351794898222,2.333767090020039,0.2111549465133453,2.920549002810037,0.6724787017002063,-1.1061637989666246
2005-01-30,0.7406189825559226,1.6387431071073102,-0.22281476628626284,1.3471013947172874,0.9509483907367343,-0.6347490403428172,0.11582985475951757,1.1210909336844135,-1.0929258214544733,-0.7239756108052772,2.0247291116568817,0.31339083436455384,2.68619710475715,0.7948721937285887,-1.005250090945645
2005-01-31,1.2002962937991954,1.625840427260401,-0.40715756989235047,1.457461719837031,0.9489122351226134,-0.9270757178193514,0.009584026732141915,0.8643445550326527,-0.6256736374565134,-0.8236716147679622,1.7587140666709196,0.22123999242541417,2.462219626280325,1.1180109458457745,-1.129969352719589
2005-02-01,1.5286285524066892,1.3816406966071124,-0.48295174397426605,1.4187941870599687,0.6970543980702009,-0.773806427972582,0.12269294094960555,0.32630690160861064,-0.33176069244267525,-0.8220210571058186,1.3460948999011317,-0.2974273553626455,2.116663721182834,1.3817476707847662,-1.4840841357642256
2005-02-02,1.8483850424391588,1.2165607033675938,-0.8541638340059703,1.271279176676405,0.1311749695944701,-0.28787784425768137,0.07324954056195394,0.029406532342851118,-0.15431950270574976,-0.3386013988810295,1.0886368439760863,-0.5760868030471445,1.357994983131558,1.2600951463820627,-1.2827759036454178
2005-02-03,1.946516253971306,0.7952665898714673,-0.9035842052807325,1.3498245630676682,-0.13598947440180822,-0.10858368632365938,0.09049275366037143,0.25280952298088116,0.09856249642855994,-0.10504001164426242,1.1296263968108633,-0.5211455852701251,1.1450917261845066,1.2686836674111512,-0.9025937024517916
2005-02-04,1.9958926180018008,0.28327351196257355,-1.0720341266846882,1.3981963915106708,-0.3200170531344274,0.19964854734676954,0.5183590715675924,0.28884501107443283,0.19654337878719652,0.028658949995932163,1.366790840311706,-0.0773322359514567,0.7101181771801183,1.3382244533153647,-0.6456406592761131
2005-02-05,2.0800613759650877,-0.03505075191021309,-1.1693370187324599,1.5307869152405884,-0.2844336096612106,0.4369648649897635,0.8008109588616649,0.3761473849749051,0.34859492429033817,0.6659010945821721,1.431849829147089,0.053953450745531636,0.09469883087652149,1.5819124050644335,-0.3910092272821953
2005-02-06,1.9301907044126716,-0.4653306551360041,-0.9636433840018865,1.7810544282130116,-0.33975966998780965,0.24875372824968534,1.1918874087562796,0.34967089871143564,0.34445748463259634,0.8295342221581277,0.9804645070608463,-0.009145871602377688,-0.5462486535839597,1.4017610087339702,-0.3538788318710887
2005-02-07,1.9448641950866499,-0.8643994589405062,-0.9208502290558273,1.74602396265528,-0.6878805854303872,0.07335824932988272,1.2652431184724222,0.19447131610402998,0.20721508248014253,1.1102282658859979,0.2028990521192396,-0.12087746383258058,-0.6158529642256472,1.3095660207536444,-0.3237190353345174
2005-02-08,1.999836770632389,-1.534773190193809,-1.2416392471544149,1.4649912906397535,-0.41961786797635325,0.1311067605553523,0.8583214387876871,0.4231200900962203,-0.06798086848681323,1.0850649109367017,-0.2096536245799813,-0.2381703937112202,-0.7261608606550725,1.2675713680908371,-0.32412431850321555
2005-02-09,2.267180959772436,-1.8782220735775852,-1.5309698264128162,1.3340151048767084,-0.007850832936279932,0.2816935177631463,0.5478540573415954,0.570150065323839,-0.47700556417025347,1.194322433098488,0.10870134718276712,-0.5309543575585127,-0.49741117209560803,1.3093400240972977,-0.3372983266171077
2005-02-10,2.3722066992295625,-2.1391319085697593,-1.7746944536536922,0.9380356566935565,0.15655971605376315,0.36024418448483464,0.29197969148591196,0.9173946015871334,-0.6498275683703958,1.341132866667928,0.4106843333052794,-0.6818695039987408,-0.4614192272259487,1.2051030198975115,-0.5058663360517196
2005-02-11,2.5208954441535565,-2.125410495590586,-1.7605301067604477,0.9368855218735767,0.3127026869339906,0.6244360805211437,-0.06792155809726184,1.010578177236144,-0.4808093556619933,1.334614427129124,0.4897495257315354,-0.8247700715794735,-0.312236176172096,1.2072282213489067,-0.607281933215551
2005-02-12,2.429859696617607,-2.0167524253844875,-1.6864306009970054,1.1252154317603031,0.1309215968440594,0.8550478098840637,-0.20549483927242865,0.7496903403675693,-0.23152558307210575,1.2263778697888565,0.14898947013587596,-0.5245407831502957,-0.5025192566271116,1.1824001129518082,-0.6119327335138024
2005-02-13,2.2222809247344197,-2.2202785617369325,-1.4800152481699518,1.380306937201608,-0.08646162919042819,1.0105810805075435,-0.2725509746210766,0.34285175153041864,-0.27145147363899313,1.154970042911218,-0.055244640630478015,-0.0038880804420962844,-0.4752110668340196,1.3592758029148149,-0.6589988582891595
2005-02-14,1.962433019814884,-2.1435081674152405,-1.2158325649099297,1.450940279424121,-0.27475710147172266,1.1905059290489282,-0.22465008681014142,0.08328648077532333,-0.19007521053096288,1.255412210959894,-0.031858008017214494,0.2647394591077021,-0.6824264921011235,1.2579383753854037,-0.4799427964948779
2005-02-15,1.687927162338383,-2.1057135671603215,-1.1483891742414667,1.2787139225886262,-0.6696498318425912,1.3792533951731152,-0.15815870554933892,-0.2728426043535761,-0.05892140503023271,1.259102025936455,-0.22092421489676484,0.5061353355799953,-0.740710925732878,1.1775612211925186,-0.39493941526125614
2005-02-16,1.4275338234931203,-2.199428613620041,-1.0026551894134421,1.5264626602502223,-1.0331643632448224,1.5027281804776385,-0.20864827868547325,-0.09364976823711202,0.07335449391643008,0.8145078222128109,-0.3330713863379332,0.7374826521267104,-0.9501943282506033,0.8183844838439657,-0.455218054958374
2005-02-17,1.2776813524537194,-2.2623831572375117,-1.1286359169948033,1.812305318783045,-1.0773330489606068,1.6174809796667353,-0.09626892445446121,-0.009606034589794817,-0.11918528800748526,0.28514933171517093,-0.36799001487894123,1.1146002572111406,-0.828090556587173,0.9484853386991929,-0.46225100937685365
2005-02-18,1.0403222195101216,-2.340876123888309,-1.2524396781503546,1.4800310680361193,-1.3081740768559154,1.575642947068985,0.3094751570556746,-0.09505894123961466,0.15440200893796868,0.001607146657411748,-0.1268926988725989,1.221681746696954,-0.8385207814320339,0.960114175807337,-0.6077226613434632
2005-02-19,0.9502328513935113,-2.218959608208654,-1.5610608125842818,1.4661567862452227,-1.2821996990926743,1.8050079626782414,0.6262971960203972,-0.23334901449887932,0.42536231603129243,-0.3395075937845794,0.1637892302079555,1.1274485664452272,-0.7642471099570214,0.8339421801197408,-0.6967282057554955
2005-02-20,1.032315359290654,-1.9974564039495726,-1.7996770403325049,1.4651383226715458,-1.2677588723466093,1.7990104419907573,0.4510154013805312,-0.39569365941931356,0.6113230484585173,-0.7054413406157509,0.09271851600438698,0.9193984574528662,-0.46617615910259147,0.9502410737178624,-0.6293604531000959
2005-02-21,1.258301987397713,-1.9851983062861214,-1.6152371623186377,1.5824121614757873,-1.3742844952191229,1.2705225502001707,0.1685843369051494,-0.8291256614512582,0.4840211546053456,-1.1618047095616975,-0.1085430458344873,0.27803193952561356,0.16130094573119266,1.0631568243710645,-0.5747031932878099
2005-02-22,0.9512690709364175,-2.078138034368061,-1.554019398314394,1.479196760749984,-1.4476335966644955,1.1747398907891933,-0.07327570937326827,-0.7974683244649632,0.7378769905690692,-1.4719330263884565,-0.17518443535842895,0.04280360150055385,0.09493451973748289,0.6042079580959593,-1.1092397906957816
2005-02-23,0.46727047281448564,-2.421134522154547,-1.7448500316378377,1.2861779627975212,-1.4706987363514454,0.9239169988694488,-0.20110414118412678,-0.44210184981472883,1.0064870622993198,-1.5335308326421788,-0.29069064480635637,-0.11824382676359325,0.012898038972420266,0.3983010765842924,-1.1469113631079577
2005-02-24,0.12033092006203126,-2.6246092730245936,-1.9613681544846895,1.0683290768224307,-1.5483315578047459,0.8824713464307182,0.05450073398336843,-0.23126727060600974,0.7840427751466383,-1.8007738353855267,-0.3058323061575207,-0.4518120144272651,-0.05237589849950947,-0.06524067679854086,-1.2315757029163763
2005-02-25,0.08372616999998943,-2.873353569328446,-1.9014518869364663,0.9514691631867278,-1.5388526592481409,0.4245944193408373,0.1765747701435989,0.21870768484643285,0.5265282492095352,-1.8669597203686394,-0.2041483311481573,-0.43129176313145173,0.22284805411060896,-0.5755795981956453,-1.5163434925311006
2005-02-26,-0.027682622748134458,-2.7679282049645484,-1.817684319313601,0.7356443635976866,-1.6937743076521719,0.2678002438674182,0.2836314963846659,0.5622799507725847,0.24633940092289552,-2.162496569679174,-0.10770425073208562,-0.38397297411139036,-0.13183746924115408,-0.9603723904540947,-1.8139392065782507
2005-02-27,-0.16352968694102268,-2.5460058736569473,-1.333604677810585,0.6752886233348979,-1.6020442223195128,0.5311508686545162,0.3499366703887813,0.34100870620930873,0.020099917562778166,-2.37452599251223,-0.3045733430925451,-0.13225542080472102,-0.4420850714727141,-1.2625268891802621,-1.8409677185918856
2005-02-28,-0.22382781981532354,-2.0189336610139796,-0.8794687487548722,0.6302485321133595,-1.7466051656984058,0.44914319421392246,0.5489117659039257,0.4753209988001475,0.09729085667775543,-2.2760278159150036,-0.8779702259210749,-0.062482838522119916,-0.7382221269694996,-1.1644452863430472,-1.4923248650005339
2005-03-01,-0.3666220481631688,-1.4686185770410127,-0.4900116378959508,0.37042964659262856,-1.841277364851787,0.692605594655628,0.8471122477748961,0.6296667024980535,0.6154102437156627,-1.8768120015272634,-1.0542219035559028,-0.12796798784807248,-1.0297241666314505,-1.2970286706783813,-1.3413265742819631
2005-03-02,-0.4824728234471567,-1.0628493522682927,-0.02694462984777727,0.22064908985386616,-1.6243123445438248,0.7334874935346957,1.2250819423192076,0.674160557053391,0.645441269819507,-1.5709722771043724,-1.3762021411004997,-0.18310816979731032,-1.0053519480267687,-1.2382512817962812,-1.3915690427490501
2005-03-03,-0.7358075055354885,-0.6723727058828063,0.6054197266242549,0.16050573266654386,-1.6015493936780258,0.9863148769415501,1.3967665303863113,0.7510171341752575,0.6336184072791712,-0.7543767081168459,-1.4549015771658091,0.014865535296144759,-1.2285838547172365,-1.0290248123987327,-1.1382507605224874
