,1,2,3,4,5,6,7,8,9,10,11,12,13,14,15
2007-10-10,-1.1552423203177005,-1.1552423203177005,-1.1552423203177005,-1.1552423203177005,-1.1552423203177005,-1.1552423203177005,-1.1552423203177005,-1.1552423203177005,-1.1552423203177005,-1.1552423203177005,-1.1552423203177005,-1.1552423203177005,-1.1552423203177005,-1.1552423203177005,-1.1552423203177005
2007-10-11,-1.407530135215147,-1.407530135215147,-1.407530135215147,-1.407530135215147,-1.407530135215147,-1.407530135215147,-1.407530135215147,-1.407530135215147,-1.407530135215147,-1.407530135215147,-1.407530135215147,-1.407530135215147,-1.407530135215147,-1.407530135215147,-1.407530135215147
2007-10-12,-1.5142872917844126,-1.5142872917844126,-1.5142872917844126,-1.5142872917844126,-1.5142872917844126,-1.5142872917844126,-1.5142872917844126,-1.5142872917844126,-1.5142872917844126,-1.5142872917844126,-1.5142872917844126,-1.5142872917844126,-1.5142872917844126,-1.5142872917844126,-1.5142872917844126
2007-10-13,-1.5265168148011754,-1.5265168148011754,-1.5265168148011754,-1.5265168148011754,-1.5265168148011754,-1.5265168148011754,-1.5265168148011754,-1.5265168148011754,-1.5265168148011754,-1.5265168148011754,-1.5265168148011754,-1.5265168148011754,-1.5265168148011754,-1.5265168148011754,-1.5265168148011754
2007-10-14,-1.5152689342145285,-1.5152689342145285,-1.5152689342145285,-1.5152689342145285,-1.5152689342145285,-1.5152689342145285,-1.5152689342145285,-1.5152689342145285,-1.5152689342145285,-1.5152689342145285,-1.5152689342145285,-1.5152689342145285,-1.5152689342145285,-1.5152689342145285,-1.5152689342145285
2007-10-15,-1.3603645320392506,-1.3603645320392506,-1.3603645320392506,-1.3603645320392506,-1.3603645320392506,-1.3603645320392506,-1.3603645320392506,-1.3603645320392506,-1.3603645320392506,-1.3603645320392506,-1.3603645320392506,-1.3603645320392506,-1.3603645320392506,-1.3603645320392506,-1.3603645320392506
2007-10-16,-1.4078375833829668,-1.4078375833829668,-1.4078375833829668,-1.4078375833829668,-1.4078375833829668,-1.4078375833829668,-1.4078375833829668,-1.4078375833829668,-1.4078375833829668,-1.4078375833829668,-1.4078375833829668,-1.4078375833829668,-1.4078375833829668,-1.4078375833829668,-1.4078375833829668
2007-10-17,-1.5305879640765565,-1.5305879640765565,-1.5305879640765565,-1.5305879640765565,-1.5305879640765565,-1.5305879640765565,-1.5305879640765565,-1.5305879640765565,-1.5305879640765565,-1.5305879640765565,-1.5305879640765565,-1.5305879640765565,-1.5305879640765565,-1.5305879640765565,-1.5305879640765565
2007-10-18,-1.5740040332405043,-1.5740040332405043,-1.5740040332405043,-1.5740040332405043,-1.5740040332405043,-1.5740040332405043,-1.5740040332405043,-1.5740040332405043,-1.5740040332405043,-1.5740040332405043,-1.5740040332405043,-1.5740040332405043,-1.5740040332405043,-1.5740040332405043,-1.5740040332405043
2007-10-19,-1.5697277253280186,-1.5697277253280186,-1.5697277253280186,-1.5697277253280186,-1.5697277253280186,-1.5697277253280186,-1.5697277253280186,-1.5697277253280186,-1.5697277253280186,-1.5697277253280186,-1.5697277253280186,-1.5697277253280186,-1.5697277253280186,-1.5697277253280186,-1.5697277253280186
2007-10-20,-1.6315708549797856,-1.6315708549797856,-1.6315708549797856,-1.6315708549797856,-1.6315708549797856,-1.6315708549797856,-1.6315708549797856,-1.6315708549797856,-1.6315708549797856,-1.6315708549797856,-1.6315708549797856,-1.6315708549797856,-1.6315708549797856,-1.6315708549797856,-1.6315708549797856
2007-10-21,-1.2462237941961718,-1.2462237941961718,-1.2462237941961718,-1.2462237941961718,-1.2462237941961718,-1.2462237941961718,-1.2462237941961718,-1.2462237941961718,-1.2462237941961718,-1.2462237941961718,-1.2462237941961718,-1.2462237941961718,-1.2462237941961718,-1.2462237941961718,-1.2462237941961718
2007-10-22,-0.7059822991393352,-0.7059822991393352,-0.7059822991393352,-0.7059822991393352,-0.7059822991393352,-0.7059822991393352,-0.7059822991393352,-0.7059822991393352,-0.7059822991393352,-0.7059822991393352,-0.7059822991393352,-0.7059822991393352,-0.7059822991393352,-0.7059822991393352,-0.7059822991393352
2007-10-23,-0.3821386599300037,-0.3821386599300037,-0.3821386599300037,-0.3821386599300037,-0.3821386599300037,-0.3821386599300037,-0.3821386599300037,-0.3821386599300037,-0.3821386599300037,-0.3821386599300037,-0.3821386599300037,-0.3821386599300037,-0.3821386599300037,-0.3821386599300037,-0.3821386599300037
2007-10-24,0.12173426513083173,0.12173426513083173,0.12173426513083173,0.12173426513083173,0.12173426513083173,0.12173426513083173,0.12173426513083173,0.12173426513083173,0.12173426513083173,0.12173426513083173,0.12173426513083173,0.12173426513083173,0.12173426513083173,0.12173426513083173,0.12173426513083173
2007-10-25,0.544275122012138,0.544275122012138,0.544275122012138,0.544275122012138,0.544275122012138,0.544275122012138,0.544275122012138,0.544275122012138,0.544275122012138,0.544275122012138,0.544275122012138,0.544275122012138,0.544275122012138,0.544275122012138,0.544275122012138
2007-10-26,0.6017193726560132,0.6017193726560132,0.6017193726560132,0.6017193726560132,0.6017193726560132,0.6017193726560132,0.6017193726560132,0.6017193726560132,0.6017193726560132,0.6017193726560132,0.6017193726560132,0.6017193726560132,0.6017193726560132,0.6017193726560132,0.6017193726560132
2007-10-27,0.7438773428102524,0.7438773428102524,0.7438773428102524,0.7438773428102524,0.7438773428102524,0.7438773428102524,0.7438773428102524,0.7438773428102524,0.7438773428102524,0.7438773428102524,0.7438773428102524,0.7438773428102524,0.7438773428102524,0.7438773428102524,0.7438773428102524
2007-10-28,1.1636267291702578,1.1636267291702578,1.1636267291702578,1.1636267291702578,1.1636267291702578,1.1636267291702578,1.1636267291702578,1.1636267291702578,1.1636267291702578,1.1636267291702578,1.1636267291702578,1.1636267291702578,1.1636267291702578,1.1636267291702578,1.1636267291702578
2007-10-29,1.289377605780803,1.289377605780803,1.289377605780803,1.289377605780803,1.289377605780803,1.289377605780803,1.289377605780803,1.289377605780803,1.289377605780803,1.289377605780803,1.289377605780803,1.289377605780803,1.289377605780803,1.289377605780803,1.289377605780803
2007-10-30,0.836845221379819,0.836845221379819,0.836845221379819,0.836845221379819,0.836845221379819,0.836845221379819,0.836845221379819,0.836845221379819,0.836845221379819,0.836845221379819,0.836845221379819,0.836845221379819,0.836845221379819,0.836845221379819,0.836845221379819
2007-10-31,0.7808452069919373,0.7808452069919373,0.7808452069919373,0.7808452069919373,0.7808452069919373,0.7808452069919373,0.7808452069919373,0.7808452069919373,0.7808452069919373,0.7808452069919373,0.7808452069919373,0.7808452069919373,0.7808452069919373,0.7808452069919373,0.7808452069919373
2007-11-01,0.8559491937047853,0.8559491937047853,0.8559491937047853,0.8559491937047853,0.8559491937047853,0.8559491937047853,0.8559491937047853,0.8559491937047853,0.8559491937047853,0.8559491937047853,0.8559491937047853,0.8559491937047853,0.8559491937047853,0.8559491937047853,0.8559491937047853
2007-11-02,0.910969648155891,0.910969648155891,0.910969648155891,0.910969648155891,0.910969648155891,0.910969648155891,0.910969648155891,0.910969648155891,0.910969648155891,0.910969648155891,0.910969648155891,0.910969648155891,0.910969648155891,0.910969648155891,0.910969648155891
2007-11-03,0.7422310280794635,0.7422310280794635,0.7422310280794635,0.7422310280794635,0.7422310280794635,0.7422310280794635,0.7422310280794635,0.7422310280794635,0.7422310280794635,0.7422310280794635,0.7422310280794635,0.7422310280794635,0.7422310280794635,0.7422310280794635,0.7422310280794635
2007-11-04,0.35975086754477476,0.35975086754477476,0.35975086754477476,0.35975086754477476,0.35975086754477476,0.35975086754477476,0.35975086754477476,0.35975086754477476,0.35975086754477476,0.35975086754477476,0.35975086754477476,0.35975086754477476,0.35975086754477476,0.35975086754477476,0.35975086754477476
2007-11-05,0.5950849134502809,0.5950849134502809,0.5950849134502809,0.5950849134502809,0.5950849134502809,0.5950849134502809,0.5950849134502809,0.5950849134502809,0.5950849134502809,0.5950849134502809,0.5950849134502809,0.5950849134502809,0.5950849134502809,0.5950849134502809,0.5950849134502809
2007-11-06,0.6404731130102874,0.6404731130102874,0.6404731130102874,0.6404731130102874,0.6404731130102874,0.6404731130102874,0.6404731130102874,0.6404731130102874,0.6404731130102874,0.6404731130102874,0.6404731130102874,0.6404731130102874,0.6404731130102874,0.6404731130102874,0.6404731130102874
2007-11-07,0.6928113302660456,0.6928113302660456,0.6928113302660456,0.6928113302660456,0.6928113302660456,0.6928113302660456,0.6928113302660456,0.6928113302660456,0.6928113302660456,0.6928113302660456,0.6928113302660456,0.6928113302660456,0.6928113302660456,0.6928113302660456,0.6928113302660456
2007-11-08,0.347571114318377,0.347571114318377,0.347571114318377,0.347571114318377,0.347571114318377,0.347571114318377,0.347571114318377,0.347571114318377,0.347571114318377,0.347571114318377,0.347571114318377,0.347571114318377,0.347571114318377,0.347571114318377,0.347571114318377
2007-11-09,0.034042546229575615,0.034042546229575615,0.034042546229575615,0.034042546229575615,0.034042546229575615,0.034042546229575615,0.034042546229575615,0.034042546229575615,0.034042546229575615,0.034042546229575615,0.034042546229575615,0.034042546229575615,0.034042546229575615,0.034042546229575615,0.034042546229575615
2007-11-10,0.04621831219317316,0.04621831219317316,0.04621831219317316,0.04621831219317316,0.04621831219317316,0.04621831219317316,0.04621831219317316,0.04621831219317316,0.04621831219317316,0.04621831219317316,0.04621831219317316,0.04621831219317316,0.04621831219317316,0.04621831219317316,0.04621831219317316
2007-11-11,0.27047266341661536,0.27047266341661536,0.27047266341661536,0.27047266341661536,0.27047266341661536,0.27047266341661536,0.27047266341661536,0.27047266341661536,0.27047266341661536,0.27047266341661536,0.27047266341661536,0.27047266341661536,0.27047266341661536,0.27047266341661536,0.27047266341661536
2007-11-12,0.4461526799426105,0.4461526799426105,0.4461526799426105,0.4461526799426105,0.4461526799426105,0.4461526799426105,0.4461526799426105,0.4461526799426105,0.4461526799426105,0.4461526799426105,0.4461526799426105,0.4461526799426105,0.4461526799426105,0.4461526799426105,0.4461526799426105
2007-11-13,0.8244446019493664,0.8244446019493664,0.8244446019493664,0.8244446019493664,0.8244446019493664,0.8244446019493664,0.8244446019493664,0.8244446019493664,0.8244446019493664,0.8244446019493664,0.8244446019493664,0.8244446019493664,0.8244446019493664,0.8244446019493664,0.8244446019493664
2007-11-14,1.2125625190106073,1.2125625190106073,1.2125625190106073,1.2125625190106073,1.2125625190106073,1.2125625190106073,1.2125625190106073,1.2125625190106073,1.2125625190106073,1.2125625190106073,1.2125625190106073,1.2125625190106073,1.2125625190106073,1.2125625190106073,1.2125625190106073
2007-11-15,1.3037170818679855,1.3037170818679855,1.3037170818679855,1.3037170818679855,1.3037170818679855,1.3037170818679855,1.3037170818679855,1.3037170818679855,1.3037170818679855,1.3037170818679855,1.3037170818679855,1.3037170818679855,1.3037170818679855,1.3037170818679855,1.3037170818679855
2007-11-16,1.345337270364844,1.345337270364844,1.345337270364844,1.345337270364844,1.345337270364844,1.345337270364844,1.345337270364844,1.345337270364844,1.345337270364844,1.345337270364844,1.345337270364844,1.345337270364844,1.345337270364844,1.345337270364844,1.345337270364844
2007-11-17,1.488490625439117,1.488490625439117,1.488490625439117,1.488490625439117,1.488490625439117,1.488490625439117,1.488490625439117,1.488490625439117,1.488490625439117,1.488490625439117,1.488490625439117,1.488490625439117,1.488490625439117,1.488490625439117,1.488490625439117
2007-11-18,1.485804266106765,1.485804266106765,1.485804266106765,1.485804266106765,1.485804266106765,1.485804266106765,1.485804266106765,1.485804266106765,1.485804266106765,1.485804266106765,1.485804266106765,1.485804266106765,1.485804266106765,1.485804266106765,1.485804266106765
2007-11-19,1.1634347258735982,1.1634347258735982,1.1634347258735982,1.1634347258735982,1.1634347258735982,1.1634347258735982,1.1634347258735982,1.1634347258735982,1.1634347258735982,1.1634347258735982,1.1634347258735982,1.1634347258735982,1.1634347258735982,1.1634347258735982,1.1634347258735982
2007-11-20,0.7381107409285647,0.7381107409285647,0.7381107409285647,0.7381107409285647,0.7381107409285647,0.7381107409285647,0.7381107409285647,0.7381107409285647,0.7381107409285647,0.7381107409285647,0.7381107409285647,0.7381107409285647,0.7381107409285647,0.7381107409285647,0.7381107409285647
2007-11-21,0.44123416430591494,0.44123416430591494,0.44123416430591494,0.44123416430591494,0.44123416430591494,0.44123416430591494,0.44123416430591494,0.44123416430591494,0.44123416430591494,0.44123416430591494,0.44123416430591494,0.44123416430591494,0.44123416430591494,0.44123416430591494,0.44123416430591494
2007-11-22,0.524072611289828,0.524072611289828,0.524072611289828,0.524072611289828,0.524072611289828,0.524072611289828,0.524072611289828,0.524072611289828,0.524072611289828,0.524072611289828,0.524072611289828,0.524072611289828,0.524072611289828,0.524072611289828,0.524072611289828
2007-11-23,0.7928099546737067,0.7928099546737067,0.7928099546737067,0.7928099546737067,0.7928099546737067,0.7928099546737067,0.7928099546737067,0.7928099546737067,0.7928099546737067,0.7928099546737067,0.7928099546737067,0.7928099546737067,0.7928099546737067,0.7928099546737067,0.7928099546737067
2007-11-24,0.9487038616877844,0.9487038616877844,0.9487038616877844,0.9487038616877844,0.9487038616877844,0.9487038616877844,0.9487038616877844,0.9487038616877844,0.9487038616877844,0.9487038616877844,0.9487038616877844,0.9487038616877844,0.9487038616877844,0.9487038616877844,0.9487038616877844
2007-11-25,0.46035754074973617,0.46035754074973617,0.46035754074973617,0.46035754074973617,0.46035754074973617,0.46035754074973617,0.46035754074973617,0.46035754074973617,0.46035754074973617,0.46035754074973617,0.46035754074973617,0.46035754074973617,0.46035754074973617,0.46035754074973617,0.46035754074973617
2007-11-26,0.18493647606004998,0.18493647606004998,0.18493647606004998,0.18493647606004998,0.18493647606004998,0.18493647606004998,0.18493647606004998,0.18493647606004998,0.18493647606004998,0.18493647606004998,0.18493647606004998,0.18493647606004998,0.18493647606004998,0.18493647606004998,0.18493647606004998
2007-11-27,-0.11250026902056914,-0.11250026902056914,-0.11250026902056914,-0.11250026902056914,-0.11250026902056914,-0.11250026902056914,-0.11250026902056914,-0.11250026902056914,-0.11250026902056914,-0.11250026902056914,-0.11250026902056914,-0.11250026902056914,-0.11250026902056914,-0.11250026902056914,-0.11250026902056914
2007-11-28,-0.6892384485499402,-0.6892384485499402,-0.6892384485499402,-0.6892384485499402,-0.6892384485499402,-0.6892384485499402,-0.6892384485499402,-0.6892384485499402,-0.6892384485499402,-0.6892384485499402,-0.6892384485499402,-0.6892384485499402,-0.6892384485499402,-0.6892384485499402,-0.6892384485499402
2007-11-29,-1.4770095162744004,-1.4770095162744004,-1.4770095162744004,-1.4770095162744004,-1.4770095162744004,-1.4770095162744004,-1.4770095162744004,-1.4770095162744004,-1.4770095162744004,-1.4770095162744004,-1.4770095162744004,-1.4770095162744004,-1.4770095162744004,-1.4770095162744004,-1.4770095162744004
2007-11-30,-2.3461764972457613,-2.3461764972457613,-2.3461764972457613,-2.3461764972457613,-2.3461764972457613,-2.3461764972457613,-2.3461764972457613,-2.3461764972457613,-2.3461764972457613,-2.3461764972457613,-2.3461764972457613,-2.3461764972457613,-2.3461764972457613,-2.3461764972457613,-2.3461764972457613
2007-12-01,-2.7064812681815824,-2.7064812681815824,-2.7064812681815824,-2.7064812681815824,-2.7064812681815824,-2.7064812681815824,-2.7064812681815824,-2.7064812681815824,-2.7064812681815824,-2.7064812681815824,-2.7064812681815824,-2.7064812681815824,-2.7064812681815824,-2.7064812681815824,-2.7064812681815824
2007-12-02,-2.5644306555973158,-2.5644306555973158,-2.5644306555973158,-2.5644306555973158,-2.5644306555973158,-2.5644306555973158,-2.5644306555973158,-2.5644306555973158,-2.5644306555973158,-2.5644306555973158,-2.5644306555973158,-2.5644306555973158,-2.5644306555973158,-2.5644306555973158,-2.5644306555973158
2007-12-03,-2.710808335888134,-2.710808335888134,-2.710808335888134,-2.710808335888134,-2.710808335888134,-2.710808335888134,-2.710808335888134,-2.710808335888134,-2.710808335888134,-2.710808335888134,-2.710808335888134,-2.710808335888134,-2.710808335888134,-2.710808335888134,-2.710808335888134
2007-12-04,-2.6613559263520425,-2.6613559263520425,-2.6613559263520425,-2.6613559263520425,-2.6613559263520425,-2.6613559263520425,-2.6613559263520425,-2.6613559263520425,-2.6613559263520425,-2.6613559263520425,-2.6613559263520425,-2.6613559263520425,-2.6613559263520425,-2.6613559263520425,-2.6613559263520425
2007-12-05,-2.4895371533157578,-2.4895371533157578,-2.4895371533157578,-2.4895371533157578,-2.4895371533157578,-2.4895371533157578,-2.4895371533157578,-2.4895371533157578,-2.4895371533157578,-2.4895371533157578,-2.4895371533157578,-2.4895371533157578,-2.4895371533157578,-2.4895371533157578,-2.4895371533157578
2007-12-06,-2.417301203533385,-2.417301203533385,-2.417301203533385,-2.417301203533385,-2.417301203533385,-2.417301203533385,-2.417301203533385,-2.417301203533385,-2.417301203533385,-2.417301203533385,-2.417301203533385,-2.417301203533385,-2.417301203533385,-2.417301203533385,-2.417301203533385
2007-12-07,-1.7677656039750433,-1.7677656039750433,-1.7677656039750433,-1.7677656039750433,-1.7677656039750433,-1.7677656039750433,-1.7677656039750433,-1.7677656039750433,-1.7677656039750433,-1.7677656039750433,-1.7677656039750433,-1.7677656039750433,-1.7677656039750433,-1.7677656039750433,-1.7677656039750433
2007-12-08,-0.9796937936517884,-0.9796937936517884,-0.9796937936517884,-0.9796937936517884,-0.9796937936517884,-0.9796937936517884,-0.9796937936517884,-0.9796937936517884,-0.9796937936517884,-0.9796937936517884,-0.9796937936517884,-0.9796937936517884,-0.9796937936517884,-0.9796937936517884,-0.9796937936517884
2007-12-09,-0.5178026890947369,-0.5178026890947369,-0.5178026890947369,-0.5178026890947369,-0.5178026890947369,-0.5178026890947369,-0.5178026890947369,-0.5178026890947369,-0.5178026890947369,-0.5178026890947369,-0.5178026890947369,-0.5178026890947369,-0.5178026890947369,-0.5178026890947369,-0.5178026890947369
2007-12-10,-0.4654385644828691,-0.4654385644828691,-0.4654385644828691,-0.4654385644828691,-0.4654385644828691,-0.4654385644828691,-0.4654385644828691,-0.4654385644828691,-0.4654385644828691,-0.4654385644828691,-0.4654385644828691,-0.4654385644828691,-0.4654385644828691,-0.4654385644828691,-0.4654385644828691
2007-12-11,-0.16993451278392713,-0.16993451278392713,-0.16993451278392713,-0.16993451278392713,-0.16993451278392713,-0.16993451278392713,-0.16993451278392713,-0.16993451278392713,-0.16993451278392713,-0.16993451278392713,-0.16993451278392713,-0.16993451278392713,-0.16993451278392713,-0.16993451278392713,-0.16993451278392713
2007-12-12,-0.04876260594020315,-0.04876260594020315,-0.04876260594020315,-0.04876260594020315,-0.04876260594020315,-0.04876260594020315,-0.04876260594020315,-0.04876260594020315,-0.04876260594020315,-0.04876260594020315,-0.04876260594020315,-0.04876260594020315,-0.04876260594020315,-0.04876260594020315,-0.04876260594020315
2007-12-13,0.1356052621639706,0.1356052621639706,0.1356052621639706,0.1356052621639706,0.1356052621639706,0.1356052621639706,0.1356052621639706,0.1356052621639706,0.1356052621639706,0.1356052621639706,0.1356052621639706,0.1356052621639706,0.1356052621639706,0.1356052621639706,0.1356052621639706
2007-12-14,0.010634510824205839,0.010634510824205839,0.010634510824205839,0.010634510824205839,0.010634510824205839,0.010634510824205839,0.010634510824205839,0.010634510824205839,0.010634510824205839,0.010634510824205839,0.010634510824205839,0.010634510824205839,0.010634510824205839,0.010634510824205839,0.010634510824205839
2007-12-15,-0.1769680766189078,-0.1769680766189078,-0.1769680766189078,-0.1769680766189078,-0.1769680766189078,-0.1769680766189078,-0.1769680766189078,-0.1769680766189078,-0.1769680766189078,-0.1769680766189078,-0.1769680766189078,-0.1769680766189078,-0.1769680766189078,-0.1769680766189078,-0.1769680766189078
2007-12-16,-0.27687128269245775,-0.27687128269245775,-0.27687128269245775,-0.27687128269245775,-0.27687128269245775,-0.27687128269245775,-0.27687128269245775,-0.27687128269245775,-0.27687128269245775,-0.27687128269245775,-0.27687128269245775,-0.27687128269245775,-0.27687128269245775,-0.27687128269245775,-0.27687128269245775
2007-12-17,-0.17342294774716074,-0.17342294774716074,-0.17342294774716074,-0.17342294774716074,-0.17342294774716074,-0.17342294774716074,-0.17342294774716074,-0.17342294774716074,-0.17342294774716074,-0.17342294774716074,-0.17342294774716074,-0.17342294774716074,-0.17342294774716074,-0.17342294774716074,-0.17342294774716074
2007-12-18,0.3116156870850205,0.3116156870850205,0.3116156870850205,0.3116156870850205,0.3116156870850205,0.3116156870850205,0.3116156870850205,0.3116156870850205,0.3116156870850205,0.3116156870850205,0.3116156870850205,0.3116156870850205,0.3116156870850205,0.3116156870850205,0.3116156870850205
2007-12-19,0.8234358265656325,0.8234358265656325,0.8234358265656325,0.8234358265656325,0.8234358265656325,0.8234358265656325,0.8234358265656325,0.8234358265656325,0.8234358265656325,0.8234358265656325,0.8234358265656325,0.8234358265656325,0.8234358265656325,0.8234358265656325,0.8234358265656325
2007-12-20,0.8509429395543485,0.8509429395543485,0.8509429395543485,0.8509429395543485,0.8509429395543485,0.8509429395543485,0.8509429395543485,0.8509429395543485,0.8509429395543485,0.8509429395543485,0.8509429395543485,0.8509429395543485,0.8509429395543485,0.8509429395543485,0.8509429395543485
2007-12-21,1.1505182038692487,1.1505182038692487,1.1505182038692487,1.1505182038692487,1.1505182038692487,1.1505182038692487,1.1505182038692487,1.1505182038692487,1.1505182038692487,1.1505182038692487,1.1505182038692487,1.1505182038692487,1.1505182038692487,1.1505182038692487,1.1505182038692487
2007-12-22,1.53700606641419,1.53700606641419,1.53700606641419,1.53700606641419,1.53700606641419,1.53700606641419,1.53700606641419,1.53700606641419,1.53700606641419,1.53700606641419,1.53700606641419,1.53700606641419,1.53700606641419,1.53700606641419,1.53700606641419
2007-12-23,1.6161200528869701,1.6161200528869701,1.6161200528869701,1.6161200528869701,1.6161200528869701,1.6161200528869701,1.6161200528869701,1.6161200528869701,1.6161200528869701,1.6161200528869701,1.6161200528869701,1.6161200528869701,1.6161200528869701,1.6161200528869701,1.6161200528869701
2007-12-24,1.9932406642068374,1.9932406642068374,1.9932406642068374,1.9932406642068374,1.9932406642068374,1.9932406642068374,1.9932406642068374,1.9932406642068374,1.9932406642068374,1.9932406642068374,1.9932406642068374,1.9932406642068374,1.9932406642068374,1.9932406642068374,1.9932406642068374
2007-12-25,1.588024575901339,1.588024575901339,1.588024575901339,1.588024575901339,1.588024575901339,1.588024575901339,1.588024575901339,1.588024575901339,1.588024575901339,1.588024575901339,1.588024575901339,1.588024575901339,1.588024575901339,1.588024575901339,1.588024575901339
2007-12-26,1.2209634589222274,1.2209634589222274,1.2209634589222274,1.2209634589222274,1.2209634589222274,1.2209634589222274,1.2209634589222274,1.2209634589222274,1.2209634589222274,1.2209634589222274,1.2209634589222274,1.2209634589222274,1.2209634589222274,1.2209634589222274,1.2209634589222274
2007-12-27,1.076107306663184,1.076107306663184,1.076107306663184,1.076107306663184,1.076107306663184,1.076107306663184,1.076107306663184,1.076107306663184,1.076107306663184,1.076107306663184,1.076107306663184,1.076107306663184,1.076107306663184,1.076107306663184,1.076107306663184
2007-12-28,1.210758756781706,1.210758756781706,1.210758756781706,1.210758756781706,1.210758756781706,1.210758756781706,1.210758756781706,1.210758756781706,1.210758756781706,1.210758756781706,1.210758756781706,1.210758756781706,1.210758756781706,1.210758756781706,1.210758756781706
2007-12-29,1.4896675854501198,1.4896675854501198,1.4896675854501198,1.4896675854501198,1.4896675854501198,1.4896675854501198,1.4896675854501198,1.4896675854501198,1.4896675854501198,1.4896675854501198,1.4896675854501198,1.4896675854501198,1.4896675854501198,1.4896675854501198,1.4896675854501198
2007-12-30,1.2497348320097026,1.2497348320097026,1.2497348320097026,1.2497348320097026,1.2497348320097026,1.2497348320097026,1.2497348320097026,1.2497348320097026,1.2497348320097026,1.2497348320097026,1.2497348320097026,1.2497348320097026,1.2497348320097026,1.2497348320097026,1.2497348320097026
2007-12-31,1.1412253101191776,1.1412253101191776,1.1412253101191776,1.1412253101191776,1.1412253101191776,1.1412253101191776,1.1412253101191776,1.1412253101191776,1.1412253101191776,1.1412253101191776,1.1412253101191776,1.1412253101191776,1.1412253101191776,1.1412253101191776,1.1412253101191776
2008-01-01,1.3669022656576062,1.3669022656576062,1.3669022656576062,1.3669022656576062,1.3669022656576062,1.3669022656576062,1.3669022656576062,1.3669022656576062,1.3669022656576062,1.3669022656576062,1.3669022656576062,1.3669022656576062,1.3669022656576062,1.3669022656576062,1.3669022656576062
2008-01-02,1.4586090221817678,1.4586090221817678,1.4586090221817678,1.4586090221817678,1.4586090221817678,1.4586090221817678,1.4586090221817678,1.4586090221817678,1.4586090221817678,1.4586090221817678,1.4586090221817678,1.4586090221817678,1.4586090221817678,1.4586090221817678,1.4586090221817678
2008-01-03,1.7484748362663283,1.7484748362663283,1.7484748362663283,1.7484748362663283,1.7484748362663283,1.7484748362663283,1.7484748362663283,1.7484748362663283,1.7484748362663283,1.7484748362663283,1.7484748362663283,1.7484748362663283,1.7484748362663283,1.7484748362663283,1.7484748362663283
2008-01-04,1.7668527685017261,1.7668527685017261,1.7668527685017261,1.7668527685017261,1.7668527685017261,1.7668527685017261,1.7668527685017261,1.7668527685017261,1.7668527685017261,1.7668527685017261,1.7668527685017261,1.7668527685017261,1.7668527685017261,1.7668527685017261,1.7668527685017261
2008-01-05,1.4998638632976353,1.4998638632976353,1.4998638632976353,1.4998638632976353,1.4998638632976353,1.4998638632976353,1.4998638632976353,1.4998638632976353,1.4998638632976353,1.4998638632976353,1.4998638632976353,1.4998638632976353,1.4998638632976353,1.4998638632976353,1.4998638632976353
2008-01-06,1.0006405765185378,1.0006405765185378,1.0006405765185378,1.0006405765185378,1.0006405765185378,1.0006405765185378,1.0006405765185378,1.0006405765185378,1.0006405765185378,1.0006405765185378,1.0006405765185378,1.0006405765185378,1.0006405765185378,1.0006405765185378,1.0006405765185378
2008-01-07,0.6322447767002625,0.6322447767002625,0.6322447767002625,0.6322447767002625,0.6322447767002625,0.6322447767002625,0.6322447767002625,0.6322447767002625,0.6322447767002625,0.6322447767002625,0.6322447767002625,0.6322447767002625,0.6322447767002625,0.6322447767002625,0.6322447767002625
2008-01-08,0.10277614522588009,0.10277614522588009,0.10277614522588009,0.10277614522588009,0.10277614522588009,0.10277614522588009,0.10277614522588009,0.10277614522588009,0.10277614522588009,0.10277614522588009,0.10277614522588009,0.10277614522588009,0.10277614522588009,0.10277614522588009,0.10277614522588009
2008-01-09,-0.291735178381371,-0.291735178381371,-0.291735178381371,-0.291735178381371,-0.291735178381371,-0.291735178381371,-0.291735178381371,-0.291735178381371,-0.291735178381371,-0.291735178381371,-0.291735178381371,-0.291735178381371,-0.291735178381371,-0.291735178381371,-0.291735178381371
2008-01-10,-0.5255998398430334,-0.5255998398430334,-0.5255998398430334,-0.5255998398430334,-0.5255998398430334,-0.5255998398430334,-0.5255998398430334,-0.5255998398430334,-0.5255998398430334,-0.5255998398430334,-0.5255998398430334,-0.5255998398430334,-0.5255998398430334,-0.5255998398430334,-0.5255998398430334
2008-01-11,-0.475228411067543,-0.475228411067543,-0.475228411067543,-0.475228411067543,-0.475228411067543,-0.475228411067543,-0.475228411067543,-0.475228411067543,-0.475228411067543,-0.475228411067543,-0.475228411067543,-0.475228411067543,-0.475228411067543,-0.475228411067543,-0.475228411067543
2008-01-12,-0.5266221793368508,-0.5266221793368508,-0.5266221793368508,-0.5266221793368508,-0.5266221793368508,-0.5266221793368508,-0.5266221793368508,-0.5266221793368508,-0.5266221793368508,-0.5266221793368508,-0.5266221793368508,-0.5266221793368508,-0.5266221793368508,-0.5266221793368508,-0.5266221793368508
2008-01-13,-0.28380166634524395,-0.28380166634524395,-0.28380166634524395,-0.28380166634524395,-0.28380166634524395,-0.28380166634524395,-0.28380166634524395,-0.28380166634524395,-0.28380166634524395,-0.28380166634524395,-0.28380166634524395,-0.28380166634524395,-0.28380166634524395,-0.28380166634524395,-0.28380166634524395
2008-01-14,-0.47115059247590524,-0.47115059247590524,-0.47115059247590524,-0.47115059247590524,-0.47115059247590524,-0.47115059247590524,-0.47115059247590524,-0.47115059247590524,-0.47115059247590524,-0.47115059247590524,-0.47115059247590524,-0.47115059247590524,-0.47115059247590524,-0.47115059247590524,-0.47115059247590524
2008-01-15,-0.46787484113712763,-0.46787484113712763,-0.46787484113712763,-0.46787484113712763,-0.46787484113712763,-0.46787484113712763,-0.46787484113712763,-0.46787484113712763,-0.46787484113712763,-0.46787484113712763,-0.46787484113712763,-0.46787484113712763,-0.46787484113712763,-0.46787484113712763,-0.46787484113712763
2008-01-16,-0.5724060361392165,-0.5724060361392165,-0.5724060361392165,-0.5724060361392165,-0.5724060361392165,-0.5724060361392165,-0.5724060361392165,-0.5724060361392165,-0.5724060361392165,-0.5724060361392165,-0.5724060361392165,-0.5724060361392165,-0.5724060361392165,-0.5724060361392165,-0.5724060361392165
2008-01-17,-0.3894977970890998,-0.3894977970890998,-0.3894977970890998,-0.3894977970890998,-0.3894977970890998,-0.3894977970890998,-0.3894977970890998,-0.3894977970890998,-0.3894977970890998,-0.3894977970890998,-0.3894977970890998,-0.3894977970890998,-0.3894977970890998,-0.3894977970890998,-0.3894977970890998
2008-01-18,-0.3213517545150495,-0.3213517545150495,-0.3213517545150495,-0.3213517545150495,-0.3213517545150495,-0.3213517545150495,-0.3213517545150495,-0.3213517545150495,-0.3213517545150495,-0.3213517545150495,-0.3213517545150495,-0.3213517545150495,-0.3213517545150495,-0.3213517545150495,-0.3213517545150495
2008-01-19,-0.34790536329128147,-0.34790536329128147,-0.34790536329128147,-0.34790536329128147,-0.34790536329128147,-0.34790536329128147,-0.34790536329128147,-0.34790536329128147,-0.34790536329128147,-0.34790536329128147,-0.34790536329128147,-0.34790536329128147,-0.34790536329128147,-0.34790536329128147,-0.34790536329128147
2008-01-20,-0.5893285025183949,-0.5893285025183949,-0.5893285025183949,-0.5893285025183949,-0.5893285025183949,-0.5893285025183949,-0.5893285025183949,-0.5893285025183949,-0.5893285025183949,-0.5893285025183949,-0.5893285025183949,-0.5893285025183949,-0.5893285025183949,-0.5893285025183949,-0.5893285025183949
2008-01-21,-0.6286039018780101,-0.6286039018780101,-0.6286039018780101,-0.6286039018780101,-0.6286039018780101,-0.6286039018780101,-0.6286039018780101,-0.6286039018780101,-0.6286039018780101,-0.6286039018780101,-0.6286039018780101,-0.6286039018780101,-0.6286039018780101,-0.6286039018780101,-0.6286039018780101
2008-01-22,-0.5849039977401089,-0.5849039977401089,-0.5849039977401089,-0.5849039977401089,-0.5849039977401089,-0.5849039977401089,-0.5849039977401089,-0.5849039977401089,-0.5849039977401089,-0.5849039977401089,-0.5849039977401089,-0.5849039977401089,-0.5849039977401089,-0.5849039977401089,-0.5849039977401089
2008-01-23,-0.9170800770300185,-0.9170800770300185,-0.9170800770300185,-0.9170800770300185,-0.9170800770300185,-0.9170800770300185,-0.9170800770300185,-0.9170800770300185,-0.9170800770300185,-0.9170800770300185,-0.9170800770300185,-0.9170800770300185,-0.9170800770300185,-0.9170800770300185,-0.9170800770300185
2008-01-24,-1.2993350059210949,-1.2993350059210949,-1.2993350059210949,-1.2993350059210949,-1.2993350059210949,-1.2993350059210949,-1.2993350059210949,-1.2993350059210949,-1.2993350059210949,-1.2993350059210949,-1.2993350059210949,-1.2993350059210949,-1.2993350059210949,-1.2993350059210949,-1.2993350059210949
2008-01-25,-1.292514928805346,-1.292514928805346,-1.292514928805346,-1.292514928805346,-1.292514928805346,-1.292514928805346,-1.292514928805346,-1.292514928805346,-1.292514928805346,-1.292514928805346,-1.292514928805346,-1.292514928805346,-1.292514928805346,-1.292514928805346,-1.292514928805346
2008-01-26,-1.0520299344861619,-1.0520299344861619,-1.0520299344861619,-1.0520299344861619,-1.0520299344861619,-1.0520299344861619,-1.0520299344861619,-1.0520299344861619,-1.0520299344861619,-1.0520299344861619,-1.0520299344861619,-1.0520299344861619,-1.0520299344861619,-1.0520299344861619,-1.0520299344861619
2008-01-27,-0.7539792884787306,-0.7539792884787306,-0.7539792884787306,-0.7539792884787306,-0.7539792884787306,-0.7539792884787306,-0.7539792884787306,-0.7539792884787306,-0.7539792884787306,-0.7539792884787306,-0.7539792884787306,-0.7539792884787306,-0.7539792884787306,-0.7539792884787306,-0.7539792884787306
2008-01-28,-0.4636495988291031,-0.4636495988291031,-0.4636495988291031,-0.4636495988291031,-0.4636495988291031,-0.4636495988291031,-0.4636495988291031,-0.4636495988291031,-0.4636495988291031,-0.4636495988291031,-0.4636495988291031,-0.4636495988291031,-0.4636495988291031,-0.4636495988291031,-0.4636495988291031
2008-01-29,-0.271848095552945,-0.271848095552945,-0.271848095552945,-0.271848095552945,-0.271848095552945,-0.271848095552945,-0.271848095552945,-0.271848095552945,-0.271848095552945,-0.271848095552945,-0.271848095552945,-0.271848095552945,-0.271848095552945,-0.271848095552945,-0.271848095552945
2008-01-30,-0.11484872314450739,-0.11484872314450739,-0.11484872314450739,-0.11484872314450739,-0.11484872314450739,-0.11484872314450739,-0.11484872314450739,-0.11484872314450739,-0.11484872314450739,-0.11484872314450739,-0.11484872314450739,-0.11484872314450739,-0.11484872314450739,-0.11484872314450739,-0.11484872314450739
2008-01-31,0.021280004084374558,0.021280004084374558,0.021280004084374558,0.021280004084374558,0.021280004084374558,0.021280004084374558,0.021280004084374558,0.021280004084374558,0.021280004084374558,0.021280004084374558,0.021280004084374558,0.021280004084374558,0.021280004084374558,0.021280004084374558,0.021280004084374558
2008-02-01,-0.021110147626055203,-0.021110147626055203,-0.021110147626055203,-0.021110147626055203,-0.021110147626055203,-0.021110147626055203,-0.021110147626055203,-0.021110147626055203,-0.021110147626055203,-0.021110147626055203,-0.021110147626055203,-0.021110147626055203,-0.021110147626055203,-0.021110147626055203,-0.021110147626055203
2008-02-02,0.739933248985585,0.739933248985585,0.739933248985585,0.739933248985585,0.739933248985585,0.739933248985585,0.739933248985585,0.739933248985585,0.739933248985585,0.739933248985585,0.739933248985585,0.739933248985585,0.739933248985585,0.739933248985585,0.739933248985585
2008-02-03,1.014676399901157,1.014676399901157,1.014676399901157,1.014676399901157,1.014676399901157,1.014676399901157,1.014676399901157,1.014676399901157,1.014676399901157,1.014676399901157,1.014676399901157,1.014676399901157,1.014676399901157,1.014676399901157,1.014676399901157
2008-02-04,1.0122133458465545,1.0122133458465545,1.0122133458465545,1.0122133458465545,1.0122133458465545,1.0122133458465545,1.0122133458465545,1.0122133458465545,1.0122133458465545,1.0122133458465545,1.0122133458465545,1.0122133458465545,1.0122133458465545,1.0122133458465545,1.0122133458465545
2008-02-05,1.2330751460866365,1.2330751460866365,1.2330751460866365,1.2330751460866365,1.2330751460866365,1.2330751460866365,1.2330751460866365,1.2330751460866365,1.2330751460866365,1.2330751460866365,1.2330751460866365,1.2330751460866365,1.2330751460866365,1.2330751460866365,1.2330751460866365
2008-02-06,1.465753035909539,1.465753035909539,1.465753035909539,1.465753035909539,1.465753035909539,1.465753035909539,1.465753035909539,1.465753035909539,1.465753035909539,1.465753035909539,1.465753035909539,1.465753035909539,1.465753035909539,1.465753035909539,1.465753035909539
2008-02-07,1.477866948092756,1.5129578080171662,1.6231554744622652,1.3895090036043944,1.4287298139352365,1.464483155307217,1.459696207124055,1.5324310102707783,1.551514796588397,1.5352023903790881,1.5177635574164419,1.5071857802813757,1.4371076548273791,1.4912074455313276,1.4323127558311906
2008-02-08,1.7506488788577264,1.8807247588172276,1.7666233303712882,1.6864488522753545,1.8019181839991605,1.6953414613933406,1.7725784954460384,1.7620139218373014,1.9686329586644395,1.8244217986397326,1.906739230566515,1.8358817659050946,1.7302747253529804,1.8883047263921244,1.6649118449447473
2008-02-09,1.7383493444084095,1.9378169485903285,1.7350816096437092,1.795580815222417,1.86009306189241,1.6583390100171473,1.836908728734404,1.7891531224339277,2.0947083197902803,1.7934033099908406,1.9463624482699637,1.9204357368846268,1.7494868784977784,2.06027002173954,1.6597794982596947
2008-02-10,1.771767562650768,1.9634805350540796,1.4212485683263285,1.6052158340116147,1.7089136510101954,1.6031908550114555,1.7193268794828334,1.7087330151133546,2.1516316715398265,1.6822065844321121,1.8542304695814582,1.749219260843313,2.0523776377538745,2.098713183587932,1.4896825093165864
2008-02-11,1.6269987883798633,1.9022845030790858,1.225424003435276,1.3797755683942545,1.4392290876330567,1.4842348241305896,1.6304451552271837,1.8185598573581985,2.2058296069534564,1.2887432729730166,1.592136456295708,1.2958355810201974,1.8841737221255648,1.9361146732093741,1.3910157820334204
2008-02-12,1.3873942656025888,1.491740463799169,1.1363861258562844,1.1497820297792227,1.2515544082030003,1.3064114032184488,1.3528726372524955,1.5102604883768784,1.8462735523314737,0.991859092957494,1.4195791107043767,0.9954268205741365,1.6375903215222822,1.9132635749175446,1.1737092204122224
2008-02-13,1.1500357270870005,1.1124256065797218,1.1783861504476056,0.8184347518539548,1.139617048476561,1.1542756720326095,1.1317691073900042,1.4140123257923891,1.2794399608360378,0.9176524750639349,1.1490578414240058,0.6944541619399512,1.164119298671924,1.5781349880738567,1.0802513839104793
2008-02-14,0.45012730109706406,0.9515404552828511,0.6693237344352144,0.31048845761697014,0.49666159115601477,0.74664972927272,0.5072045888124712,0.8137513980707282,0.7510795881002007,0.5297371492440016,0.4936477782677882,-0.044151045886701296,0.7447373506095502,0.7645184345804804,0.7716642382833949
2008-02-15,0.0605907754876529,0.3976490798256814,0.41406825569757655,-0.41415661750392513,-0.2664160546264101,0.3721536754942086,0.12852178566158018,0.15872930983461245,0.29673605048918905,0.09776906747880015,-0.13575672544332296,-0.45443349397529925,0.36337117264735164,-0.05590849581456303,0.3749938352990116
2008-02-16,-0.12343528355693978,-0.3347601713663119,0.11974267851419222,-0.6660520014929684,-0.5033580769621931,0.09409893227394263,-0.34809348839620174,0.037430923403483224,-0.10145478511240284,-0.044922241899964896,-0.2840388784241688,-0.807085890912921,0.2452987730067407,-0.4368675729352354,0.1623264292307204
2008-02-17,-0.2006261486537867,-0.6854292246571045,-0.2437057607324924,-0.6951124434725288,-0.8285061336228499,-0.10002018734046282,-0.4911856033051172,-0.16809812150714484,-0.7905432552324627,-0.18012388038266214,-0.5473920905422184,-1.4044097819309118,0.0700272097114923,-0.9878884814862343,-0.3238341423879721
2008-02-18,-0.20871585044703847,-0.7853311409982576,-0.7316487477019855,-0.8197811618853595,-1.1343780152682368,-0.4848156043185308,-0.6842034289032788,-0.16380930836002908,-1.1132955266419318,-0.5373287862175847,-0.8351928429544581,-2.0332902821645207,-0.4081347380772624,-1.4751612852734808,-0.66988446710243
2008-02-19,-0.5340238899794829,-0.7477293727639667,-0.7966469637717893,-0.9262466767202838,-1.5710759221552166,-0.5165860608039842,-0.7728405485901702,-0.3667432190775532,-1.2648395102894001,-0.5858586285159243,-0.9916489125752022,-1.9566861099722361,-0.29947369072736785,-1.6444965073936189,-0.7579243791632356
2008-02-20,-0.7582842696044989,-0.882893695968012,-0.6708426386419335,-0.709054865013433,-1.8673973498058045,-0.4471312401349126,-0.9451130902772917,-0.23113920739175178,-1.2178998150970615,-0.5578169434859489,-1.5925866944171152,-1.8450100464047117,-0.29988173309097027,-1.2406853665688522,-0.696854227993028
2008-02-21,-0.8904525538431396,-0.8677439664646757,-0.6472526588090397,-0.3959396448156416,-1.8815702058971,-0.5313459799116805,-1.1500317448940225,-0.03485207914299328,-1.0977189355338248,-0.7226649495277784,-1.8440237803131232,-1.848672214765563,-0.29159536824047205,-1.2713134270671416,-0.4744555382225647
2008-02-22,-0.958699388414488,-1.1190887912182603,-0.8104796726316135,-0.2919158334360742,-1.6871660479830464,-0.8070872666108492,-1.0339443588284891,-0.1452403753498857,-1.3131709177677906,-0.6476254227855471,-1.585379048720796,-1.6636580189625103,-0.28507847396202735,-1.1035505390150075,-0.38121679372772477
2008-02-23,-0.8735005474668849,-1.7388666428070652,-0.6970598536825021,-0.0993027466897716,-1.4532457327549342,-1.0573272150461444,-1.3714369435920843,-0.6831798559315323,-1.2377383593092512,-0.5766637793844103,-1.2019931062344993,-1.784167283621334,-0.6645603234698626,-0.9326298255808488,-0.2299605253310969
2008-02-24,-0.7608106981400851,-2.072919931115599,-0.6543481969431735,0.034540506997627736,-1.3384298637199652,-1.2943996075473263,-1.4386279194539082,-1.0535765847747165,-1.121188262145581,-0.8219318468423411,-1.1221509711728783,-1.919171059914922,-0.9381464543717417,-0.8622605164907324,0.25861410264324014
2008-02-25,-0.9488863571139602,-2.328071754125805,-0.2774045057743359,-0.3359000302256308,-1.304177754213338,-1.4864446833402818,-1.4997183941078294,-1.4040149892093836,-0.703095379797684,-0.9059451422902853,-1.1646712094338274,-1.859766486021123,-1.1383374075749217,-1.2130972142446546,0.6456187802235206
2008-02-26,-1.156527769553068,-2.579773641205587,-0.17660910906213037,-1.020609062111555,-1.4814126474485378,-1.5111091235409855,-1.6740725164882757,-1.964488166582536,-0.8467040565084648,-1.3008965786279096,-1.1251573174871903,-1.5579722323677883,-1.1358797626243002,-1.2652396060827442,0.5923899817292362
2008-02-27,-1.0882688069250586,-2.4590754757189943,0.13836924092384695,-0.9377214403167216,-1.884146705468637,-1.9616634290246275,-1.6369451538251132,-2.2844743866561985,-0.8553836822763593,-1.493998678310514,-0.9367281869080739,-1.2742435968631163,-1.3908083864183256,-1.5057561091094116,0.5539974694970538
2008-02-28,-1.1308733520986738,-2.424454959662385,0.3124397945910384,-0.6670315780505416,-1.707733088076843,-2.1536447700547905,-1.682856128103681,-2.4511259415130584,-0.7138579498831681,-1.3609826565537637,-1.0575401214499125,-1.052868026382814,-1.0884049755605805,-2.035313213743287,0.30346523974027695
2008-02-29,-1.1565569518499663,-2.387011203180763,0.2090961376964465,-0.7391431225285462,-1.383457338897273,-2.27249481399417,-1.2726083265211359,-2.251799718877602,-0.7612901022081232,-1.3027673831583644,-0.9295848828805857,-1.0386065148186543,-0.7839493131024746,-2.423520745776796,0.04919655194261977
2008-03-01,-1.0039643190611465,-2.085200066254056,-0.1151484064238789,-0.9664694548417299,-1.0809384701342954,-2.317617712908443,-1.0601845258660598,-2.540786604978734,-0.8000797000842028,-1.3329480059372405,-0.835912457724192,-0.9315909467482303,-0.6241029899375024,-2.4228452380770733,-0.24926913600596007
2008-03-02,-0.7332002938740234,-1.771011344574754,-0.537432464557888,-1.2421513002254345,-1.0613260192349314,-2.203299700691568,-0.6868438136775181,-2.568507508777226,-0.7145087957330633,-1.0297353899108854,-0.9760147213862935,-0.8476098856733945,-0.15552556603677087,-2.513670115383541,-0.27816296806106033
2008-03-03,-0.7084576278380286,-1.3510607910023327,-1.057955665503571,-1.0799737450923552,-1.0763790381945897,-2.039838822319933,-0.3980503559348099,-2.4767381033149154,-0.4802100748759576,-0.9572440262193636,-1.0876567166017679,-0.846587494962721,-0.14589100245850622,-2.339494399289523,0.1639130097139582
2008-03-04,-0.6923430995816952,-1.0061852582407687,-1.270636623034398,-0.6281725054267923,-0.950181405432674,-2.077938230942918,-0.21715691314662522,-2.2571910177267003,-0.18549116170522126,-1.095293077264074,-0.9222050009623818,-1.0717818772263525,0.08434604998826388,-2.0341545141957567,0.23055540125940996
2008-03-05,-0.4745577498343834,-0.3342101251770715,-1.3786712807601118,-0.4114021511873829,-0.9890735419457402,-1.9173529589051483,-0.01749070096879637,-1.657543509853348,0.2122079550218627,-1.1114830623641512,-0.6227631019945133,-0.9526392656848969,0.13721624983970412,-1.4899581049818735,0.2945849864586531
2008-03-06,-0.29814485493303844,-0.0010115670431659633,-1.4099233173754089,-0.4771616779172762,-1.1029461138645167,-1.62804912295314,-0.4399608002316766,-1.2164128752564247,0.42951490052705427,-1.1974793163936444,-0.501666947659867,-0.7965801525901944,-0.2759376636231087,-1.3635840747117394,0.6140915213753619
2008-03-07,-0.2430556750736799,-0.08713281021018543,-1.1487278237500642,-0.6532120252693723,-1.1625571040717628,-1.4639503864680075,-0.800469491920775,-0.8340828051814323,0.6343979195076691,-1.1525875770438376,-0.020436625790671844,-0.6161194301294782,-0.7642613796538656,-1.2959454210253694,0.8075561495160122
2008-03-08,-0.39949297806158657,-0.09084981936143956,-1.2034060607835138,-0.9277860990069017,-1.2578490197998875,-1.2476150656965008,-1.0386682908646128,-0.8593296931125136,0.31635449276212524,-1.1296970338461743,0.2151330736903437,-0.5555041541251359,-1.2564936837621694,-1.404233376377782,0.6449456264397745
2008-03-09,-0.20408457204143154,0.09885301381985068,-1.357387702971661,-1.1920540753757913,-1.0051940846158864,-0.8835270877057734,-1.3373963210725135,-0.7580271165321424,3.255229628398889e-06,-1.079665962979971,0.34899108143776225,-0.5065243014391768,-1.5429216517542412,-1.446519721650513,0.37817963299529544
2008-03-10,-0.02634976562363328,0.3919275878202862,-1.3603313122739864,-1.5364865089542767,-0.952748331260633,-0.5008360201120619,-1.427789449141709,-0.6720428543606147,0.24833030400819295,-1.221416851043799,0.15309380562372613,-0.4778283258330522,-1.370862051279269,-1.2828615824173024,-0.0840561529050161
2008-03-11,-0.018962270884551283,0.447018735779779,-1.337420218400126,-1.7002456926108112,-1.0456250625987535,-0.424614393490472,-1.5777948212626633,-0.41664687549718765,0.05926771538044033,-1.0989107546467256,0.04639531467103443,-0.5895002045586067,-1.2285603693245692,-0.8700658535493921,0.14351247599631328
2008-03-12,-0.1485955358430411,0.2165432322737954,-0.6673168090067512,-1.2183358479847286,-0.976396430535958,-0.3835243543488754,-1.6618377717364492,-0.1506439425142291,-0.22101054206737797,-0.8791809994803544,0.09010421964260386,-0.6067758734147648,-1.4501616262111658,-0.7649594119572611,0.5664665078611242
2008-03-13,0.08342142070254542,-0.31842427321597533,-0.3245351712310283,-1.5087930952063453,-1.0271006417217725,-0.41522370005482057,-1.6315500171707416,0.002259138480518582,-0.39524960940375875,-0.5816954068924439,0.11287672543109115,-0.5646357709306028,-1.7690793280535257,-0.6634470549298063,0.6260954218267775
2008-03-14,0.045574759440355474,-0.3283914290111004,0.13699213251274522,-1.7900031609163778,-1.2166544485966833,-0.4620718110970304,-1.6765695291421254,-0.21487010572063703,-0.25973686296765314,-0.43370133743991907,-0.03970050282104825,-0.6322610632557749,-2.131904421223481,-0.6581959934689032,0.5402785258539818
2008-03-15,-0.09647009168066528,-0.4099264230278371,0.2871358922577558,-1.7135265892000773,-1.1640033436490416,-0.42497684658993523,-1.6410451522313652,-0.28533197858262993,-0.5422782682389017,-0.14744039133675813,-0.6650641418205953,-1.047329386712586,-2.331991071674443,-0.8119862973119718,0.6883797460654045
2008-03-16,-0.5000195462973657,-0.4890836370017345,0.2705122497750123,-1.8374602601817263,-0.775760215814822,-0.5860073082644439,-1.613144162515841,-0.6635195388485277,-0.5100874917597777,0.056936040986412466,-1.5940368753540046,-1.2475189330627627,-2.8786674186140653,-0.8687349416385768,0.8034253044892752
2008-03-17,-1.1084900015934096,-0.6012446709639001,0.2715999429772571,-1.8566092645744172,-0.7721417778226523,-0.6210844042721686,-1.6732511001296504,-0.8698917155182311,-0.5831752720682274,0.22046215116433318,-2.0702870069839183,-1.074646204396991,-3.3286628571915737,-0.7245120644597804,0.5654213491406773
2008-03-18,-1.6053227650368336,-0.5088449593725658,0.1814095907296789,-2.172254524700668,-0.9658824068166117,-0.500000058532315,-1.7698357600693237,-0.7826204484094647,-0.5625732621409839,-0.06686695886765723,-1.9832596629335444,-1.262550771737797,-3.259296318381709,-0.5679839212522817,0.5607033238061219
2008-03-19,-1.5611033732566364,-0.6681960810870738,-0.003781669701758296,-2.3439231325493535,-0.8560830324501894,-0.2954414555732835,-1.9178052547569615,-0.7379456020063656,-0.8108056614769863,-0.4482679282208455,-1.8472872085837695,-1.5626688605569063,-3.3162395047173754,-0.6388707485415267,0.3821888175628215
2008-03-20,-1.3771096115603685,-0.6797438349264596,-0.326261433714423,-2.6149249952242037,-0.6028312070198171,-0.23624325771565782,-1.9376876815365243,-0.9518962770617777,-0.6017010772988844,-0.6471106349206057,-1.7417859736613597,-2.086015511814543,-3.0558622952297916,-0.8144875168588972,-0.0721926043845788
2008-03-21,-1.3423769009203494,-0.8456253247715126,-0.3811241841648019,-2.648193330096948,-0.5870611458332975,-0.3616322934568883,-1.9379924519277585,-1.2414945532405326,-0.45054167644731197,-1.012381567264185,-1.8242367469643415,-2.4406473847543735,-2.7424320655923964,-0.8719857033902908,-0.14299570708848064
2008-03-22,-1.4458236308747088,-1.0435690340599206,-0.7117413525184757,-2.2820367784245277,-0.5547762409373846,-0.3589661087135907,-1.6453005505369127,-1.3333121635726177,-0.17468469570709833,-1.5005272989350122,-1.8943727138219466,-2.6638507786164336,-2.635044847693086,-0.7601490817818513,-0.5041382310258232
2008-03-23,-1.413509783465546,-0.7921629381421588,-1.228639661352663,-1.7675656006768505,-0.30264835392332007,-0.5123789380609267,-1.4987407452448445,-1.2221879010211019,-0.23296791499700226,-1.6359893572045052,-2.0876740161184504,-2.643460337958345,-2.1767709371574164,-0.9382935740930199,-1.109829816506859
2008-03-24,-1.3011700729941438,-0.6466495804212761,-1.4948853551556038,-1.4929132888538859,0.05153379796952707,-0.6286509247315442,-1.5302643457088152,-1.3842700802824495,-0.46294069967836965,-1.6623421164089116,-2.4431531363827417,-2.502920241401338,-2.0245794975926303,-1.2914026256480713,-1.231247555480509
2008-03-25,-1.1024976022568227,-0.7397172614057647,-1.5930127011265334,-1.248105710689548,-0.003551052424643131,-0.16364094922583566,-1.6300516895579982,-1.575773533620482,-0.6084993331578133,-1.6531041402603934,-2.666790314451103,-2.236361552094884,-2.071752282491416,-1.2957612042244562,-1.5879202769678504
2008-03-26,-1.0524448799862578,-0.5900052571671146,-1.4509016495848994,-0.8402702437441186,-0.1440848731558061,0.03715580770847618,-1.5013796961875066,-1.3373266323888786,-0.4833076701917733,-1.649426973599024,-2.4573824421371406,-2.1691624148057453,-2.1021839873274075,-1.2715640575979976,-1.840649179558274
2008-03-27,-1.145854722278287,-0.4119448362376744,-1.266824117946391,-0.6676278081474907,-0.2930628181127359,0.12062181514356567,-1.4109778855220996,-0.9802704996700572,-0.4996208419424074,-1.6235786938699341,-2.092343736904729,-1.955880970877032,-1.9082085918430316,-1.1860583586428215,-2.2766053843654626
2008-03-28,-1.217640767757372,-0.45951966987397913,-1.4259781742248554,-0.49614670137174594,-0.689114550542198,-0.024774140526806116,-1.3761959496160165,-0.7022573687662961,-0.5770398899307106,-1.2571212776238263,-1.5146379747680963,-2.0562866076991893,-1.6068815527402762,-1.1297091265442754,-2.521697460340312
2008-03-29,-1.2735728248674008,-0.07477211021380845,-1.577367706043542,-0.4527087520341507,-0.6772255114762014,0.20598000726660715,-1.1938986779219123,-0.41697745656955515,-0.7318123696634494,-0.9567678773488056,-1.0265177300779198,-1.9724392901350212,-1.425077870462977,-0.9090004005951703,-2.558491436033983
2008-03-30,-1.3416879117928353,0.09261610192365283,-1.3644802479648381,-0.14917342549649446,-0.9224752475728699,-0.2061971876760969,-0.8314024521680939,0.009142187782873616,-1.0074100042796459,-0.9526703091638866,-0.6302170492883485,-2.0713492128879043,-1.1221572722637758,-0.8495954480714737,-2.597275311576837
2008-03-31,-1.7776458477934831,0.19145392815141787,-1.1131315310800869,0.07479367803906876,-0.8784232540513122,-0.5499438097753578,-0.6964839733633246,0.008438574289726757,-0.9080259629092049,-1.0884567967803305,-0.38330434364013505,-1.8032817156213004,-1.2505845658615642,-0.5784284867617973,-2.8270438460982903
2008-04-01,-2.3083337213287627,0.10213271888204552,-0.9233653450417189,0.11218747552112784,-0.8872189717701586,-0.6443252949310401,-0.3740882204717071,-0.36278556910411647,-0.8817390958694844,-0.810132354577024,-0.15593502087084657,-1.6796435962792897,-1.3415721436793326,-0.3681234021445179,-2.8693865405380294
2008-04-02,-2.5347971824459106,0.12200723346220745,-0.808030920602681,-0.1488504510489064,-0.784255095909778,-0.29445115916100545,0.03229960184698637,-0.3433570094208366,-0.8007824972381928,-0.3787771489122235,0.5399866907493713,-1.194836024609622,-1.2766573025936754,-0.17264500613538514,-2.659385729281527
2008-04-03,-2.590073101896807,0.46914903098107064,-0.7792075001565837,-0.1129423026099333,-0.8420333615761028,0.04857557795076487,0.3842275790493079,-0.38058959167083495,-0.7233168948070327,-0.2564085561100356,0.9380111824008094,-0.8964605183368635,-1.4154028077321585,-0.02251699973340291,-2.500930614969174
2008-04-04,-2.6612668512523716,0.4798052446839117,-0.8391201573808528,-0.14831123898421328,-1.4194640432741097,0.4751593191497522,0.8707689676034309,-0.4917726087761501,-0.6594860897426018,0.1147195566252492,0.9755130533772126,-0.566156146266202,-1.3304731253647137,-0.2020536537941436,-2.4940172640608638
2008-04-05,-2.6506797414601615,0.032308557365235135,-0.7674193809405923,-0.09673878014391472,-1.839367199983005,0.31239581996204446,0.9974323487993663,-0.6945268817697353,-0.5532175756238148,0.36182325716636154,1.1224470187622775,-0.07951752415006186,-1.6063997723367558,-0.2434631430541965,-2.1788004982258857
2008-04-06,-2.390723709124536,-0.008950095633439188,-0.3296369042604058,-0.10994112476043394,-1.8106268147147888,0.21167487263779655,1.228885996711818,-0.9254681610422355,-0.5420122700170595,0.46630583434905,0.9580946839762847,0.1607699558286821,-1.5473995760668426,-0.06895405331623101,-1.9958178775763915
2008-04-07,-1.8902665257502111,0.3686953305593153,0.16927897111234588,-0.34117518764267907,-1.7508082438107126,-0.2559035692413388,1.0637192412834753,-0.8092129454194198,-0.5948685697078755,0.6153534220342217,1.2232424501988644,0.5209753816686047,-1.4469460624733979,-0.052801425849695445,-1.8050257355880357
