,1,2,3,4,5,6,7,8,9,10,11,12,13,14,15
2015-08-14,0.7019322520775302,0.7019322520775302,0.7019322520775302,0.7019322520775302,0.7019322520775302,0.7019322520775302,0.7019322520775302,0.7019322520775302,0.7019322520775302,0.7019322520775302,0.7019322520775302,0.7019322520775302,0.7019322520775302,0.7019322520775302,0.7019322520775302
2015-08-15,0.619588185902757,0.619588185902757,0.619588185902757,0.619588185902757,0.619588185902757,0.619588185902757,0.619588185902757,0.619588185902757,0.619588185902757,0.619588185902757,0.619588185902757,0.619588185902757,0.619588185902757,0.619588185902757,0.619588185902757
2015-08-16,0.5789646083376275,0.5789646083376275,0.5789646083376275,0.5789646083376275,0.5789646083376275,0.5789646083376275,0.5789646083376275,0.5789646083376275,0.5789646083376275,0.5789646083376275,0.5789646083376275,0.5789646083376275,0.5789646083376275,0.5789646083376275,0.5789646083376275
2015-08-17,0.8150595877323566,0.8150595877323566,0.8150595877323566,0.8150595877323566,0.8150595877323566,0.8150595877323566,0.8150595877323566,0.8150595877323566,0.8150595877323566,0.8150595877323566,0.8150595877323566,0.8150595877323566,0.8150595877323566,0.8150595877323566,0.8150595877323566
2015-08-18,0.9181901414091131,0.9181901414091131,0.9181901414091131,0.9181901414091131,0.9181901414091131,0.9181901414091131,0.9181901414091131,0.9181901414091131,0.9181901414091131,0.9181901414091131,0.9181901414091131,0.9181901414091131,0.9181901414091131,0.9181901414091131,0.9181901414091131
2015-08-19,1.091524872482069,1.091524872482069,1.091524872482069,1.091524872482069,1.091524872482069,1.091524872482069,1.091524872482069,1.091524872482069,1.091524872482069,1.091524872482069,1.091524872482069,1.091524872482069,1.091524872482069,1.091524872482069,1.091524872482069
2015-08-20,1.298699806632722,1.298699806632722,1.298699806632722,1.298699806632722,1.298699806632722,1.298699806632722,1.298699806632722,1.298699806632722,1.298699806632722,1.298699806632722,1.298699806632722,1.298699806632722,1.298699806632722,1.298699806632722,1.298699806632722
2015-08-21,1.3269705306537949,1.3269705306537949,1.3269705306537949,1.3269705306537949,1.3269705306537949,1.3269705306537949,1.3269705306537949,1.3269705306537949,1.3269705306537949,1.3269705306537949,1.3269705306537949,1.3269705306537949,1.3269705306537949,1.3269705306537949,1.3269705306537949
2015-08-22,0.8198353416577799,0.8198353416577799,0.8198353416577799,0.8198353416577799,0.8198353416577799,0.8198353416577799,0.8198353416577799,0.8198353416577799,0.8198353416577799,0.8198353416577799,0.8198353416577799,0.8198353416577799,0.8198353416577799,0.8198353416577799,0.8198353416577799
2015-08-23,0.7093201653868467,0.7093201653868467,0.7093201653868467,0.7093201653868467,0.7093201653868467,0.7093201653868467,0.7093201653868467,0.7093201653868467,0.7093201653868467,0.7093201653868467,0.7093201653868467,0.7093201653868467,0.7093201653868467,0.7093201653868467,0.7093201653868467
2015-08-24,0.5175963037719368,0.5175963037719368,0.5175963037719368,0.5175963037719368,0.5175963037719368,0.5175963037719368,0.5175963037719368,0.5175963037719368,0.5175963037719368,0.5175963037719368,0.5175963037719368,0.5175963037719368,0.5175963037719368,0.5175963037719368,0.5175963037719368
2015-08-25,0.5122201087964139,0.5122201087964139,0.5122201087964139,0.5122201087964139,0.5122201087964139,0.5122201087964139,0.5122201087964139,0.5122201087964139,0.5122201087964139,0.5122201087964139,0.5122201087964139,0.5122201087964139,0.5122201087964139,0.5122201087964139,0.5122201087964139
2015-08-26,0.5489285722688149,0.5489285722688149,0.5489285722688149,0.5489285722688149,0.5489285722688149,0.5489285722688149,0.5489285722688149,0.5489285722688149,0.5489285722688149,0.5489285722688149,0.5489285722688149,0.5489285722688149,0.5489285722688149,0.5489285722688149,0.5489285722688149
2015-08-27,0.355863887208475,0.355863887208475,0.355863887208475,0.355863887208475,0.355863887208475,0.355863887208475,0.355863887208475,0.355863887208475,0.355863887208475,0.355863887208475,0.355863887208475,0.355863887208475,0.355863887208475,0.355863887208475,0.355863887208475
2015-08-28,0.2860572879549763,0.2860572879549763,0.2860572879549763,0.2860572879549763,0.2860572879549763,0.2860572879549763,0.2860572879549763,0.2860572879549763,0.2860572879549763,0.2860572879549763,0.2860572879549763,0.2860572879549763,0.2860572879549763,0.2860572879549763,0.2860572879549763
2015-08-29,0.5689463318734305,0.5689463318734305,0.5689463318734305,0.5689463318734305,0.5689463318734305,0.5689463318734305,0.5689463318734305,0.5689463318734305,0.5689463318734305,0.5689463318734305,0.5689463318734305,0.5689463318734305,0.5689463318734305,0.5689463318734305,0.5689463318734305
2015-08-30,0.7975186175064767,0.7975186175064767,0.7975186175064767,0.7975186175064767,0.7975186175064767,0.7975186175064767,0.7975186175064767,0.7975186175064767,0.7975186175064767,0.7975186175064767,0.7975186175064767,0.7975186175064767,0.7975186175064767,0.7975186175064767,0.7975186175064767
2015-08-31,0.9029092179404863,0.9029092179404863,0.9029092179404863,0.9029092179404863,0.9029092179404863,0.9029092179404863,0.9029092179404863,0.9029092179404863,0.9029092179404863,0.9029092179404863,0.9029092179404863,0.9029092179404863,0.9029092179404863,0.9029092179404863,0.9029092179404863
2015-09-01,0.9961169996804932,0.9961169996804932,0.9961169996804932,0.9961169996804932,0.9961169996804932,0.9961169996804932,0.9961169996804932,0.9961169996804932,0.9961169996804932,0.9961169996804932,0.9961169996804932,0.9961169996804932,0.9961169996804932,0.9961169996804932,0.9961169996804932
2015-09-02,0.695978599455921,0.695978599455921,0.695978599455921,0.695978599455921,0.695978599455921,0.695978599455921,0.695978599455921,0.695978599455921,0.695978599455921,0.695978599455921,0.695978599455921,0.695978599455921,0.695978599455921,0.695978599455921,0.695978599455921
2015-09-03,0.6298031589848108,0.6298031589848108,0.6298031589848108,0.6298031589848108,0.6298031589848108,0.6298031589848108,0.6298031589848108,0.6298031589848108,0.6298031589848108,0.6298031589848108,0.6298031589848108,0.6298031589848108,0.6298031589848108,0.6298031589848108,0.6298031589848108
2015-09-04,0.7599347740798658,0.7599347740798658,0.7599347740798658,0.7599347740798658,0.7599347740798658,0.7599347740798658,0.7599347740798658,0.7599347740798658,0.7599347740798658,0.7599347740798658,0.7599347740798658,0.7599347740798658,0.7599347740798658,0.7599347740798658,0.7599347740798658
2015-09-05,0.775510285274433,0.775510285274433,0.775510285274433,0.775510285274433,0.775510285274433,0.775510285274433,0.775510285274433,0.775510285274433,0.775510285274433,0.775510285274433,0.775510285274433,0.775510285274433,0.775510285274433,0.775510285274433,0.775510285274433
2015-09-06,0.772696839677474,0.772696839677474,0.772696839677474,0.772696839677474,0.772696839677474,0.772696839677474,0.772696839677474,0.772696839677474,0.772696839677474,0.772696839677474,0.772696839677474,0.772696839677474,0.772696839677474,0.772696839677474,0.772696839677474
2015-09-07,0.7537494865924498,0.7537494865924498,0.7537494865924498,0.7537494865924498,0.7537494865924498,0.7537494865924498,0.7537494865924498,0.7537494865924498,0.7537494865924498,0.7537494865924498,0.7537494865924498,0.7537494865924498,0.7537494865924498,0.7537494865924498,0.7537494865924498
2015-09-08,0.623636402433412,0.623636402433412,0.623636402433412,0.623636402433412,0.623636402433412,0.623636402433412,0.623636402433412,0.623636402433412,0.623636402433412,0.623636402433412,0.623636402433412,0.623636402433412,0.623636402433412,0.623636402433412,0.623636402433412
2015-09-09,0.47515747614483195,0.47515747614483195,0.47515747614483195,0.47515747614483195,0.47515747614483195,0.47515747614483195,0.47515747614483195,0.47515747614483195,0.47515747614483195,0.47515747614483195,0.47515747614483195,0.47515747614483195,0.47515747614483195,0.47515747614483195,0.47515747614483195
2015-09-10,0.6145734807705333,0.6145734807705333,0.6145734807705333,0.6145734807705333,0.6145734807705333,0.6145734807705333,0.6145734807705333,0.6145734807705333,0.6145734807705333,0.6145734807705333,0.6145734807705333,0.6145734807705333,0.6145734807705333,0.6145734807705333,0.6145734807705333
2015-09-11,0.6228340407737669,0.6228340407737669,0.6228340407737669,0.6228340407737669,0.6228340407737669,0.6228340407737669,0.6228340407737669,0.6228340407737669,0.6228340407737669,0.6228340407737669,0.6228340407737669,0.6228340407737669,0.6228340407737669,0.6228340407737669,0.6228340407737669
2015-09-12,0.4064665732036245,0.4064665732036245,0.4064665732036245,0.4064665732036245,0.4064665732036245,0.4064665732036245,0.4064665732036245,0.4064665732036245,0.4064665732036245,0.4064665732036245,0.4064665732036245,0.4064665732036245,0.4064665732036245,0.4064665732036245,0.4064665732036245
2015-09-13,0.3741737044671191,0.3741737044671191,0.3741737044671191,0.3741737044671191,0.3741737044671191,0.3741737044671191,0.3741737044671191,0.3741737044671191,0.3741737044671191,0.3741737044671191,0.3741737044671191,0.3741737044671191,0.3741737044671191,0.3741737044671191,0.3741737044671191
2015-09-14,0.6289074504772427,0.6289074504772427,0.6289074504772427,0.6289074504772427,0.6289074504772427,0.6289074504772427,0.6289074504772427,0.6289074504772427,0.6289074504772427,0.6289074504772427,0.6289074504772427,0.6289074504772427,0.6289074504772427,0.6289074504772427,0.6289074504772427
2015-09-15,0.7714482182191645,0.7714482182191645,0.7714482182191645,0.7714482182191645,0.7714482182191645,0.7714482182191645,0.7714482182191645,0.7714482182191645,0.7714482182191645,0.7714482182191645,0.7714482182191645,0.7714482182191645,0.7714482182191645,0.7714482182191645,0.7714482182191645
2015-09-16,0.4095900295946773,0.4095900295946773,0.4095900295946773,0.4095900295946773,0.4095900295946773,0.4095900295946773,0.4095900295946773,0.4095900295946773,0.4095900295946773,0.4095900295946773,0.4095900295946773,0.4095900295946773,0.4095900295946773,0.4095900295946773,0.4095900295946773
2015-09-17,0.23923711568957923,0.23923711568957923,0.23923711568957923,0.23923711568957923,0.23923711568957923,0.23923711568957923,0.23923711568957923,0.23923711568957923,0.23923711568957923,0.23923711568957923,0.23923711568957923,0.23923711568957923,0.23923711568957923,0.23923711568957923,0.23923711568957923
2015-09-18,0.2658163313174362,0.2658163313174362,0.2658163313174362,0.2658163313174362,0.2658163313174362,0.2658163313174362,0.2658163313174362,0.2658163313174362,0.2658163313174362,0.2658163313174362,0.2658163313174362,0.2658163313174362,0.2658163313174362,0.2658163313174362,0.2658163313174362
2015-09-19,0.2621441699558022,0.2621441699558022,0.2621441699558022,0.2621441699558022,0.2621441699558022,0.2621441699558022,0.2621441699558022,0.2621441699558022,0.2621441699558022,0.2621441699558022,0.2621441699558022,0.2621441699558022,0.2621441699558022,0.2621441699558022,0.2621441699558022
2015-09-20,0.482875387282875,0.482875387282875,0.482875387282875,0.482875387282875,0.482875387282875,0.482875387282875,0.482875387282875,0.482875387282875,0.482875387282875,0.482875387282875,0.482875387282875,0.482875387282875,0.482875387282875,0.482875387282875,0.482875387282875
2015-09-21,0.571098836432446,0.571098836432446,0.571098836432446,0.571098836432446,0.571098836432446,0.571098836432446,0.571098836432446,0.571098836432446,0.571098836432446,0.571098836432446,0.571098836432446,0.571098836432446,0.571098836432446,0.571098836432446,0.571098836432446
2015-09-22,0.7846274273793239,0.7846274273793239,0.7846274273793239,0.7846274273793239,0.7846274273793239,0.7846274273793239,0.7846274273793239,0.7846274273793239,0.7846274273793239,0.7846274273793239,0.7846274273793239,0.7846274273793239,0.7846274273793239,0.7846274273793239,0.7846274273793239
2015-09-23,0.9933545891486127,0.9933545891486127,0.9933545891486127,0.9933545891486127,0.9933545891486127,0.9933545891486127,0.9933545891486127,0.9933545891486127,0.9933545891486127,0.9933545891486127,0.9933545891486127,0.9933545891486127,0.9933545891486127,0.9933545891486127,0.9933545891486127
2015-09-24,1.435893904197234,1.435893904197234,1.435893904197234,1.435893904197234,1.435893904197234,1.435893904197234,1.435893904197234,1.435893904197234,1.435893904197234,1.435893904197234,1.435893904197234,1.435893904197234,1.435893904197234,1.435893904197234,1.435893904197234
2015-09-25,1.433801046543983,1.433801046543983,1.433801046543983,1.433801046543983,1.433801046543983,1.433801046543983,1.433801046543983,1.433801046543983,1.433801046543983,1.433801046543983,1.433801046543983,1.433801046543983,1.433801046543983,1.433801046543983,1.433801046543983
2015-09-26,1.293394071599529,1.293394071599529,1.293394071599529,1.293394071599529,1.293394071599529,1.293394071599529,1.293394071599529,1.293394071599529,1.293394071599529,1.293394071599529,1.293394071599529,1.293394071599529,1.293394071599529,1.293394071599529,1.293394071599529
2015-09-27,1.1067374860258872,1.1067374860258872,1.1067374860258872,1.1067374860258872,1.1067374860258872,1.1067374860258872,1.1067374860258872,1.1067374860258872,1.1067374860258872,1.1067374860258872,1.1067374860258872,1.1067374860258872,1.1067374860258872,1.1067374860258872,1.1067374860258872
2015-09-28,0.8356850623848266,0.8356850623848266,0.8356850623848266,0.8356850623848266,0.8356850623848266,0.8356850623848266,0.8356850623848266,0.8356850623848266,0.8356850623848266,0.8356850623848266,0.8356850623848266,0.8356850623848266,0.8356850623848266,0.8356850623848266,0.8356850623848266
2015-09-29,0.7219660460298433,0.7219660460298433,0.7219660460298433,0.7219660460298433,0.7219660460298433,0.7219660460298433,0.7219660460298433,0.7219660460298433,0.7219660460298433,0.7219660460298433,0.7219660460298433,0.7219660460298433,0.7219660460298433,0.7219660460298433,0.7219660460298433
2015-09-30,0.5715667064646204,0.5715667064646204,0.5715667064646204,0.5715667064646204,0.5715667064646204,0.5715667064646204,0.5715667064646204,0.5715667064646204,0.5715667064646204,0.5715667064646204,0.5715667064646204,0.5715667064646204,0.5715667064646204,0.5715667064646204,0.5715667064646204
2015-10-01,0.8664288301965198,0.8664288301965198,0.8664288301965198,0.8664288301965198,0.8664288301965198,0.8664288301965198,0.8664288301965198,0.8664288301965198,0.8664288301965198,0.8664288301965198,0.8664288301965198,0.8664288301965198,0.8664288301965198,0.8664288301965198,0.8664288301965198
2015-10-02,0.8838959591115204,0.8838959591115204,0.8838959591115204,0.8838959591115204,0.8838959591115204,0.8838959591115204,0.8838959591115204,0.8838959591115204,0.8838959591115204,0.8838959591115204,0.8838959591115204,0.8838959591115204,0.8838959591115204,0.8838959591115204,0.8838959591115204
2015-10-03,0.9384838618795562,0.9384838618795562,0.9384838618795562,0.9384838618795562,0.9384838618795562,0.9384838618795562,0.9384838618795562,0.9384838618795562,0.9384838618795562,0.9384838618795562,0.9384838618795562,0.9384838618795562,0.9384838618795562,0.9384838618795562,0.9384838618795562
2015-10-04,0.8675293996721666,0.8675293996721666,0.8675293996721666,0.8675293996721666,0.8675293996721666,0.8675293996721666,0.8675293996721666,0.8675293996721666,0.8675293996721666,0.8675293996721666,0.8675293996721666,0.8675293996721666,0.8675293996721666,0.8675293996721666,0.8675293996721666
2015-10-05,0.778146483305117,0.778146483305117,0.778146483305117,0.778146483305117,0.778146483305117,0.778146483305117,0.778146483305117,0.778146483305117,0.778146483305117,0.778146483305117,0.778146483305117,0.778146483305117,0.778146483305117,0.778146483305117,0.778146483305117
2015-10-06,0.6394356868767109,0.6394356868767109,0.6394356868767109,0.6394356868767109,0.6394356868767109,0.6394356868767109,0.6394356868767109,0.6394356868767109,0.6394356868767109,0.6394356868767109,0.6394356868767109,0.6394356868767109,0.6394356868767109,0.6394356868767109,0.6394356868767109
2015-10-07,0.7743893118775345,0.7743893118775345,0.7743893118775345,0.7743893118775345,0.7743893118775345,0.7743893118775345,0.7743893118775345,0.7743893118775345,0.7743893118775345,0.7743893118775345,0.7743893118775345,0.7743893118775345,0.7743893118775345,0.7743893118775345,0.7743893118775345
2015-10-08,0.7302825171943368,0.7302825171943368,0.7302825171943368,0.7302825171943368,0.7302825171943368,0.7302825171943368,0.7302825171943368,0.7302825171943368,0.7302825171943368,0.7302825171943368,0.7302825171943368,0.7302825171943368,0.7302825171943368,0.7302825171943368,0.7302825171943368
2015-10-09,0.9386934890595467,0.9386934890595467,0.9386934890595467,0.9386934890595467,0.9386934890595467,0.9386934890595467,0.9386934890595467,0.9386934890595467,0.9386934890595467,0.9386934890595467,0.9386934890595467,0.9386934890595467,0.9386934890595467,0.9386934890595467,0.9386934890595467
2015-10-10,1.1021030167130055,1.1021030167130055,1.1021030167130055,1.1021030167130055,1.1021030167130055,1.1021030167130055,1.1021030167130055,1.1021030167130055,1.1021030167130055,1.1021030167130055,1.1021030167130055,1.1021030167130055,1.1021030167130055,1.1021030167130055,1.1021030167130055
2015-10-11,1.0383855440867704,1.0383855440867704,1.0383855440867704,1.0383855440867704,1.0383855440867704,1.0383855440867704,1.0383855440867704,1.0383855440867704,1.0383855440867704,1.0383855440867704,1.0383855440867704,1.0383855440867704,1.0383855440867704,1.0383855440867704,1.0383855440867704
2015-10-12,1.197771592723033,1.197771592723033,1.197771592723033,1.197771592723033,1.197771592723033,1.197771592723033,1.197771592723033,1.197771592723033,1.197771592723033,1.197771592723033,1.197771592723033,1.197771592723033,1.197771592723033,1.197771592723033,1.197771592723033
2015-10-13,1.1958199488845593,1.1958199488845593,1.1958199488845593,1.1958199488845593,1.1958199488845593,1.1958199488845593,1.1958199488845593,1.1958199488845593,1.1958199488845593,1.1958199488845593,1.1958199488845593,1.1958199488845593,1.1958199488845593,1.1958199488845593,1.1958199488845593
2015-10-14,1.3513382644352663,1.3513382644352663,1.3513382644352663,1.3513382644352663,1.3513382644352663,1.3513382644352663,1.3513382644352663,1.3513382644352663,1.3513382644352663,1.3513382644352663,1.3513382644352663,1.3513382644352663,1.3513382644352663,1.3513382644352663,1.3513382644352663
2015-10-15,1.5085897156762464,1.5085897156762464,1.5085897156762464,1.5085897156762464,1.5085897156762464,1.5085897156762464,1.5085897156762464,1.5085897156762464,1.5085897156762464,1.5085897156762464,1.5085897156762464,1.5085897156762464,1.5085897156762464,1.5085897156762464,1.5085897156762464
2015-10-16,1.1307554898157446,1.1307554898157446,1.1307554898157446,1.1307554898157446,1.1307554898157446,1.1307554898157446,1.1307554898157446,1.1307554898157446,1.1307554898157446,1.1307554898157446,1.1307554898157446,1.1307554898157446,1.1307554898157446,1.1307554898157446,1.1307554898157446
2015-10-17,0.9365200237560889,0.9365200237560889,0.9365200237560889,0.9365200237560889,0.9365200237560889,0.9365200237560889,0.9365200237560889,0.9365200237560889,0.9365200237560889,0.9365200237560889,0.9365200237560889,0.9365200237560889,0.9365200237560889,0.9365200237560889,0.9365200237560889
2015-10-18,0.704670269143484,0.704670269143484,0.704670269143484,0.704670269143484,0.704670269143484,0.704670269143484,0.704670269143484,0.704670269143484,0.704670269143484,0.704670269143484,0.704670269143484,0.704670269143484,0.704670269143484,0.704670269143484,0.704670269143484
2015-10-19,0.6627411663056334,0.6627411663056334,0.6627411663056334,0.6627411663056334,0.6627411663056334,0.6627411663056334,0.6627411663056334,0.6627411663056334,0.6627411663056334,0.6627411663056334,0.6627411663056334,0.6627411663056334,0.6627411663056334,0.6627411663056334,0.6627411663056334
2015-10-20,0.6370484458704927,0.6370484458704927,0.6370484458704927,0.6370484458704927,0.6370484458704927,0.6370484458704927,0.6370484458704927,0.6370484458704927,0.6370484458704927,0.6370484458704927,0.6370484458704927,0.6370484458704927,0.6370484458704927,0.6370484458704927,0.6370484458704927
2015-10-21,0.15104539781122034,0.15104539781122034,0.15104539781122034,0.15104539781122034,0.15104539781122034,0.15104539781122034,0.15104539781122034,0.15104539781122034,0.15104539781122034,0.15104539781122034,0.15104539781122034,0.15104539781122034,0.15104539781122034,0.15104539781122034,0.15104539781122034
2015-10-22,-0.19257747187205462,-0.19257747187205462,-0.19257747187205462,-0.19257747187205462,-0.19257747187205462,-0.19257747187205462,-0.19257747187205462,-0.19257747187205462,-0.19257747187205462,-0.19257747187205462,-0.19257747187205462,-0.19257747187205462,-0.19257747187205462,-0.19257747187205462,-0.19257747187205462
2015-10-23,-0.6564376137312424,-0.6564376137312424,-0.6564376137312424,-0.6564376137312424,-0.6564376137312424,-0.6564376137312424,-0.6564376137312424,-0.6564376137312424,-0.6564376137312424,-0.6564376137312424,-0.6564376137312424,-0.6564376137312424,-0.6564376137312424,-0.6564376137312424,-0.6564376137312424
2015-10-24,-1.0893861174728108,-1.0893861174728108,-1.0893861174728108,-1.0893861174728108,-1.0893861174728108,-1.0893861174728108,-1.0893861174728108,-1.0893861174728108,-1.0893861174728108,-1.0893861174728108,-1.0893861174728108,-1.0893861174728108,-1.0893861174728108,-1.0893861174728108,-1.0893861174728108
2015-10-25,-1.3283827294813788,-1.3283827294813788,-1.3283827294813788,-1.3283827294813788,-1.3283827294813788,-1.3283827294813788,-1.3283827294813788,-1.3283827294813788,-1.3283827294813788,-1.3283827294813788,-1.3283827294813788,-1.3283827294813788,-1.3283827294813788,-1.3283827294813788,-1.3283827294813788
2015-10-26,-1.5819365845742592,-1.5819365845742592,-1.5819365845742592,-1.5819365845742592,-1.5819365845742592,-1.5819365845742592,-1.5819365845742592,-1.5819365845742592,-1.5819365845742592,-1.5819365845742592,-1.5819365845742592,-1.5819365845742592,-1.5819365845742592,-1.5819365845742592,-1.5819365845742592
2015-10-27,-1.8012024378545262,-1.8012024378545262,-1.8012024378545262,-1.8012024378545262,-1.8012024378545262,-1.8012024378545262,-1.8012024378545262,-1.8012024378545262,-1.8012024378545262,-1.8012024378545262,-1.8012024378545262,-1.8012024378545262,-1.8012024378545262,-1.8012024378545262,-1.8012024378545262
2015-10-28,-1.4784202764709475,-1.4784202764709475,-1.4784202764709475,-1.4784202764709475,-1.4784202764709475,-1.4784202764709475,-1.4784202764709475,-1.4784202764709475,-1.4784202764709475,-1.4784202764709475,-1.4784202764709475,-1.4784202764709475,-1.4784202764709475,-1.4784202764709475,-1.4784202764709475
2015-10-29,-1.3178394605518353,-1.3178394605518353,-1.3178394605518353,-1.3178394605518353,-1.3178394605518353,-1.3178394605518353,-1.3178394605518353,-1.3178394605518353,-1.3178394605518353,-1.3178394605518353,-1.3178394605518353,-1.3178394605518353,-1.3178394605518353,-1.3178394605518353,-1.3178394605518353
2015-10-30,-1.3529007404638433,-1.3529007404638433,-1.3529007404638433,-1.3529007404638433,-1.3529007404638433,-1.3529007404638433,-1.3529007404638433,-1.3529007404638433,-1.3529007404638433,-1.3529007404638433,-1.3529007404638433,-1.3529007404638433,-1.3529007404638433,-1.3529007404638433,-1.3529007404638433
2015-10-31,-1.4599947965511135,-1.4599947965511135,-1.4599947965511135,-1.4599947965511135,-1.4599947965511135,-1.4599947965511135,-1.4599947965511135,-1.4599947965511135,-1.4599947965511135,-1.4599947965511135,-1.4599947965511135,-1.4599947965511135,-1.4599947965511135,-1.4599947965511135,-1.4599947965511135
2015-11-01,-1.421137103081441,-1.421137103081441,-1.421137103081441,-1.421137103081441,-1.421137103081441,-1.421137103081441,-1.421137103081441,-1.421137103081441,-1.421137103081441,-1.421137103081441,-1.421137103081441,-1.421137103081441,-1.421137103081441,-1.421137103081441,-1.421137103081441
2015-11-02,-1.2455087938061244,-1.2455087938061244,-1.2455087938061244,-1.2455087938061244,-1.2455087938061244,-1.2455087938061244,-1.2455087938061244,-1.2455087938061244,-1.2455087938061244,-1.2455087938061244,-1.2455087938061244,-1.2455087938061244,-1.2455087938061244,-1.2455087938061244,-1.2455087938061244
2015-11-03,-1.2522667565176009,-1.2522667565176009,-1.2522667565176009,-1.2522667565176009,-1.2522667565176009,-1.2522667565176009,-1.2522667565176009,-1.2522667565176009,-1.2522667565176009,-1.2522667565176009,-1.2522667565176009,-1.2522667565176009,-1.2522667565176009,-1.2522667565176009,-1.2522667565176009
2015-11-04,-1.4524568540952643,-1.4524568540952643,-1.4524568540952643,-1.4524568540952643,-1.4524568540952643,-1.4524568540952643,-1.4524568540952643,-1.4524568540952643,-1.4524568540952643,-1.4524568540952643,-1.4524568540952643,-1.4524568540952643,-1.4524568540952643,-1.4524568540952643,-1.4524568540952643
2015-11-05,-1.317153593952801,-1.317153593952801,-1.317153593952801,-1.317153593952801,-1.317153593952801,-1.317153593952801,-1.317153593952801,-1.317153593952801,-1.317153593952801,-1.317153593952801,-1.317153593952801,-1.317153593952801,-1.317153593952801,-1.317153593952801,-1.317153593952801
2015-11-06,-1.3131676094817646,-1.3131676094817646,-1.3131676094817646,-1.3131676094817646,-1.3131676094817646,-1.3131676094817646,-1.3131676094817646,-1.3131676094817646,-1.3131676094817646,-1.3131676094817646,-1.3131676094817646,-1.3131676094817646,-1.3131676094817646,-1.3131676094817646,-1.3131676094817646
2015-11-07,-1.3072793696452318,-1.3072793696452318,-1.3072793696452318,-1.3072793696452318,-1.3072793696452318,-1.3072793696452318,-1.3072793696452318,-1.3072793696452318,-1.3072793696452318,-1.3072793696452318,-1.3072793696452318,-1.3072793696452318,-1.3072793696452318,-1.3072793696452318,-1.3072793696452318
2015-11-08,-1.2925670890355827,-1.2925670890355827,-1.2925670890355827,-1.2925670890355827,-1.2925670890355827,-1.2925670890355827,-1.2925670890355827,-1.2925670890355827,-1.2925670890355827,-1.2925670890355827,-1.2925670890355827,-1.2925670890355827,-1.2925670890355827,-1.2925670890355827,-1.2925670890355827
2015-11-09,-1.2170328980030214,-1.2170328980030214,-1.2170328980030214,-1.2170328980030214,-1.2170328980030214,-1.2170328980030214,-1.2170328980030214,-1.2170328980030214,-1.2170328980030214,-1.2170328980030214,-1.2170328980030214,-1.2170328980030214,-1.2170328980030214,-1.2170328980030214,-1.2170328980030214
2015-11-10,-1.153093192027263,-1.153093192027263,-1.153093192027263,-1.153093192027263,-1.153093192027263,-1.153093192027263,-1.153093192027263,-1.153093192027263,-1.153093192027263,-1.153093192027263,-1.153093192027263,-1.153093192027263,-1.153093192027263,-1.153093192027263,-1.153093192027263
2015-11-11,-1.182974645281413,-1.182974645281413,-1.182974645281413,-1.182974645281413,-1.182974645281413,-1.182974645281413,-1.182974645281413,-1.182974645281413,-1.182974645281413,-1.182974645281413,-1.182974645281413,-1.182974645281413,-1.182974645281413,-1.182974645281413,-1.182974645281413
2015-11-12,-1.0122404515227315,-1.0122404515227315,-1.0122404515227315,-1.0122404515227315,-1.0122404515227315,-1.0122404515227315,-1.0122404515227315,-1.0122404515227315,-1.0122404515227315,-1.0122404515227315,-1.0122404515227315,-1.0122404515227315,-1.0122404515227315,-1.0122404515227315,-1.0122404515227315
2015-11-13,-1.1572591055914634,-1.1572591055914634,-1.1572591055914634,-1.1572591055914634,-1.1572591055914634,-1.1572591055914634,-1.1572591055914634,-1.1572591055914634,-1.1572591055914634,-1.1572591055914634,-1.1572591055914634,-1.1572591055914634,-1.1572591055914634,-1.1572591055914634,-1.1572591055914634
2015-11-14,-1.0598571206495329,-1.0598571206495329,-1.0598571206495329,-1.0598571206495329,-1.0598571206495329,-1.0598571206495329,-1.0598571206495329,-1.0598571206495329,-1.0598571206495329,-1.0598571206495329,-1.0598571206495329,-1.0598571206495329,-1.0598571206495329,-1.0598571206495329,-1.0598571206495329
2015-11-15,-1.0584142127087837,-1.0584142127087837,-1.0584142127087837,-1.0584142127087837,-1.0584142127087837,-1.0584142127087837,-1.0584142127087837,-1.0584142127087837,-1.0584142127087837,-1.0584142127087837,-1.0584142127087837,-1.0584142127087837,-1.0584142127087837,-1.0584142127087837,-1.0584142127087837
2015-11-16,-1.182835636020852,-1.182835636020852,-1.182835636020852,-1.182835636020852,-1.182835636020852,-1.182835636020852,-1.182835636020852,-1.182835636020852,-1.182835636020852,-1.182835636020852,-1.182835636020852,-1.182835636020852,-1.182835636020852,-1.182835636020852,-1.182835636020852
2015-11-17,-1.1707151248837178,-1.1707151248837178,-1.1707151248837178,-1.1707151248837178,-1.1707151248837178,-1.1707151248837178,-1.1707151248837178,-1.1707151248837178,-1.1707151248837178,-1.1707151248837178,-1.1707151248837178,-1.1707151248837178,-1.1707151248837178,-1.1707151248837178,-1.1707151248837178
2015-11-18,-1.188354523756938,-1.188354523756938,-1.188354523756938,-1.188354523756938,-1.188354523756938,-1.188354523756938,-1.188354523756938,-1.188354523756938,-1.188354523756938,-1.188354523756938,-1.188354523756938,-1.188354523756938,-1.188354523756938,-1.188354523756938,-1.188354523756938
2015-11-19,-1.2581291797457015,-1.2581291797457015,-1.2581291797457015,-1.2581291797457015,-1.2581291797457015,-1.2581291797457015,-1.2581291797457015,-1.2581291797457015,-1.2581291797457015,-1.2581291797457015,-1.2581291797457015,-1.2581291797457015,-1.2581291797457015,-1.2581291797457015,-1.2581291797457015
2015-11-20,-1.2394231777291829,-1.2394231777291829,-1.2394231777291829,-1.2394231777291829,-1.2394231777291829,-1.2394231777291829,-1.2394231777291829,-1.2394231777291829,-1.2394231777291829,-1.2394231777291829,-1.2394231777291829,-1.2394231777291829,-1.2394231777291829,-1.2394231777291829,-1.2394231777291829
2015-11-21,-1.0341161559622816,-1.0341161559622816,-1.0341161559622816,-1.0341161559622816,-1.0341161559622816,-1.0341161559622816,-1.0341161559622816,-1.0341161559622816,-1.0341161559622816,-1.0341161559622816,-1.0341161559622816,-1.0341161559622816,-1.0341161559622816,-1.0341161559622816,-1.0341161559622816
2015-11-22,-0.9388351121344595,-0.9388351121344595,-0.9388351121344595,-0.9388351121344595,-0.9388351121344595,-0.9388351121344595,-0.9388351121344595,-0.9388351121344595,-0.9388351121344595,-0.9388351121344595,-0.9388351121344595,-0.9388351121344595,-0.9388351121344595,-0.9388351121344595,-0.9388351121344595
2015-11-23,-0.9004154375102148,-0.9004154375102148,-0.9004154375102148,-0.9004154375102148,-0.9004154375102148,-0.9004154375102148,-0.9004154375102148,-0.9004154375102148,-0.9004154375102148,-0.9004154375102148,-0.9004154375102148,-0.9004154375102148,-0.9004154375102148,-0.9004154375102148,-0.9004154375102148
2015-11-24,-1.126906560359143,-1.126906560359143,-1.126906560359143,-1.126906560359143,-1.126906560359143,-1.126906560359143,-1.126906560359143,-1.126906560359143,-1.126906560359143,-1.126906560359143,-1.126906560359143,-1.126906560359143,-1.126906560359143,-1.126906560359143,-1.126906560359143
2015-11-25,-0.9789973604765393,-0.9789973604765393,-0.9789973604765393,-0.9789973604765393,-0.9789973604765393,-0.9789973604765393,-0.9789973604765393,-0.9789973604765393,-0.9789973604765393,-0.9789973604765393,-0.9789973604765393,-0.9789973604765393,-0.9789973604765393,-0.9789973604765393,-0.9789973604765393
2015-11-26,-0.8673343038654621,-0.8673343038654621,-0.8673343038654621,-0.8673343038654621,-0.8673343038654621,-0.8673343038654621,-0.8673343038654621,-0.8673343038654621,-0.8673343038654621,-0.8673343038654621,-0.8673343038654621,-0.8673343038654621,-0.8673343038654621,-0.8673343038654621,-0.8673343038654621
2015-11-27,-1.036111276178031,-1.036111276178031,-1.036111276178031,-1.036111276178031,-1.036111276178031,-1.036111276178031,-1.036111276178031,-1.036111276178031,-1.036111276178031,-1.036111276178031,-1.036111276178031,-1.036111276178031,-1.036111276178031,-1.036111276178031,-1.036111276178031
2015-11-28,-1.2156071368959174,-1.2156071368959174,-1.2156071368959174,-1.2156071368959174,-1.2156071368959174,-1.2156071368959174,-1.2156071368959174,-1.2156071368959174,-1.2156071368959174,-1.2156071368959174,-1.2156071368959174,-1.2156071368959174,-1.2156071368959174,-1.2156071368959174,-1.2156071368959174
2015-11-29,-1.0962881599400696,-1.0962881599400696,-1.0962881599400696,-1.0962881599400696,-1.0962881599400696,-1.0962881599400696,-1.0962881599400696,-1.0962881599400696,-1.0962881599400696,-1.0962881599400696,-1.0962881599400696,-1.0962881599400696,-1.0962881599400696,-1.0962881599400696,-1.0962881599400696
2015-11-30,-0.6684812991574139,-0.6684812991574139,-0.6684812991574139,-0.6684812991574139,-0.6684812991574139,-0.6684812991574139,-0.6684812991574139,-0.6684812991574139,-0.6684812991574139,-0.6684812991574139,-0.6684812991574139,-0.6684812991574139,-0.6684812991574139,-0.6684812991574139,-0.6684812991574139
2015-12-01,-0.5578188840824747,-0.5578188840824747,-0.5578188840824747,-0.5578188840824747,-0.5578188840824747,-0.5578188840824747,-0.5578188840824747,-0.5578188840824747,-0.5578188840824747,-0.5578188840824747,-0.5578188840824747,-0.5578188840824747,-0.5578188840824747,-0.5578188840824747,-0.5578188840824747
2015-12-02,-0.6018101726385124,-0.6018101726385124,-0.6018101726385124,-0.6018101726385124,-0.6018101726385124,-0.6018101726385124,-0.6018101726385124,-0.6018101726385124,-0.6018101726385124,-0.6018101726385124,-0.6018101726385124,-0.6018101726385124,-0.6018101726385124,-0.6018101726385124,-0.6018101726385124
2015-12-03,-0.43910119439724804,-0.43910119439724804,-0.43910119439724804,-0.43910119439724804,-0.43910119439724804,-0.43910119439724804,-0.43910119439724804,-0.43910119439724804,-0.43910119439724804,-0.43910119439724804,-0.43910119439724804,-0.43910119439724804,-0.43910119439724804,-0.43910119439724804,-0.43910119439724804
2015-12-04,-0.5039679311600911,-0.5039679311600911,-0.5039679311600911,-0.5039679311600911,-0.5039679311600911,-0.5039679311600911,-0.5039679311600911,-0.5039679311600911,-0.5039679311600911,-0.5039679311600911,-0.5039679311600911,-0.5039679311600911,-0.5039679311600911,-0.5039679311600911,-0.5039679311600911
2015-12-05,-0.6272414989311639,-0.6272414989311639,-0.6272414989311639,-0.6272414989311639,-0.6272414989311639,-0.6272414989311639,-0.6272414989311639,-0.6272414989311639,-0.6272414989311639,-0.6272414989311639,-0.6272414989311639,-0.6272414989311639,-0.6272414989311639,-0.6272414989311639,-0.6272414989311639
2015-12-06,-0.8180077304469159,-0.8180077304469159,-0.8180077304469159,-0.8180077304469159,-0.8180077304469159,-0.8180077304469159,-0.8180077304469159,-0.8180077304469159,-0.8180077304469159,-0.8180077304469159,-0.8180077304469159,-0.8180077304469159,-0.8180077304469159,-0.8180077304469159,-0.8180077304469159
2015-12-07,-0.8779813029508536,-0.8779813029508536,-0.8779813029508536,-0.8779813029508536,-0.8779813029508536,-0.8779813029508536,-0.8779813029508536,-0.8779813029508536,-0.8779813029508536,-0.8779813029508536,-0.8779813029508536,-0.8779813029508536,-0.8779813029508536,-0.8779813029508536,-0.8779813029508536
2015-12-08,-1.0357434227892202,-1.0357434227892202,-1.0357434227892202,-1.0357434227892202,-1.0357434227892202,-1.0357434227892202,-1.0357434227892202,-1.0357434227892202,-1.0357434227892202,-1.0357434227892202,-1.0357434227892202,-1.0357434227892202,-1.0357434227892202,-1.0357434227892202,-1.0357434227892202
2015-12-09,-0.9489865300619897,-0.9489865300619897,-0.9489865300619897,-0.9489865300619897,-0.9489865300619897,-0.9489865300619897,-0.9489865300619897,-0.9489865300619897,-0.9489865300619897,-0.9489865300619897,-0.9489865300619897,-0.9489865300619897,-0.9489865300619897,-0.9489865300619897,-0.9489865300619897
2015-12-10,-0.698279797771546,-0.698279797771546,-0.698279797771546,-0.698279797771546,-0.698279797771546,-0.698279797771546,-0.698279797771546,-0.698279797771546,-0.698279797771546,-0.698279797771546,-0.698279797771546,-0.698279797771546,-0.698279797771546,-0.698279797771546,-0.698279797771546
2015-12-11,-0.6890298259994461,-0.6890298259994461,-0.6890298259994461,-0.6890298259994461,-0.6890298259994461,-0.6890298259994461,-0.6890298259994461,-0.6890298259994461,-0.6890298259994461,-0.6890298259994461,-0.6890298259994461,-0.6890298259994461,-0.6890298259994461,-0.6890298259994461,-0.6890298259994461
2015-12-12,-1.0619035190225872,-1.0663457933816667,-1.076117296309942,-1.095413865657661,-1.0177146948408038,-1.1252093655461504,-1.1065020059180677,-1.0624830165203092,-1.1105366348858121,-1.0817525287888914,-1.086155967241703,-1.1389695991506734,-1.1197813345098981,-0.973913245683644,-1.071342677995619
2015-12-13,-0.9362140209181371,-0.8614065106067795,-1.043482169800337,-0.7203119514708216,-0.8050490618548951,-1.0676555055190968,-1.0505727920873387,-0.8776194881615218,-0.94704324068328,-0.8947093704110652,-0.9013124023609785,-0.9708722780902329,-0.9545841397886872,-0.7423233787022431,-0.8584521801781289
2015-12-14,-1.0777593082608496,-0.8827343604449156,-1.213461107414422,-0.7378022125318972,-0.7554657530734371,-1.2915095737432203,-1.196869216053885,-0.8900850442184944,-1.0422628847036326,-0.8694101460918922,-0.7941227532739935,-1.245529294858876,-1.2727539299545414,-0.9013798014046689,-1.0769484641546685
2015-12-15,-0.6798173623942173,-0.5353358280340208,-0.8880942852623327,-0.09233814524991901,-0.42708054723228905,-0.9097000423778716,-0.5995979408109946,-0.5402454461829259,-0.4568143182553446,-0.6238305585948998,-0.24299582186247257,-0.8168383194591768,-1.037172973849646,-0.5678952263422757,-0.6337150690469129
2015-12-16,-0.43634366462602553,-0.30622711171436257,-0.39974291528851885,0.2217587412257581,-0.003099869066783497,-0.6418624232005359,-0.12455414112989144,-0.2436382936935491,-0.05910370468648747,-0.1923724776911827,-0.07256100764018777,-0.32525959615281425,-0.7440110313132311,-0.36349792802187736,-0.3072890771593919
2015-12-17,-0.26464672740538675,0.013285186069439963,-0.0997730704789087,0.49814751025807597,-0.013462972678468226,-0.38183680127785774,0.2933186209686323,-0.03987774321678749,-0.06842538657259566,0.08841838114407907,0.24868666086698793,-0.1382801669923722,-0.3885029883476264,-0.23544457641790767,-0.23540026424535065
2015-12-18,-0.13331291566564804,0.27434777062876436,0.04583144359501588,0.3989483894482388,-0.08716471953155401,-0.3408086379199967,0.6511921035519,0.23460296419421614,0.015610097693878458,0.06295904732605904,0.415800721481571,-0.10827268923832399,-0.2000780033157262,-0.21335011427724251,-0.4737148921909623
2015-12-19,-0.414030067811236,0.3676241520121803,-0.19371196895965487,0.2752582400480264,-0.11045380689192835,-0.4199187772578666,0.8122314497405143,-0.11512152493750784,0.045789553726722075,0.03887048110682734,0.4237145979163629,-0.27566102314857577,-0.31809490766701465,-0.3475235649364277,-0.46037037148470533
2015-12-20,-0.18075169379508513,0.09536662353942661,-0.1389801636480404,0.2533314145845252,0.1103965609483029,-0.16222597444963444,0.5538214140253126,0.30349181151746507,-0.004082741552336071,0.05291210445093517,0.504733760590372,-0.37696618623586836,0.01052085492236049,-0.33729794171668254,0.005163570189303743
2015-12-21,0.1564966671713627,0.0395784085543971,0.028903581749817376,0.2951420718528928,0.47746270039086947,-0.26226138033967855,0.5149785362259521,0.35225524766537364,-0.08550947830634192,0.05578472763326261,0.5096581332466473,-0.18700101261984953,0.045012758090258016,0.03821566776699048,0.13449152449624258
2015-12-22,0.34085740709287937,0.3210743569765643,-0.08517227021462258,0.4604751612051115,0.5708257260829925,-0.07571616887618436,0.4829273452560782,0.22180649985923567,-0.15248937882450772,0.502732233994081,0.4880122561138962,-0.11183576575411634,0.3019310451476106,0.07299581513951699,0.17057620448924313
2015-12-23,0.3421526741101679,0.2716167266601081,-0.4310958024579164,0.6096579330725634,0.707930161579696,0.10035862452628318,0.5123020915919992,0.22808135703947996,-0.3305910063643074,0.9313540958123717,0.6010225573071579,0.13651081395256734,0.26529607721006215,-0.13240934953839045,0.21983565442047484
2015-12-24,0.5754316791966821,0.14545385963565755,-0.32526903105102384,0.4763415542526742,0.6933648750575323,0.015622287430563663,0.5379858701622183,0.39638970361371806,-0.4430334442197512,1.3261128500064936,0.5830802476766619,0.1831025948447438,0.4436845567611479,-0.00011591274500569332,0.4151210725256561
2015-12-25,0.6827006465984344,0.3917207841111882,-0.40843536572288724,0.2697080721285902,0.9092831453906423,-0.14437310148421276,0.7326962451870341,0.6634606330836357,-0.46925459212348514,1.5187419838967833,0.47139025539406454,-0.005373130649151962,0.3764732172026222,-0.011143584015352119,0.5269753467136763
2015-12-26,0.7030610218531365,0.5593401489206519,-0.3376377131546424,0.23892996141635217,0.9833260105176995,-0.05381888472971526,1.1940431418713522,0.9422866546262803,-0.8092418847114032,1.765375956567408,0.5712971192894108,0.15856976637312548,0.5744381343286662,-0.049904805507121806,0.8332680045584132
2015-12-27,0.610202059974313,0.7599746101370923,-0.2758254398841346,0.11519815203417988,0.8896539158777838,-0.09033116228828494,1.745049180463638,1.2556541359993374,-1.1252548629439723,1.840575903937393,0.7725194107034714,0.497096938272043,0.7690622273482751,0.005565886085932656,1.1782846519057997
2015-12-28,0.4567087616040955,0.8877706246596863,-0.3344585707939161,0.07994005904014614,0.8320450111652233,0.12987818442049184,2.0573223524901474,0.9053029272828306,-1.2559452441139833,1.6919769369806628,0.7641044374520497,0.864521656717576,0.916553172289504,0.030504626929639216,1.3243485621267446
2015-12-29,0.29341677546214007,1.1625566709390163,-0.0875297488731266,0.2107797404805835,0.7428381083643416,0.4266935805348505,2.176417475413861,0.8730460559457024,-1.289841198946855,1.5616146618268745,0.6893179975270436,0.8238970380982935,0.94647251787421,0.38411432023428277,1.3143586938746301
2015-12-30,0.4075731568954552,1.2288731281832896,0.41892262802977565,-0.013031695091048758,0.736935234354777,0.6279600892570399,2.3525708055120633,0.6234608839366255,-1.2313256143235467,1.4471651490180577,0.6704870788396547,1.2348422237242187,0.8004374225038231,0.8153615040946206,1.3030640087089276
2015-12-31,0.7455388624910878,1.4455152591029359,0.9121895155649883,0.12384299000440331,0.7303001694327715,0.35765951312027927,2.296154424189705,0.5210996779202847,-1.072889166818822,1.6886852605355505,0.3927228581870596,1.6390744907715322,0.8282411524798702,0.9563197923651355,1.386844395015898
2016-01-01,1.0763429995987064,1.4509640339957983,1.109403702391649,0.5425636881725108,0.8134759523760902,0.13407900579860116,2.2072115992677275,0.2519341243180458,-1.021959788220412,1.5486173787058575,0.18877419906635542,1.7106653752315997,1.184748331422649,1.134138131203708,1.4970440051166563
2016-01-02,1.0968280662812022,1.5088320983350163,1.3954842349105465,0.5527453461676157,0.9609604289671844,-0.006244922397505242,1.9849478860551053,0.13298337751333417,-0.6726507587219032,1.0358394533737936,0.2374288936440886,1.7579244026874883,1.2521787449794672,1.5137510071844646,1.3111425002274848
2016-01-03,1.1249903524609417,1.7021176518588574,1.839885912038616,0.34982741295992104,1.1042176020521974,0.21770068902763365,1.764505364079238,0.6510528101242087,0.0710235107855561,0.6384629614806119,0.3554961182319873,1.9598371405441142,1.479104731379147,1.7735931243936425,1.1738990472446613
2016-01-04,0.9890627762533856,1.7548125842322702,2.1285117025261693,0.23511253281102062,1.0500656276931617,0.29343145487572053,1.3301210744765986,1.0947248794122397,0.8330439883878107,0.5874142281877545,0.4983747045725612,1.8547826112759955,1.3556116735290558,1.6805182698270036,1.1981133550147762
2016-01-05,1.0325047597340014,1.9470377045908847,2.199183326668507,0.23548049052950665,1.0327871656417067,0.3546894011016924,0.888212571981021,0.950352239393359,1.1917907368204255,0.4215812261957662,0.5628029123792151,1.773756536988011,0.8907433135122903,1.5304713840996758,1.1649112001724278
2016-01-06,1.1484756926972015,1.9914020716235523,1.955256891391085,-0.039028164915119415,0.7018445051271409,0.5091378764796017,0.817177859186237,0.4286975831403471,1.2031168667489955,0.5095533778713353,0.758301103321172,1.8719315420727929,0.4252734148386762,1.1482722686615658,1.4832972464996705
2016-01-07,1.2471337319698417,2.0947826571772086,1.6923032061291459,-0.12823507830274278,0.5453419341099608,0.7012388921841557,0.6306876812592579,0.31499291441033406,1.5253566020364153,0.45304356964148057,0.8359207973161231,1.7545237440616086,0.3360427501742515,0.954382709229743,1.3878907262369304
2016-01-08,1.2995315451531282,2.478435752614488,1.3845087299129237,-0.3319299697442164,0.45014823150505606,0.7188107605200521,0.5586023869568163,0.06873206236173725,1.7017070503443248,0.4017281073682743,0.7635620506195087,1.8291309896694736,0.5617380434018502,1.1700052789151982,1.526078801778698
2016-01-09,1.417754271153822,2.4787941911348943,0.7746180257369982,-0.27124487368186356,0.33276634337921124,0.44637189629180385,0.4483469282306758,0.09516553463311393,1.618677861721253,0.24369038978520846,0.936094825490463,1.6007433870492698,0.3805776679872011,0.9899032845318642,1.6450002515513054
2016-01-10,1.8223488231662264,2.230504245001519,0.27670451238815924,-0.18384317886830423,0.16260763841879444,0.18587704945293557,0.41830626285683453,-0.03877814695535705,1.4360533961132036,-0.07509449399079249,1.5499213986180889,1.7565182320625286,0.1511247331427596,0.976004056621414,1.8776753673159248
2016-01-11,1.9484064581062694,1.8510811884582825,0.107879350919641,0.21712781968332456,0.020614966136681786,-0.3549344645167473,0.26476300291516885,-0.1641517533697183,1.2463634893450861,-0.0164042179131279,1.7656839639714879,1.7276950090867913,0.1822372029214083,1.1796532792591385,1.8884944489473852
2016-01-12,1.7822496493615467,1.296660182495227,-0.04558874588051575,0.39990360825329974,-0.39423797959008544,-0.5439203171875213,0.5554699165521262,-0.36939552838477596,0.9953935527281863,-0.23587728712567851,1.5339516665755069,0.9963333833772603,0.1433583085083958,1.137651466026428,1.5818002672482618
2016-01-13,1.493079209169483,1.2418206113611652,0.09661254896384872,0.6725010551404028,-0.5543064534985919,-0.531429540787423,0.6529247464481504,-0.5586995164680264,0.9014123036664156,-0.13459367047109616,1.491138128713497,0.5625053110774451,0.11431907189730406,0.8349368620005272,1.42208680861947
2016-01-14,1.4392403042273771,0.8816560819063531,0.2677674925037352,0.7020120185810025,-0.6136399827185357,-0.47974554232488426,0.5092169328974648,-0.5110594426317256,0.7786501894889247,-0.31756756154854404,1.5366464492649785,0.6607626102791437,0.1714670061744071,0.671863087773793,1.2199017514009982
2016-01-15,1.272852287141813,0.5373520169047413,0.10853034688779514,0.7209125616815427,-0.6537324739192121,-0.4953145621510351,0.05189994516055692,-0.6233812137444497,0.5615915280096981,-0.29205833106000617,1.5865524486659492,0.5826979542228116,0.22869535082520628,0.40175874990185406,0.9830878063892099
2016-01-16,0.8338332942162613,0.25934966422137523,-0.3103760189763769,0.8727319535313061,-0.5437996086508784,-0.3235390341284303,0.02642314575914514,-0.6177661050047474,0.5306120329067123,-0.18309677673538666,1.239233335084658,0.6471832977551036,0.2164717387921393,0.23349265645571002,0.7374352804767837
2016-01-17,0.4978109721800967,0.07780410982212563,-0.47311742609137225,0.6760403940099197,-0.44658884351307876,-0.1977393524543595,0.08684910900023995,-0.6767384969626127,0.7365302881306154,0.04934549589013163,0.7674747500461285,1.2144094954508695,0.3044377935513129,0.42465342243809806,0.3984153172286899
2016-01-18,0.35221010362692046,0.12090443971490385,-0.6139324490374274,0.8200999334024766,-0.5657461349720087,-0.1907640352027419,0.08214141553652139,-0.519554384364141,0.8399875323528435,-0.005082323656522996,0.9395627012890776,1.98354495778752,0.26229564542111167,0.3579475282602143,0.383563683093651
2016-01-19,0.4683330166618009,0.2041671107783649,-0.7346185909779038,1.1583962223419695,-0.8191943082772329,-0.285838065718151,0.2151447216719949,-0.5386114925577925,0.7021343132865531,0.1028376618681626,1.1614736774696812,2.2752394792626895,0.2532404159672354,0.388394914438919,0.39518328386036666
2016-01-20,0.5247635642948937,0.48881152645194254,-0.8736042909227698,1.54205106417883,-1.0784076621683722,-0.133045513671341,0.5422167911077601,-0.1939634100720308,0.9140111553387383,0.09657194795093502,1.3418495150161158,2.539659161577527,0.3301723979887233,0.4185756325560134,0.6341538968449016
2016-01-21,0.8419624279671494,0.8549959008348087,-0.8812080710849656,1.6119157758173919,-1.1452176241587713,-0.3878852975980013,0.5632751547392211,0.15342050980556093,1.2491385429030215,0.4128927291431615,1.3021367221134537,2.8607086674287645,0.05147482657252158,0.7744694926597773,0.9960639484771033
2016-01-22,1.286626248707308,1.0092274238040313,-0.6945613800987737,1.5799997909125036,-0.7259411821893327,-0.5755968553157155,0.4122711226625012,0.0877389953510122,1.8671032210679643,0.5605347520356578,1.2254212232187853,2.2719013585618786,-0.36752213154656344,0.6263486018666662,1.2391387383782064
2016-01-23,1.5366654105869604,1.1844209327675281,-0.6240689308160386,1.1860272362823674,-0.16225019941601856,-0.8754212986578043,0.299127833714802,0.09933734938252219,1.9619897768773145,0.4066640035941677,0.6823259764752048,1.4339909129699104,-0.5321842364330588,0.5250394235725891,1.2712835851279771
2016-01-24,1.6216768010289884,1.542116809332296,-0.4691204786375984,1.1416252567911105,-0.023871996892890473,-0.9792504709292101,0.3812986624341223,-0.08804253684172127,2.056108203497443,0.3415015284498058,0.17904216587162755,0.929485157133569,-0.8028878175008536,0.6736124825935196,1.604838667070626
2016-01-25,1.700266884804227,1.638470158479729,-0.29874227393894,1.3686475048994922,-0.2618631364339925,-1.0521767681607972,0.2785996122715941,0.061053459117910845,2.3188998524449924,0.43966391891355233,-0.27033383098898445,0.17316068207164662,-0.9793432340114947,1.4093081867942299,1.6042954958687377
2016-01-26,1.6113589952569096,1.7501545828158394,-0.21103311530730134,1.4516193269508686,-0.20169765228715056,-1.1166825551183805,0.008581052856940172,0.3515576134863043,2.2580287805460206,0.4881379674925603,-0.46217770817608617,-0.1684347206573845,-0.7776898294679129,1.7836292120947876,1.2610656795515922
2016-01-27,1.3255919365598072,1.6868720372804897,-0.09184055425197403,1.3473240741954804,-0.1682047965245393,-1.3077266129423075,-0.36389348548296424,0.4989542393000716,2.191433111232009,0.333244486966802,-0.731054826605552,0.09676700367367681,-0.5456769289940463,1.9145001611300658,0.5825924678687452
2016-01-28,1.1520003319519783,1.688301911315899,-0.09116451690497783,1.4417463102903338,0.09724169057924997,-1.156300634056756,-0.6356320439760907,0.48931824082100694,2.289414147806764,0.2995802063273766,-0.4874563012798397,0.4659231344398168,-0.3774394960282817,1.8167426063349221,0.23549912202423293
2016-01-29,1.0485340513030554,1.6983265844409037,0.18655171687886793,1.1102655542119826,0.19919433269465142,-0.6106327948210775,-0.915592745164079,0.8185956535381912,2.2909397811043184,0.4605127791914326,-0.15187348729021422,0.08500525278044746,-0.23671835983111214,1.6743492996312948,-0.17153131804241695
2016-01-30,1.2132017003849982,1.6423758337614633,0.5260915838755011,0.6331353687466442,0.47744460935387456,-0.20585422882535034,-0.9634666722606873,1.1294140241482395,2.381811106022405,0.4567267071273512,0.0011209783254823868,0.1648018509085339,-0.02753460478229998,1.4503778054797833,-0.7753014059490573
2016-01-31,1.1114648514272985,1.9207117067625785,0.9572059126312258,0.4295181081312238,0.5996008211531261,0.07364934719788344,-0.7115177879985016,1.211639875509019,2.262666087649552,0.8038829487688633,0.5719386112501034,0.4314982253687141,0.35902705320233724,0.8941125368425351,-1.2062987547487267
2016-02-01,0.5776446912766123,2.204235610624487,1.039611752529591,0.3902681465589659,0.7517384163354115,0.4798191006835928,-0.6782907075526674,1.7169646526747604,2.111269242719041,0.8224837337143917,0.8444206386074471,0.7423650929768584,0.914641983181016,0.3594905654900408,-1.0296442818967426
2016-02-02,0.3558715663722094,1.981639202000726,0.980782159546492,0.5209752236914997,1.0037411824407434,1.133121571735042,-0.9119282517930886,2.050658390549687,2.0505084109041114,0.6064568377210461,0.9725075853878292,1.078931574838811,0.8030372698910747,0.29708015136002375,-0.8058201852704722
2016-02-03,0.06549121086799355,1.674808121573441,0.9177129347133532,0.38952352709935995,1.0848404232506608,1.2471722535561363,-0.5423357284265972,2.2651997741851884,1.7021080904127024,0.3507227253305365,0.9653044258247501,1.3531628665073794,0.8226380045171389,0.13229480369624075,-0.39560514736102914
2016-02-04,-0.2938868899271479,1.6503483192651707,0.9437777819337411,0.49843703449898735,0.8578460086436452,1.3739014893268726,-0.23235565284499807,2.06327915222433,1.0117289792034614,0.5597353035740266,0.5794867868130781,1.6768067162934868,1.0924758805352943,-0.09929255223120921,0.06039756769940897
2016-02-05,-0.26800150573169823,1.622366925729496,1.2465901317139274,0.6924050118347532,0.9042008555810405,1.3370415133895752,-0.14786659049180642,1.9755286146024797,0.4394848097844317,0.34589772624723875,0.5040855064510208,1.8877731276116931,1.3572301917558847,-0.2639281358528233,0.27252909450623763
2016-02-06,-0.20658892468696363,1.5731194777505566,1.6763064792230433,0.7390767490584828,1.1244140884857912,1.4627130741424628,-0.14569834990398603,1.8374448332234397,0.06373904134010826,0.24501348049051092,0.5028017847559528,2.07276675886717,1.1613536400684399,-0.40164750211259975,0.8761528582340047
2016-02-07,-0.5342880699982101,1.5639503007895736,2.0544148363808366,0.9202569739633093,1.140213610249949,1.383272571480774,0.10934179784044591,1.7552760077684944,-0.09279241518566192,-0.0002266898583546291,0.50960057967537,2.3242612417351696,1.044543701946152,-0.35738634124333635,1.3281034056404881
2016-02-08,-0.8434441400326712,1.505569040010817,2.331564552985505,1.4240617243640048,0.5403317222477128,1.448432360906322,0.5645348445051239,1.1453062559721177,0.13245496147397093,-0.379085740591811,0.430141887853216,3.0530796893285976,0.9451802359988588,-0.07600797501190248,1.5738882810166424
2016-02-09,-1.1567730837464536,1.3928307932258979,2.2801907833866055,1.6290385212987457,0.23745586739364993,1.5657164836252022,1.3041905232360427,0.9422578967044377,0.2182824142842953,-0.5175254962725561,0.4319820410098361,2.7939239351791905,0.9523256808563576,0.19838652868639622,1.811096375011614
2016-02-10,-1.2355477942087376,1.1684300370715464,2.3077030515566714,1.769482412119328,0.06467276488849757,1.5244617328453969,1.561370527093134,0.9470863399893357,0.09468434130122651,-0.36779206419897964,0.3490050100938807,2.453134370178353,1.1267152024174536,0.21454050721556708,1.977881129935963
