,1,2,3,4,5,6,7,8,9,10,11,12,13,14,15
2015-10-08,1.020815829588816,1.020815829588816,1.020815829588816,1.020815829588816,1.020815829588816,1.020815829588816,1.020815829588816,1.020815829588816,1.020815829588816,1.020815829588816,1.020815829588816,1.020815829588816,1.020815829588816,1.020815829588816,1.020815829588816
2015-10-09,1.2292268014540257,1.2292268014540257,1.2292268014540257,1.2292268014540257,1.2292268014540257,1.2292268014540257,1.2292268014540257,1.2292268014540257,1.2292268014540257,1.2292268014540257,1.2292268014540257,1.2292268014540257,1.2292268014540257,1.2292268014540257,1.2292268014540257
2015-10-10,1.3926363291074846,1.3926363291074846,1.3926363291074846,1.3926363291074846,1.3926363291074846,1.3926363291074846,1.3926363291074846,1.3926363291074846,1.3926363291074846,1.3926363291074846,1.3926363291074846,1.3926363291074846,1.3926363291074846,1.3926363291074846,1.3926363291074846
2015-10-11,1.3289188564812502,1.3289188564812502,1.3289188564812502,1.3289188564812502,1.3289188564812502,1.3289188564812502,1.3289188564812502,1.3289188564812502,1.3289188564812502,1.3289188564812502,1.3289188564812502,1.3289188564812502,1.3289188564812502,1.3289188564812502,1.3289188564812502
2015-10-12,1.4883049051175115,1.4883049051175115,1.4883049051175115,1.4883049051175115,1.4883049051175115,1.4883049051175115,1.4883049051175115,1.4883049051175115,1.4883049051175115,1.4883049051175115,1.4883049051175115,1.4883049051175115,1.4883049051175115,1.4883049051175115,1.4883049051175115
2015-10-13,1.4863532612790387,1.4863532612790387,1.4863532612790387,1.4863532612790387,1.4863532612790387,1.4863532612790387,1.4863532612790387,1.4863532612790387,1.4863532612790387,1.4863532612790387,1.4863532612790387,1.4863532612790387,1.4863532612790387,1.4863532612790387,1.4863532612790387
2015-10-14,1.641871576829747,1.641871576829747,1.641871576829747,1.641871576829747,1.641871576829747,1.641871576829747,1.641871576829747,1.641871576829747,1.641871576829747,1.641871576829747,1.641871576829747,1.641871576829747,1.641871576829747,1.641871576829747,1.641871576829747
2015-10-15,1.7991230280707253,1.7991230280707253,1.7991230280707253,1.7991230280707253,1.7991230280707253,1.7991230280707253,1.7991230280707253,1.7991230280707253,1.7991230280707253,1.7991230280707253,1.7991230280707253,1.7991230280707253,1.7991230280707253,1.7991230280707253,1.7991230280707253
2015-10-16,1.4212888022102241,1.4212888022102241,1.4212888022102241,1.4212888022102241,1.4212888022102241,1.4212888022102241,1.4212888022102241,1.4212888022102241,1.4212888022102241,1.4212888022102241,1.4212888022102241,1.4212888022102241,1.4212888022102241,1.4212888022102241,1.4212888022102241
2015-10-17,1.2270533361505676,1.2270533361505676,1.2270533361505676,1.2270533361505676,1.2270533361505676,1.2270533361505676,1.2270533361505676,1.2270533361505676,1.2270533361505676,1.2270533361505676,1.2270533361505676,1.2270533361505676,1.2270533361505676,1.2270533361505676,1.2270533361505676
2015-10-18,0.9952035815379626,0.9952035815379626,0.9952035815379626,0.9952035815379626,0.9952035815379626,0.9952035815379626,0.9952035815379626,0.9952035815379626,0.9952035815379626,0.9952035815379626,0.9952035815379626,0.9952035815379626,0.9952035815379626,0.9952035815379626,0.9952035815379626
2015-10-19,0.9532744787001126,0.9532744787001126,0.9532744787001126,0.9532744787001126,0.9532744787001126,0.9532744787001126,0.9532744787001126,0.9532744787001126,0.9532744787001126,0.9532744787001126,0.9532744787001126,0.9532744787001126,0.9532744787001126,0.9532744787001126,0.9532744787001126
2015-10-20,0.9275817582649721,0.9275817582649721,0.9275817582649721,0.9275817582649721,0.9275817582649721,0.9275817582649721,0.9275817582649721,0.9275817582649721,0.9275817582649721,0.9275817582649721,0.9275817582649721,0.9275817582649721,0.9275817582649721,0.9275817582649721,0.9275817582649721
2015-10-21,0.4415787102056993,0.4415787102056993,0.4415787102056993,0.4415787102056993,0.4415787102056993,0.4415787102056993,0.4415787102056993,0.4415787102056993,0.4415787102056993,0.4415787102056993,0.4415787102056993,0.4415787102056993,0.4415787102056993,0.4415787102056993,0.4415787102056993
2015-10-22,0.09795584052242455,0.09795584052242455,0.09795584052242455,0.09795584052242455,0.09795584052242455,0.09795584052242455,0.09795584052242455,0.09795584052242455,0.09795584052242455,0.09795584052242455,0.09795584052242455,0.09795584052242455,0.09795584052242455,0.09795584052242455,0.09795584052242455
2015-10-23,-0.3659043013367632,-0.3659043013367632,-0.3659043013367632,-0.3659043013367632,-0.3659043013367632,-0.3659043013367632,-0.3659043013367632,-0.3659043013367632,-0.3659043013367632,-0.3659043013367632,-0.3659043013367632,-0.3659043013367632,-0.3659043013367632,-0.3659043013367632,-0.3659043013367632
2015-10-24,-0.7988528050783319,-0.7988528050783319,-0.7988528050783319,-0.7988528050783319,-0.7988528050783319,-0.7988528050783319,-0.7988528050783319,-0.7988528050783319,-0.7988528050783319,-0.7988528050783319,-0.7988528050783319,-0.7988528050783319,-0.7988528050783319,-0.7988528050783319,-0.7988528050783319
2015-10-25,-1.0378494170869,-1.0378494170869,-1.0378494170869,-1.0378494170869,-1.0378494170869,-1.0378494170869,-1.0378494170869,-1.0378494170869,-1.0378494170869,-1.0378494170869,-1.0378494170869,-1.0378494170869,-1.0378494170869,-1.0378494170869,-1.0378494170869
2015-10-26,-1.2914032721797795,-1.2914032721797795,-1.2914032721797795,-1.2914032721797795,-1.2914032721797795,-1.2914032721797795,-1.2914032721797795,-1.2914032721797795,-1.2914032721797795,-1.2914032721797795,-1.2914032721797795,-1.2914032721797795,-1.2914032721797795,-1.2914032721797795,-1.2914032721797795
2015-10-27,-1.510669125460048,-1.510669125460048,-1.510669125460048,-1.510669125460048,-1.510669125460048,-1.510669125460048,-1.510669125460048,-1.510669125460048,-1.510669125460048,-1.510669125460048,-1.510669125460048,-1.510669125460048,-1.510669125460048,-1.510669125460048,-1.510669125460048
2015-10-28,-1.1878869640764684,-1.1878869640764684,-1.1878869640764684,-1.1878869640764684,-1.1878869640764684,-1.1878869640764684,-1.1878869640764684,-1.1878869640764684,-1.1878869640764684,-1.1878869640764684,-1.1878869640764684,-1.1878869640764684,-1.1878869640764684,-1.1878869640764684,-1.1878869640764684
2015-10-29,-1.0273061481573569,-1.0273061481573569,-1.0273061481573569,-1.0273061481573569,-1.0273061481573569,-1.0273061481573569,-1.0273061481573569,-1.0273061481573569,-1.0273061481573569,-1.0273061481573569,-1.0273061481573569,-1.0273061481573569,-1.0273061481573569,-1.0273061481573569,-1.0273061481573569
2015-10-30,-1.0623674280693647,-1.0623674280693647,-1.0623674280693647,-1.0623674280693647,-1.0623674280693647,-1.0623674280693647,-1.0623674280693647,-1.0623674280693647,-1.0623674280693647,-1.0623674280693647,-1.0623674280693647,-1.0623674280693647,-1.0623674280693647,-1.0623674280693647,-1.0623674280693647
2015-10-31,-1.1694614841566346,-1.1694614841566346,-1.1694614841566346,-1.1694614841566346,-1.1694614841566346,-1.1694614841566346,-1.1694614841566346,-1.1694614841566346,-1.1694614841566346,-1.1694614841566346,-1.1694614841566346,-1.1694614841566346,-1.1694614841566346,-1.1694614841566346,-1.1694614841566346
2015-11-01,-1.1306037906869624,-1.1306037906869624,-1.1306037906869624,-1.1306037906869624,-1.1306037906869624,-1.1306037906869624,-1.1306037906869624,-1.1306037906869624,-1.1306037906869624,-1.1306037906869624,-1.1306037906869624,-1.1306037906869624,-1.1306037906869624,-1.1306037906869624,-1.1306037906869624
2015-11-02,-0.9549754814116457,-0.9549754814116457,-0.9549754814116457,-0.9549754814116457,-0.9549754814116457,-0.9549754814116457,-0.9549754814116457,-0.9549754814116457,-0.9549754814116457,-0.9549754814116457,-0.9549754814116457,-0.9549754814116457,-0.9549754814116457,-0.9549754814116457,-0.9549754814116457
2015-11-03,-0.9617334441231219,-0.9617334441231219,-0.9617334441231219,-0.9617334441231219,-0.9617334441231219,-0.9617334441231219,-0.9617334441231219,-0.9617334441231219,-0.9617334441231219,-0.9617334441231219,-0.9617334441231219,-0.9617334441231219,-0.9617334441231219,-0.9617334441231219,-0.9617334441231219
2015-11-04,-1.1619235417007856,-1.1619235417007856,-1.1619235417007856,-1.1619235417007856,-1.1619235417007856,-1.1619235417007856,-1.1619235417007856,-1.1619235417007856,-1.1619235417007856,-1.1619235417007856,-1.1619235417007856,-1.1619235417007856,-1.1619235417007856,-1.1619235417007856,-1.1619235417007856
2015-11-05,-1.0266202815583216,-1.0266202815583216,-1.0266202815583216,-1.0266202815583216,-1.0266202815583216,-1.0266202815583216,-1.0266202815583216,-1.0266202815583216,-1.0266202815583216,-1.0266202815583216,-1.0266202815583216,-1.0266202815583216,-1.0266202815583216,-1.0266202815583216,-1.0266202815583216
2015-11-06,-1.022634297087286,-1.022634297087286,-1.022634297087286,-1.022634297087286,-1.022634297087286,-1.022634297087286,-1.022634297087286,-1.022634297087286,-1.022634297087286,-1.022634297087286,-1.022634297087286,-1.022634297087286,-1.022634297087286,-1.022634297087286,-1.022634297087286
2015-11-07,-1.0167460572507532,-1.0167460572507532,-1.0167460572507532,-1.0167460572507532,-1.0167460572507532,-1.0167460572507532,-1.0167460572507532,-1.0167460572507532,-1.0167460572507532,-1.0167460572507532,-1.0167460572507532,-1.0167460572507532,-1.0167460572507532,-1.0167460572507532,-1.0167460572507532
2015-11-08,-1.0020337766411034,-1.0020337766411034,-1.0020337766411034,-1.0020337766411034,-1.0020337766411034,-1.0020337766411034,-1.0020337766411034,-1.0020337766411034,-1.0020337766411034,-1.0020337766411034,-1.0020337766411034,-1.0020337766411034,-1.0020337766411034,-1.0020337766411034,-1.0020337766411034
2015-11-09,-0.9264995856085433,-0.9264995856085433,-0.9264995856085433,-0.9264995856085433,-0.9264995856085433,-0.9264995856085433,-0.9264995856085433,-0.9264995856085433,-0.9264995856085433,-0.9264995856085433,-0.9264995856085433,-0.9264995856085433,-0.9264995856085433,-0.9264995856085433,-0.9264995856085433
2015-11-10,-0.8625598796327847,-0.8625598796327847,-0.8625598796327847,-0.8625598796327847,-0.8625598796327847,-0.8625598796327847,-0.8625598796327847,-0.8625598796327847,-0.8625598796327847,-0.8625598796327847,-0.8625598796327847,-0.8625598796327847,-0.8625598796327847,-0.8625598796327847,-0.8625598796327847
2015-11-11,-0.8924413328869343,-0.8924413328869343,-0.8924413328869343,-0.8924413328869343,-0.8924413328869343,-0.8924413328869343,-0.8924413328869343,-0.8924413328869343,-0.8924413328869343,-0.8924413328869343,-0.8924413328869343,-0.8924413328869343,-0.8924413328869343,-0.8924413328869343,-0.8924413328869343
2015-11-12,-0.7217071391282526,-0.7217071391282526,-0.7217071391282526,-0.7217071391282526,-0.7217071391282526,-0.7217071391282526,-0.7217071391282526,-0.7217071391282526,-0.7217071391282526,-0.7217071391282526,-0.7217071391282526,-0.7217071391282526,-0.7217071391282526,-0.7217071391282526,-0.7217071391282526
2015-11-13,-0.8667257931969842,-0.8667257931969842,-0.8667257931969842,-0.8667257931969842,-0.8667257931969842,-0.8667257931969842,-0.8667257931969842,-0.8667257931969842,-0.8667257931969842,-0.8667257931969842,-0.8667257931969842,-0.8667257931969842,-0.8667257931969842,-0.8667257931969842,-0.8667257931969842
2015-11-14,-0.7693238082550542,-0.7693238082550542,-0.7693238082550542,-0.7693238082550542,-0.7693238082550542,-0.7693238082550542,-0.7693238082550542,-0.7693238082550542,-0.7693238082550542,-0.7693238082550542,-0.7693238082550542,-0.7693238082550542,-0.7693238082550542,-0.7693238082550542,-0.7693238082550542
2015-11-15,-0.7678809003143046,-0.7678809003143046,-0.7678809003143046,-0.7678809003143046,-0.7678809003143046,-0.7678809003143046,-0.7678809003143046,-0.7678809003143046,-0.7678809003143046,-0.7678809003143046,-0.7678809003143046,-0.7678809003143046,-0.7678809003143046,-0.7678809003143046,-0.7678809003143046
2015-11-16,-0.8923023236263729,-0.8923023236263729,-0.8923023236263729,-0.8923023236263729,-0.8923023236263729,-0.8923023236263729,-0.8923023236263729,-0.8923023236263729,-0.8923023236263729,-0.8923023236263729,-0.8923023236263729,-0.8923023236263729,-0.8923023236263729,-0.8923023236263729,-0.8923023236263729
2015-11-17,-0.8801818124892394,-0.8801818124892394,-0.8801818124892394,-0.8801818124892394,-0.8801818124892394,-0.8801818124892394,-0.8801818124892394,-0.8801818124892394,-0.8801818124892394,-0.8801818124892394,-0.8801818124892394,-0.8801818124892394,-0.8801818124892394,-0.8801818124892394,-0.8801818124892394
2015-11-18,-0.8978212113624601,-0.8978212113624601,-0.8978212113624601,-0.8978212113624601,-0.8978212113624601,-0.8978212113624601,-0.8978212113624601,-0.8978212113624601,-0.8978212113624601,-0.8978212113624601,-0.8978212113624601,-0.8978212113624601,-0.8978212113624601,-0.8978212113624601,-0.8978212113624601
2015-11-19,-0.9675958673512222,-0.9675958673512222,-0.9675958673512222,-0.9675958673512222,-0.9675958673512222,-0.9675958673512222,-0.9675958673512222,-0.9675958673512222,-0.9675958673512222,-0.9675958673512222,-0.9675958673512222,-0.9675958673512222,-0.9675958673512222,-0.9675958673512222,-0.9675958673512222
2015-11-20,-0.9488898653347037,-0.9488898653347037,-0.9488898653347037,-0.9488898653347037,-0.9488898653347037,-0.9488898653347037,-0.9488898653347037,-0.9488898653347037,-0.9488898653347037,-0.9488898653347037,-0.9488898653347037,-0.9488898653347037,-0.9488898653347037,-0.9488898653347037,-0.9488898653347037
2015-11-21,-0.7435828435678031,-0.7435828435678031,-0.7435828435678031,-0.7435828435678031,-0.7435828435678031,-0.7435828435678031,-0.7435828435678031,-0.7435828435678031,-0.7435828435678031,-0.7435828435678031,-0.7435828435678031,-0.7435828435678031,-0.7435828435678031,-0.7435828435678031,-0.7435828435678031
2015-11-22,-0.6483017997399809,-0.6483017997399809,-0.6483017997399809,-0.6483017997399809,-0.6483017997399809,-0.6483017997399809,-0.6483017997399809,-0.6483017997399809,-0.6483017997399809,-0.6483017997399809,-0.6483017997399809,-0.6483017997399809,-0.6483017997399809,-0.6483017997399809,-0.6483017997399809
2015-11-23,-0.609882125115736,-0.609882125115736,-0.609882125115736,-0.609882125115736,-0.609882125115736,-0.609882125115736,-0.609882125115736,-0.609882125115736,-0.609882125115736,-0.609882125115736,-0.609882125115736,-0.609882125115736,-0.609882125115736,-0.609882125115736,-0.609882125115736
2015-11-24,-0.8363732479646646,-0.8363732479646646,-0.8363732479646646,-0.8363732479646646,-0.8363732479646646,-0.8363732479646646,-0.8363732479646646,-0.8363732479646646,-0.8363732479646646,-0.8363732479646646,-0.8363732479646646,-0.8363732479646646,-0.8363732479646646,-0.8363732479646646,-0.8363732479646646
2015-11-25,-0.6884640480820604,-0.6884640480820604,-0.6884640480820604,-0.6884640480820604,-0.6884640480820604,-0.6884640480820604,-0.6884640480820604,-0.6884640480820604,-0.6884640480820604,-0.6884640480820604,-0.6884640480820604,-0.6884640480820604,-0.6884640480820604,-0.6884640480820604,-0.6884640480820604
2015-11-26,-0.5768009914709834,-0.5768009914709834,-0.5768009914709834,-0.5768009914709834,-0.5768009914709834,-0.5768009914709834,-0.5768009914709834,-0.5768009914709834,-0.5768009914709834,-0.5768009914709834,-0.5768009914709834,-0.5768009914709834,-0.5768009914709834,-0.5768009914709834,-0.5768009914709834
2015-11-27,-0.7455779637835523,-0.7455779637835523,-0.7455779637835523,-0.7455779637835523,-0.7455779637835523,-0.7455779637835523,-0.7455779637835523,-0.7455779637835523,-0.7455779637835523,-0.7455779637835523,-0.7455779637835523,-0.7455779637835523,-0.7455779637835523,-0.7455779637835523,-0.7455779637835523
2015-11-28,-0.9250738245014379,-0.9250738245014379,-0.9250738245014379,-0.9250738245014379,-0.9250738245014379,-0.9250738245014379,-0.9250738245014379,-0.9250738245014379,-0.9250738245014379,-0.9250738245014379,-0.9250738245014379,-0.9250738245014379,-0.9250738245014379,-0.9250738245014379,-0.9250738245014379
2015-11-29,-0.8057548475455911,-0.8057548475455911,-0.8057548475455911,-0.8057548475455911,-0.8057548475455911,-0.8057548475455911,-0.8057548475455911,-0.8057548475455911,-0.8057548475455911,-0.8057548475455911,-0.8057548475455911,-0.8057548475455911,-0.8057548475455911,-0.8057548475455911,-0.8057548475455911
2015-11-30,-0.3779479867629348,-0.3779479867629348,-0.3779479867629348,-0.3779479867629348,-0.3779479867629348,-0.3779479867629348,-0.3779479867629348,-0.3779479867629348,-0.3779479867629348,-0.3779479867629348,-0.3779479867629348,-0.3779479867629348,-0.3779479867629348,-0.3779479867629348,-0.3779479867629348
2015-12-01,-0.2672855716879954,-0.2672855716879954,-0.2672855716879954,-0.2672855716879954,-0.2672855716879954,-0.2672855716879954,-0.2672855716879954,-0.2672855716879954,-0.2672855716879954,-0.2672855716879954,-0.2672855716879954,-0.2672855716879954,-0.2672855716879954,-0.2672855716879954,-0.2672855716879954
2015-12-02,-0.31127686024403395,-0.31127686024403395,-0.31127686024403395,-0.31127686024403395,-0.31127686024403395,-0.31127686024403395,-0.31127686024403395,-0.31127686024403395,-0.31127686024403395,-0.31127686024403395,-0.31127686024403395,-0.31127686024403395,-0.31127686024403395,-0.31127686024403395,-0.31127686024403395
2015-12-03,-0.1485678820027694,-0.1485678820027694,-0.1485678820027694,-0.1485678820027694,-0.1485678820027694,-0.1485678820027694,-0.1485678820027694,-0.1485678820027694,-0.1485678820027694,-0.1485678820027694,-0.1485678820027694,-0.1485678820027694,-0.1485678820027694,-0.1485678820027694,-0.1485678820027694
2015-12-04,-0.2134346187656124,-0.2134346187656124,-0.2134346187656124,-0.2134346187656124,-0.2134346187656124,-0.2134346187656124,-0.2134346187656124,-0.2134346187656124,-0.2134346187656124,-0.2134346187656124,-0.2134346187656124,-0.2134346187656124,-0.2134346187656124,-0.2134346187656124,-0.2134346187656124
2015-12-05,-0.33670818653668527,-0.33670818653668527,-0.33670818653668527,-0.33670818653668527,-0.33670818653668527,-0.33670818653668527,-0.33670818653668527,-0.33670818653668527,-0.33670818653668527,-0.33670818653668527,-0.33670818653668527,-0.33670818653668527,-0.33670818653668527,-0.33670818653668527,-0.33670818653668527
2015-12-06,-0.5274744180524374,-0.5274744180524374,-0.5274744180524374,-0.5274744180524374,-0.5274744180524374,-0.5274744180524374,-0.5274744180524374,-0.5274744180524374,-0.5274744180524374,-0.5274744180524374,-0.5274744180524374,-0.5274744180524374,-0.5274744180524374,-0.5274744180524374,-0.5274744180524374
2015-12-07,-0.5874479905563743,-0.5874479905563743,-0.5874479905563743,-0.5874479905563743,-0.5874479905563743,-0.5874479905563743,-0.5874479905563743,-0.5874479905563743,-0.5874479905563743,-0.5874479905563743,-0.5874479905563743,-0.5874479905563743,-0.5874479905563743,-0.5874479905563743,-0.5874479905563743
2015-12-08,-0.7452101103947427,-0.7452101103947427,-0.7452101103947427,-0.7452101103947427,-0.7452101103947427,-0.7452101103947427,-0.7452101103947427,-0.7452101103947427,-0.7452101103947427,-0.7452101103947427,-0.7452101103947427,-0.7452101103947427,-0.7452101103947427,-0.7452101103947427,-0.7452101103947427
2015-12-09,-0.6584532176675111,-0.6584532176675111,-0.6584532176675111,-0.6584532176675111,-0.6584532176675111,-0.6584532176675111,-0.6584532176675111,-0.6584532176675111,-0.6584532176675111,-0.6584532176675111,-0.6584532176675111,-0.6584532176675111,-0.6584532176675111,-0.6584532176675111,-0.6584532176675111
2015-12-10,-0.40774648537706754,-0.40774648537706754,-0.40774648537706754,-0.40774648537706754,-0.40774648537706754,-0.40774648537706754,-0.40774648537706754,-0.40774648537706754,-0.40774648537706754,-0.40774648537706754,-0.40774648537706754,-0.40774648537706754,-0.40774648537706754,-0.40774648537706754,-0.40774648537706754
2015-12-11,-0.40428668021000447,-0.40428668021000447,-0.40428668021000447,-0.40428668021000447,-0.40428668021000447,-0.40428668021000447,-0.40428668021000447,-0.40428668021000447,-0.40428668021000447,-0.40428668021000447,-0.40428668021000447,-0.40428668021000447,-0.40428668021000447,-0.40428668021000447,-0.40428668021000447
2015-12-12,-0.507418431864097,-0.507418431864097,-0.507418431864097,-0.507418431864097,-0.507418431864097,-0.507418431864097,-0.507418431864097,-0.507418431864097,-0.507418431864097,-0.507418431864097,-0.507418431864097,-0.507418431864097,-0.507418431864097,-0.507418431864097,-0.507418431864097
2015-12-13,-0.8191893611643206,-0.8191893611643206,-0.8191893611643206,-0.8191893611643206,-0.8191893611643206,-0.8191893611643206,-0.8191893611643206,-0.8191893611643206,-0.8191893611643206,-0.8191893611643206,-0.8191893611643206,-0.8191893611643206,-0.8191893611643206,-0.8191893611643206,-0.8191893611643206
2015-12-14,-0.7707926750473775,-0.7707926750473775,-0.7707926750473775,-0.7707926750473775,-0.7707926750473775,-0.7707926750473775,-0.7707926750473775,-0.7707926750473775,-0.7707926750473775,-0.7707926750473775,-0.7707926750473775,-0.7707926750473775,-0.7707926750473775,-0.7707926750473775,-0.7707926750473775
2015-12-15,-0.7134252690664911,-0.7134252690664911,-0.7134252690664911,-0.7134252690664911,-0.7134252690664911,-0.7134252690664911,-0.7134252690664911,-0.7134252690664911,-0.7134252690664911,-0.7134252690664911,-0.7134252690664911,-0.7134252690664911,-0.7134252690664911,-0.7134252690664911,-0.7134252690664911
2015-12-16,-0.42008262829164295,-0.42008262829164295,-0.42008262829164295,-0.42008262829164295,-0.42008262829164295,-0.42008262829164295,-0.42008262829164295,-0.42008262829164295,-0.42008262829164295,-0.42008262829164295,-0.42008262829164295,-0.42008262829164295,-0.42008262829164295,-0.42008262829164295,-0.42008262829164295
2015-12-17,-0.04843332339586903,-0.04843332339586903,-0.04843332339586903,-0.04843332339586903,-0.04843332339586903,-0.04843332339586903,-0.04843332339586903,-0.04843332339586903,-0.04843332339586903,-0.04843332339586903,-0.04843332339586903,-0.04843332339586903,-0.04843332339586903,-0.04843332339586903,-0.04843332339586903
2015-12-18,-0.08521441932146291,-0.08521441932146291,-0.08521441932146291,-0.08521441932146291,-0.08521441932146291,-0.08521441932146291,-0.08521441932146291,-0.08521441932146291,-0.08521441932146291,-0.08521441932146291,-0.08521441932146291,-0.08521441932146291,-0.08521441932146291,-0.08521441932146291,-0.08521441932146291
2015-12-19,0.385701803423108,0.385701803423108,0.385701803423108,0.385701803423108,0.385701803423108,0.385701803423108,0.385701803423108,0.385701803423108,0.385701803423108,0.385701803423108,0.385701803423108,0.385701803423108,0.385701803423108,0.385701803423108,0.385701803423108
2015-12-20,0.3375256322924445,0.3375256322924445,0.3375256322924445,0.3375256322924445,0.3375256322924445,0.3375256322924445,0.3375256322924445,0.3375256322924445,0.3375256322924445,0.3375256322924445,0.3375256322924445,0.3375256322924445,0.3375256322924445,0.3375256322924445,0.3375256322924445
2015-12-21,0.48400947271217176,0.48400947271217176,0.48400947271217176,0.48400947271217176,0.48400947271217176,0.48400947271217176,0.48400947271217176,0.48400947271217176,0.48400947271217176,0.48400947271217176,0.48400947271217176,0.48400947271217176,0.48400947271217176,0.48400947271217176,0.48400947271217176
2015-12-22,0.9384977798040646,0.9384977798040646,0.9384977798040646,0.9384977798040646,0.9384977798040646,0.9384977798040646,0.9384977798040646,0.9384977798040646,0.9384977798040646,0.9384977798040646,0.9384977798040646,0.9384977798040646,0.9384977798040646,0.9384977798040646,0.9384977798040646
2015-12-23,1.710819566056656,1.710819566056656,1.710819566056656,1.710819566056656,1.710819566056656,1.710819566056656,1.710819566056656,1.710819566056656,1.710819566056656,1.710819566056656,1.710819566056656,1.710819566056656,1.710819566056656,1.710819566056656,1.710819566056656
2015-12-24,2.3131929005569702,2.3131929005569702,2.3131929005569702,2.3131929005569702,2.3131929005569702,2.3131929005569702,2.3131929005569702,2.3131929005569702,2.3131929005569702,2.3131929005569702,2.3131929005569702,2.3131929005569702,2.3131929005569702,2.3131929005569702,2.3131929005569702
2015-12-25,2.1139070837966,2.1139070837966,2.1139070837966,2.1139070837966,2.1139070837966,2.1139070837966,2.1139070837966,2.1139070837966,2.1139070837966,2.1139070837966,2.1139070837966,2.1139070837966,2.1139070837966,2.1139070837966,2.1139070837966
2015-12-26,2.073315616700808,2.073315616700808,2.073315616700808,2.073315616700808,2.073315616700808,2.073315616700808,2.073315616700808,2.073315616700808,2.073315616700808,2.073315616700808,2.073315616700808,2.073315616700808,2.073315616700808,2.073315616700808,2.073315616700808
2015-12-27,2.0894470709522572,2.0894470709522572,2.0894470709522572,2.0894470709522572,2.0894470709522572,2.0894470709522572,2.0894470709522572,2.0894470709522572,2.0894470709522572,2.0894470709522572,2.0894470709522572,2.0894470709522572,2.0894470709522572,2.0894470709522572,2.0894470709522572
2015-12-28,2.437161548647765,2.437161548647765,2.437161548647765,2.437161548647765,2.437161548647765,2.437161548647765,2.437161548647765,2.437161548647765,2.437161548647765,2.437161548647765,2.437161548647765,2.437161548647765,2.437161548647765,2.437161548647765,2.437161548647765
2015-12-29,2.4363321255929336,2.4363321255929336,2.4363321255929336,2.4363321255929336,2.4363321255929336,2.4363321255929336,2.4363321255929336,2.4363321255929336,2.4363321255929336,2.4363321255929336,2.4363321255929336,2.4363321255929336,2.4363321255929336,2.4363321255929336,2.4363321255929336
2015-12-30,2.3416066808184244,2.3416066808184244,2.3416066808184244,2.3416066808184244,2.3416066808184244,2.3416066808184244,2.3416066808184244,2.3416066808184244,2.3416066808184244,2.3416066808184244,2.3416066808184244,2.3416066808184244,2.3416066808184244,2.3416066808184244,2.3416066808184244
2015-12-31,2.1961118929960364,2.1961118929960364,2.1961118929960364,2.1961118929960364,2.1961118929960364,2.1961118929960364,2.1961118929960364,2.1961118929960364,2.1961118929960364,2.1961118929960364,2.1961118929960364,2.1961118929960364,2.1961118929960364,2.1961118929960364,2.1961118929960364
2016-01-01,2.2624969779781496,2.2624969779781496,2.2624969779781496,2.2624969779781496,2.2624969779781496,2.2624969779781496,2.2624969779781496,2.2624969779781496,2.2624969779781496,2.2624969779781496,2.2624969779781496,2.2624969779781496,2.2624969779781496,2.2624969779781496,2.2624969779781496
2016-01-02,2.243900313575032,2.243900313575032,2.243900313575032,2.243900313575032,2.243900313575032,2.243900313575032,2.243900313575032,2.243900313575032,2.243900313575032,2.243900313575032,2.243900313575032,2.243900313575032,2.243900313575032,2.243900313575032,2.243900313575032
2016-01-03,2.0023577510955586,2.0023577510955586,2.0023577510955586,2.0023577510955586,2.0023577510955586,2.0023577510955586,2.0023577510955586,2.0023577510955586,2.0023577510955586,2.0023577510955586,2.0023577510955586,2.0023577510955586,2.0023577510955586,2.0023577510955586,2.0023577510955586
2016-01-04,1.978157518210391,1.978157518210391,1.978157518210391,1.978157518210391,1.978157518210391,1.978157518210391,1.978157518210391,1.978157518210391,1.978157518210391,1.978157518210391,1.978157518210391,1.978157518210391,1.978157518210391,1.978157518210391,1.978157518210391
2016-01-05,2.1805003618160423,2.1805003618160423,2.1805003618160423,2.1805003618160423,2.1805003618160423,2.1805003618160423,2.1805003618160423,2.1805003618160423,2.1805003618160423,2.1805003618160423,2.1805003618160423,2.1805003618160423,2.1805003618160423,2.1805003618160423,2.1805003618160423
2016-01-06,1.9072090518568452,1.9072090518568452,1.9072090518568452,1.9072090518568452,1.9072090518568452,1.9072090518568452,1.9072090518568452,1.9072090518568452,1.9072090518568452,1.9072090518568452,1.9072090518568452,1.9072090518568452,1.9072090518568452,1.9072090518568452,1.9072090518568452
2016-01-07,1.8013766441453973,1.8013766441453973,1.8013766441453973,1.8013766441453973,1.8013766441453973,1.8013766441453973,1.8013766441453973,1.8013766441453973,1.8013766441453973,1.8013766441453973,1.8013766441453973,1.8013766441453973,1.8013766441453973,1.8013766441453973,1.8013766441453973
2016-01-08,1.4886426946211397,1.4886426946211397,1.4886426946211397,1.4886426946211397,1.4886426946211397,1.4886426946211397,1.4886426946211397,1.4886426946211397,1.4886426946211397,1.4886426946211397,1.4886426946211397,1.4886426946211397,1.4886426946211397,1.4886426946211397,1.4886426946211397
2016-01-09,0.9280325572784517,0.9280325572784517,0.9280325572784517,0.9280325572784517,0.9280325572784517,0.9280325572784517,0.9280325572784517,0.9280325572784517,0.9280325572784517,0.9280325572784517,0.9280325572784517,0.9280325572784517,0.9280325572784517,0.9280325572784517,0.9280325572784517
2016-01-10,0.8793336556851596,0.8793336556851596,0.8793336556851596,0.8793336556851596,0.8793336556851596,0.8793336556851596,0.8793336556851596,0.8793336556851596,0.8793336556851596,0.8793336556851596,0.8793336556851596,0.8793336556851596,0.8793336556851596,0.8793336556851596,0.8793336556851596
2016-01-11,0.3590846267882687,0.3590846267882687,0.3590846267882687,0.3590846267882687,0.3590846267882687,0.3590846267882687,0.3590846267882687,0.3590846267882687,0.3590846267882687,0.3590846267882687,0.3590846267882687,0.3590846267882687,0.3590846267882687,0.3590846267882687,0.3590846267882687
2016-01-12,-0.2412476820669221,-0.2412476820669221,-0.2412476820669221,-0.2412476820669221,-0.2412476820669221,-0.2412476820669221,-0.2412476820669221,-0.2412476820669221,-0.2412476820669221,-0.2412476820669221,-0.2412476820669221,-0.2412476820669221,-0.2412476820669221,-0.2412476820669221,-0.2412476820669221
2016-01-13,-0.9724240382676139,-0.9724240382676139,-0.9724240382676139,-0.9724240382676139,-0.9724240382676139,-0.9724240382676139,-0.9724240382676139,-0.9724240382676139,-0.9724240382676139,-0.9724240382676139,-0.9724240382676139,-0.9724240382676139,-0.9724240382676139,-0.9724240382676139,-0.9724240382676139
2016-01-14,-1.1402385115999107,-1.1402385115999107,-1.1402385115999107,-1.1402385115999107,-1.1402385115999107,-1.1402385115999107,-1.1402385115999107,-1.1402385115999107,-1.1402385115999107,-1.1402385115999107,-1.1402385115999107,-1.1402385115999107,-1.1402385115999107,-1.1402385115999107,-1.1402385115999107
2016-01-15,-0.9997282823128463,-0.9997282823128463,-0.9997282823128463,-0.9997282823128463,-0.9997282823128463,-0.9997282823128463,-0.9997282823128463,-0.9997282823128463,-0.9997282823128463,-0.9997282823128463,-0.9997282823128463,-0.9997282823128463,-0.9997282823128463,-0.9997282823128463,-0.9997282823128463
2016-01-16,-0.843065268332113,-0.843065268332113,-0.843065268332113,-0.843065268332113,-0.843065268332113,-0.843065268332113,-0.843065268332113,-0.843065268332113,-0.843065268332113,-0.843065268332113,-0.843065268332113,-0.843065268332113,-0.843065268332113,-0.843065268332113,-0.843065268332113
2016-01-17,-0.7806064510496522,-0.7806064510496522,-0.7806064510496522,-0.7806064510496522,-0.7806064510496522,-0.7806064510496522,-0.7806064510496522,-0.7806064510496522,-0.7806064510496522,-0.7806064510496522,-0.7806064510496522,-0.7806064510496522,-0.7806064510496522,-0.7806064510496522,-0.7806064510496522
2016-01-18,-0.6513016581562985,-0.6513016581562985,-0.6513016581562985,-0.6513016581562985,-0.6513016581562985,-0.6513016581562985,-0.6513016581562985,-0.6513016581562985,-0.6513016581562985,-0.6513016581562985,-0.6513016581562985,-0.6513016581562985,-0.6513016581562985,-0.6513016581562985,-0.6513016581562985
2016-01-19,-0.6657655412870439,-0.6657655412870439,-0.6657655412870439,-0.6657655412870439,-0.6657655412870439,-0.6657655412870439,-0.6657655412870439,-0.6657655412870439,-0.6657655412870439,-0.6657655412870439,-0.6657655412870439,-0.6657655412870439,-0.6657655412870439,-0.6657655412870439,-0.6657655412870439
2016-01-20,-0.6295259026952399,-0.6295259026952399,-0.6295259026952399,-0.6295259026952399,-0.6295259026952399,-0.6295259026952399,-0.6295259026952399,-0.6295259026952399,-0.6295259026952399,-0.6295259026952399,-0.6295259026952399,-0.6295259026952399,-0.6295259026952399,-0.6295259026952399,-0.6295259026952399
2016-01-21,-0.7046642300885612,-0.7046642300885612,-0.7046642300885612,-0.7046642300885612,-0.7046642300885612,-0.7046642300885612,-0.7046642300885612,-0.7046642300885612,-0.7046642300885612,-0.7046642300885612,-0.7046642300885612,-0.7046642300885612,-0.7046642300885612,-0.7046642300885612,-0.7046642300885612
2016-01-22,-0.32852738512649254,-0.32852738512649254,-0.32852738512649254,-0.32852738512649254,-0.32852738512649254,-0.32852738512649254,-0.32852738512649254,-0.32852738512649254,-0.32852738512649254,-0.32852738512649254,-0.32852738512649254,-0.32852738512649254,-0.32852738512649254,-0.32852738512649254,-0.32852738512649254
2016-01-23,-0.08224397930756962,-0.08224397930756962,-0.08224397930756962,-0.08224397930756962,-0.08224397930756962,-0.08224397930756962,-0.08224397930756962,-0.08224397930756962,-0.08224397930756962,-0.08224397930756962,-0.08224397930756962,-0.08224397930756962,-0.08224397930756962,-0.08224397930756962,-0.08224397930756962
2016-01-24,-0.20985991633995082,-0.20985991633995082,-0.20985991633995082,-0.20985991633995082,-0.20985991633995082,-0.20985991633995082,-0.20985991633995082,-0.20985991633995082,-0.20985991633995082,-0.20985991633995082,-0.20985991633995082,-0.20985991633995082,-0.20985991633995082,-0.20985991633995082,-0.20985991633995082
2016-01-25,-0.6331904589374959,-0.6331904589374959,-0.6331904589374959,-0.6331904589374959,-0.6331904589374959,-0.6331904589374959,-0.6331904589374959,-0.6331904589374959,-0.6331904589374959,-0.6331904589374959,-0.6331904589374959,-0.6331904589374959,-0.6331904589374959,-0.6331904589374959,-0.6331904589374959
2016-01-26,-0.9198165627084434,-0.9198165627084434,-0.9198165627084434,-0.9198165627084434,-0.9198165627084434,-0.9198165627084434,-0.9198165627084434,-0.9198165627084434,-0.9198165627084434,-0.9198165627084434,-0.9198165627084434,-0.9198165627084434,-0.9198165627084434,-0.9198165627084434,-0.9198165627084434
2016-01-27,-0.7612036913496901,-0.7612036913496901,-0.7612036913496901,-0.7612036913496901,-0.7612036913496901,-0.7612036913496901,-0.7612036913496901,-0.7612036913496901,-0.7612036913496901,-0.7612036913496901,-0.7612036913496901,-0.7612036913496901,-0.7612036913496901,-0.7612036913496901,-0.7612036913496901
2016-01-28,-0.5507590191467754,-0.5507590191467754,-0.5507590191467754,-0.5507590191467754,-0.5507590191467754,-0.5507590191467754,-0.5507590191467754,-0.5507590191467754,-0.5507590191467754,-0.5507590191467754,-0.5507590191467754,-0.5507590191467754,-0.5507590191467754,-0.5507590191467754,-0.5507590191467754
2016-01-29,-0.3603436622727118,-0.3603436622727118,-0.3603436622727118,-0.3603436622727118,-0.3603436622727118,-0.3603436622727118,-0.3603436622727118,-0.3603436622727118,-0.3603436622727118,-0.3603436622727118,-0.3603436622727118,-0.3603436622727118,-0.3603436622727118,-0.3603436622727118,-0.3603436622727118
2016-01-30,-0.4148891714349333,-0.4148891714349333,-0.4148891714349333,-0.4148891714349333,-0.4148891714349333,-0.4148891714349333,-0.4148891714349333,-0.4148891714349333,-0.4148891714349333,-0.4148891714349333,-0.4148891714349333,-0.4148891714349333,-0.4148891714349333,-0.4148891714349333,-0.4148891714349333
2016-01-31,-0.5774463895051475,-0.5774463895051475,-0.5774463895051475,-0.5774463895051475,-0.5774463895051475,-0.5774463895051475,-0.5774463895051475,-0.5774463895051475,-0.5774463895051475,-0.5774463895051475,-0.5774463895051475,-0.5774463895051475,-0.5774463895051475,-0.5774463895051475,-0.5774463895051475
2016-02-01,-0.5763026372153864,-0.5763026372153864,-0.5763026372153864,-0.5763026372153864,-0.5763026372153864,-0.5763026372153864,-0.5763026372153864,-0.5763026372153864,-0.5763026372153864,-0.5763026372153864,-0.5763026372153864,-0.5763026372153864,-0.5763026372153864,-0.5763026372153864,-0.5763026372153864
2016-02-02,-0.639561175104191,-0.639561175104191,-0.639561175104191,-0.639561175104191,-0.639561175104191,-0.639561175104191,-0.639561175104191,-0.639561175104191,-0.639561175104191,-0.639561175104191,-0.639561175104191,-0.639561175104191,-0.639561175104191,-0.639561175104191,-0.639561175104191
2016-02-03,-0.6040878651865205,-0.6040878651865205,-0.6040878651865205,-0.6040878651865205,-0.6040878651865205,-0.6040878651865205,-0.6040878651865205,-0.6040878651865205,-0.6040878651865205,-0.6040878651865205,-0.6040878651865205,-0.6040878651865205,-0.6040878651865205,-0.6040878651865205,-0.6040878651865205
2016-02-04,-0.6811663704852484,-0.6811663704852484,-0.6811663704852484,-0.6811663704852484,-0.6811663704852484,-0.6811663704852484,-0.6811663704852484,-0.6811663704852484,-0.6811663704852484,-0.6811663704852484,-0.6811663704852484,-0.6811663704852484,-0.6811663704852484,-0.6811663704852484,-0.6811663704852484
2016-02-05,-0.7296102032485975,-0.700996276936369,-0.6969077966021491,-0.7441551114137923,-0.7849079441964583,-0.7662210215107189,-0.7572205901670189,-0.7360666338279107,-0.708141803731187,-0.8057938389504805,-0.7298120185070021,-0.8263239035562324,-0.7723296460071896,-0.7870917524184919,-0.8366567019142369
2016-02-06,-0.6251968691546583,-0.6019995889851828,-0.527923780141831,-0.6672829820839948,-0.5312769543090333,-0.8477074933419517,-0.8317882389739871,-0.7592366532024695,-0.6830824286699241,-0.6648121535367593,-0.6521310838900867,-0.7185952085635162,-0.7824710997609484,-0.7980494849100588,-0.7580880989767649
2016-02-07,-0.6232267893047455,-0.7182347806394341,-0.34003290859602303,-0.6931158664572699,-0.3742418566524906,-0.8617709645061521,-0.6508224435147842,-0.7249087179243818,-0.686452581798109,-0.5836313693123728,-0.5405947602292942,-0.6078010580686616,-0.750742407701223,-0.6294251555288649,-0.7323974090961387
2016-02-08,-0.581154292187292,-0.6373235022730722,-0.13630593139053906,-0.87201107250226,-0.24649844314681693,-0.7192191141558907,-0.49566613451232727,-0.776477159196906,-0.4570190721566588,-0.589457321511399,-0.6821189961022287,-0.5215595508925154,-0.6885916769531011,-0.5342073745264261,-0.7677644093504117
2016-02-09,-0.27264890072401804,-0.2242461052621131,0.3674073548884741,-0.7076275632496466,0.038010201383312785,-0.34683671347509415,-0.0862814952295864,-0.5062933119398654,-0.12467038660909592,-0.3247809286151062,-0.15830467769290163,-0.3749669289233389,-0.26927622113876326,-0.23735020818013375,-0.2848936967365526
2016-02-10,0.045470573822268115,0.610540018724798,1.0645070692690712,-0.3389432701017384,0.5189073834529493,0.009869450092449952,-0.06653927237895577,-1.3228592683711606e-05,0.3232068379031226,0.04240076949918209,0.3883471434097482,0.2079035715232657,0.5160730777554413,0.12538499981897003,0.37352163819517664
2016-02-11,0.1325793817308618,1.018556623980184,1.1449882849662716,-0.4462755792955881,0.4803131580086137,0.01551219572392863,-0.14373437565735753,0.052480438489448604,0.5242580025113388,0.05697318217587743,0.5434796359145933,0.49014227692477297,0.7324015281924815,0.36332930860153695,0.37647134670689575
2016-02-12,0.15676034996485422,1.2581563323223481,1.309080318623418,-0.17909670576006687,0.7191131726459297,0.21644298633560138,0.01768251085532322,-0.033706575862099936,1.006250652280793,0.14789592818868424,0.7035467019768007,0.8664199093928376,1.1615518494131232,0.39346558027254663,0.9582960357528509
2016-02-13,0.44075207923754783,1.3754903109135812,1.264026292903594,0.34200857424952696,1.2459055952551867,0.395262677939189,0.31504102220719676,0.005875302536897015,1.4419490936172366,0.7940836950092421,1.1510949257970684,1.059923540850313,1.6946897275182304,0.9259105610328188,1.6118879460199973
2016-02-14,0.7889169906254818,1.3296275578878551,1.7632147721108729,0.42201937620303986,1.3770635422774142,0.5123317932120955,0.4163796391481022,0.2727661050890335,2.0011148191706285,1.1734634086967708,1.3863174544951848,1.4704172380717033,2.0648632330781727,1.4563499884626487,2.0763888504410373
2016-02-15,1.291883854478784,1.2640738555783329,1.7908010006746253,0.9082227440165558,1.3582838189928412,0.5597122127886877,0.6383086454494182,0.4003850497959438,2.5572067119837363,1.6143301209540228,1.7118672504336778,1.9150890791671786,2.1547525230853846,1.508969060772911,2.1460318878665436
2016-02-16,1.6457456787612021,1.1740890327159375,1.5801638023195526,1.283687065090281,1.6366586147206503,0.942250629176762,1.2998629547306697,0.8985540624263424,3.0389175860748217,1.9424106432144415,1.863708902133892,2.405082984437683,2.493556831752286,1.8012383539184387,2.3891438135957883
2016-02-17,1.8660296347049894,1.342125906546574,1.620393659410276,1.5213300021324232,1.9013172053060954,1.2521862544986984,1.8513498655155416,1.328141040257534,3.3014645242850946,2.3516239345781784,2.0287316903375108,2.432620049612403,2.452583116643844,2.1737654419329524,2.6656465457836305
2016-02-18,2.093670122270248,1.2978875582008478,1.5196519416227465,1.742292143297481,1.9549970906964638,1.4228677629246738,1.8396971283621215,1.0919991636007862,3.425627959257917,2.3314442433329696,2.3124012442635387,2.1998807791742823,2.127329922439511,1.9250568892652926,2.6056569751441736
2016-02-19,2.178374508912919,1.1578437992828177,1.8765699209874203,1.9707801647808925,2.081127005282141,1.4729586865319084,1.6997698722050907,0.976414603332272,3.2205003120295075,2.3520087682911663,1.8818900348503411,2.264307032866947,1.7557744967292142,1.7552121109958034,2.5327969906725643
2016-02-20,1.9494785409084632,1.1044432136574325,2.358555789027195,1.9872678227364602,2.3458123220448295,1.577337509650327,1.8933858163445496,0.9971332847247735,2.99624486331049,2.576932910819347,1.4717405710005194,2.665496605743883,1.7482755157031442,1.5817567798603336,2.4645126415307024
2016-02-21,1.8021310099240169,0.8838112329583372,2.607551193873217,1.9811105331436878,2.486136174087187,1.816235053671979,1.983891376802902,1.28773864685067,2.644699126385807,2.6514166076784766,1.3438832509545613,2.766418320300351,1.555268443177954,1.3826451096477401,2.6255203002994483
2016-02-22,1.7189694245559313,0.7736072530662539,2.3996087059594933,1.7142632648197544,2.4981364312717607,1.828235937069593,2.1026438860687207,1.7060046618506681,2.5566976610525134,2.783521777257157,1.3070083689390346,3.072080034111918,1.2045440524205762,1.5238917878594438,2.5871437197343807
2016-02-23,1.7997891450983203,0.8099542577077602,2.2339150465264686,1.4834079935267404,2.4918543025498128,1.7358321324093924,2.3505313616016164,1.6846947611390237,2.539781241179571,2.6387993416840034,1.1474189323498005,3.0764865855807635,0.681610788775439,1.7418084722365128,2.4996477790255
2016-02-24,1.617746979629194,0.692682197372347,1.9990773918750895,1.27885906953854,2.3891590860841614,1.658749809880713,2.5672832619293584,1.5494729742407132,2.319771212780099,2.506874453759377,1.1233557731129038,2.9393563064566255,0.3646063304156358,1.5188356317087042,2.5335665361948925
2016-02-25,1.6602562333395903,0.6392206386971596,1.664372494560375,1.3151871540532645,2.102940655477313,1.2045186659566047,2.4444122078928263,1.7103708555518835,2.2388586436200972,2.3195456631856275,0.9469584277773726,2.4321513349861945,0.25532869674967534,1.153916148713665,2.257490084173798
2016-02-26,1.5164173518010649,0.5510005797684344,1.2705729092397844,1.219891498169422,1.8554660933061258,0.8750861486566889,2.299097371269794,1.7906855620272457,2.5075651149107023,2.033614941361145,0.522884756666802,1.6153732112085466,0.023296062474613775,1.0115913427012098,2.0081670819099817
2016-02-27,1.3261932158630494,0.5483786018766241,1.0786249519784956,1.0867275801901162,1.5251492344281339,0.4614533014089944,1.7799520824192046,1.6515927071567178,2.7636748902535886,1.414992798138631,0.18762970117596156,1.079620799492454,-0.13553174910852794,0.8574910621830276,2.167521194195531
2016-02-28,1.2448896822758082,0.30570130353948766,0.8421894217334488,0.5842364377991304,1.2614081434895446,0.24719713783890307,1.498610227900433,1.6428612443651376,2.650157660535277,1.0161802893446708,-0.292083968641501,0.5590220523534526,-0.1162255725717074,0.5942188397918777,2.1797505491131988
2016-02-29,1.2286999569246593,0.6144490018601014,0.921645199011372,0.37709495296705825,0.5320417817374428,-0.13780544372274794,1.4373666128352829,1.5866351094244087,2.342232302256235,0.8967346607313404,-0.5259272569524697,0.032907398251987664,0.25494728363268293,-0.08504641005693747,2.1759965190036574
2016-03-01,1.0894283956110402,0.6932261345175207,0.810522201844999,0.2688532925260696,0.12418006111822297,-0.5747733682632865,1.3618544426004984,1.5788806074345567,1.9702569634020373,0.6174834599840776,-0.5954688648872858,-0.297637380941303,0.9223626590144527,-0.6428003115782788,1.9174665336545256
2016-03-02,0.9100311596510329,0.5297361575424552,0.5701095746988785,0.2265207001983871,-0.5202406184556986,-0.9493396223408962,1.2666123600302863,1.4757735406036478,2.086864232474015,0.4718454608909451,-0.9387239006874943,-0.6291357899165658,1.0465590083830234,-0.8779156462091797,1.4082280406420147
2016-03-03,0.7367733704244145,0.34426801882450137,0.4702074934073688,0.2148829343280709,-1.310806389002252,-1.0391801874033477,0.9824755825143314,1.4790771231841224,1.9977001733082456,0.19323422705119062,-0.9026638911397368,-0.8354778076023393,1.2503944276797856,-0.9223958116099694,0.9081078918193134
2016-03-04,0.5548500425529723,0.1138159775479337,0.38890914325733633,0.06808111877740489,-1.7097474628441642,-1.058856448319344,0.6453542886355638,1.2016800617625232,1.7201776300236409,0.22728977674956397,-1.0748226891518866,-0.9187871765723865,1.5932942284562033,-0.7779818090129134,0.6851382323271226
2016-03-05,0.4917516686554596,-0.27138316191960504,0.19102176675926907,-0.1348837836454837,-1.6243921382993396,-1.1133653313653036,0.5301432472959315,1.083255443356683,1.084661794783422,0.5132354012733343,-1.2318013641702765,-1.3664736783457971,1.6936346694115927,-0.8595859348340917,0.6422829303563974
2016-03-06,0.10305712745418592,-0.718328396915992,0.17961491530281232,-0.2925926271090708,-1.550335113653848,-1.177688199674078,0.4826638235297261,0.5688241048907114,0.7016269417746827,1.0952571854412798,-1.2682440904774364,-1.9409984144454813,1.6686475343230371,-0.9296385588654198,0.5350416738060011
2016-03-07,-0.050793837438892854,-0.599709006112912,0.026878268998959856,-0.3067656420502483,-1.271710041608972,-1.0915208594160593,0.744108539403863,0.06215427637321376,0.48868936979920274,1.6476963857776352,-1.3260959364810276,-2.0401567231020903,1.5065240182440738,-0.3286005751651682,0.2577354016494291
2016-03-08,-0.3543389067628699,-0.4944460005164654,-0.1161817961153507,-0.49677188949109585,-0.9724571076578379,-0.9199577163863817,0.8430143700876223,-0.6046139716810727,0.5091325771507837,1.6063514827320802,-1.401729825016511,-2.1431241134257686,1.1059086474263997,0.08705627908843377,0.007246773319243616
2016-03-09,-0.5837773333201444,-0.6912756546640709,-0.5512652287999241,-0.34393053594763784,-0.8573104442377555,-0.5436711143269047,0.6091356167576328,-0.9616867561842655,0.6100916975317031,1.6547161093908798,-1.4490921097468932,-2.035203087205163,0.832055915672703,0.4904066420858152,-0.18798607494056302
2016-03-10,-0.7124047469482839,-0.7206937324130285,-0.4212184482956748,-0.06383426294840061,-0.6459967396222914,-0.52380750964819,0.29026878837580883,-1.128652361473121,0.5080167874537133,1.6039748433097838,-1.3891180012422082,-1.7182144952504452,0.4254405894194545,0.6469529370290982,-0.4422141577893423
2016-03-11,-0.5515533252236677,-0.8261084493734131,-0.3550226424195249,0.06454401769834951,-0.3488396842690908,-0.41750067966300136,-0.0012155126692595414,-1.2018006843685765,0.5747890975522555,1.5283169256219464,-1.3475385939644728,-1.6134015697117425,0.06745555913803124,1.056259368626423,-0.7460693516369906
2016-03-12,-0.3963041681603996,-0.8903137377570145,-0.4260959216067497,0.3311628323242763,0.014429431222314687,-0.26086505272525284,-0.4581108194011999,-1.1047792899622437,0.6294972578732695,1.0042251341430373,-1.1651175737185098,-1.6574796311527344,-0.5104357205039466,1.34665264372143,-0.9593304447054698
2016-03-13,-0.4960627050879645,-1.0710662471035752,-0.6144067036698554,0.5392258464296843,0.0733204402257055,-0.266442162869288,-0.562743518832303,-1.0022681153546062,0.7182509355178172,0.7534387586391547,-0.8049674412162969,-1.5639580932522712,-0.7916468273899272,1.4113246974151763,-1.4742123435948766
2016-03-14,-0.7071852631997569,-1.2063863216591226,-0.7670697660288655,0.5886800809088746,-0.24302913241007143,-0.6346665017419932,-0.7911271601913452,-0.7810875146112513,0.7627758169556909,0.458602182362189,-0.6624701373182431,-1.5985979250043714,-0.7923826834288303,1.1421938969950318,-1.711306432820626
2016-03-15,-0.7754510336467363,-1.4738296377074038,-1.1101068666702583,0.8360129170810393,-0.36388710971482857,-0.7036307852275688,-0.4988173601932702,-0.560113481693695,0.7206692610648201,0.23774020202491497,-0.6152511484258509,-1.1125918229428295,-0.8173077461646368,1.2463995024044352,-1.99406994490912
2016-03-16,-0.6456036568366632,-1.4058845592048217,-1.1506346732362682,0.8179983745953603,-0.7389168448670873,-0.7729496497311633,0.005200929760806603,-0.45094779146778896,0.7282585363101247,0.01325453968065598,-0.507550165488764,-0.9835490991095314,-0.8297726293127017,1.2747918907748519,-2.0588375921700397
2016-03-17,-0.45031662158000746,-1.3448012976886703,-1.396624798230461,0.9076985603789964,-1.1673025551504363,-0.852552289820564,0.5026857970734873,-0.3147404993420821,0.906687418644972,-0.3201527937348375,-0.4096276371280656,-0.8124447993278999,-0.7708720444494197,0.7689572853934132,-2.079575618790312
2016-03-18,-0.08251293382837974,-1.319287500753536,-1.5460567243584395,0.6522626218891363,-1.6000192921449319,-0.6527199673028564,0.6741304130887978,-0.23017280291443756,1.059981759973144,-0.28782538165135235,-0.18735107623202002,-1.1202852952218665,-0.6962782462135854,0.3296552055559269,-2.0355959978129596
2016-03-19,0.17904711758161362,-1.5214371203379196,-1.6604270885481587,0.5048845974117364,-1.6347189973690532,-0.6308950163781459,0.314260663654481,-0.22864667554782792,0.9385636823247541,-0.40958791296445535,-0.1091628077508847,-1.2094247903375628,-0.7993871494784118,0.11572392374828873,-2.0605797190569954
2016-03-20,0.6006979257134795,-1.6728994011911098,-1.7571961841145158,0.29631000106438,-2.024380148148038,-0.443981350388063,-0.005810072814977238,-0.00893297831916351,1.0855821000611459,-0.5354561501427118,-0.29916647905925275,-1.5578116721071495,-1.1030666984880677,-0.0992537578275189,-2.0579784733060738
2016-03-21,0.9800467112902032,-2.0275997385172895,-1.8728715159480982,-0.0778651041401095,-2.0161781883949903,-0.6083122068800297,-0.5173955375840964,-0.17411302277107452,0.8425275043406063,-0.9172195122652945,-0.4667541889583141,-1.778287512481699,-1.467090372243294,-0.07597952784427804,-1.9872702359583638
2016-03-22,1.3650990486083017,-1.8813710472744085,-1.8756078274456496,-0.4792662133896868,-2.3412769373386517,-0.8702561604615698,-0.7812337432466461,-0.2182078052599844,0.7706003474515503,-1.108739122002589,-0.7829096463182719,-1.8302479075073976,-1.5481732535107477,-0.545254738286458,-1.8810829263257525
2016-03-23,1.5899509648536778,-1.2538932923585913,-2.0450570031323383,-1.110649178764213,-2.4896705309700042,-1.1488243024840632,-0.9504507573104966,0.11655690871681959,0.6165543003429895,-1.3275914489133378,-1.2751322997131538,-2.039392649967241,-1.4608275525803256,-0.704544237443099,-1.902327020188284
2016-03-24,1.7261562913340982,-0.7878831838458414,-1.7888845500533788,-1.361049551274433,-2.8433384720591532,-1.401842025293755,-1.1576329432380665,0.4650596323108128,0.4118793843542228,-1.603964222197446,-1.8499789193763574,-2.2055447268447286,-1.250886616648134,-1.017103123342115,-2.0046220500251066
2016-03-25,1.5407971896254218,-0.4554322521507909,-1.802807822960481,-1.560928138692813,-2.618072528261617,-1.5548858643572039,-1.6150646611022295,0.40544535198702636,0.3382188008861945,-1.731843712793958,-2.27229390038328,-2.4382361086875672,-0.8310573280447267,-1.1728297766451043,-2.045474282595446
2016-03-26,1.358691279438175,-0.21350454031034496,-1.6279815893856644,-1.3268062444819784,-2.498313134774297,-1.630104329487961,-1.805762618004576,0.6326675359437545,0.1636679735929225,-1.8245714482587203,-2.4305463673574392,-2.3821250182553033,-0.7290211432519089,-1.2104056023910614,-2.4728537026138455
2016-03-27,1.2207144473706253,-0.06712837700901778,-1.5331906307334084,-1.3154582270506958,-2.376164888631362,-1.512732889556559,-1.811917254511064,0.5542437406672664,-0.09523699168919729,-2.0047925213848425,-2.5349160860431095,-1.9902659823745708,-0.610329390886638,-1.3232043567356773,-2.60765557272323
2016-03-28,0.9855522308363653,0.26210120395910036,-1.4494606831810426,-1.1936835731721864,-2.094034129496604,-1.3816380141360198,-1.692389543190173,0.08349095449440987,-0.3472123500382797,-2.2874967482459225,-2.397144590680727,-1.8775819942152787,-0.6014781192368494,-1.2518553729328559,-2.4515714824899355
2016-03-29,0.3709349095251215,0.47298418440645523,-1.3945276115384255,-1.1663122854605414,-1.710887355077563,-1.0232391798860263,-1.7009934102747135,-0.1937105297487765,-0.4575216760190205,-2.5356493689853488,-2.0840715765211186,-1.9802239600375688,-0.6212257126415756,-1.297016522270347,-2.1185394287941737
2016-03-30,-0.26132422070470684,0.14369634317581997,-1.3578840223239,-1.4066158261920343,-1.7443339668933195,-0.7330985087257615,-1.8395348714952686,-0.3707488004738324,-0.5955980048205847,-2.541491767977614,-1.7518532111255343,-2.0373151165969903,-0.45771587390779866,-1.3851366571651997,-1.6011217170484935
2016-03-31,-0.7309463381750541,0.10542613541166664,-1.2593708145126514,-1.380734427999908,-1.4329011295500338,-0.7110048182923926,-1.8886363834495672,-0.45327219297915167,-0.828305295133789,-2.425983286098659,-1.7133675639156765,-1.9802119866253054,-0.8328963414256131,-1.4440351194655878,-0.8838866240430392
2016-04-01,-1.2137903765358475,0.10123749404471695,-1.3514780423035277,-1.321080767126314,-1.085620176820767,-0.5203825932536401,-1.8809578437849146,-0.4600003366487105,-1.2061751710028414,-2.1310388521961827,-1.8265593925912738,-1.9789811350915745,-0.8968531056767753,-1.5174236399346164,-0.7971721096577586
2016-04-02,-1.6283356141796044,-0.056057066703327454,-1.2976608921278185,-1.5097902608337934,-0.9651651798093429,-0.16985558913904683,-1.682768176598329,-0.6462562511905767,-1.5518641427072828,-2.001369730100142,-1.9540600247326443,-1.829720705585402,-0.800058027098945,-1.5317504260835826,-0.5300504772451567
2016-04-03,-1.811022212919572,-0.370135951693372,-1.2823771168711209,-1.8406715227900619,-1.0429023127931631,0.2205207479516519,-1.6862532662944163,-0.6393027707992193,-1.4742319947086753,-1.8153880752896574,-2.0537723988409087,-1.7737295377057012,-0.9217427592439403,-1.6046139813364872,-0.07325603627843001
2016-04-04,-1.8079454345195725,-0.33417250678411203,-1.241507082379088,-1.83389418206611,-1.0046877528442715,0.371179938232714,-1.7369643755701092,-0.6000004235468375,-1.352230175168863,-1.6750725835055795,-2.1479928306625227,-1.3630496509294259,-0.982887116368148,-1.5949283210575997,0.306705579010341
2016-04-05,-1.8784614990223034,-0.061850168919191054,-1.0225426386991887,-1.7882757444675519,-0.6003129518081696,0.2815386511231809,-1.7792270949729354,-0.911383745482038,-1.263044343535786,-1.5353150405064613,-2.153433608036221,-0.9732727624491848,-0.840316213863502,-1.3979206124714947,0.6067967018442122
