,1,2,3,4,5,6,7,8,9,10,11,12,13,14,15
1997-12-20,0.9442548823160184,0.9926971996450545,0.9567739595760725,0.788356940823247,0.6193633559007239,0.7480773095227332,0.9216687541906371,0.7942877361834827,1.3151068914958386,0.8612006505227117,0.7447097882631479,0.9887052880495663,0.8418639194245435,0.6627851395770669,1.1872115011683493
1997-12-21,1.094045919931895,1.1946362699889683,1.1084384481396798,0.9383306216713504,0.7651774219751474,0.8807034318688394,1.1193682223899117,0.8869204599759287,1.4667559218530435,1.074560038560744,0.9571640871839387,1.1730647890474075,1.0435861549927847,0.8179746102730941,1.3156292982165096
1997-12-22,1.1631185920480587,1.3438472527185679,1.1941580790641562,1.0325458503772906,0.8674928908468056,0.9553726713434519,1.26916247898169,0.9538242208088153,1.5421064598080094,1.2245095988084425,1.0991163665715191,1.2432194485489545,1.1270216633912258,0.9439493557056648,1.3932179648254657
1997-12-23,1.2145354969087327,1.4672682185782926,1.276433680845628,1.0637360713251527,0.8811490967072749,0.9667982917245149,1.3411485588030023,1.006354175439161,1.5869623232947148,1.371059776799931,1.1472957477416093,1.211837413868698,1.1631067031527471,0.9917556759103064,1.4174512181279197
1997-12-24,1.227298662234718,1.5747055020715526,1.2371122610837038,1.0983246556895476,0.9139344818369063,0.8815908362074776,1.4295423701268997,1.0079773365684939,1.53793654117906,1.4830778219596117,1.218135924965682,1.1732064812679213,1.1472951668288773,0.9819428224564953,1.3942278221240176
1997-12-25,1.1899347930152184,1.6407192377419082,1.1747497200161403,1.0803087415798243,0.9381020719084208,0.7002300525384396,1.392637857290697,0.9611759438521373,1.4162031655272582,1.5325798301240794,1.1694254259632217,1.0944279648395294,1.0288230781744727,0.9479060335521158,1.2898909913204843
1997-12-26,1.0760685192966948,1.6072488887367165,1.0239492593690351,0.964839841747589,0.9121034565007344,0.4608049485423414,1.362850224860926,0.8853013004315057,1.2103760202993856,1.5768804014831144,1.05337097006029,0.907589575947493,0.9229084442219414,0.8590191868042325,1.0951352936541014
1997-12-27,0.9642824965218805,1.5380826718124305,0.8583632025791083,0.845488794078107,0.8243142948786337,0.2579591662362103,1.338558178384425,0.8034211559830272,0.9754853508498585,1.5751276900502205,0.9430056616191679,0.5956155794475139,0.8231546449928562,0.724629852001981,0.9535739691881551
1997-12-28,0.9148021886136457,1.4015019192740568,0.7485111854408267,0.6788927637550989,0.7049193238786442,0.11451464740098061,1.2809107358180576,0.7699206435322096,0.8287250990299985,1.5823014585439383,0.8339598351324028,0.3246601522407767,0.6874254199113036,0.5503761026947884,0.8883448962657118
1997-12-29,0.8775674523570498,1.2137367190779047,0.6624166141079857,0.5299756984451149,0.5424598728588307,0.01969254118817427,1.1400205888801516,0.7287137800410735,0.643191290670421,1.494801944711694,0.7163491022739958,0.0426878584352582,0.49200188738106604,0.35204051242747364,0.8862447412723664
1997-12-30,0.827563398294937,1.0128150780134866,0.5386846538434744,0.4050525863894639,0.3373695541335247,-0.14197022411300378,0.9784802062006931,0.6643607390411865,0.48100026338016577,1.2287622339127626,0.4859673215104997,-0.24233047531430593,0.26863034117440177,0.16218491236965413,0.8865038422543743
1997-12-31,0.7650249832080301,0.7906421929988992,0.3545708196758812,0.20129582469193943,0.10481916685488697,-0.3624870728116056,0.7933274694267969,0.5363175137679961,0.3330562597085316,0.9237003643912818,0.29906461410046153,-0.46397745016427244,0.1176968781828042,-0.02727977866842287,0.8076997583579822
1998-01-01,0.722288959538506,0.5580926850762349,0.15434341219817804,0.0021838795628703815,-0.09547618376835021,-0.5930393811818514,0.6091924996401678,0.38086006341525985,0.18553658884814792,0.6051760317670034,0.1551960315597878,-0.6855377006143923,-0.030328427063718393,-0.1277904642890022,0.6950102079445069
1998-01-02,0.6256825872267493,0.3208387928271416,-0.05018015302855369,-0.2958719262707852,-0.36664204439768733,-0.8204668990471675,0.2785782425073976,0.19482655440639102,0.03314792351620579,0.25447810911939106,-0.046582799384351635,-0.9506233321283477,-0.2522318993805047,-0.2708825980871824,0.5240710458360998
1998-01-03,0.5405336341500961,0.08210347129478056,-0.2768555150839339,-0.6066890570953274,-0.694654655822316,-1.018103071179037,-0.03085947314450676,-0.0330376667074194,-0.14064127738666157,-0.13797408376525064,-0.17387638133400307,-1.1480924115826614,-0.4081985112033198,-0.3907746567219046,0.2824470601898228
1998-01-04,0.45198081080183045,-0.04420527192311766,-0.45050086011076224,-0.7886761301216689,-1.0292841527156862,-1.0923321931550922,-0.38264150038733424,-0.2999379592648043,-0.27855068942864875,-0.5580482076710419,-0.2637786846722872,-1.320346919388671,-0.5995298735083423,-0.5115793552913729,0.02223068695857931
1998-01-05,0.28427714072476884,-0.22892170114814284,-0.6168343637482694,-0.9413919925903329,-1.3156074132711837,-1.1525390658680263,-0.7602427121336606,-0.5320121601854998,-0.35395174615397695,-0.9716825141185766,-0.39430300964771503,-1.4231479835921292,-0.8984622202309279,-0.5754461908392595,-0.2741707532582733
1998-01-06,0.01580232063170488,-0.40422745586043307,-0.7986223733001125,-1.0462821832494116,-1.5021226017448979,-1.2226318476297728,-1.10315742562418,-0.7097434544798713,-0.5402369777409302,-1.274900622857553,-0.53266655812619,-1.5499691835600715,-1.1664893495772424,-0.57892106432895,-0.6309095702569064
1998-01-07,-0.23382593955847114,-0.5446233802242676,-0.9551156445331583,-1.233456693264831,-1.6592317587720702,-1.202165622329155,-1.3696617120998331,-0.8744086441321312,-0.7429143115104145,-1.4486401094777681,-0.6790766881775344,-1.6274918840779697,-1.35726220030002,-0.6456587131110797,-1.0786488983489877
1998-01-08,-0.4651227832227351,-0.7086367902971988,-1.0647760456405586,-1.4296258089066292,-1.7317379038732446,-1.0779347930741279,-1.5550812762089483,-0.9053756690499449,-0.9388534187225606,-1.465354801429654,-0.7304816148773379,-1.6392788837998487,-1.553331977874375,-0.7120685919417703,-1.4463165878548971
1998-01-09,-0.6760884781806643,-0.8305026419368131,-1.1307017978231986,-1.5287249491451502,-1.7166269007150747,-0.8977748170726777,-1.7486432805302694,-0.9169054489665234,-1.0640511016751164,-1.3946490839731287,-0.731121637412812,-1.6491798343161626,-1.747052948577787,-0.7492830647595996,-1.716914388479043
1998-01-10,-0.9541560677431632,-0.9151336034116518,-1.134660116605468,-1.5515672467588786,-1.6673348749838304,-0.6800606462307496,-1.871676719039902,-0.9464142368987302,-1.1729483666795248,-1.3728743162181678,-0.676944659194724,-1.6527564416900555,-1.8727958130575009,-0.7804793411595904,-1.8483623044639577
1998-01-11,-1.244959051378233,-0.9937755123626395,-1.1131939229965737,-1.512776836799576,-1.5716301180255527,-0.4288455065331304,-1.9134966632462445,-0.9768983876770077,-1.2752297931237964,-1.381913647289462,-0.6510965375975953,-1.6561982836009543,-1.9511511411928966,-0.701920710221894,-1.9246920197237365
1998-01-12,-1.4922640870325048,-0.9761172736888973,-1.1414790265573393,-1.4318255266587019,-1.392913963937638,-0.1531407011532192,-1.8908314234415213,-0.9867714620824285,-1.354398810857872,-1.4444984550005129,-0.7110498060782003,-1.6553837334369426,-1.9637853668016156,-0.6034367954664074,-1.8577290799993134
1998-01-13,-1.6583792289664747,-1.079465539797918,-1.240305794315868,-1.3798684290849321,-1.142412335712699,0.047395916368238415,-1.7431581836042733,-0.9338169561287513,-1.4630691651987537,-1.486677766674831,-0.8428880183609024,-1.5711155763369224,-1.9123291485660496,-0.42073745319827843,-1.6096239830254995
1998-01-14,-1.780324810065346,-1.145958576760037,-1.3500563333832862,-1.3201842539939335,-0.8960714975109101,0.24245845437608574,-1.558711819820718,-0.9107825217799703,-1.5955161997354743,-1.4791377187655432,-0.9137163905658289,-1.4557992534241833,-1.7823136750492632,-0.20566166138051406,-1.3272423736503107
1998-01-15,-1.829749030411199,-1.1422562388452508,-1.4475650193374385,-1.2771655349769309,-0.7312304398405517,0.45147206109414967,-1.382334043881294,-0.862160424665969,-1.6300330609147813,-1.5445372090821166,-0.9654933365180222,-1.2918934910636481,-1.6420508968100875,-0.06179558045251519,-1.0323146562677694
1998-01-16,-1.9089475648815595,-1.1846436785191108,-1.4851233977015454,-1.2596666685836362,-0.6100147777756425,0.5982329660321463,-1.1622809741348,-0.8415390413683638,-1.5438906132854813,-1.6300906447866794,-1.0063761460225162,-1.1362641895812846,-1.4485663554525197,0.10683006360688431,-0.7862871445741934
1998-01-17,-2.025239089900086,-1.189605015632438,-1.5008421326770174,-1.2402980114215671,-0.5128857755284593,0.6064925655375321,-0.987610860063661,-0.89226755367039,-1.409437290554305,-1.703694963384487,-1.045103947944331,-0.9698908012607409,-1.2290308021874967,0.2130913950842505,-0.5602315694925452
1998-01-18,-2.0946362011572894,-1.2398532149031214,-1.5344699027116222,-1.241960385784217,-0.4611628136470506,0.5376990566474134,-0.823160537530921,-0.9229785929905808,-1.2901154218719761,-1.7937436385096757,-1.2292931212220588,-0.7348882054883712,-0.9990961629334486,0.19705500276966698,-0.3634395727503649
1998-01-19,-1.9973088931577938,-1.2823002644438584,-1.6962806292127395,-1.2628485883967169,-0.390659422944492,0.507344606578594,-0.7305443493050772,-0.9391730003358468,-1.116328648797416,-1.7909843721188177,-1.4738731242627219,-0.46984926043911873,-0.7759117209192844,0.10004786408047844,-0.23882028835117408
1998-01-20,-1.8642072271156034,-1.291628047574922,-1.8370760827679846,-1.2914148542544237,-0.28380003040098384,0.4016513279625142,-0.6599136545163318,-1.0216471728352197,-0.9622786435273563,-1.6643630647258554,-1.678060885008027,-0.16611548533291776,-0.5629643824271996,-0.07897458337301168,-0.07861157499810445
1998-01-21,-1.7907352688294054,-1.3403008484988976,-1.906576671982999,-1.2530886296382295,-0.2372639960407362,0.2756161993057423,-0.5913123649385864,-1.0613685019413555,-0.899192799399811,-1.5556599425133062,-1.7530259269847215,0.12883611157275426,-0.410779803456936,-0.2609611052834422,0.01883167593100239
1998-01-22,-1.8158197111738725,-1.3107107290934923,-1.8840591169236476,-1.1721123940346325,-0.2593894967309018,0.17526380912199352,-0.579584065634453,-0.9556351246050585,-0.7903942157847756,-1.4525019905144885,-1.7466910562668225,0.37282892380395516,-0.2727951269676589,-0.4427942488629937,-0.018073044342414413
1998-01-23,-1.8568347235196725,-1.226457686444692,-1.8079344844827465,-1.1813245963542154,-0.2684069176516489,0.1252632800157236,-0.6249519991271539,-0.8200175625316195,-0.6739923021734476,-1.3223395039596837,-1.7515691053921243,0.5929900767021428,-0.15345725258072432,-0.5070639311238994,-0.0918809137088517
1998-01-24,-1.8616019049673462,-1.12989105100683,-1.7449786102503297,-1.1173451268426247,-0.2657209706243112,0.06603181051027798,-0.6738900554333281,-0.7342353844489997,-0.6364613091985439,-1.1522130199807377,-1.7582452656504006,0.7257994539932073,-0.04158574238355008,-0.6081451756315063,-0.15909421622237993
1998-01-25,-1.8482273853427813,-1.0536650184439549,-1.6896611128586159,-0.9890961536382636,-0.3002160191311335,0.0216375710578591,-0.7723997257300957,-0.61198089274727,-0.5952892189004142,-0.99364788986405,-1.747381429753873,0.8545374378656032,-0.006436483516479222,-0.6704483976612569,-0.14107815031315682
1998-01-26,-1.7389301202578895,-0.968975986888492,-1.6499758329846852,-0.8739308696965026,-0.4075922855468318,-0.055419083520751984,-0.7119651070012111,-0.46193949285598485,-0.518794987250263,-0.9108392945995454,-1.7880524817779582,0.9065291631464638,0.02520255382715118,-0.6880973184498241,-0.057780588278862115
1998-01-27,-1.6424142008127156,-0.7458609310117353,-1.519765058031043,-0.723292612186942,-0.5416301900048016,-0.07668535798161448,-0.5306729817274922,-0.4158630999084648,-0.44927458436866474,-0.8009635969787995,-1.7052320387245354,0.889733058280439,0.07475153866959104,-0.6007869859504882,0.07692462316948384
1998-01-28,-1.7030400504029595,-0.5402987679563814,-1.2525662493316196,-0.5438838152315212,-0.6984861088083812,-0.1223967713378776,-0.36976972600629465,-0.37553166985348213,-0.40613047563572824,-0.613765382763955,-1.5956404460372982,0.9175402925834061,0.11440724220548087,-0.4144179441841491,0.15637284931222373
1998-01-29,-1.7688872374623092,-0.4079927448270521,-0.8986584569595111,-0.3961444893416834,-0.9050679976167949,-0.0917994545461944,-0.2579016879392357,-0.23045448687688028,-0.34696630630619685,-0.5311379749982925,-1.4620933224370523,0.9542793182129272,0.12815004794212997,-0.18497783224598416,0.14215642965816058
1998-01-30,-1.7704387324173358,-0.24489926716894697,-0.509787363538,-0.2836146440948562,-1.0241750936382679,-0.0801506348702582,-0.12586624416667147,-0.04548893895350665,-0.16211522882198998,-0.4285440338874719,-1.3122807192360695,0.9614230404564708,0.16759529837041037,0.03933326646462722,0.1246339754081036
1998-01-31,-1.678288969458958,-0.042380105463991284,-0.1222947873478074,-0.16392503901938524,-1.1177540390159282,-0.13956627094259375,0.062248455331209304,0.023992971147314277,-0.00868405234907515,-0.3884681548376194,-1.125937666537986,1.0080256769354838,0.2261486249772223,0.200501646355834,0.06921446179811934
1998-02-01,-1.5125500912903094,0.17212054241271063,0.2554173135242149,-0.07264665602456528,-1.1742383727405852,-0.2679067895792134,0.31373247369346274,0.013691521600702604,0.10915803954387746,-0.4065667963632715,-0.9314650481642817,1.0306732750238685,0.38512505560430926,0.15541376988698785,-0.11043240080448652
1998-02-02,-1.321599294762208,0.3126600986051253,0.7170954017349284,-0.032018264833242036,-1.1734381165061671,-0.4521958509569903,0.5700570373962076,-0.0855938824897909,0.18959587413322437,-0.4599826574792655,-0.6833896168046393,1.048053318352076,0.5678417064909257,0.20294233996477876,-0.3460751349411823
1998-02-03,-1.0866240769083824,0.5453714978874991,1.122540888616447,0.0017392921251288258,-1.0780152853673244,-0.6413183613993978,0.7265363657417085,-0.19992508531349207,0.2633891379141364,-0.5215662557596226,-0.409421070387695,0.932491253853645,0.8027381813320723,0.2740686799309034,-0.4832336947564968
1998-02-04,-0.8212004379112603,0.8094070219604584,1.4537765347691396,0.004497645917518059,-0.8875863041870713,-0.7407522787819142,0.7490311117568826,-0.2463581792140582,0.3129540328576715,-0.45692818780718986,-0.13354272626659275,0.7713370883764704,1.046000516369708,0.3402294863437004,-0.5543309433899197
1998-02-05,-0.48293069536851024,0.9839044059673193,1.7065365629366938,0.0009660493590251724,-0.6074603702994742,-0.7422005160856308,0.6786556049700131,-0.15799388057775235,0.3578261304364207,-0.32643912921688384,0.08708225171292057,0.582257319808652,1.2807788792108779,0.3151615371210224,-0.5855706816852836
1998-02-06,-0.024416998544038615,1.0589278015411787,1.8611172947768717,0.002284915927095713,-0.293914126857038,-0.6719715597434345,0.6940987950030427,-0.07712901072721869,0.3604478923676504,-0.19600281533404462,0.31680196745958555,0.3212805151132108,1.5031632276011424,0.24610351039044595,-0.559226444060962
1998-02-07,0.41788494395330417,1.1359045388346931,1.8563385313394545,0.08976988176208685,0.009294172796533896,-0.6334602329698643,0.7705140254936576,-0.135503494455354,0.2797902771175721,-0.004638873293115188,0.5214247633365101,0.08991073375587112,1.7435727831625831,0.1747890207884585,-0.42946393488353296
1998-02-08,0.7827584009499483,1.1392477465098438,1.8310642062616533,0.09016981001303016,0.2289354760685137,-0.5381276877434128,0.7738553714604258,-0.3032106901528841,0.13523415561792482,0.31089978871912505,0.6737671462436182,-0.025510043845422097,2.0076367069734893,0.115185983497232,-0.3191689615345848
1998-02-09,1.0599102280964734,1.0753649074467406,1.7807608438826243,0.06679619795455234,0.44530057755595437,-0.39220680891607396,0.6493123107387894,-0.48245396342420904,0.07224667925964273,0.6185665271689126,0.8095086346612477,-0.17146305348541058,2.2830408471729853,0.12945152110081098,-0.21629100106290086
1998-02-10,1.2658837250140065,0.9594576088216707,1.6603276943377314,0.18244917571841796,0.7064840305050705,-0.19199225372646964,0.5372055350831209,-0.5598408172705772,0.14426839741745706,0.835689081010222,0.9149650660943897,-0.3050082830804212,2.488898510477237,0.2153165194329291,0.000634001218383248
1998-02-11,1.4064758431527924,0.8994646796928588,1.425480891754717,0.3006489899675276,1.0323977266135607,-0.010069021109700219,0.46650349315946366,-0.5303966984467232,0.3414748710459845,0.969759774969067,0.9981157140772257,-0.47550278207150365,2.616743411093375,0.339101453546161,0.3165782058024263
1998-02-12,1.5318190736238724,0.7950514182280976,1.2318415382642136,0.4485190509981896,1.4283198743755134,0.05876379151053312,0.46599661178244167,-0.48587832080347426,0.4952723612515107,1.0864057964917693,1.0105735269902831,-0.645412598966768,2.639278348708404,0.4297614634450189,0.522418095861683
1998-02-13,1.3503371954443617,0.8214995000500686,1.3091408527890775,0.35613366471125174,1.166326805772654,-0.09906044273694942,0.41552702116375456,-0.5104733017211827,0.429773538957296,0.8312092323073901,0.9445236033418631,-0.5952523797393151,2.579448845292963,0.39933313213303034,0.37225938784245577
1998-02-14,1.5638399973695856,0.7132705159557362,1.0808719762325165,0.5040124374848179,1.4918787840334409,0.06885823377687694,0.39735605997941115,-0.5609752629086074,0.4824741973348014,1.11865860427326,1.0277903296686601,-0.760710466404596,2.6916195009073123,0.390880728797147,0.6409595585744056
1998-02-15,1.6938541685442237,0.543462073739823,0.8844106999146715,0.6628165026262212,1.7599546793142367,0.17041867033912658,0.44732356368229903,-0.8236615754418046,0.424094250390718,1.0843451127844819,1.1438288642921446,-0.8159244831736508,2.739694516067202,0.6378840915488408,0.7950199405551104
1998-02-16,1.647389293011216,0.3159962638496415,0.6726436937698805,0.7372771872492535,2.2046989117527978,0.26324710780231764,0.45623590296063915,-0.6800852431986618,0.7828632961838685,0.5748572318842208,1.187719955377602,-0.8709190242117657,2.846908380066866,1.123333588858135,0.9494602687381392
1998-02-17,1.4929068852241405,0.1344462040979816,0.5085129615497422,0.8969933844814139,3.0450786353099804,0.31841559640257516,0.6337910422763181,-0.4234453379728423,1.1969916433551406,0.023080660551554177,0.9287835435318934,-1.2274123284270475,2.808915521266959,1.4820676292223693,1.2825667949706394
1998-02-18,1.44101302842365,0.07897561386362503,0.618107066093582,1.0568120689016314,3.390329447282188,-0.08872312685642511,0.6216445279099011,-0.4120016578595379,1.2171415396127492,-0.0498233733126034,0.7884649254569909,-1.4922744888789405,2.589809238366172,1.363041590845386,1.0146703295491772
