,1,2,3,4,5,6,7,8,9,10,11,12,13,14,15
2002-01-27,1.5954754560797146,1.4308372241277287,1.4412271658905447,2.0199742997881844,1.4714271762721574,1.668898158795692,1.7998377192000097,1.4947254443619358,1.5453523490786905,1.8166542437185176,1.651466993271368,1.3954697281667092,1.4576979129358356,1.3682762093393226,1.7449821739953348
2002-01-28,1.6008582626788077,1.403477208403051,1.3673751325394152,2.1431934854191668,1.4702258715574705,1.6318341831071956,1.842262181366861,1.4847833994456359,1.5466760201966896,1.8995709302489552,1.6546001716398386,1.3627768829291431,1.5162287352938968,1.3430522989184348,1.7698597212512468
2002-01-29,1.611317512016792,1.4156865209306235,1.2842287267383214,2.2662672257630394,1.5025064879822485,1.525185307928257,1.8462590033073152,1.4391755990319992,1.5219202393617548,1.9296081984616353,1.7095396627486747,1.3482251522079374,1.5446086370279266,1.2774070459393168,1.8530682165012564
2002-01-30,1.6964439067087822,1.4611508623906122,1.2316947362124455,2.351255599500512,1.5212726435888304,1.4378700058738572,1.9368615793095978,1.390252060442672,1.553483116863648,2.0510378511525453,1.7939195687011198,1.4038788139675924,1.6249229173452684,1.320931726168548,1.9331883396659795
2002-01-31,1.7610992612470242,1.483112479402495,1.1490077843260091,2.3819075119419537,1.550201499085623,1.328717369720487,2.0346743317714737,1.3026679835277375,1.6159502017262455,2.086300086495364,1.8890912323068136,1.4430032628590106,1.7146355514868206,1.3896165879068951,2.02066009512544
2002-02-01,1.6940357554717471,1.4311159564415468,0.9803804410163156,2.258302199728939,1.445492906221082,1.1254336431111813,2.0291045294578045,1.109071881547507,1.5572772677510724,1.9787471902693732,1.862880223250185,1.4276752453622377,1.7326029704841992,1.4299503085992566,2.0263506711839905
2002-02-02,1.5915926350735068,1.3554325108473075,0.8682604668359075,2.0625876773701046,1.3556198338706058,0.9001424104551814,1.984095783016883,0.952715247302337,1.4278322263866843,1.8182281274255985,1.8127632318100488,1.3263676147740744,1.6960589459514779,1.4698702602210794,1.968619028484713
2002-02-03,1.5142270806771165,1.2573847931547084,0.80649705817717,1.8025879412742876,1.3305610489353594,0.6585939677507321,1.826825393710801,0.8572912500948167,1.3048870643238786,1.620440089605965,1.734046379194373,1.2216239699578375,1.5396348357830851,1.5026838306826167,1.8052884009297356
2002-02-04,1.4191924026871727,1.0929484404711856,0.6835868598630523,1.5455887451897774,1.2858185011397438,0.37526082450964904,1.5564700605611181,0.7772881469943035,1.2107351162515259,1.3885962935830407,1.5981708976023556,1.1357230749845784,1.3659715057592563,1.5147924106941906,1.5493036336607058
2002-02-05,1.346753438310199,0.9119144383887172,0.5499868216107392,1.2288086017058366,1.2680921101225502,0.07866862111592716,1.3352046874625665,0.6997812955359856,1.0400863762798243,1.0466581292606094,1.4487164792290808,0.9862098158487235,1.1362073776129873,1.488896674890485,1.354444888732589
2002-02-06,1.2721174591888151,0.7118197779138162,0.46124186162494346,0.895739090325177,1.1895840342876902,-0.11479380846625169,1.1492903487480268,0.5915645484233983,0.8224391031899352,0.7122423133751485,1.308719041957949,0.8830532589818162,0.7823963898358646,1.4581924783505988,1.207696452171745
2002-02-07,1.2115167538492944,0.5019312265213315,0.4424311153627529,0.5372503012422417,1.0345926573088848,-0.20962516766173697,0.9800989279034185,0.5788548816820914,0.667066350520435,0.4566997341285988,1.215868888737102,0.8476239215702497,0.455731214737978,1.5032050086021709,0.9042116484778917
2002-02-08,1.1424800145569098,0.33977581506446575,0.4799912301784266,0.2379496558082863,0.9562076058784195,-0.28555642162410705,0.7185171105206032,0.5786459160552168,0.5035909345788607,0.2054946302113354,1.089424702982872,0.8040851867235804,0.13439262104781732,1.4580036958843945,0.561300503598232
2002-02-09,1.0659033057494731,0.15005868597279742,0.5247341868574228,-0.039079791021022284,0.9042919947353211,-0.35761779522463155,0.4222611859451568,0.6646223613098422,0.35377302869987687,-0.0051629218039946,0.9578691006430928,0.7526804396016579,-0.16959692288787534,1.3708199486874437,0.2158576210104855
2002-02-10,0.9628074009425944,-0.03970503859781648,0.5574244524872122,-0.22966372736047913,0.8721306536114718,-0.4440024187982202,0.07251753786289346,0.8383693101348811,0.1369403232494898,-0.14022994735294403,0.9014443208867347,0.6408446287308175,-0.43861751292515744,1.2695864511741217,-0.12061591637528093
2002-02-11,0.846247792282072,-0.1451430293509801,0.5109818961135908,-0.3618298211400929,0.852855060028405,-0.5118263996386364,-0.2892972895126084,1.062404618739718,-0.017612613913267305,-0.23258051443460276,0.8507413180234967,0.625569076820866,-0.6329634674085495,1.1147357887268239,-0.30606099998944264
2002-02-12,0.6817461899157983,-0.18158685103396588,0.38105526770851483,-0.41075768341882696,0.8249973969195423,-0.5712960874322702,-0.57109040077255,1.2885551771716668,-0.12895995050996562,-0.3372065306598896,0.753950285150536,0.6591303612565843,-0.7135722650373607,0.930642549278417,-0.36497916308049966
2002-02-13,0.5192348042903701,-0.22180394376300389,0.2556540933799861,-0.4706261646399905,0.7376593833806675,-0.58621732623747,-0.7230271078289255,1.4252364901381545,-0.2652361469728192,-0.4518540405596649,0.6446307541618838,0.6534652023614292,-0.8807726818807858,0.7152031742621561,-0.351394103057211
2002-02-14,0.3044153513390128,-0.24745990777142096,0.07885175778865697,-0.6749606509911313,0.5712408806167616,-0.6262847594753496,-0.8512044000853569,1.5525267212851401,-0.39014958721150184,-0.4681274355570498,0.5074676000602093,0.6944757758267041,-1.0642394788993896,0.5439221268768037,-0.35065896141909453
2002-02-15,0.0367488231338703,-0.1500149949540925,-0.1313338787709933,-0.9314435414963425,0.46160338265046985,-0.7288993982633546,-0.9507574672600897,1.6777948925255186,-0.5982338999801289,-0.4666647239714756,0.36535927121164097,0.6401897696244643,-1.211784487449297,0.4444739224157425,-0.4123969498489441
2002-02-16,-0.2536656508649978,0.006307541512830058,-0.3644338004334837,-1.0929359895127366,0.4143504198297884,-0.8092928441535482,-0.9555061138591038,1.7027184103857598,-0.8584681437024727,-0.516042769868984,0.16953860354397085,0.5005081410367319,-1.3389131348309158,0.34295354854216553,-0.4237469414281314
2002-02-17,-0.49588385842974314,0.13179194227403873,-0.6073855936525155,-1.2234590499758682,0.3609349435609567,-0.8773462562344816,-0.8059461313973306,1.7651015500444847,-1.1424687926107726,-0.5864569656110674,-0.02350385503219899,0.2763175653169121,-1.3818736186408633,0.23887824833957988,-0.3640917328118134
2002-02-18,-0.6981037875558496,0.2629619311033032,-0.8057847470003326,-1.327395292979823,0.35985222875202166,-1.0352068305076292,-0.5770249576245176,1.6596279899551036,-1.4489840488001038,-0.7004620906247936,-0.19408994900179213,0.05629202585399204,-1.4079954302368156,0.10837037078808598,-0.3146247284354904
2002-02-19,-0.8700892208753593,0.306112372060413,-0.915519618251348,-1.4454860548532398,0.3048241073134374,-1.231001886049532,-0.33539977483658207,1.381718654196981,-1.5829139619888561,-0.7811314992876028,-0.3873093079377849,-0.13908407750338134,-1.5137160958880276,-0.003107202219897816,-0.3189373309913121
2002-02-20,-1.0641632620298809,0.32068336461558844,-0.932405368666896,-1.5533577133128156,0.13774976105016876,-1.4647870792502855,-0.11752543908477531,0.9319844247120751,-1.7750614550963042,-0.8374668491318813,-0.477902817356197,-0.4101247818595952,-1.671249059410919,-0.08484503316135972,-0.5320009622726369
2002-02-21,-1.3067602030018908,0.1568168350995876,-0.8979262475503592,-1.685725644280266,-0.1394874228473822,-1.7441911562503396,0.01167035916290625,0.3566950459473877,-2.0864488433770805,-0.8190159903686294,-0.5108869450901559,-0.6899773684386197,-1.9077863551029839,-0.19335442115386003,-0.9125342673069384
2002-02-22,-1.6539093541996446,0.021585003512658477,-0.8510820197258601,-1.835045022369431,-0.5261015007496482,-2.0823286494718913,-0.00036963996963256755,-0.3340924872923927,-2.476789714921532,-0.843423789196683,-0.5717152235620595,-1.00167401791329,-2.0990332782295855,-0.3799909646700716,-1.4444307350948122
2002-02-23,-2.0494443696427305,-0.16982700142334223,-0.7641325880726552,-1.8573446731113568,-1.098653237329815,-2.343774556787514,-0.1521645705952999,-1.2270909222532107,-2.8621359677996985,-0.9993173502236459,-0.6447150826838198,-1.4284451509065708,-2.1699646162654393,-0.6905105341811698,-2.107884153571898
2002-02-24,-2.4469410296638627,-0.43793892823227326,-0.6498986804404053,-1.9426454542640643,-1.8584118670345,-2.476309461485669,-0.3873941559302712,-2.1253580665651577,-3.128717036548228,-1.1598357268657993,-0.666926289433696,-1.8513663286539288,-2.1000308710321645,-1.0514998333840426,-2.7218263331122614
2002-02-25,-2.7006239940708476,-0.687906860753758,-0.5163890302324736,-1.9899515900663112,-2.4905059537892913,-2.483314838567265,-0.5853004926824987,-2.7565302435444865,-3.2386550694122795,-1.249807425479657,-0.6405699001205981,-2.17788281547178,-1.9653881637776611,-1.345202406773558,-3.0251898567707873
2002-02-26,-2.7723386528196787,-0.8568006969867542,-0.4203369770202364,-1.8569039811564256,-2.945430364379269,-2.3719865488939367,-0.7501895223985122,-3.183965142498358,-3.1684017441739876,-1.289284965206652,-0.556271385872491,-2.3388859544205616,-1.8854686780662115,-1.5035369824210834,-3.1259723519160607
2002-02-27,-2.7791352942141727,-0.9860719597249195,-0.28419318229486257,-1.68490943609201,-3.3088399512987703,-2.161385469062758,-0.805343703713516,-3.3822395485307437,-3.0133083694006397,-1.2982262010577683,-0.45140779473885795,-2.3920920982757767,-1.852893188807693,-1.5004074920142234,-3.1238003783363717
2002-02-28,-2.72323923693176,-0.9962520085166078,-0.18066435962822153,-1.4921347638864546,-3.5375729772607993,-1.890217514107659,-0.8220184605027588,-3.4503542431923737,-2.946400935373672,-1.350160476526162,-0.3297906555244519,-2.390858939354962,-1.7631610113650518,-1.428503738523834,-3.02866672623974
2002-03-01,-2.65891780262112,-1.0525525212717781,-0.0468471231023168,-1.301964557162934,-3.7164949731963794,-1.6463945584684845,-0.8201700771970071,-3.3892280539175164,-2.844457175020457,-1.3849278155401161,-0.30099026407427987,-2.3114013506258813,-1.677927329840437,-1.32242388519587,-2.8286015621043665
2002-03-02,-2.5455697468629723,-0.9544747956595421,0.03186458992984433,-1.1355376589007171,-3.8641942341105997,-1.4202552513152213,-0.8117491731249555,-3.1800476169454877,-2.7358383377371998,-1.4283316440362102,-0.3458061148761963,-2.225234477293915,-1.4514576789517815,-1.2100628682679722,-2.642262337153938
2002-03-03,-2.4976071982655346,-0.8801114353811412,0.16503307367421122,-0.9957712604749576,-4.000964408878643,-1.1557774587183263,-0.7400297694985835,-2.963338682917326,-2.671714180696831,-1.4631059942096607,-0.36852312019482736,-2.1433450031268904,-1.2110202873251128,-1.0679526337430452,-2.44919120120802
2002-03-04,-2.460203700337544,-0.7053604356104493,0.3872630654268027,-0.9077194625459292,-3.9886822614188437,-0.8437718779953173,-0.6445606345031191,-2.643114260131948,-2.660941688104889,-1.4222264608704782,-0.4419450147427179,-2.102941551031987,-0.9858453430948998,-0.9470094142376324,-2.1700711798578083
2002-03-05,-2.370820901774886,-0.4646364447550026,0.6181493048515658,-0.8285497688792826,-3.853327808668067,-0.5566327751347305,-0.5052461478021792,-2.265049941993675,-2.663559219832289,-1.4168348057672568,-0.5672783939269803,-2.0370274745263997,-0.7593317029028934,-0.9165265127023282,-1.9303803002041335
2002-03-06,-2.294350553790387,-0.18830222168257646,0.7781192809373704,-0.7975857931204743,-3.723285618097136,-0.2512714820587237,-0.3090649221477488,-1.9129830295541488,-2.6071995334824587,-1.3064294097388194,-0.7424107677500341,-2.0163953384970634,-0.5023938455315294,-0.8431658123828012,-1.81308054290163
2002-03-07,-2.3404268166858695,0.028491438704790813,0.9138779201188594,-0.7235342383860528,-3.607560075420847,0.019231915073160945,-0.19723077756289223,-1.654543670562024,-2.5468151262407486,-1.1410302429867005,-0.9893576804622556,-1.9975901289394,-0.25750973897934826,-0.7243827064452024,-1.7524905241640472
2002-03-08,-2.476330289728974,0.2654709620039988,0.9254613353438933,-0.5867954278009191,-3.459213793578238,0.37102831631879,-0.15848102717882603,-1.4386308997576096,-2.4663786181473335,-0.9027235416534327,-1.2015343384077577,-1.932914588876688,-0.06467190111252447,-0.7334575227474628,-1.7508420993079157
2002-03-09,-2.6847329923146286,0.4539002793040743,0.8358922834906373,-0.43383297266080395,-3.3549234353595767,0.6570353155773068,-0.0951042352063545,-1.165234658391081,-2.318593103465439,-0.6573300087144778,-1.3336914109149898,-1.8330774312951565,0.07024840037714772,-0.867742809296551,-1.8026271848889466
2002-03-10,-2.875841887418523,0.5796967966673808,0.679380550107961,-0.3985602052014081,-3.206363002814168,1.006024936206209,0.021753193813229578,-0.9651166850311952,-2.1388893045859274,-0.42660961994826374,-1.403804663891366,-1.768230100035696,0.16364275540675957,-0.9997051735367852,-1.9193121027184123
2002-03-11,-3.006495602606836,0.591752768477258,0.5379725217849244,-0.3897855381941708,-2.9724577882562286,1.3522594926734615,0.17375044979510512,-0.8585989543846988,-1.8286215993576664,-0.23440706698433175,-1.4693725515724108,-1.6299923156693656,0.25025293729341075,-1.0726758613404064,-2.0229720359431473
2002-03-12,-3.0141682215626964,0.5569390188058077,0.34035988161446834,-0.34193613356951963,-2.6986268458070337,1.7319739655030695,0.2580421880261493,-0.7140582880819171,-1.4110696804638387,-0.02358988768045691,-1.5935726283269118,-1.5156423944626807,0.36602023951854856,-1.1682885971184045,-2.06332563504252
2002-03-13,-2.9553317479593137,0.4874459808163342,0.18958730294757373,-0.27008022015373767,-2.486756075184222,2.09860801349197,0.32659637222485693,-0.562970898111186,-0.9741900222093474,0.09797616106564623,-1.625849472765138,-1.3556872241899167,0.42170259655850306,-1.2504814788527954,-2.1808779203216484
2002-03-14,-2.8691084084444682,0.3627445143075127,0.1311127815926371,-0.062408262903877944,-2.339367217128127,2.4402224904026752,0.25344154230669647,-0.38975189072748767,-0.4419282771510486,0.20617856170782406,-1.6790614971921225,-1.1744285442365032,0.44081953741291463,-1.2917753459350707,-2.2860395904213138
2002-03-15,-2.673812008905069,0.11178257387032105,0.11134273931901201,0.24898116957887906,-2.141688595253151,2.774335095508864,0.18655556212294044,-0.17631484183352958,0.11767814259561446,0.2170891487984356,-1.6184798421074678,-1.0161847265308535,0.3932752952870295,-1.3769540519100136,-2.2538568482939483
2002-03-16,-2.3277467557332474,-0.19973607383343117,0.09505438494608136,0.5017040217046024,-1.89061352558966,2.993762983350269,0.1900758252885279,0.15518488439695213,0.822302168907014,0.16401498893607752,-1.427958590442719,-0.8074149346707418,0.3742678673779321,-1.4872231824184405,-2.1332121502695394
2002-03-17,-1.868838849060105,-0.5187038521130606,0.13577404934489218,0.7488678463060268,-1.623652845628308,2.992713521676757,0.21374234167900122,0.49944880980054523,1.543223695682769,0.08111987031134799,-1.1913022199169507,-0.5874837418341926,0.325800802861887,-1.5049571384112572,-1.936242726915637
2002-03-18,-1.4362053269723403,-0.7195798615562049,0.22144249337661104,0.913465458049419,-1.3409227564636204,2.9656713524135454,0.22354708292187983,0.6463623723382077,2.0055954867463894,0.04274012657168724,-0.9118015063568053,-0.34575802872072153,0.2791818551519071,-1.4006382159677273,-1.6760543625165536
2002-03-19,-1.0528556837886465,-0.7726184839344349,0.30501574327215636,1.009099548210069,-1.1109250073044399,2.8382567264944933,0.14331367096133776,0.6796744952380404,2.2015856776293106,0.03154083590096935,-0.7229347351925066,-0.12690955705460816,0.17349249681788165,-1.2931272058658843,-1.4595374842942823
2002-03-20,-0.7303661479205963,-0.8531070226578128,0.39113306249953117,1.0956572290538265,-0.9226607908780411,2.6756361010809213,0.09952577816547858,0.6447272714402221,2.2571566627860857,0.06527059960716346,-0.5815743251354086,0.014653380009371634,-0.01809748880610595,-1.2399989046366995,-1.216405036513612
2002-03-21,-0.4011426413753428,-0.9777270609516181,0.43156891872417136,1.1365922756253835,-0.7340047580081773,2.4712102403427005,0.10315042537871465,0.5855570858192624,2.2946398482496546,0.08665802054632178,-0.45385933522915156,0.1426965495311074,-0.23568922037317536,-1.1704953597023982,-0.9661060932759853
2002-03-22,-0.11269082327511248,-1.1016388406447517,0.380297730912267,1.1203111974313729,-0.4387438590528463,2.2276319391612525,0.13030470541217123,0.49016242815525674,2.2700340429590615,0.14046732419419217,-0.3586428212888679,0.28086590552217816,-0.35187441260071095,-1.0302319108137168,-0.7549436682774917
2002-03-23,-0.32161094647192456,-1.0342260211265237,0.3522662540849746,1.0258155242394753,-0.6046753384663494,2.392949458221981,0.14845022189086335,0.4485348490780546,2.1950809206403097,0.07201417574417107,-0.4405409533292775,0.17594290768164797,-0.2710502874177984,-1.09845325230418,-0.9624146628115429
2002-03-24,-0.08385546906889514,-1.1444430587234673,0.30531900446454757,0.9941366777959211,-0.347496922616866,2.204863074370027,0.19694586714251736,0.3944159148085717,2.209881224733832,0.0027553668072313026,-0.2535804308424976,0.21925635636099808,-0.4166936261265432,-0.9788357770957352,-0.7845339720914317
2002-03-25,-0.003930498634487362,-1.2838138378991082,0.15742521607141668,0.8882031820178344,-0.12229526964432878,2.0031946790567825,0.26301204646739323,0.11176216148624163,2.2892001222359166,-0.07395917331002157,-0.07624324963741219,0.43057063256124894,-0.521108836253221,-0.8970815293029102,-0.627773134754817
2002-03-26,0.1840269563721252,-1.4529891296950879,-0.03223406478379283,0.7125673467675819,0.17954466236457559,1.7217130447224447,0.34676877452043947,-0.37228505146701424,2.125026824336369,-0.016064894108557968,-0.030194822157421763,0.7466254031972679,-0.7717750727185991,-0.8031081243296709,-0.43832830778981047
2002-03-27,0.7295832949175358,-1.8277734626798705,-0.38274440456133313,0.6449612493695963,0.49869032775058886,1.463748247861653,0.4862439208251297,-0.52904818820992,2.1774700796765836,0.03929030645155176,-0.07656357784646273,0.9461678538202734,-0.8955271654770082,-0.7326823230012937,-0.18538862740733245
2002-03-28,0.8148691237122779,-1.8280968679561076,-0.5101136391490232,0.5625550938123665,0.7150599808224077,1.3510933242553407,0.5465529637678683,-0.5606357809041851,1.9072217868640495,0.010131994901962376,-0.15157646942112038,1.1589265615076085,-0.7643703424723353,-0.5096227972757674,-0.3628339425664842
