,1,2,3,4,5,6,7,8,9,10,11,12,13,14,15
2011-12-02,1.3290362477138649,1.353902927633971,1.3583401226821097,1.5152722498943396,1.5626060737904162,1.3135768662115397,1.7957917265601844,1.5213839034326124,1.5904730714763358,1.2319722478385704,1.3679405673281742,1.5889567774559243,1.4149284622771932,1.4441455420090956,1.3382915240699222
2011-12-03,1.3372938007503226,1.318446418545612,1.2949142104280171,1.5339136397796151,1.625396950467788,1.3733192877276652,1.9207701861436057,1.5650506690499306,1.5551722557312535,1.2422485966826409,1.3296177933227824,1.6273395028575643,1.3382946059286767,1.492822693771344,1.2421114951496306
2011-12-04,1.302874033092432,1.3011981645318662,1.1940803895300642,1.5736136626609327,1.6806977767414712,1.4339774313581612,2.005558179629338,1.5577031943521733,1.5117688028521452,1.2793558477743296,1.2306803951987995,1.7053781111796933,1.2539618834207489,1.5091363235274198,1.1641400613443358
2011-12-05,1.263931950901922,1.228250279908919,1.0924731437043855,1.6419316284720842,1.7020629739342577,1.4238840793664165,2.0414401885334135,1.518606162938656,1.4745810365667404,1.2655194580970985,1.1314485228136009,1.7764959063195158,1.1719073183734385,1.550456315435868,1.0864738982679936
2011-12-06,1.2600761733927222,1.1983802302503477,1.056102853861861,1.6465620609713683,1.7472198204279277,1.3865167128948166,2.0594487881968697,1.4803454608553526,1.4478186177864623,1.3019251407720565,1.0440154008732363,1.7265354292704722,1.0835931106983845,1.6694506857248572,1.0248047465908632
2011-12-07,1.3434202841594358,1.1747367397771002,1.0352796696733255,1.6792789206644216,1.8456341640485425,1.3707153067958762,2.015170479419799,1.408061169759666,1.4351760050018656,1.4009367226407878,0.9897719917320126,1.671094806083161,1.0270345670987349,1.7538297342625553,1.0024417337369715
2011-12-08,1.3856016661436807,1.1549847163377402,0.9785711572363531,1.6235018012409832,1.868981956002411,1.2860840927723716,1.8982956257371262,1.3597136709620927,1.3343135028944855,1.449711199884211,0.9393493195118242,1.537420267728536,0.9027052330839795,1.7804852179223942,0.9372307796291045
2011-12-09,1.4192649719756028,1.026881297368808,0.9051544240696834,1.5387671830841674,1.7927258408498516,1.1590432090205653,1.70470755712617,1.2542728652518873,1.2065474664575315,1.5273862317034406,0.8928799049329228,1.387397227685304,0.7119911546883942,1.7917547521544215,0.8820273718250816
2011-12-10,1.422273792931572,0.9605803043299163,0.7687101480704053,1.4158984241337589,1.7178207980295028,1.0222839945818571,1.4915740532665278,1.1400996662806033,1.0382403745267024,1.5782760728423373,0.8627505460166863,1.3008347432861402,0.548545513979392,1.8126414160468487,0.7996227170847566
2011-12-11,1.394129885663382,0.967182587485694,0.5837384700188057,1.2411209459097516,1.6297971898774397,0.8027421704553421,1.2997349595056165,0.94607279580278,0.8993448207023951,1.4978068252561534,0.7714143271099699,1.1787790611346058,0.30968062071849917,1.7986124234193475,0.8094443684865353
2011-12-12,1.4118600078603456,0.9351447668610363,0.44941517107184653,1.1278987184179439,1.5541087058075773,0.5462562558906204,1.10116794932742,0.7498147627157813,0.834918754836977,1.4466574336005078,0.6646648109417467,1.1180437060475137,0.10574386565010901,1.7945845680561197,0.852765573414587
2011-12-13,1.4982519621626138,0.8465662659294967,0.42170670353762596,1.0376205795794642,1.4416261166368722,0.3102128800418154,0.9722739269728178,0.6025920053096666,0.8061845577047395,1.3939416553239896,0.6111638661312275,1.0488032897733757,-0.015602843017179246,1.7899288102109658,0.9010882343950815
2011-12-14,1.5897519825867954,0.7866209756276134,0.4587073761459577,0.9309948252013868,1.386000048498597,0.047652882348075465,0.9016476878231738,0.5209192310065095,0.7116744306419189,1.3523975238917507,0.5676278998038863,0.9466048621116893,-0.07238708919099679,1.6375846030904326,0.8724866466211387
2011-12-15,1.6188738196330776,0.649752006307831,0.3918813918626955,0.7964572918749784,1.350882499431573,-0.11324551516406653,0.8003403554578441,0.47465036951156836,0.5874025647206121,1.1344536906879545,0.5233567199990928,0.8543573995709548,-0.08571025587911578,1.4036031156665365,0.8247880860356631
2011-12-16,1.5786632501603117,0.506671964829585,0.27709092467193197,0.7042069338279568,1.2589398368777345,-0.28623764371838695,0.8220759409043942,0.4627526805501855,0.3322216993283797,0.8491179425611955,0.4179111175929132,0.7705291211453127,-0.06800341860704806,1.2088548438130353,0.7952407683502696
2011-12-17,1.5361589302978411,0.35938160136142333,0.16781269342875105,0.6447294218794776,1.188576950210523,-0.4843043226302786,0.8277607488698825,0.3480434093668433,0.026457014731162243,0.5924142154842612,0.20787855750647216,0.7452298648525812,0.01509137200680225,1.0439718522681782,0.7447757225543079
2011-12-18,1.529363846180584,0.21708239985757694,0.16318409211329268,0.6412712209224039,1.2047529847145444,-0.6364306806288414,0.8735019111372582,0.2141887207692148,-0.2890945500645988,0.3713846469773209,0.09682325523023742,0.802449515648426,0.22631861423444075,0.810064491628126,0.6763805101737177
2011-12-19,1.5006791497115506,0.04914201931045394,0.22667446306688438,0.712953608619351,1.226230037839151,-0.6557670905904982,0.9784362472781308,0.12828938709261212,-0.6015634498529419,0.07681089465424486,0.004280583338090951,0.790686806436589,0.4855009321762097,0.5521930557164365,0.6269142345866746
2011-12-20,1.441072883722874,-0.1809616015864521,0.44657840777149793,0.7898200222508387,1.2555261384107703,-0.5479658842352372,1.024091714943004,0.1081212832867285,-1.0087779701185673,-0.21139002957972036,0.038812241250661406,0.7944077135757275,0.7967248847184342,0.3264760251563623,0.5746064810022837
2011-12-21,1.3009350851891979,-0.42913041759751175,0.6328857175785219,0.8314523534481334,1.2719357289630797,-0.4091938985742269,1.0747874567024227,0.13253650178220908,-1.3813667773953477,-0.4351971144386131,0.04647798503889808,0.7123954167588316,1.0550560372113482,0.15159167306988364,0.5759146506816764
2011-12-22,1.092975542104113,-0.6405271860084998,0.7186948241984114,0.8954969327999991,1.3200887749293837,-0.33164625610153037,1.0537082364345638,0.08754167451867448,-1.8041981805574783,-0.6792389166459375,0.019825806202232277,0.6580252910982509,1.216117633449876,0.043847320746497526,0.49523032000028216
2011-12-23,0.8723954810119875,-0.8112244723109054,0.726011800290051,0.9695151772391117,1.323914336396967,-0.17630455483279925,0.9961346304665243,0.0501606291009832,-2.1551091676726073,-0.865887623293504,-0.05445922614363006,0.6166558384761993,1.2724174739932457,0.09022610579870757,0.4373170632388216
2011-12-24,0.6196156822866531,-0.925173541549039,0.7180555707891505,1.0786359316367602,1.2521227936495742,-0.020766408201249077,0.9352297832106563,0.03421317380672513,-2.505462639082756,-0.9603801985227978,-0.09636170852042625,0.6191348102707911,1.2801252742430413,0.216058990078975,0.3780150027304064
2011-12-25,0.380634532507442,-0.9684895408996955,0.7510935887950883,1.1733420576576588,1.1536814563991522,0.1480682020296293,0.820457973044083,0.07052076057375391,-2.7700524554167445,-0.976639578550953,-0.12154915388080367,0.6762195594115489,1.253117785022895,0.35105506419361426,0.3082762577770287
2011-12-26,0.15076654637748618,-1.0130374370742419,0.7042691982383604,1.2526020919890044,1.0180452965670244,0.3795446814788578,0.6658589014163699,0.19946610570563605,-2.9160664689389932,-0.9998736640036242,-0.09213388375431589,0.7110930489839099,1.0699697266364274,0.4778413936420682,0.26227157259817757
2011-12-27,-0.12307780975308912,-0.957310821482904,0.4765378794003511,1.3499761441363225,0.8458109638100693,0.5907378663760643,0.5321377352260719,0.384283073581051,-3.012167627890361,-1.0197477233541523,-0.17844919416704255,0.7486820727975213,0.8027952514632101,0.6253569518317846,0.2503748247781146
2011-12-28,-0.33390475008529175,-0.8330638352533302,0.21004527962116298,1.3332947113819522,0.6831030225411517,0.6987534732321237,0.37540964184662656,0.5278724416542137,-3.0393789930889388,-0.9414796716224256,-0.2893056684355743,0.836962902826001,0.48469703915732737,0.7398398303556516,0.2360172181208243
2011-12-29,-0.46620908250067916,-0.7013802455441579,-0.2189630916320616,1.3569520234110406,0.4887125036789525,0.7026391048233603,0.2203312821828814,0.6137998370528926,-2.9550212010584955,-0.7862057205188219,-0.4216306166024524,0.8796010016846212,0.1574013874432782,0.8390902231419973,0.08054742284984497
2011-12-30,-0.5369287099489671,-0.44718625927211236,-0.665164679507859,1.3247258720989874,0.2189151180085747,0.6889045959953904,-0.02993438492098829,0.6219537265371059,-2.8321896096662824,-0.7321758243382379,-0.5190843617037688,0.8464286627373548,-0.10125888045186208,0.8451745187677371,-0.12168001119230021
2011-12-31,-0.5230631741610725,-0.18527578901212666,-1.042401971996573,1.1597219296476475,-0.04155945797353913,0.7018771362037106,-0.27725305999103167,0.6803028338900778,-2.6934801329386686,-0.7118159293488376,-0.5819217450204497,0.7736966344115239,-0.27572864864402735,0.8521885271180633,-0.23874126421645941
2012-01-01,-0.5063985112480611,0.015858767051491023,-1.3193209605224847,1.0096994763618123,-0.2347564803732299,0.6788404563085183,-0.5135397939139121,0.6914701555564643,-2.578759970891494,-0.717414130768806,-0.5695085629007515,0.7109477508348967,-0.36689632872684474,0.8284064776868626,-0.2648824930755852
2012-01-02,-0.4297187571180085,0.20222200621100264,-1.5712847711614524,0.8773093299159084,-0.4896158873670247,0.5859805588579261,-0.738793984492653,0.6005366176890569,-2.336968762990423,-0.6882435040618436,-0.5370783703616094,0.6142367013200204,-0.4165686826260899,0.6588189524325545,-0.21672795961868388
2012-01-03,-0.3755090738045049,0.2823442306682022,-1.802163302639787,0.7663731346270498,-0.7334923503915669,0.46946750599729264,-0.9485400803940731,0.4525790576687481,-2.071806606192589,-0.6929066155626853,-0.48500283501269176,0.43079953366294965,-0.45978916873672465,0.47274294133674927,-0.19513992294589436
2012-01-04,-0.33218409793219683,0.38672566800654634,-1.9756236402770246,0.6709656544950111,-0.9952593343909678,0.37157129750983503,-1.0609094194090531,0.28037053892294367,-1.7916190897363287,-0.6837346459043284,-0.3422434355852289,0.1755502008932863,-0.3946517382107363,0.3134990874727814,-0.09294709980688703
2012-01-05,-0.23972280230016807,0.49362725701885934,-2.0483175270536025,0.5353686996514921,-1.1767489589433286,0.2051026518037481,-1.1893869612531538,0.10815477023224551,-1.4579688389553227,-0.6087179635250705,-0.10990653003507737,-0.12314091191678422,-0.3268062764461844,0.08227833832394577,0.005188921525501462
2012-01-06,-0.13118169109973696,0.6220982439261098,-2.0491343888212747,0.39907729924516594,-1.3249494518793734,0.06916990669241853,-1.254122861563203,-0.05205484592301234,-1.0677647922116165,-0.540086312372894,0.15059957099468863,-0.3144777053753506,-0.27894326627346894,-0.09310732666083484,0.10099395251094644
2012-01-07,-0.026204731739754163,0.7654591347910945,-1.9233132107665711,0.257506183350713,-1.4338734722669164,0.035054064025422396,-1.261818420209763,-0.12851942344007625,-0.7038038398228094,-0.4747024733468905,0.31836733398602696,-0.39339038886843064,-0.24539790416014332,-0.26254580699161356,0.39648656975112667
2012-01-08,0.05668785332432426,0.8426848920704902,-1.732965052285206,0.17301988295714632,-1.434724059659129,0.0003173692537139949,-1.1546091952552062,-0.1463990946955747,-0.36536891004947014,-0.3750903947588176,0.4765412798904982,-0.34780388340493934,-0.24119341368586977,-0.43037308820593756,0.6848257236603148
2012-01-09,0.14421149781329526,0.8717465659041692,-1.5422678120234206,0.10082185905520831,-1.4183737750989662,0.02326593910269731,-1.0207460301386313,-0.13911032761938094,-0.0036133153094476903,-0.2343357261108536,0.6305765121478585,-0.29476349287935166,-0.30400060311386423,-0.6411538112299637,0.9225057886091371
2012-01-10,0.30440465883152296,0.9602679522408379,-1.3403372336389658,0.11326671056800136,-1.3869712705462782,0.05760886777009614,-0.8405662398758054,-0.08377290784440079,0.3347554324980109,-0.09877431486632289,0.7452482506906924,-0.23216078602562334,-0.3687395705069451,-0.8004803999382991,1.071014521795035
2012-01-11,0.47587647092464325,0.9975753429268627,-1.0296110993642174,0.13889971087595726,-1.3366757340147883,0.18173228041269532,-0.6317145968922073,0.07463824449954651,0.6225267088605136,0.08680216720013037,0.9215154032170574,-0.0758371444272967,-0.4007845284220636,-0.834983741371318,1.1905958692502467
2012-01-12,0.6651381561261241,0.9984533418771148,-0.7504238447870065,0.11372021275422248,-1.2476215805857105,0.37482244226766065,-0.4578795512010541,0.3056323875689386,0.9643937199355854,0.35677865235141193,1.0562345832746134,0.18095130789043737,-0.4285157105110678,-0.8127686157672617,1.3503299299816094
2012-01-13,0.7500516680267716,1.0367691124162657,-0.4256914926104964,0.07162669088974392,-1.1030292270467346,0.5886979490611806,-0.2936171717126102,0.5337300374112942,1.325970808619756,0.6420710915861373,1.1147186266038869,0.44893871324056484,-0.48244944478090457,-0.7346163927193411,1.494314660933161
2012-01-14,0.7872036453042217,1.1178541363530428,-0.06807613975884597,-0.004108385486974923,-0.9563831712126025,0.7788912046188019,-0.05252952092778962,0.7200551615786788,1.6032208983474867,0.8018490605052043,1.1581667447813795,0.612159177889195,-0.5388890986772971,-0.5149683213291928,1.5965705732059015
2012-01-15,0.7569799663245179,1.1528559678864845,0.3052535638360196,-0.02550387754328095,-0.8256123083308808,0.8624846857575322,0.15106932781139698,0.8964982580589959,1.840048181962034,0.9312231904539003,1.200790501243844,0.6336736772735316,-0.49214266687904945,-0.3227612002738464,1.5648079328821414
2012-01-16,0.7014366047842153,1.187595580148931,0.5700578244100752,-0.05836530017575063,-0.6187545518564008,0.9079352472597972,0.2362952880362779,0.9545142930896854,2.037168511535677,1.0085300973723235,1.3470897736628946,0.5536479603255254,-0.3701463915769712,-0.20651944118877968,1.3600229002200326
2012-01-17,0.6171971022138184,1.2081507039308907,0.7607379352090008,-0.05986298486755094,-0.5064068776711816,0.9499899738840314,0.2709991497510766,1.010315910916741,2.221787701001915,1.1112141049423565,1.4723008943744624,0.4199341172167396,-0.24734590378255858,-0.12371155271770831,1.1656043092256148
2012-01-18,0.493155265999297,1.2008252240724413,0.9000243477692217,-0.011254459287137938,-0.40316679180359244,0.9630000528251944,0.2923542148096002,1.1068804741374307,2.4086139378496045,1.2296898049221836,1.5251169558446045,0.33594897436854476,-0.17198128183531639,-0.022795669611673362,0.9981302325315544
2012-01-19,0.25459986105133736,1.1138427441160592,0.9660599398439584,-0.032775676204881046,-0.42265103755073996,0.9691100452381084,0.284009748461891,1.1804809538660295,2.5316810306697546,1.35582362267054,1.5378619265851574,0.3145201490338358,-0.14619684928930035,0.00896852471019121,0.8130956599910798
2012-01-20,-0.04212691959313759,1.0584641461330289,0.9101755188810443,-0.10914079353337709,-0.5197334845819188,0.9698352749987726,0.3028658392704143,1.2382214988875573,2.5560785285604073,1.4389245551438439,1.4601191501478457,0.18134804231391713,-0.20150669509992342,-0.012540451059707535,0.596696119185434
2012-01-21,-0.3553400572916233,1.1303237727653372,0.7902599310695874,-0.19507923067073524,-0.5840722505548047,0.8738596690595534,0.3773379637131878,1.248122568632278,2.5150981503085954,1.4533339440555122,1.4491917514833783,-0.05790091444176145,-0.35522336601385457,0.035690003934290046,0.30569570706841026
2012-01-22,-0.4997130474432036,1.1648260260190122,0.7167833910160172,-0.36491342891966777,-0.5879246502903812,0.810067794419732,0.3434730548648016,1.2495431257980891,2.383881933935289,1.4070327289403899,1.4494726300508405,-0.26372703935001135,-0.48560792370719047,0.024643521721073196,-0.06505347204287527
2012-01-23,-0.4936637688531375,1.0146888655082982,0.555140555800418,-0.5200593348315083,-0.6335236263698961,0.8088015502046825,0.24205224908292772,1.2490390271329839,2.2749175164681104,1.3520171498062166,1.3463079106948075,-0.3856143787371159,-0.5849060797793609,-0.1070406300117212,-0.3801096489102603
2012-01-24,-0.4234873804202045,0.7636156692798246,0.37184710129142995,-0.6871550323479491,-0.7179909441205962,0.8594979614485322,0.1843591405428581,1.225775496882148,2.2099082276432873,1.27939040709256,1.1986813489418047,-0.40989886316084273,-0.6379431381515814,-0.22945687841767945,-0.5715319069843421
2012-01-25,-0.34932057524183735,0.5330543722151357,0.21866726717470122,-0.9320431978942765,-0.8916435771171443,0.8191715201968138,0.22603859912086266,1.2836047638798804,2.2159551168468745,1.2265636615186348,0.9903157231112949,-0.41250376647974374,-0.7309542115776444,-0.25200918692793123,-0.5809370460060347
2012-01-26,-0.2838134225523901,0.6603963398032722,0.2612874952508058,-0.7974195595854081,-0.7408426366873545,0.8483074075282481,0.2040905345466653,1.2211920707026964,2.2359144224123155,1.1910083483789784,1.1118826225629879,-0.4118291228733753,-0.622495962039375,-0.23959548118198187,-0.48296829211337267
2012-01-27,-0.28626354401355425,0.48217346723946974,0.11565859055884996,-1.0103545228032842,-0.9869999174157924,0.8948599215216625,0.19624499082504554,1.3724631155323699,2.1915506323935867,1.191894809315307,0.8772838503603437,-0.38244946712736505,-0.8429095688860991,-0.24647551781318772,-0.5821098274137813
2012-01-28,-0.19189931902566426,0.40336062819741364,-0.06312589781117943,-1.4081720484124964,-1.1641014814904116,0.8779189410329657,0.2616484213908153,1.4225139100094168,2.0720139983626282,1.1185861678295341,0.8495383110513229,-0.5740482175440457,-0.9670482928117694,-0.12535738747972489,-0.7995316914812249
2012-01-29,0.23424732026772732,0.13747948559227052,-0.05750465046021797,-1.929738732851903,-0.9633852527237323,0.8326072631791576,0.2405561868398495,1.3007151738958453,2.1440302128862476,0.8625631584025929,0.6792273725665614,-0.6945789495391109,-0.9239308606488259,-0.03501236865579384,-0.8383961912709362
2012-01-30,0.5027030550646333,-0.46722618859820386,-0.25092604512555317,-2.159528197523235,-1.174609289477495,0.6658913958120252,0.5711677812796515,1.1592730330913648,2.3436150335642796,0.6225074851820966,0.40537022360468794,-0.5440207442567722,-0.4567593395217294,-0.0812762859429816,-0.5554786406967152
2012-01-31,0.46389359265322444,-0.41038763266251027,-0.2721437429839592,-2.450789293690309,-1.192640805158841,0.3527153897675875,0.7261831230715596,1.1970058091319937,2.4887571693332093,0.594751162711609,0.3790643868375448,-0.5237002290318626,-0.5079134516488645,0.030587752963640726,-0.11675497572010277
