,1,2,3,4,5,6,7,8,9,10,11,12,13,14,15
2013-01-03,0.19360309592695998,0.41239360495433736,0.057726940154458714,-0.08423972971764225,0.1852120943840178,0.16824432571204123,0.3288272856664563,0.11678455951522211,0.03463500285536849,0.4168026153563274,0.05982309717823741,0.16617963831954413,0.3862240286047121,0.1316307693095439,0.2217455416220058
2013-01-04,0.16417987890033767,0.39901543843681964,-0.0243608586673712,-0.22257843283157883,0.2873723380321311,0.14930580750955103,0.2909000620556992,0.0333900463601189,-0.04074539672095252,0.4378330970382,0.06874837383580938,0.13072394726017847,0.35841705778353516,0.08986895373978679,0.1689515066896564
2013-01-05,0.169861540248803,0.4385280811541063,-0.0523513174510903,-0.3259199015226567,0.42374670050243274,0.18875665941790606,0.3157514922229361,0.015173179928611155,-0.057541975084088544,0.44871656799984155,0.13030523402841476,0.18246611711918193,0.4269596399160526,0.0823112748361782,0.08913910347940776
2013-01-06,0.30754051056121184,0.5560557988364113,-0.006715786590098945,-0.37965394700025934,0.5721006365659239,0.3013118347990663,0.48271974599564366,0.18281178114832175,0.012892382237027824,0.49114519796967887,0.2845886210186949,0.3765112535046064,0.5972109223437638,0.16381506078905772,0.0829564098419726
2013-01-07,0.45214656296022926,0.6173850636800197,0.08523212915029667,-0.37568171263333894,0.7949888147595316,0.4094127282997599,0.5429014157266892,0.3392971118224358,0.04640894387117979,0.5144956672160584,0.48087955148049394,0.4722260180510136,0.708701096114887,0.24245171220017905,0.05909261115574961
2013-01-08,0.5996766105900233,0.704337874383549,0.2376998374282289,-0.2959417632855571,1.0594285864457045,0.647728939914441,0.6371603594606959,0.46597505118934973,0.15143601674774146,0.5610133564295827,0.6673595301620469,0.570632400890014,0.8471393548027762,0.29921762116731776,0.07914366662208136
2013-01-09,0.6743515418875096,0.7735107609337524,0.3543427073250527,-0.201514305528381,1.2858949389326695,0.936209236116055,0.7806952997885686,0.5443508582761079,0.22845243036363114,0.6360124265069301,0.8627461115977634,0.6552997176426684,1.0031939551827138,0.33874795465878693,0.07882898736870456
2013-01-10,0.7253971143357841,0.8302729056609348,0.506269289968231,-0.05959783384437151,1.5418374791703373,1.257766078044755,0.9448500866295336,0.6686583796033339,0.3404629784994095,0.7714038527557865,1.0657070987388197,0.8335029232792552,1.1703085649175164,0.4926397889747399,0.1503211052344772
2013-01-11,0.7751946068771565,0.8035984139037401,0.6139180873913411,0.08075356638043703,1.699422681069474,1.5694394584641125,1.0555795624330668,0.7729081167189722,0.43658649599633503,0.8766257116629147,1.1747707586669978,1.0253026985762177,1.3660377608952698,0.6293623911734837,0.20925789936054748
2013-01-12,0.8169233854202705,0.8151491667514901,0.7527011426330668,0.2649389305361757,1.7500215804639787,1.8209837673196556,1.1290797811459399,0.9321647746156334,0.5475409384840583,0.9337902467774905,1.229069126643575,1.1946275962399007,1.5397058431219137,0.6192689140097187,0.29751703759112386
2013-01-13,0.8850201972698223,0.8431384230467327,0.9159702761679274,0.41264947785666134,1.7825116746726064,2.0496428776458884,1.1856667897911768,1.1613452115153668,0.714015994467346,0.9078611298903767,1.2129421278909984,1.4315921605519666,1.7025621432741327,0.6279518934253447,0.44167351664795396
2013-01-14,1.0158257708641194,0.8659537632130175,1.0710599123078743,0.5670618552281285,1.809164238912838,2.280303453005706,1.1724681418380094,1.3199668019577373,0.8482679411804682,0.8567889850248035,1.1336406735585929,1.6123709498892416,1.8343289502266387,0.6037431720481935,0.669758449301653
2013-01-15,1.120407743641784,0.8884908514241645,1.1483991177564767,0.6533966709581807,1.8386404895488826,2.46449442524504,1.05175994768328,1.3146972767982,0.9021975067085014,0.8908400967117782,1.0301098150762311,1.6429129315835393,1.9355397205094296,0.5908889803710818,0.8860028922689992
2013-01-16,1.1638214848887398,0.8495979038044446,1.077583358629984,0.6527169512744861,1.7909165780671696,2.5536253321508053,1.0281991017169665,1.2441442457813316,1.0019620532402653,0.9272831225604684,0.8658635396219538,1.743728077652183,2.0078290087687085,0.5311001294579538,1.0532386141114627
2013-01-17,1.1472371373249475,0.7531729696828846,0.9470340491250581,0.6239873008031771,1.7269015508308785,2.5483492844967786,1.003069697492316,1.1426677639388039,1.0510818709043754,0.9441563938944977,0.6713078064727119,1.8355050420308867,1.9690030281984028,0.49903981380928336,1.2251029390304877
2013-01-18,1.1457444533129948,0.6695006197041742,0.8159133440290055,0.4692043528442654,1.6561475604698412,2.4541538402585026,0.9421769627811012,1.0796655696150055,1.118874238366427,0.916710042731844,0.4120835403141376,1.9500325556526257,1.973475222129921,0.48646251086312814,1.3495192912702922
2013-01-19,1.244864315688971,0.6213689106202175,0.6701918154866487,0.28499213276638696,1.6542568745241872,2.365435046360186,0.9051454612188573,1.0480471479192444,1.1993580489023037,0.8436535596467812,0.1485349192745443,2.037606282773029,2.014731335452369,0.44991104971511353,1.4677237562261294
2013-01-20,1.374202139379016,0.6726246535115531,0.6014065560910078,0.11227359104858227,1.6150755852766923,2.2831048270508463,0.9418883053108931,0.981215637674485,1.3472574764481624,0.7972345248916055,-0.08652332064664336,2.2187688402227574,1.9723276139901145,0.4474567052963448,1.5223668561064343
2013-01-21,1.4371894474348106,0.7622851640909685,0.6156118784927791,-0.06505238853645866,1.560233645741675,2.2257346222057,1.0063082285599738,0.8912231922443651,1.5407968716795446,0.7705092831687237,-0.2955545085274583,2.3307260345161045,1.9623781375763754,0.49918534444948454,1.5316381779038357
2013-01-22,1.459429574966453,0.806581847809211,0.6599969212686576,-0.21713977757162306,1.5359021047624128,2.1413971387823514,1.126583760737897,0.7673028708746239,1.6740199272001353,0.8896712149876418,-0.38131562625730464,2.280016489566344,1.9331593979814845,0.5598300380569894,1.554495384954617
2013-01-23,1.381794546941281,0.8303657362838169,0.6772474614098851,-0.46733837536772865,1.5521234185202204,2.0658046237113337,1.3280812762006589,0.6860882318501035,1.7507562408320179,0.9797628665018397,-0.3671307847683775,2.185102259172736,1.8783143316498228,0.5723187912229305,1.4363712784258966
2013-01-24,1.2144980962532888,0.8710086209821055,0.7350898147464247,-0.6712071400383566,1.5752244470289007,2.012704119895757,1.5742884949807021,0.6235706904892134,1.8514797741150897,0.9833471740187817,-0.37186028935085114,2.1551141897507278,1.7403481900599578,0.5303517566922917,1.2819881908200628
2013-01-25,1.0231495887894742,0.9551590507059434,0.8661185434243975,-0.889167882874323,1.6077673661334044,2.0276473385675673,1.7178850628152598,0.5448921451210922,1.8982767758094652,0.9564355249236101,-0.3765933846676595,2.1305512077066284,1.6167101208464534,0.510066916673301,1.03609501715432
2013-01-26,0.9413036326035782,1.0508083613489412,0.977604497508544,-1.0769758862362082,1.6025128468500969,2.0015446373988053,1.8073706543288854,0.478084780424896,1.9716153418706865,0.8852107525289981,-0.3475884997235799,2.088069118994803,1.535376000062592,0.5016896402271308,0.8362945149179234
2013-01-27,0.8991751713204734,1.1403408683296286,1.118764864240241,-1.2284144353662911,1.5978255662599832,1.9639213797423438,1.8306690336147637,0.29041749027656627,1.990489148988284,0.8369094276605012,-0.2815798980480245,2.0329386195309387,1.3652442897225032,0.4530187039465992,0.7218497019131697
2013-01-28,0.8068473905811779,1.2066847865677326,1.2903996568275922,-1.2899653192530627,1.4874182151558109,1.8958166408660577,1.840305396412077,0.09164542483487241,2.027235978244433,0.788604156603526,-0.17634279599887315,1.9866557114813044,1.1818386137547645,0.39462641359506245,0.5609411958846351
2013-01-29,0.643419711785096,1.2919789718135508,1.3978076346726669,-1.3039110696473772,1.3172752188873682,1.7981114737925532,1.8101469452978554,-0.0150222815104905,2.023520566033357,0.7490353053257179,-0.12637300032905452,1.8576831750136318,1.0437337309567807,0.34223447452748185,0.4915219772923867
2013-01-30,0.4948134565236081,1.3168724758290122,1.4384595059803016,-1.2801240186129959,1.128764423916053,1.714941412812667,1.7310278718539667,-0.2003507789109266,1.9071554869789638,0.6961602874639727,-0.1125271593605546,1.7890248527331603,0.8772042601454565,0.3417660973561651,0.5188327910641639
2013-01-31,0.3652569446960186,1.4265207252518635,1.4010274910830895,-1.1811572243497912,0.9273098513990337,1.6518031627327674,1.5803558623176646,-0.4885338187214039,1.752433066186512,0.6377732975062115,-0.09571200386457457,1.7767201943020885,0.7099812803309724,0.28411670995460475,0.5465261152141654
2013-02-01,0.2647948526418931,1.5170194153386847,1.358668942131713,-0.971791015766706,0.7431091150460587,1.5217147728153504,1.4233730951938603,-0.7900287982632132,1.660129427212425,0.5874983841101075,-0.04363800649385732,1.7628410477162981,0.5270383942210511,0.2552331525732312,0.7015610643720754
2013-02-02,0.20009016537637878,1.5147587543359975,1.287836947549693,-0.6517567955398389,0.5741265334757745,1.3042413191965763,1.131512452882444,-1.0428621625643866,1.5619135877267263,0.5093487286178974,0.03509028875307985,1.6257390539054122,0.319434513985565,0.31213410138002484,0.8339003154040988
2013-02-03,0.17543174030322484,1.4441662897351912,1.1199605219888393,-0.2824604180895385,0.3550180448399968,1.0370188120527208,0.7924410989163626,-1.2581960716735785,1.4603738679541716,0.44054848922650147,0.10514092922066817,1.3581655838740747,0.15050823107869843,0.2949084078335674,1.0519800740659098
2013-02-04,0.07724980866138874,1.3783452753898617,0.9513796526280166,0.10719265548983534,0.08936532311674682,0.7564996407934027,0.49109421543338333,-1.4656237053444874,1.2577123065200069,0.3024754222690044,0.20103160768070394,1.0709850549451683,0.008828740100162172,0.18418929997544645,1.2152539215212064
2013-02-05,-0.03870798181971693,1.308843338468657,0.8175402782966817,0.5087817904181212,-0.12197757709670501,0.5615033385033065,0.2823124984317154,-1.6020100004013862,1.0248091664531318,0.1406915738533078,0.34209714046129996,0.6963074364922589,-0.09322292732231144,0.06622776063970781,1.3010394643092777
2013-02-06,-0.0958163247452564,1.2494134585362395,0.6916953248444137,0.7736834491280962,-0.24426130885457537,0.3952423982599585,0.024363502892933864,-1.7128114255647957,0.7521854504965394,0.022070329774022568,0.49539081538130986,0.2477112597045697,-0.17722857767930336,-0.09214657185581575,1.3922593287994833
2013-02-07,-0.09982065786740034,1.2396997256519582,0.6395628290619064,0.9574846931210015,-0.25187691414961716,0.2637333826632008,-0.24146798073077622,-1.8000229254534417,0.5475679254417583,-0.004311144275939166,0.6388507063742377,-0.1330458917594305,-0.2695791417532684,-0.30260666917053736,1.383040748180092
2013-02-08,-0.08618342910799341,1.2556728014545064,0.5366034088674299,1.0660517464425392,-0.19781638315839825,0.208661306840194,-0.47418497733892245,-1.8045857025717784,0.3632807444332856,0.013206279076685526,0.7656041189596106,-0.42114417399902465,-0.4392206695992445,-0.494218835197021,1.288813721087861
2013-02-09,-0.04027098425990661,1.1439320059059548,0.5011867993382223,1.1110804541729953,-0.18136058966129986,0.178207104404188,-0.7005772614397248,-1.666956902424745,0.18522512079304815,0.03960588056490715,0.8049785112513707,-0.6349901592952778,-0.634157751950054,-0.5820117509650088,1.188134025448649
2013-02-10,-0.016127999456314414,1.0951212499381866,0.5013440388947109,1.1254596527966605,-0.17038030096834172,0.09754434568143262,-0.9907256706592416,-1.513038341176986,0.03769379687558101,0.10721532062505129,0.8023635749540535,-0.8175314653979278,-0.806050290111051,-0.5861398379317514,1.042421161146681
2013-02-11,-0.00924341837478951,1.0377039098587406,0.4945992840936653,1.0848286722181364,-0.2524423215171309,0.05761047798542891,-1.2588487747153707,-1.2923776577163844,-0.06732606822654769,0.2093321084219242,0.7743842515051312,-0.91326676877887,-0.8781366802167464,-0.6344325357355378,0.9412502989594804
2013-02-12,-0.05353959918895167,0.9693816673604454,0.4812656587327807,1.0106535248804067,-0.3296765843098387,-0.03888914412914785,-1.4830717122159844,-1.0910325478210712,-0.11331689413474001,0.19325529305100017,0.8098209790916369,-1.043061415271984,-0.9538328914966608,-0.6081931817175178,0.880889369378009
2013-02-13,-0.12557027531600296,0.845005572018302,0.554541026644716,0.9108621079857264,-0.37436508349809544,-0.12073238023308709,-1.66329691044435,-0.9205029670208118,-0.15051798612238618,0.25034508544507134,0.768251986791511,-1.1864935809475017,-1.024347547974846,-0.5573236611620584,0.8291223890825734
2013-02-14,-0.2726999786264574,0.7192490636071419,0.5347914913854275,0.7598522343294988,-0.4691972543038867,-0.3544235843414885,-1.8134785213205138,-0.7482060291363157,-0.11139378693513077,0.2969373073500181,0.7646074774054938,-1.3347299162697732,-1.1555946218680717,-0.4842357576054238,0.8014103019886606
2013-02-15,-0.45708506145285915,0.631893377919843,0.4747517334473011,0.6263996546471603,-0.576567483332006,-0.6241970737379993,-1.8871367834989945,-0.598908081129437,-0.0859807244195766,0.23090056739401427,0.7708588985655519,-1.45677875808414,-1.2540833291298523,-0.3842109676938908,0.7205491208560609
2013-02-16,-0.6575167382463111,0.4944981291375899,0.5122944222360674,0.5515220302492176,-0.6695774670542599,-0.8708730671944253,-1.947825485425442,-0.5353446250803681,-0.12387736635815175,0.1282147713039174,0.8207307522585866,-1.6525525405778032,-1.2316249918658173,-0.2915025992170159,0.6797144004840354
2013-02-17,-0.8822784333200697,0.3819424068978777,0.6349377711481489,0.4943160719955566,-0.6964970294485361,-1.02724908597064,-1.947046442695811,-0.5102089088180183,-0.09964183902286808,0.03427350568753776,0.8461508392624839,-1.9415912484267812,-1.0721375923397398,-0.2581588917631213,0.6029627937092095
2013-02-18,-1.1391048963512098,0.24192541888584704,0.7432139201902533,0.46848373838424723,-0.6542313597825662,-1.1210982981955275,-1.8563714128848183,-0.4481010165825334,0.0007487253457827334,-0.11086917123787358,0.8592010126015507,-2.218369421349376,-0.7843528622443756,-0.1836693393421178,0.5072194385473087
2013-02-19,-1.3479263448586045,0.01029663889071008,0.8110777816885143,0.5319496773341003,-0.5702707031364861,-1.1564599582877613,-1.7189637788604888,-0.36454780087225386,0.10301907973960236,-0.2878164858594129,0.8272086979031529,-2.4221444549630076,-0.5081478470009272,-0.05336379775024808,0.42036475711428006
2013-02-20,-1.4588650491457207,-0.23887232498165295,0.8224422780535398,0.5823993438100121,-0.4172526288288571,-1.2137820039626748,-1.5538133353516923,-0.30537863982839214,0.17443844743399278,-0.4935511302956477,0.8163673455190724,-2.6516408922259065,-0.2503876868383989,0.07096764431514592,0.40533215887960594
2013-02-21,-1.4911518007855815,-0.5277225784087461,0.8377475754571118,0.6594256355083493,-0.2648431637447474,-1.1846182817530426,-1.3508347575740902,-0.28085637674720326,0.15527091828277734,-0.5889536688755209,0.8427583271485993,-2.8007089684113886,-0.01262728900642329,0.0943880724483187,0.33223481187291215
2013-02-22,-1.5274114641699141,-0.816711806193907,0.8420609197768053,0.7074389419916953,-0.12295523647677213,-1.216994207046773,-1.2250195748806767,-0.2585136610903815,0.14246517400314335,-0.828288184420837,0.939426466967907,-2.943660934221267,0.19294995025871944,0.1679381798269666,0.1768656157337087
2013-02-23,-1.5261813409406981,-1.1520886353682092,0.849717164260797,0.7746994854954701,0.009077032259702524,-1.1919775666808585,-1.0863345702925975,-0.1292713360030179,0.11946447923149056,-1.1310648032558757,1.0173447015262236,-3.0464876662913403,0.3874301424407741,0.23351341042580923,-0.04468044571714044
2013-02-24,-1.4770818554692788,-1.4205517460114718,0.8339804126478628,0.9263956468475628,0.1033413667074231,-1.1282627087242019,-0.9056048238483358,0.0173424323799647,0.08161417084919666,-1.3056224276152084,1.102235288524893,-2.9817037943984857,0.5085514546738802,0.26840526641272605,-0.3692769741474112
2013-02-25,-1.3439726691554386,-1.5013649524281427,0.7361117247875145,0.9638572431495506,0.1259811014831306,-1.0462279817523257,-0.6488371632459241,0.18135017601892753,0.04365485144256426,-1.4202254495398032,1.1832962371783755,-2.7856271566761586,0.5427989833264079,0.2439649203491438,-0.6547802900370621
2013-02-26,-1.1750990181277416,-1.5863440781280373,0.6429107669833697,0.955252648942449,0.10091464331919023,-1.0262141162180933,-0.45425795816946635,0.3373147489862629,0.026587207932367705,-1.5476363693923867,1.2447022458670687,-2.5137286398841026,0.5011647418657923,0.2571082332700293,-0.8335257555230892
2013-02-27,-1.2415914677742923,-1.495855927265786,0.6354793608920534,0.875032105011911,0.037855639971597944,-1.0635897342932388,-0.5434705349168096,0.2883364306105338,-0.042841808668901166,-1.397360009367852,1.2262005596109293,-2.5867040185593386,0.46786684825322045,0.24665788032166758,-0.8241902377394072
2013-02-28,-1.0725439439209337,-1.60886581272473,0.584544961876894,1.0191211533324298,0.10877176737214032,-1.0188564938968214,-0.41088696230444843,0.348065965823968,0.042922268885451524,-1.6969756131905884,1.2309336430665312,-2.4198865022599367,0.46555527001874186,0.2659001022197484,-0.8948120970665491
2013-03-01,-0.9801124380035708,-1.6547051192844373,0.4726806479429695,1.054479714222674,-0.049385771396422064,-0.9689604726530152,-0.3896482386711583,0.20882252778657337,0.0028704226742050066,-1.9101602853549229,1.1947965349251346,-2.4006324759802555,0.4697389429627258,0.1815049877160695,-0.9838018356038905
2013-03-02,-1.2528027478987527,-1.4862461748540743,0.41793291121513065,0.9572918699557417,-0.12178913624209196,-1.0146658245602784,-0.2710937983932052,0.4191349184976802,-0.057864399400346204,-2.2353827569674953,1.228763536120624,-2.4247296587830482,0.46135465809536824,0.17494011307044668,-1.143128218131874
2013-03-03,-1.1419409666306923,-1.0592616434569178,0.12930414143523958,0.7728054877193735,-0.21213139849435972,-1.0682138770585763,-0.09218541579708173,0.7306157282148356,-0.41713295683643525,-2.0681755853587473,1.5211382799787947,-2.2002247853889956,0.44114209229639606,0.29250028419023316,-1.5028084415063891
2013-03-04,-1.169240798923806,-1.186150712161116,0.11797181860345031,0.5772967476012002,-0.25035586180394537,-1.098386699339065,-0.11200831055120146,0.7516758178008202,-0.36596073768163084,-2.029362477759539,1.5805762999786799,-2.0459730941845717,0.2687033100045567,0.45774216788695926,-1.667533106701425
