,1,2,3,4,5,6,7,8,9,10,11,12,13,14,15
2014-12-20,-1.1499871650959057,-1.1252119512769365,-0.9887481173081483,-1.220605576467076,-1.0290719909125747,-1.06082419029942,-1.1791513311606676,-1.421178055295912,-1.334226908028733,-0.444688998053548,-1.303860870734759,-0.7249869058184462,-0.8771961929209243,-1.0971690483127257,-1.0532721367525268
2014-12-21,-1.0549372709890157,-1.0103205959103094,-0.9199698267087996,-1.1773627521542143,-0.9175084205938697,-0.9190924195202865,-1.057834821853295,-1.4043775812527188,-1.244663777082023,-0.2435347855328153,-1.2321372764176706,-0.5655996084553158,-0.6783052851494995,-1.0158452319775828,-0.9810496059598083
2014-12-22,-0.9351590095975222,-0.8822599973239533,-0.8085729858364167,-1.0602343430799064,-0.7600056505063258,-0.741458183465544,-0.8875961872566709,-1.3138053142828647,-1.1083465762198226,-0.059690202002120656,-1.065258889495182,-0.30997619786666186,-0.5204926673472582,-0.8690128811317798,-0.9135448130921475
2014-12-23,-0.7596964720917335,-0.6678390718082217,-0.6165599191664657,-0.8870313469949931,-0.5337926977442257,-0.5295032047285951,-0.6494331668301513,-1.126684650037818,-0.9045964152389679,0.1360778383148966,-0.8196197756625276,-0.011246322103167658,-0.3946255410909237,-0.6538107902033281,-0.800637343414162
2014-12-24,-0.5283342171320389,-0.40504465573304665,-0.39529827034794185,-0.6107036950998466,-0.2167929671460998,-0.27707912538959734,-0.3220085394923701,-0.9235528925547982,-0.5627493383646227,0.29396039242823435,-0.556804430492775,0.2323113598730957,-0.21860578376476958,-0.40310235063543287,-0.6333738025404795
2014-12-25,-0.2247631948736631,-0.03602450912958659,-0.1221339571537237,-0.22759165038932916,0.2231162104125149,0.048960446858618216,0.06293339707061524,-0.6008409044761359,-0.1227829891241819,0.4962021728578757,-0.18035582363611719,0.557872958995675,0.013469468447137926,-0.08411109204349755,-0.3994496266773625
2014-12-26,0.15406177843376506,0.39021729872422045,0.19293268684749482,0.20773543204497533,0.688310887701445,0.4298138385403694,0.5162140358355629,-0.2736915979801337,0.3127373441175823,0.7355883098141629,0.2390357951053323,0.9065925969040292,0.31115308323429064,0.350032905036369,-0.05323235148289309
2014-12-27,0.616984608938727,0.9064866234822003,0.4531158372300495,0.6653121802319292,1.1405020775161774,0.8757765139491615,1.0119556474487403,0.17920776508322353,0.8443018858734346,0.9463162493657075,0.5964266238353957,1.2495923083770373,0.6617599808931304,0.7944922166145629,0.28179021688007355
2014-12-28,0.9839007856654924,1.3090065781359024,0.6798395518332314,1.1042955703788528,1.5696989430857948,1.3182547505384345,1.386573724995873,0.6320564119064115,1.2784145849512816,1.0966748456052626,0.8402006275219243,1.515279690019003,0.9233272557603313,1.2238773686748832,0.5930051428535049
2014-12-29,1.270805587524,1.572669755309906,0.820196763854065,1.4521122142468903,1.9416922854346559,1.6001354368570297,1.6286306005254336,1.1649963218002277,1.6058619692297418,1.1792836873172405,1.0826802478615147,1.7033952560024435,1.0192023917788446,1.4950813152852007,0.7911732715245092
2014-12-30,1.5265235155920847,1.8431615005051512,0.9686616110550843,1.7550265274346466,2.23085925446498,1.8265367187082384,1.7812253302866927,1.5910389361141184,1.9268250409066214,1.2476640129376053,1.2930507365293005,1.8475507041274264,1.065145594740739,1.7992590420371806,0.9948680708215532
2014-12-31,1.785747449358797,2.100568861036306,1.0593187264668769,1.9721916534241815,2.451809987993468,2.0186031347913014,1.8782300670891112,1.9081155840260708,2.221876627109954,1.3776665294495438,1.3871518508024996,1.9166125155657066,1.1021769373461543,2.000313362157668,1.2260750219453227
2015-01-01,2.004035396855357,2.2213339567270087,1.042260768057909,2.1367170783711127,2.591249194295882,2.151693128309249,1.8622960869679426,2.1179298410025074,2.4367502071468126,1.4840613796336979,1.4052592355886393,1.9401426970912787,1.1361486764806208,2.105624597154752,1.3829190404027079
2015-01-02,2.186504760778429,2.2820634202999432,1.0635630018976816,2.275816250480509,2.6457732102569063,2.3406558420444075,1.8215326757233914,2.320242226409067,2.525029187463421,1.499370251391808,1.3953896203652243,1.9417523446801424,1.1994054894167743,2.1441840514037325,1.4261914585026483
2015-01-03,2.346574561124869,2.2569711737051956,1.1724425364808015,2.3203785270104014,2.583171989898408,2.4774008474673814,1.7417053062193608,2.3783860164737463,2.5302900006226183,1.4572855658202584,1.311026321254746,1.832759861870601,1.2190100760069769,2.106303320311397,1.4352171820824977
2015-01-04,2.4731446673286817,2.1017897140800668,1.1917568819805429,2.3316041234546496,2.5815307815806405,2.4407869081913156,1.6703527892306196,2.406208118551225,2.4530794843903125,1.3522030778253387,1.1157136913316694,1.727177278765671,1.1213960515209749,1.978220936895776,1.370802970611375
2015-01-05,2.476110783464616,1.941868743561913,1.2435639671908219,2.307275031262363,2.527780173332091,2.327581893988351,1.4690224609266094,2.4012253685389613,2.2794393012094463,1.2261763995720347,0.9660496365671886,1.614613515967911,1.0112989637938798,1.8101224303804713,1.2355351306570106
2015-01-06,2.4746346996769195,1.8774235562552302,1.2909791874782428,2.216077415313842,2.3877386455945033,2.1536913280165217,1.2579459416153025,2.3090910265785447,2.196955542100073,1.0191339960710895,0.8911307507222429,1.4431566262109101,0.9475456458817373,1.6426616606704354,1.0558668182734536
2015-01-07,2.45603306627087,1.8478433945641632,1.3450925831290095,2.0647735918549164,2.263954698432646,1.8906266812082229,1.1273141372231563,2.1271684612434285,2.129009900103342,0.8262194117348362,0.7543920983421478,1.264250296188074,0.9362552335227384,1.4918189701324533,0.9219385380431748
2015-01-08,2.4676209242088776,1.7678119025979366,1.3758188136476226,1.9067286113730502,2.1521212979491087,1.562551951427341,1.0835146826468711,1.8688691056002684,2.0214478845638433,0.6601475586332571,0.5447183950731848,1.0736372916892911,0.9250385522183454,1.2968161642425726,0.7599972809187532
2015-01-09,2.434188763324236,1.694223521897233,1.408767510313495,1.7613117844780823,2.0112835358932655,1.229238604515043,1.0384431737345396,1.6187055930402796,1.8152598609343849,0.506602550836956,0.3509164899621756,0.8280851881333442,0.9622912287835026,1.1493060689779535,0.5173579331810152
2015-01-10,2.3701862332682366,1.6738577714429297,1.503759322374295,1.6354490162358677,1.8993550741497607,1.0306321599022013,0.9775995467319374,1.3858851813908737,1.6515155155328567,0.390051305047558,0.271548586278214,0.5710008242946573,1.1200374871478431,1.0248777760749954,0.25684708946053036
2015-01-11,2.274129488421732,1.70750561937378,1.534182519080993,1.5144725385619797,1.7214709103663706,0.82044974131193,0.9249562459925255,1.2025084180321586,1.5191717508994176,0.3293512055256849,0.289543169454458,0.41870634639465526,1.2538763451350685,0.9413855334453409,0.10225196642953288
2015-01-12,2.0723352623426785,1.7408319304902475,1.3921669345351224,1.3921998071661021,1.5585844318025828,0.6013046857628266,0.8297759852680359,0.9960522979956287,1.5150535694682752,0.337423211145735,0.328529444424522,0.30437649718800364,1.3021603153459318,0.796340805537813,-0.03404643456350467
2015-01-13,1.8001451387783258,1.7804215361059779,1.3476613459264006,1.2799031997305637,1.2737338718982523,0.4274888983658919,0.6345624672358295,0.8781764040864993,1.6223814243719201,0.40806599275010014,0.3976597706269638,0.1824808888345408,1.3410236600002632,0.6292578129543926,-0.13394330454766323
2015-01-14,1.5798138698792792,1.721988072285084,1.3053957540234233,1.1873952533869243,1.0044318610058904,0.2841658299509517,0.45640549752173076,0.750074071223354,1.725428019137897,0.521342418031821,0.4740530922167012,0.09840133322496905,1.3169386262123588,0.5217426215863035,-0.1846305614129481
2015-01-15,1.3648620287634832,1.628572180641303,1.2831955089052403,1.1146504083423978,0.841118050263545,0.2365396877004147,0.287026844253173,0.6968309216170954,1.8131196891008021,0.6297770374258012,0.5398580187975075,0.0688728913384201,1.3226684163122089,0.4006382303166708,-0.16850317813470864
2015-01-16,1.1645404249482856,1.565334880812181,1.2334040886269957,1.0289893538332562,0.6290505109502039,0.318120782167169,0.13882672362852966,0.6538993080425645,1.8912316613102853,0.647006259509731,0.697096553873674,0.05019854041205803,1.353949957943483,0.24380881736953536,-0.14129432221273056
2015-01-17,0.9194995583658535,1.463610863164853,1.2294619213555062,0.9883049238693272,0.4461418325685452,0.43344367247706916,-0.05584367371354827,0.7165257875696913,1.905795521124103,0.6476119748703287,0.9186859881745165,0.18091774661587223,1.4235025165104134,0.09594625495150559,-0.05496057024761096
2015-01-18,0.6834120601300109,1.347045738751785,1.266701054636561,0.944497608726965,0.28622522009411255,0.5857092988084858,-0.2249766665874938,0.7779349346315361,1.9768390468720904,0.6481491287039723,1.0912765603118513,0.35505782512075207,1.466909796151193,-0.06417350442445949,0.06637730875389586
2015-01-19,0.47564151017038175,1.2100365309596623,1.2160603846438227,0.8982997460967744,0.1130148228683353,0.582502217458113,-0.3167049096998101,0.7465778167768186,2.0183813914022695,0.7159687042812807,1.106388595088759,0.5425312255577407,1.4277996445239547,-0.07456294524913254,0.23659969348192086
2015-01-20,0.33675707326266247,1.04266966291936,1.1548732645718005,0.8737421798450032,-0.014190208131408547,0.5838678320831489,-0.41738587398068894,0.7328926900437199,1.9933069122824096,0.80195354836,1.0427903585254832,0.7267982373151708,1.416279468724887,-0.09268992082080747,0.38783980667129403
2015-01-21,0.29093924649620445,0.8201676572358018,1.1460616083581279,0.8003970966652575,-0.027375211501307978,0.6567946440920981,-0.49279483599742574,0.8033301100559529,1.8896069397334738,0.7736870155747414,0.9384239259004611,0.8921228238278814,1.5039427543974162,-0.02467643501925531,0.5541695022303744
2015-01-22,0.28220432575864846,0.6250379533419899,1.1064649637394517,0.5958264389221752,-0.07655614346482022,0.7845289428436554,-0.5653951214682776,0.8313568342945341,1.7268961476840303,0.665567903279155,0.7886787538330974,1.0431500274544832,1.5249366544220566,0.042055389178623365,0.7176884123735671
2015-01-23,0.26482401805949857,0.4465627562150314,1.12700269560347,0.300990875779017,-0.1691360779026265,0.8268145431974343,-0.6845669369300819,0.7863187251218786,1.5044683812827522,0.48861088603803393,0.6782894374732662,1.1464245412587095,1.4904182111168094,0.07266403838595585,0.8339938589658269
2015-01-24,0.2347289043410551,0.18559415958204808,1.1172170107052346,0.06380050179952738,-0.29519359850616717,0.7980759353463714,-0.7542714951833493,0.65144445621772,1.2403214755556742,0.36590785679576227,0.6458191085201688,1.195102687809961,1.4147859989785667,0.004602801368096462,0.8635457219129088
2015-01-25,0.206585165236055,-0.11222363277157027,1.1122724648886066,-0.08567930930007335,-0.3855189721083339,0.7550739091291926,-0.7669605425606402,0.46038082839949457,0.9364360402013228,0.3438357035611021,0.6223676461221823,1.2624341164051995,1.307681284783286,-0.03164606972258766,0.9078498545553295
2015-01-26,0.16443306408818287,-0.41697204682324096,1.030636413815828,-0.22211138168695807,-0.529625844403129,0.7252334044258041,-0.7737457173757153,0.2773959627888725,0.7155832619347778,0.35145498727405267,0.5133435826714445,1.2418066349826642,1.1583026257949074,-0.0469648923312944,0.8434800433239626
2015-01-27,0.11407449397369195,-0.6556766402326353,0.9302457449184032,-0.4627937508990141,-0.7078034817140375,0.5981240247066438,-0.8330964847440131,0.1270822542507836,0.49484258157149275,0.31292940847893397,0.4896947441582215,1.190133196293535,0.9732891425603927,-0.09984171709301373,0.7951908893503966
2015-01-28,-0.012468280655249166,-0.8746485429542443,0.9300864027814146,-0.7292119438108042,-0.8461845905305673,0.5484469042779876,-0.9454094324628008,0.058480731688184434,0.23567159848144695,0.2088345404831326,0.502139889072987,1.1206641531157968,0.7950714802951905,-0.2250181758994049,0.7060528239877669
2015-01-29,-0.2479619418552041,-1.1303009881418844,0.8696430369739662,-0.9939739192485304,-1.0106687519541262,0.45236122519100613,-1.0622509395474466,-0.0497453993204847,0.009074786644144694,0.1318603713787194,0.6110954463306439,1.0390473393092339,0.5828195226455933,-0.41604044327105677,0.5872824155735404
2015-01-30,-0.47667487023140737,-1.3508187084369716,0.7378879931965858,-1.2219880200822424,-1.2266504727718401,0.3189697504705784,-1.15683436908671,-0.1812752369328361,-0.25449902490890103,0.1402458281643164,0.7876669113860605,0.8921125439132311,0.3796198151743357,-0.5957231859395729,0.44800951359123203
2015-01-31,-0.7341151257735621,-1.5926580535141255,0.6477103795886214,-1.3558927550423983,-1.3494926938086331,0.1524704439777172,-1.1952190482706098,-0.2617117257856772,-0.48259218940125437,0.21228963236896248,1.035025378548466,0.7081278952002887,0.2372105252978333,-0.7741039048509383,0.26599790785194527
2015-02-01,-1.0011381349221804,-1.7806346895724343,0.6015447012825023,-1.3812726080366127,-1.5007632069405692,0.07206796027429392,-1.1540018284800393,-0.2774303340374016,-0.6173423601396159,0.3156314460163785,1.2671291964200282,0.6035120548574885,0.18047662590757524,-0.9212877813924758,0.09339852389344995
2015-02-02,-1.2182059653242416,-1.8556018097102778,0.533137490720912,-1.433676659797069,-1.6260450918782268,0.08385631350867363,-1.2512601058064894,-0.2468261687524847,-0.7418936433590341,0.4529047923449276,1.4029247383822514,0.4737077132743003,0.049016535106254304,-0.9808892603999441,-0.07013081855809379
2015-02-03,-1.346446154411556,-1.9154303044664578,0.44058482535969684,-1.5097688508892284,-1.7650595828319375,0.09506089397452044,-1.4839239569612392,-0.16004152201600355,-0.949560725042209,0.5508180129173654,1.4114425993718767,0.30030816318477216,-0.06637878238525968,-0.9614115690607057,-0.298895251296791
2015-02-04,-1.3853162223219817,-1.886558476327931,0.30528253657921656,-1.4899647351744185,-1.7585644401202551,0.1348951688380818,-1.6618589940463573,-0.08195440667863033,-1.244541278235331,0.6036290740376677,1.4397770913687875,0.10747501337674943,-0.1568741903830908,-0.865475736656953,-0.5007300093789384
2015-02-05,-1.3669050028086283,-1.95777048836326,0.12634960350071037,-1.3084896751905752,-1.6493664176606713,0.25313070584011177,-1.760892609138874,0.024984314313369217,-1.5131275074681285,0.6438332563228292,1.3372822057753435,-0.048624036366979866,-0.16463121731376038,-0.7450553094735581,-0.6502965456035164
2015-02-06,-1.3007456876082062,-1.9770230640500999,-0.19832961920491088,-1.08461379340093,-1.5597189963726457,0.2893107389902813,-1.7796983749280861,0.06936180941655866,-1.6786685881376349,0.691949619013777,1.1859755724797745,-0.1913736401263757,-0.17395945798193937,-0.6648366914262722,-0.7074727422192154
2015-02-07,-1.1266321381674447,-1.8884582807741785,-0.5021456976809286,-0.9229360713886023,-1.4088076324719763,0.29426242737314195,-1.7504139661961207,0.04791445562377696,-1.758829225303182,0.7410097991367509,0.944413219775822,-0.30627248184585687,-0.17516681869076675,-0.4998223020797002,-0.7460066843736668
2015-02-08,-0.961612989898334,-1.751924832477963,-0.7093829050211358,-0.7061702572360035,-1.2984307511790252,0.21260498500609712,-1.635598222143299,0.058021444486770074,-1.7651500646883025,0.722773201568065,0.6630498883844905,-0.2535147090055296,-0.1652064955952789,-0.3360193134652713,-0.8430820641479924
2015-02-09,-0.7961918168473917,-1.619118832736741,-0.9598220959055633,-0.43906912935225983,-1.2466200975993957,0.19786822741161983,-1.5093656410923146,-0.0041785040635758715,-1.7863743235803118,0.6451511768950609,0.3259682463975299,-0.18103688064675502,-0.09540436793627607,-0.10926955725916232,-0.877512885586353
2015-02-10,-0.619660583853007,-1.513902677857145,-1.1881785649293142,-0.22478959990201455,-1.1564219379175409,0.1979779547758821,-1.3112883621991054,-0.12283216204312637,-1.7825985594573408,0.5291400737866185,0.003610757270941881,-0.2053467139487631,-0.045812819688438464,0.045857780202979745,-0.8658538127165364
2015-02-11,-0.5246137355599109,-1.387990918500923,-1.4000894270646376,-0.033336997440906686,-1.1353052948575237,0.17824822072704763,-1.0294290224186131,-0.2024464283009229,-1.7161284080533854,0.37986710895703385,-0.2783952516482864,-0.2208253429877864,0.012227384234065736,0.1974428771920717,-0.7776416694628471
2015-02-12,-0.5418694934704535,-1.1653641263743204,-1.547899821029945,0.1602398039724452,-1.1038190159184171,0.144904342322287,-0.7026386541214025,-0.2408406760683504,-1.5460400706767035,0.29201737846510184,-0.5212790056015296,-0.18335546836988723,0.034575517181306636,0.3779368450108573,-0.5696385460160082
2015-02-13,-0.6530510362300317,-1.243275430462493,-1.3628337212177184,-0.03609127462329298,-1.2216188281830893,0.2444931994123806,-0.89317336776883,-0.18870867203460034,-1.5957733837672674,0.3780755759106517,-0.2744925746949832,-0.11885717964337375,-0.02420298568954259,0.3164343767688101,-0.6381460416757216
2015-02-14,-0.6885510772508286,-1.0693560157013486,-1.5747668503123677,0.21227627818666372,-1.2255843651495901,0.18253579871535147,-0.5505752068670398,-0.18551847581301154,-1.503503349113618,0.367939830383077,-0.562092973183731,-0.1218685774714053,0.003241963511292449,0.5335803595487978,-0.4859115738920444
2015-02-15,-0.8464553820217271,-0.6525455647997788,-1.6850298013256628,0.29361015634112253,-1.15826989319048,0.06085780157784251,-0.259259539978475,-0.23638705260588402,-1.3661456736800726,0.32568673469882636,-0.8782663521015178,-0.047015688090127836,-0.005369149620791221,0.7673932084070872,-0.7062574677322984
2015-02-16,-1.0013299003139837,-0.5076493764170436,-1.6141876213838733,0.3777192109383497,-1.1570850508137673,0.16515362364115685,0.12685307687150343,-0.30212742754230737,-1.1947738314117027,0.08360722373546792,-1.2917310460385056,0.0026068885898761157,0.15575828625905147,0.8266591322106238,-0.7275704669894726
2015-02-17,-1.2775834279256302,-0.2006538197970656,-1.6374682641081886,0.19770618630839745,-1.1204921359149567,0.3796798005314792,0.274571502274786,-0.33611381610304897,-0.6505528309725355,-0.047400224477672996,-1.2870669290554517,0.043826169431478754,0.15525400300723963,0.8699541309975225,-0.2784698066069925
2015-02-18,-1.37380553520904,0.07222691399117394,-1.619255612720025,0.16650513826524932,-1.0969003743900148,0.2943583093808631,0.22741019946857072,-0.25124803301076765,-0.5241375930367927,0.15926801900394286,-1.1678323687817338,0.3386398519512024,0.1595774580010065,1.1460250578330688,0.07342638795533622
