,1,2,3,4,5,6,7,8,9,10,11,12,13,14,15
2015-12-12,0.22141884351049507,0.197936539528781,0.20864885782694795,0.3258180265954193,0.32876848773165984,0.11554267397248581,0.06691856116643997,-0.17963390055663808,0.1451687216618485,-0.06447434594316268,0.26489771330233003,-0.06348589712480084,0.4380151608529289,-0.05836001986752654,0.0695353232857591
2015-12-13,0.265605179753159,0.3266168442132517,0.2778649719839268,0.38249096691605783,0.44420275851946267,0.1506953541069075,0.09782846039192065,-0.20600307019652953,0.10271283948219874,-0.10930997461901225,0.30499803089626637,-0.13670346951424817,0.537428913953596,-0.06997699974336245,0.11021964258608541
2015-12-14,0.33563910367662325,0.4592103984799813,0.36366919016515564,0.49269652744690673,0.5811552747653742,0.22086515178610017,0.17130625816946324,-0.2242580451912466,0.04117180239319762,-0.09252133649612532,0.3635780448789455,-0.17128542650356507,0.711462598077008,-0.07539507200977213,0.2165185368705676
2015-12-15,0.44482675591219734,0.5325152135296387,0.456286457955726,0.6258106123014994,0.7234224542986089,0.2969495639339697,0.2258411532897024,-0.21342679869891518,-0.010304418681677991,-0.10035864967504822,0.3077729132026223,-0.2807882564048622,0.7772289146352569,-0.09103804148700183,0.292765456525271
2015-12-16,0.6241826779221079,0.6430792164964116,0.6384313977289627,0.8093019290723289,0.9574501344961925,0.41787740970517573,0.41324323218634645,-0.14574460230970515,0.03373319967898349,-0.07178468253348033,0.2834826505637695,-0.3285417245783951,0.8462932491983635,-0.04574901756687311,0.32754887329289345
2015-12-17,0.7944328172216844,0.738934858197944,0.8217235607089851,0.9677729877530666,1.2043206194222627,0.5700543659256435,0.6243815401239252,-0.026587179538761677,0.10721112960173898,-0.008777149239846838,0.30470559679655,-0.28848429110722706,0.9190857338218752,0.05488344832800103,0.3844986056683889
2015-12-18,0.8846369547464769,0.7877092929686074,0.9595709493052533,0.9949432464835503,1.3134360452938951,0.6782486908434565,0.6872127080005017,0.09101890374953672,0.11171602930011627,0.06243194503126152,0.31428152168873863,-0.36285517182240346,0.905739604403813,0.11176391355437558,0.36646851257700247
2015-12-19,0.9791716400608134,0.8305943224224396,1.0452082112633136,0.8590179554393274,1.358543062315946,0.652826855334886,0.6982705649899694,0.21871790317045522,0.05540161805934296,0.15262871966390817,0.30519088601504957,-0.5144219461751137,0.8798053863563328,0.158132592375609,0.2771669121525428
2015-12-20,1.0898386314237782,0.8804275116771881,1.0594168918020195,0.731465104467414,1.456621519146125,0.6530908017321707,0.7319330882159097,0.38587620198590644,0.007604663245415046,0.27399413192578326,0.34280422922546244,-0.5068050855022838,0.8022213142706189,0.15103655254523515,0.23460409799499785
2015-12-21,1.185308910063006,0.9408802699075604,1.0560455109014764,0.5239882143203007,1.4103162690555109,0.636720554311797,0.7036005723052883,0.5345972552001432,-0.024703929237081663,0.43162649880626186,0.4472680743365709,-0.43029706463688977,0.7071204763489435,0.13849969216204633,0.25722953455018965
2015-12-22,1.2410322871967752,0.8771287771105601,1.0357477452585986,0.3772635444002405,1.3128914099615399,0.6272811765940391,0.6755938041903512,0.6693505296004771,-0.02070805514580162,0.5524826939569464,0.5668797566912749,-0.29042333000951137,0.6274383267063499,0.08529789727854126,0.32001621626555626
2015-12-23,1.2249053152727463,0.8971188352547835,1.0471410577635978,0.3022211134343368,1.1739823444522037,0.5975819803877915,0.6512296437437732,0.8434924294993636,0.07782869774500614,0.6784951652811538,0.6402034224368991,-0.18734474629701295,0.4568952437117117,0.04205905630824612,0.3659300333715838
2015-12-24,1.1279708510251178,0.951327400430675,1.0464854091740674,0.1689832382115021,1.0166638382851945,0.5165426595870364,0.630945259173366,0.9451589215949692,0.13228939252154828,0.7632331139410398,0.8372122079325646,-0.04004045949286715,0.2973290686173742,0.1443707847649546,0.3981192068722929
2015-12-25,1.0346075918996878,0.9986818959752922,0.8986788789849366,-0.03370259703157325,0.837078642196022,0.4217461102284313,0.567646011760728,0.9286682339369855,0.15736687312420475,0.8675250543440797,0.9578508572103468,0.1689244033116762,0.19527472984426217,0.25625563381553346,0.543409765774933
2015-12-26,1.005071734816682,1.0465020740962228,0.7280183254727306,-0.13732142262657096,0.6544647491420671,0.26143668584938207,0.5554812089244728,0.9783438400785038,0.20418538480400433,1.0553734524688323,1.0552809245731325,0.42810471283198376,0.1511057281600162,0.3370759276823631,0.705099284206671
2015-12-27,0.9581745178025308,1.0743673685688282,0.48910835509302486,-0.13533138858366134,0.5047671571862916,0.02124552653584261,0.6699053949237919,1.0310154791791055,0.2620602077721162,1.2305137914528517,1.1429522993509185,0.7521050397296186,0.19550584046464417,0.39499937449922917,0.881706557189213
2015-12-28,0.8929798606257323,1.0706292923728462,0.32019220316512564,-0.08269809211282868,0.3336621453056168,-0.15796751009960885,0.8230244882951296,1.1077327165719493,0.3540559948875761,1.3913221080933298,1.2764234697389398,1.1653143954274088,0.25907978458596254,0.5693751337041106,1.0771150593159509
2015-12-29,0.8373098972827975,1.0066708475938178,0.18660273506254652,-0.07705524961379982,0.11025875522331686,-0.3144185772148029,0.9129965009942228,1.1049684019901433,0.5718485888975483,1.519951537428407,1.3683799117831827,1.5610592624517836,0.28707046706587946,0.8396276739737917,1.225449786957992
2015-12-30,0.7298585389975919,0.9065807678076651,0.0961828184776691,-0.07054619550379891,-0.021621264445935526,-0.42322969558730367,0.998037479324007,1.0713454935970426,0.8095064155771657,1.5487053006868106,1.3410948421507607,1.7970471611782277,0.26420667817927207,1.0868463862687878,1.303134992239889
2015-12-31,0.6480253266262307,0.7557906446153273,0.014128125736253948,-0.07606254348339463,-0.1578284011570256,-0.48637371124065704,1.0181203490531943,1.0252778170890295,1.0543527449436507,1.4928292083202999,1.2754295161038522,1.9790492323809732,0.20790189133848982,1.3628929710717717,1.240360383451765
2016-01-01,0.6625948820017402,0.6370624434692231,-0.05567333389636363,-0.2281445987692484,-0.19947395080989672,-0.4793319745063712,1.053266143435061,0.9806795394616723,1.2760854148541891,1.3924756642344975,1.2342432333592952,2.102736145734327,0.16252826813631038,1.4964317975153345,1.180091144726899
2016-01-02,0.678696807785614,0.5184375589594262,-0.15850794031274176,-0.30434023612331745,-0.28667920802994346,-0.4328783880186696,1.0353436796411735,0.9574597998118369,1.4446172390062977,1.3614565271098455,1.0939461175980885,2.188229223308452,0.17212579498813246,1.4534980020643502,1.0821677401262932
2016-01-03,0.6070270117620646,0.3621957665356513,-0.15305341484102244,-0.28476851176081,-0.4061783157989714,-0.35120541497049995,1.0552866962701875,1.032839093265455,1.617674854517441,1.268130486859036,1.0114681613778875,2.179192985841396,0.1562795592588402,1.333826020912607,0.9088268938836414
2016-01-04,0.4857692343407848,0.16273772077634752,-0.046043062719938244,-0.29800427475976426,-0.5287573708984405,-0.22610020896355867,0.9914676368265843,1.0467537996594807,1.6816853097708733,1.1080651624523372,0.8528569094052435,2.0682559858785514,0.1607355643779794,1.1984598124273729,0.685833252472426
2016-01-05,0.40407560826696465,-0.057550713672886805,0.1603196691434944,-0.24023215808497686,-0.7242119548908462,-0.06451218827105838,0.8503810328360795,0.9633270401017953,1.750920661337192,0.9604415469648492,0.6337139464367602,1.8836170506466285,0.08541709097970475,1.069691819536549,0.4232975900219258
2016-01-06,0.2694542318206726,-0.30445955102017414,0.2898765332809209,-0.10523889026245163,-0.8620657715829686,0.07473114499479414,0.6857660006004584,0.8351285789570657,1.7842215556764813,0.8287734971679198,0.3182898020350296,1.5824640092240705,0.0022923649655807276,0.7705908745415462,0.17949365755051752
2016-01-07,0.08451583438731142,-0.4390356609104798,0.41544379075677706,0.014376456877653706,-0.9639566152837983,0.23323458822058146,0.48542311619838446,0.7867460397432375,1.6703814281802558,0.7371176333400395,-0.06692690747691248,1.2050470807194302,0.024992050834936032,0.46422040606268744,-0.0996037668149823
2016-01-08,-0.028665151668805854,-0.5374361065600891,0.4607764529644032,0.15664242713748608,-1.0466820701990345,0.3857156760137544,0.26388417797275654,0.7910146821406988,1.4212949018193943,0.6730161128042821,-0.4268609650111817,0.8676932660487515,0.12855776515614156,0.15286541207357734,-0.449239682098523
2016-01-09,-0.07572137424045174,-0.536160970257389,0.46557693204178835,0.301385365545264,-1.1010734492885248,0.4647511277391317,0.016873611409021324,0.818828258143425,1.165430112823966,0.6620954872591672,-0.7177029841389699,0.5940157239735514,0.29219944480749926,-0.182406995639068,-0.6725165161875232
2016-01-10,-0.1283434799631707,-0.5977871059986042,0.3429167838697752,0.5254047795317703,-1.1123848692054528,0.5479204044230369,-0.269798655550143,0.7932356703406245,0.8535295435872523,0.6193693389982708,-0.9503956667002648,0.42067894682659246,0.5171101112849419,-0.42493738127834835,-0.8964272839970969
2016-01-11,-0.21644683670811604,-0.7175002694379669,0.1330348131088154,0.6793913712592944,-1.0695376473711713,0.5905879634560749,-0.4637134960907227,0.7033586172298142,0.5372390379006742,0.5707626484225955,-1.2134238349314705,0.3012056904083119,0.735089967077085,-0.5462866127368683,-1.1145395741160675
2016-01-12,-0.32987456686154476,-0.8527326321955271,-0.14431716260623836,0.810457705695784,-0.9637102051587731,0.5727394246651686,-0.6965748366113799,0.5952501576580755,0.22689687399458852,0.5165045284980389,-1.4464834049544355,0.17408261703514818,0.9475811638033559,-0.6352110416763729,-1.212486335534156
2016-01-13,-0.4080114627647847,-0.8562851435112412,-0.3674630716326264,0.8504474610065984,-0.8097819737302328,0.5901477231925502,-0.8080709446714114,0.522057808146207,-0.007380465780857422,0.37337010876658205,-1.5791854251573894,0.03963206544816399,1.1219190857877646,-0.7363927646799521,-1.2617027755862475
2016-01-14,-0.5418545747713117,-0.8512030866062001,-0.5756113736164371,0.721214053574898,-0.5641122335750374,0.6153155634512852,-0.8941137033551374,0.47358191006633626,-0.23966734441588014,0.22017584945265015,-1.6532990316871496,-0.0002969496380329546,1.282773662682073,-0.805443871322108,-1.2491711692145635
2016-01-15,-0.6364828023762401,-0.8186300331487083,-0.7744167233011805,0.5516831216586338,-0.2900536586260903,0.6899498382257329,-0.9502204084685838,0.3459334166593509,-0.48690295464255356,0.0081138504299703,-1.688260410386462,-0.026127398328813747,1.3677184715241995,-0.7775309479788309,-1.1834024435962558
2016-01-16,-0.6868044485240613,-0.8141555637737701,-0.959056123298635,0.4669400824242076,-0.003009743685796968,0.7028372951629664,-0.9231607392105312,0.18997038630911367,-0.6417238986205823,-0.19035936570908835,-1.6685462004119245,-0.06500724430473313,1.3159157858648785,-0.8283344823490716,-1.0176641333479075
2016-01-17,-0.7626213327590884,-0.8809101964762489,-1.1164258992649994,0.3923421457571467,0.23464644554288364,0.6252029016958501,-0.8949899022375051,-0.05148255484894742,-0.6554285934755336,-0.2989401371937547,-1.577538494376182,-0.06872361409320668,1.2244079015915537,-0.8716088645540739,-0.7915140628289948
2016-01-18,-0.8312519838614505,-0.9353112712360001,-1.2157326387509473,0.41646265192547277,0.4500750601735015,0.49775333900738444,-0.7988946818738641,-0.31886461276618017,-0.7013817187502817,-0.37417466008136185,-1.4735549176722287,-0.04666691340498339,1.1361883744975219,-0.8976312248234082,-0.652850897663022
2016-01-19,-0.8175748575729839,-1.0210997968119775,-1.1910748284918258,0.47470158002998203,0.65215115449065,0.35985675572211195,-0.6561786339772216,-0.584662096619156,-0.6375101396823107,-0.4167018719522686,-1.3441937822574035,-0.054623999889138825,0.9584583178347844,-0.7518893262214027,-0.4299377882660851
2016-01-20,-0.7086788023891277,-1.1349002987180847,-1.0820699527943682,0.561682544149355,0.8057821893476877,0.24450071974830742,-0.6101148782212652,-0.7788396306753316,-0.5347574107756449,-0.44409128399423126,-1.1500688572276356,-0.09850660847227181,0.7663777710688245,-0.6708182685721436,-0.2106899867557255
2016-01-21,-0.5879556193254145,-1.1734471564811029,-0.8519428726288931,0.636950614751937,0.8902201697350605,0.10232333357657983,-0.6292951935392966,-1.0190469408115295,-0.46195330316875477,-0.4848014088668664,-0.9751634559922657,-0.13459453908028055,0.5577431710304649,-0.5916115385620115,-0.04431017844804931
2016-01-22,-0.589000065089743,-1.26983870746177,-0.6368679737445897,0.8101602588596012,0.9260014887041759,-0.05853822772801219,-0.7332888717705943,-1.2925653209655366,-0.36902753992855597,-0.5319165845080809,-0.810785167689068,-0.16160872871829396,0.3455428630825726,-0.4319838792624479,0.0951739059727797
2016-01-23,-0.5915330813660566,-1.3242989456292318,-0.4379112085574048,1.0536683989359845,0.8947799802978313,-0.2762594417002534,-0.81122209272602,-1.5141543396031052,-0.32436167677891115,-0.5850619885110259,-0.718836139474632,-0.25551793862869204,0.12386990839569015,-0.2511048041555327,0.23557793751511402
2016-01-24,-0.5786847205655091,-1.356073513839621,-0.17302538668550324,1.2353043006289064,0.8024182466460787,-0.5338099582234698,-0.9114555361725235,-1.650332118034458,-0.24780688843880352,-0.6084220121414807,-0.6172049138687974,-0.19664408847262155,-0.054872810099642406,-0.08850586042064133,0.28091392078309246
2016-01-25,-0.591911044897331,-1.392079323445898,0.14763667216467039,1.3820496784467098,0.6741721253390748,-0.7090647517699329,-0.9514316199498059,-1.7694624563977366,-0.18559265093400415,-0.6259955792798965,-0.4832654484942124,-0.08116893498057633,-0.2151117579536698,0.05586858821578395,0.24328316311015238
2016-01-26,-0.6111765592867114,-1.3092847480211105,0.504736772857094,1.4738631902787298,0.5874083216500112,-0.8540884727990891,-0.9195727264061907,-1.8299399077272205,-0.1745269966413691,-0.6690227933226641,-0.43134898475989275,0.038556510981814555,-0.43416979141432727,0.2101851081824951,0.20112092968875758
2016-01-27,-0.6664601725426959,-1.232222141426514,0.835382560701103,1.4893496528296895,0.5864032714649121,-0.8448882407358574,-0.9680396001420203,-1.880063761394769,-0.19097323937746785,-0.7068983382948956,-0.40799165746152183,0.0010650814908084979,-0.6644045092668586,0.4054417162245437,0.23008814111755863
2016-01-28,-0.7551259559084101,-1.1227504369175612,1.1988878159434175,1.3678135613051357,0.6056844717238904,-0.7609174232348184,-0.9935285185915645,-1.7803370670441527,-0.2808081861709644,-0.8280426116192287,-0.4928403084317077,-0.04476768264161951,-0.8253814749460416,0.49094800907668806,0.23675846957008959
2016-01-29,-0.9547206085989073,-0.8435010509337998,1.5353244610648713,1.1298192535354987,0.5491467633089651,-0.6817361142469576,-0.922430952754616,-1.6732561868753109,-0.38288573195796416,-0.9359459250806216,-0.6090026355292418,-0.03221344512643773,-0.8740068558327977,0.5013607207087832,0.2732706157942924
2016-01-30,-1.131812617244471,-0.584972230676116,1.8271751145660884,0.9035317498322954,0.4847015870874712,-0.5931342567856985,-0.7290142015859362,-1.4458577049128936,-0.543922450190159,-0.9752956268683761,-0.6585976171443537,0.02760170033429968,-0.9127539384536495,0.5738686267964535,0.34510839013306355
2016-01-31,-1.1812856048662748,-0.2889978461069357,2.0827798673415376,0.6765569747507283,0.4414276472149885,-0.4483021885645318,-0.45359720346947213,-1.1454133630341583,-0.7049511395027758,-0.9710451877133349,-0.6873364248744757,0.12254661564024945,-1.003449167234273,0.6189376956846729,0.38820912300045324
2016-02-01,-1.2084857233835542,0.018138401171816455,2.295753792994788,0.46419854266350713,0.3605991421037937,-0.26794380007076635,-0.16320348518334488,-0.8136084303298987,-0.8212009267623245,-0.9305925621764841,-0.6671775708322738,0.2384334257095147,-1.0998772426518373,0.6249835106155774,0.4070201011545832
2016-02-02,-1.2493659420179275,0.33735929266347486,2.370386244527252,0.27515543405295667,0.25731043695084915,-0.17354874937297365,0.1625039578162904,-0.5150828163261079,-0.9117466222806613,-0.8712138070889209,-0.6245375356368009,0.25489832700450604,-1.1333106981733454,0.6375927802686059,0.42798586515592274
2016-02-03,-1.31200137007664,0.5383488859165341,2.217626351670868,-0.031380575158712405,0.19697776835496078,-0.06229334917547043,0.36209463302927025,-0.2846404376980341,-1.0388145293240358,-0.7693714777501203,-0.5518197617689196,0.18479373441619668,-1.0587624654193843,0.663790077826117,0.5306689957843506
2016-02-04,-1.4271750846615936,0.6642151383668903,1.9612068587507154,-0.29726222545924413,0.09566915700572665,0.042629035093706594,0.5647297576055964,-0.13436879986440414,-1.091514225428646,-0.6497887112792812,-0.47071439930591785,0.11225305493713639,-0.8559422249560479,0.6484528503595357,0.630012142203883
2016-02-05,-1.4127680688764537,0.6934160400902348,1.9860155811626885,-0.23619322733816345,0.09399445615668696,-0.10285720920888002,0.5738450706307439,-0.22120107148964008,-0.9827133910233049,-0.6377695898899581,-0.4080630087483984,0.2006942635726649,-0.8881910364660441,0.6204249184604115,0.6426942160234024
2016-02-06,-1.4110724371266166,0.9013547202824893,1.7884909844916062,-0.5457237204143489,-0.041422464185058204,0.12742274105650522,0.9293274823191445,0.1471375240043467,-1.0926974115445207,-0.5283034764025774,-0.32952046014844827,0.1703653558626461,-0.6222453018544405,0.649025160807367,0.7246143490099061
2016-02-07,-1.4140308336839285,1.0682170531836142,1.6137154361090518,-0.6439519660236946,-0.31488006190856493,-0.09765977956933569,1.3565533399243332,0.3302643524293577,-1.1013683991077186,-0.22971953769314463,-0.12320839952822349,0.27371739730683187,-0.5416760157664783,0.6461283279549876,0.5756593728596668
2016-02-08,-1.4609420889446676,1.0031875849098546,1.2242606263884177,-0.7317581975104469,-0.5513786335711376,-0.5575740932837079,1.405983448759309,0.2219023347448569,-0.9228276181853411,0.08223625678286438,-0.07531242453070762,0.19052456164294712,-0.585261244179657,0.511998529267962,0.272647239541789
2016-02-09,-1.7760297710477604,0.7680206955339219,0.4306183230071453,-1.1929235895010635,-0.41060555536469434,-0.8394335706772953,1.0576376876289104,-0.27209593264891735,-0.7648406890482509,0.3852257438902104,-0.04578917821363407,-0.08264742873717759,-0.1948231486777498,0.2437885558467166,0.28460218113562574
2016-02-10,-2.0492269206687994,0.7029489462806277,0.29741664957183694,-1.1095388758759768,-0.393604190491922,-0.8714145335163865,1.056221014708649,-0.6046982550866278,-0.5591774581193688,0.43214852975468193,-0.3206285262556518,-0.051038201677635994,0.032196321186654046,0.009367046067010889,0.38033878788457526
