,1,2,3,4,5,6,7,8,9,10,11,12,13,14,15
2016-02-05,0.6695424904111094,0.5135242571746371,0.4118918855283388,0.36734723295246025,0.6596823862867803,0.8084296936308205,0.3660072440984928,0.7573258627452449,0.7119764097843406,0.8464095507044497,0.5628865200704367,1.0733155935014496,0.5018102270108676,0.5230320680409871,0.55681134275995
2016-02-06,1.0102602087409274,0.736590372222922,0.7484629985551812,0.7096238555813399,0.9958579217088873,1.1600752873004925,0.643019333341759,1.1717358439127048,1.0300392578156843,1.2487066039091876,0.8785137897579322,1.470662169292883,0.7574832712914358,0.827844255024121,0.8612478656326785
2016-02-07,1.3016937666258326,0.8867211712589933,1.0357074589946091,1.0271060285034002,1.2848400945873022,1.4609320449910366,0.9810615669718257,1.5504564263796998,1.3178190676143575,1.5972868226713783,1.1440242263246418,1.8133313466858743,1.010136726174247,1.1661076144609286,1.108804398119425
2016-02-08,1.4826974427710533,0.9424625416910465,1.2305236063371685,1.25528955976861,1.4582067967701353,1.6856855273638174,1.1988168301123088,1.8431953783766026,1.5462304992478426,1.8843694144085943,1.3346669417090657,2.075222747598919,1.2311970211106849,1.4460312670024584,1.2868750554008015
2016-02-09,1.6396836703129398,0.9687193756501435,1.4356112092528248,1.4937729087105964,1.619849516474479,1.9182451126070605,1.3832889572026124,2.142303670947749,1.8287605050020992,2.1294479318309434,1.4798253272841704,2.3033299100035944,1.3712578427132103,1.7012128537106357,1.4858529564189875
2016-02-10,1.8093411331128357,1.0458328341515686,1.6257387355384991,1.7140200070446099,1.782664814138711,2.129565347947913,1.641462291863108,2.387535551631456,2.054662876821857,2.3470515711231936,1.617827375137108,2.572833511353326,1.4447502475865952,1.9423116307181827,1.6831922128904293
2016-02-11,1.9602378233597573,1.1897517781482803,1.7946321139838137,1.969949359513486,1.9399224773698527,2.235754377640433,1.9294251296693146,2.491444238454557,2.2802560291515674,2.4407319674372294,1.6570838872289373,2.784890779174936,1.4842741356958882,2.240476254449782,1.852663097409365
2016-02-12,2.0674639094323295,1.3598469512218423,1.9117700388499805,2.2470530651704563,2.201646919861849,2.3264956723841843,2.235794222960976,2.5017502106233853,2.5277271778337775,2.459772152394077,1.731276860100423,2.901304438346643,1.5920012651614157,2.516619966837748,2.0361514855441105
2016-02-13,2.1157705703588587,1.556909658891782,2.0174855442330144,2.5108589335487,2.412025140238016,2.3642848792020184,2.5011484504028276,2.4648571344931534,2.7619497651268103,2.4265984849512097,1.721316219613665,2.8925338060872505,1.7092203756028692,2.77999190139966,2.1236633602182526
2016-02-14,2.1725672268064127,1.7821616028805545,2.127956644482351,2.6213053394229613,2.551068711865732,2.3938451306898205,2.78256692737934,2.316755030958432,2.938010638532291,2.4121763596104215,1.6399141435194147,2.8778799633378256,1.8065475773246178,2.9722400133266955,2.192477729666833
2016-02-15,2.183873047599725,1.9581435884056397,2.1675732841290194,2.666128148834151,2.727858031827956,2.417301665697687,2.9282812241970557,2.045261812383192,2.998192710484282,2.3654613645643123,1.4879832842728467,2.82454921169849,1.876573471054431,3.082507959331621,2.230324855694011
2016-02-16,2.2045173182916615,2.0963171740812094,2.1096328125602484,2.662305572680401,2.895114043313057,2.4395937044625473,2.9029974113289323,1.8118466642032773,3.022928471653706,2.309109388887902,1.3027232877899044,2.7602849849218094,1.8684922085778368,3.075743878141767,2.213637323387419
2016-02-17,2.2997996617795264,2.277662413582471,2.0306290048902316,2.63681268826913,3.073050905263842,2.459873786074758,2.8451322302605924,1.5868766035296273,2.991841353904956,2.2449718798128173,1.0425638965742385,2.7223001441210406,1.873848172425551,3.013573224784034,2.2070953571879692
2016-02-18,2.3915567061567504,2.475500939242295,1.9248656013255194,2.5669976544196254,3.2339425727146924,2.424182662459811,2.815445711038693,1.2611823087105516,2.8347058132644665,2.145053859831288,0.8419613454451284,2.625680816797641,2.0011119633299566,2.924060894984752,2.2008641974295458
2016-02-19,2.413903825142835,2.6107039106742658,1.931214191893301,2.474821442208033,3.3278210749356774,2.3601702966928984,2.7780456991293554,0.9484372046422416,2.600624560404678,2.0153866232919664,0.6909096471913354,2.414678514694143,2.147262128066981,2.7778845171650812,2.218113924497696
2016-02-20,2.2972333856844163,2.698422033615057,1.9507319362063942,2.340466973439924,3.316185730665396,2.2341918609527585,2.6928383216859273,0.6851210016098894,2.2952237554995913,1.8515407517364384,0.6506501420124053,2.218890866684468,2.219956358161751,2.537726041296024,2.1497876549751567
2016-02-21,2.0486157323609557,2.616948116194541,1.9032492819731865,2.088872474401934,3.1090096547448143,1.9376811703907653,2.4769742818158647,0.5006809245943963,1.9368603372798703,1.6393051568126982,0.5784071934856807,2.0345098723865185,2.17035642726782,2.3431760682043192,1.9641281426391477
2016-02-22,1.750769235643148,2.347189749122184,1.776611933136058,1.7090220550420636,2.8787425004854,1.524354697902042,2.1637866801706855,0.33528693277597,1.497616776063457,1.3247777185047303,0.4938263938643826,1.8984107415668512,2.037089512275867,2.0692110701011557,1.6871830967325376
2016-02-23,1.4085528971730172,2.013802910738666,1.5010554690977136,1.136007911809657,2.4372261027575504,0.9686782474456633,1.6182966632499047,0.22556783223460847,0.9702923972222113,0.9332164588342275,0.37208303166257883,1.720559592310541,1.7353284082659093,1.7125944569681026,1.302832896636979
2016-02-24,1.0938229265490036,1.6851160103761291,1.136274462619835,0.43219845329573703,1.812083839485653,0.33003878534556697,0.9832348257254283,0.12247124783041542,0.4406836622466254,0.4979025490125831,0.1675212424295782,1.4728299329154,1.3233662172130487,1.2423468757002845,0.7632266573092897
2016-02-25,0.7451018136608716,1.3482913316467973,0.8400861913887256,-0.11562471253296251,1.1343146576918557,-0.18676426916346642,0.3206415994077255,-0.08382145518082809,-0.0353220699146792,0.09932432611784589,-0.050535346026176924,1.2173038640229996,0.9561031692024179,0.7486667203624816,0.26379194766780306
2016-02-26,0.4172708453899724,1.0239563097039066,0.6863945475032183,-0.34644935984177483,0.5228843932797906,-0.6353906624826106,-0.21581965125695013,-0.19044627857014407,-0.3404544833368834,-0.27740711507682575,-0.09989015339244123,0.9679306080902248,0.6563903930920759,0.320164262443967,-0.21646434056804176
2016-02-27,0.13923488221526495,0.7140922365342828,0.6111578219754622,-0.3675144500087915,0.045073375642476196,-0.9629728466636471,-0.6469614184614287,-0.20914821910262268,-0.4901529962842171,-0.6120132936179813,-0.14754769740095305,0.842030235853179,0.439379701909792,0.03416104122957322,-0.5460500265206768
2016-02-28,-0.11282018745199458,0.4803131279868195,0.4641619615417641,-0.38675472812879536,-0.23494593287899507,-1.2200502609396364,-1.0244576677423145,-0.11488774806121006,-0.5969824142961084,-0.8535339819185578,-0.22961088764671964,0.7243775217228956,0.4041043148692738,-0.13970491469700672,-0.8763397397575758
2016-02-29,-0.23802433670304285,0.2477974297889513,0.22896534310621497,-0.3878900809138531,-0.3589411754279665,-1.3915753954948848,-1.309876946290182,0.061346636586030553,-0.6733826017285441,-0.9884389694551616,-0.3910937830141694,0.5395302018061985,0.44695573678971784,-0.278634965233279,-1.08043200065306
2016-03-01,-0.2696707411896948,0.21380288523408222,-0.00838442301730715,-0.40513787919264393,-0.4351425246674493,-1.4323863537980612,-1.4696018014316488,0.2042528985433311,-0.7586663406457582,-1.0470065088349083,-0.5798109984112709,0.39489009064488684,0.45171786364601385,-0.5056709700346501,-1.1519822907057338
2016-03-02,-0.3394185191292854,0.31673513551116356,-0.22033156554077668,-0.420064102023365,-0.4998404144494147,-1.4196906606819415,-1.4927851485810522,0.30392555515612396,-0.7765532039617801,-1.0604586118543202,-0.6929667959872416,0.2687350468911948,0.3892075012369605,-0.7037635036638786,-1.161779016773395
2016-03-03,-0.3578843812722726,0.49131817266247513,-0.38347422158784455,-0.25085706468108937,-0.3672604817765029,-1.2845730582947268,-1.4295666853311653,0.3844411053067156,-0.6221823901092984,-1.059185680801748,-0.80468143341352,0.12751389390532908,0.4965170960261527,-0.8121143636408519,-1.1413857217239973
2016-03-04,-0.3546381820578808,0.6264644520710266,-0.4575618574740363,-0.07165063093622738,-0.2188807972721901,-1.0269532099829422,-1.3631217373726858,0.41701700832779137,-0.41320161108043124,-1.1308197819197507,-0.9043755798759772,0.009751944710429295,0.5536915502966253,-0.8642602097789981,-1.0007805559494671
2016-03-05,-0.2875263865313265,0.7870118879189479,-0.46190353229978004,-0.00605671246677217,-0.07925318332089488,-0.7582291732270261,-1.3115602844414722,0.4686985045111609,-0.1307826225483192,-1.238407790455065,-0.9672935504754955,-0.13857126923419677,0.6180307851778695,-0.9092508078011088,-0.8179405372022996
2016-03-06,-0.219104833256494,0.9318018438380791,-0.5228835353752176,-0.051656252834529647,0.06975830871622486,-0.45660499484673717,-1.3183590280072344,0.4440190932822268,0.1573467796277802,-1.3150868370313584,-1.0639329833039384,-0.32263584103594345,0.6346065607380175,-0.8631371191488897,-0.6175138700858509
2016-03-07,-0.1537514340618079,1.1023659635174026,-0.5876707876237108,-0.20620257807352,0.1961890328117784,-0.08696498957468554,-1.292916564170817,0.46201406731992223,0.3710359054580475,-1.3066036146295144,-1.1390043013458675,-0.521293711889739,0.6116787208568053,-0.8303674216949851,-0.46064975247538653
2016-03-08,-0.1123315285881738,1.235981369577852,-0.6832290424966007,-0.3337016693666345,0.1647723716379065,0.25807117259005913,-1.3108154059545718,0.41509047177043434,0.6332092415716087,-1.2932290761400778,-1.1518845263568893,-0.6732162571908811,0.45862623223390026,-0.7798923086244801,-0.2582103569440334
2016-03-09,-0.09453581876691029,1.3440817159967928,-0.7632017359817308,-0.3527797498599788,0.06113867788265391,0.5093698650221936,-1.345778567422547,0.31737593053167984,0.8167134130311555,-1.3179893059121692,-1.1083035807353259,-0.7321814174544822,0.294004933558146,-0.6164226132118885,-0.22814311668642503
2016-03-10,-0.036848108354778086,1.339159181147567,-0.7602369607261694,-0.3403337438960285,0.011806222525129619,0.7209785998248109,-1.4331739765370886,0.18855724281102174,0.9310177223149926,-1.4648077697001674,-1.0379257349582693,-0.7620495533770487,0.22088420402951417,-0.3911844372074585,-0.22533968663495907
2016-03-11,0.11325503370743678,1.299594991723945,-0.6567209086599611,-0.3074183755687833,-0.09420312955234596,0.8374664885904815,-1.497224965816363,0.04767806510963152,1.0036090997529479,-1.6388323118513295,-1.0226502205847627,-0.8524729392038777,0.26757071669216803,-0.20025683204459352,-0.21984164187882788
2016-03-12,0.2927276259898204,1.177165838685946,-0.6449420734804795,-0.3706690972656134,-0.23754766329791066,0.8257423443382442,-1.406326363612116,-0.1305577647645704,0.9473538002419183,-1.768416751740103,-1.0001678459281176,-0.9156679860784162,0.28490522883427527,-0.173041966336984,-0.1923818398627243
2016-03-13,0.4382546317905216,0.9424579481577939,-0.6319702635435616,-0.444098396151633,-0.454975364652504,0.7350330378964351,-1.3625401749344972,-0.36278556972956066,0.8297434570759759,-1.8037342938413536,-0.9782519521255529,-1.1010691405814508,0.35960942515906275,-0.25883588284548464,-0.2582441732228293
2016-03-14,0.4916295055678081,0.7051448190133659,-0.5840807441490886,-0.43118639268563885,-0.7523361070872192,0.6141060821755864,-1.3046346377959261,-0.6598033737671911,0.6083804518151565,-1.720968302062317,-0.9726368743377181,-1.2877363674012305,0.3401609598021052,-0.4213350122535113,-0.3139266693494687
2016-03-15,0.5313028074399091,0.4099428465663632,-0.4016325586113533,-0.38418629910572477,-1.1644817627291462,0.5029540980481668,-1.1734309626735673,-0.9625475156342586,0.32311620827657117,-1.5824297725524041,-0.8097021421048491,-1.5505769073151199,0.15130120119906038,-0.7216350158976174,-0.3716141860418393
2016-03-16,0.52339339383479,0.05664133536365636,-0.1529492656179717,-0.2009632602275242,-1.6689811671579897,0.2644736072279123,-1.0779440317691813,-1.2318168276232089,-0.037453289312943644,-1.3619984120045603,-0.4985210599091875,-1.9071840195050438,-0.23929849779382376,-1.0695788043024081,-0.4098631879606546
2016-03-17,0.48905608383043647,-0.22398543378428093,0.13627773016856,-0.05076484779514552,-1.9970060208808336,-0.03423499975270717,-0.9373601949377699,-1.335807550672213,-0.4241012232326128,-1.11026245601715,-0.22843259116045736,-2.1487774482997453,-0.5971581523642552,-1.4015500947305302,-0.5362396754305309
2016-03-18,0.45280513681942486,-0.4538861641164656,0.4237679218502811,0.008951423413978336,-2.136780783399014,-0.30471275077883486,-0.8693246322238355,-1.252915009663703,-0.6355017049083123,-0.8062758033508569,0.030461603960811667,-2.2999213007863166,-0.8570665833403085,-1.6656075998367723,-0.5580635189277496
2016-03-19,0.3728808874964371,-0.6279412919297679,0.5519480986847803,0.0543098328275665,-2.152341853798413,-0.5710593634031574,-0.7818264358916747,-1.1624792605820176,-0.758610121584718,-0.5156147849210987,0.24268327542287316,-2.431387796578608,-1.0453136311625952,-1.8983148924313862,-0.6290573320027788
2016-03-20,0.32472650245230583,-0.8443322346840397,0.6056655914037113,0.05726056546090386,-2.100517137201056,-0.7812500767697207,-0.7818683069811064,-1.0293688630442703,-0.8566076776508789,-0.30158924253209246,0.355336881629843,-2.5008244214151834,-1.256349009293842,-2.026618064593572,-0.741814917580601
2016-03-21,0.25246470423203465,-1.0084329901692553,0.6981893265886537,0.06214440042331856,-2.0996346741219245,-0.9131539673245875,-0.8667312588290023,-0.8372424091637322,-0.9103626856270092,-0.18691947459795166,0.519721809760506,-2.5449219070377747,-1.4585826098065235,-2.05993611904479,-0.8937474528279112
2016-03-22,0.13325256160670332,-1.151456927419439,0.7481605611939137,-0.005396445023285973,-2.0316974254514664,-1.031637441269887,-0.8328618869379,-0.6648115483557581,-0.9536974892651875,-0.24473446998714082,0.6900598389134858,-2.5252417443741324,-1.6907186114361927,-1.983715565995446,-0.9428862379684918
2016-03-23,0.035787607239739214,-1.2696559615515532,0.7795296438938842,-0.1839206116876553,-1.9437297725729676,-1.1405062953274983,-0.8439001093017046,-0.4460998456397664,-1.0126979225400512,-0.45805907175349564,0.9127952750645721,-2.5104864057091816,-1.9009567178534312,-1.8693256253091326,-0.8636708356598864
2016-03-24,-0.08642462500461648,-1.4226113205279018,0.7906299770769831,-0.46968067536990005,-1.861441433821007,-1.367329734408471,-0.906977118643049,-0.26005368386505795,-1.0741358362263183,-0.5777890455884414,1.0620609684417965,-2.446379293244002,-1.9016629161249028,-1.7731333903352828,-0.7307986497154689
2016-03-25,-0.2631038555338781,-1.5023639231207235,0.7534267448165355,-0.7944221201931141,-1.7368944968089044,-1.5635050734265548,-1.0420458032231912,-0.12068038957888629,-1.1263311129220657,-0.7241368509467133,1.1804667329191967,-2.3605020250866646,-1.815094349759744,-1.6433917189923537,-0.5431682331207665
2016-03-26,-0.48509450294516143,-1.6072444486695334,0.6656502905592044,-1.0271055536437188,-1.6177030495323743,-1.71412779035371,-1.1472143364988334,-0.029960760925743388,-1.2011653542262322,-0.81174296605569,1.2641557790363904,-2.2931333659476874,-1.7635616246269783,-1.4073626664177465,-0.36267096255510695
2016-03-27,-0.7225787749786763,-1.7113889240698184,0.49172703418001396,-1.2201670175596542,-1.4315220580307206,-1.7169129383096646,-1.1921002441679989,-0.015474238583554739,-1.345812306348517,-0.9600812377332018,1.2328108523930876,-2.220577497045554,-1.7310709113008365,-1.2079708205170985,-0.1881114218268172
2016-03-28,-0.9776776441370789,-1.7823533894696093,0.3846050765555292,-1.4579510450523774,-1.274267308507382,-1.658074950217838,-1.2481349832790862,0.07452018732827735,-1.5012303490557106,-1.0540398882378064,1.2297361409021361,-2.072550833225265,-1.785933806357718,-1.0676997544011255,-0.03748780595966498
2016-03-29,-1.2174657250138115,-1.7842883497012885,0.2798605578502795,-1.6370565472787513,-1.102632538507451,-1.6513811738147188,-1.2658624680329058,0.15969449470492722,-1.5660304715393962,-1.0568666761874346,1.1841456071727974,-1.8916872881400506,-1.7949621593023986,-0.8834963290387453,0.1353619499442755
2016-03-30,-1.4332306919962847,-1.8047612456280635,0.13678669933111273,-1.828550201149012,-0.9159329111146767,-1.6129047817157005,-1.2741051870465236,0.1649066410966407,-1.6306295788361163,-1.0391505941205146,1.1055108614278246,-1.7111357442518718,-1.8071486087545656,-0.6614637054809636,0.35323104169772224
2016-03-31,-1.1739271712628998,-1.7367543915594055,0.2460360672568274,-1.6892459347812083,-1.0715967411506342,-1.6565161350998332,-1.311297315699728,0.14094167992603596,-1.5971006359711049,-1.1134806579465573,1.0280048798653476,-1.784684940245202,-1.7603463053989261,-0.8912272927394156,0.19858041525167908
2016-04-01,-1.5287708668503888,-1.8283008980562094,0.05777074184428631,-1.8436954143226625,-0.8529952578700039,-1.603836449233678,-1.3922241107024877,0.15296042863842269,-1.6554214273743606,-1.0810108250370085,1.0902903467182148,-1.5978339659373504,-1.7741026332496606,-0.6235165344401022,0.49453692621768486
2016-04-02,-2.002225069268673,-1.9728352483627816,-0.1999555785758404,-1.7942600765283052,-0.6622871775710886,-1.4044478416756163,-1.5053913043190774,0.24720004773887966,-1.6458814112720421,-0.8917678324891591,0.9065781168618468,-1.4103925845253837,-1.7439574042466095,-0.42497897112030375,0.5354965400010006
2016-04-03,-2.2303725133370533,-2.1676561219539936,-0.30948613092452154,-1.8979400016811223,-0.48626455830088267,-1.1907717199697392,-1.5396430494809694,0.4804225973762088,-1.6564650806212995,-0.7731794047805749,0.4543602080013965,-1.094739437221132,-1.8703981646047598,-0.3687990279627334,0.48088578660869324
2016-04-04,-2.125920835888091,-1.9294381216221803,-0.13098265391109482,-2.1205599488001594,-0.4606839927972293,-1.1664123044690928,-1.718526862540352,0.6339489542394419,-1.6136972190586025,-0.47665204402146427,0.2847300215990684,-0.8465033422497114,-1.8634235844758051,-0.03444576434052722,0.601944605116151
2016-04-05,-2.006107861095235,-1.7818479395849378,-0.18001936454237671,-2.30356413632345,-0.4628487862179628,-1.1076463367737073,-1.4790366364899956,0.4514406170870092,-1.6919318404742598,-0.32638308946264327,0.28096031662582566,-0.7000393467053075,-1.8586431205358973,0.18491853587993273,0.7846576072714735
