,1,2,3,4,5,6,7,8,9,10,11,12,13,14,15
1994-02-03,-1.5339577702470173,-1.4038020704894152,-1.2115676833857763,-1.332635158855859,-1.2553666711471654,-1.2843666504233937,-1.2667854817568442,-1.2454266435717318,-1.6352052220516695,-1.9960669754221745,-1.8261900596323783,-1.6637636487984686,-1.3425899191661836,-1.46716576196587,-1.5265938025058654
1994-02-04,-1.67066426251281,-1.521725339969297,-1.228542726995763,-1.4851450816180323,-1.333671415007468,-1.3485180948196835,-1.3403628604351698,-1.3607778988055674,-1.6943457826731323,-2.2155082870536145,-1.995930209290601,-1.7841728752389574,-1.439275494351263,-1.4525914513713154,-1.6505119568771316
1994-02-05,-1.6699641955680384,-1.5123132520440425,-1.1175941433591972,-1.5067753541456166,-1.2420970206375654,-1.3155981727095514,-1.2867666417074466,-1.3646898623083088,-1.6290652452765133,-2.2664004585404607,-2.0721536344213924,-1.8404888810639135,-1.4506041015400093,-1.3529854454555525,-1.6190639721353288
1994-02-06,-1.6090226595985206,-1.5187975983749642,-1.0639074842878071,-1.5262597789776728,-1.124136248463213,-1.3375783907752992,-1.1470981977008248,-1.3625237031787791,-1.6225137365468434,-2.331658775046559,-2.1456664404691606,-1.8315369766942204,-1.420980777009198,-1.1922311522475615,-1.635058613478585
1994-02-07,-1.5426126773760869,-1.4479292418408376,-0.8743117059025415,-1.4511636571970274,-1.0735439373968547,-1.3123532988880264,-0.9107131852470524,-1.3321998196925646,-1.497551474382137,-2.270425859301494,-2.1361649237909557,-1.7544405157623986,-1.3062646688215536,-0.9876354869964941,-1.5850411650342435
1994-02-08,-1.438287256558103,-1.2942314163251818,-0.6551522520162324,-1.273751936608614,-1.0261846067018532,-1.243223990289003,-0.6454733764741964,-1.2801403901337711,-1.282086219177971,-2.14558692632156,-1.9833827722347233,-1.5891644092809796,-1.2225390020499058,-0.7376346952233893,-1.4131537530411946
1994-02-09,-1.34937776282202,-1.1845694457478908,-0.41668860981747213,-1.1344920996774994,-0.9980671069163624,-1.1281849208652004,-0.4334169598912002,-1.1861057877031473,-1.0345043979018758,-1.992782334037821,-1.815845595605018,-1.3974753823810953,-1.1310369471201647,-0.463263250291145,-1.2246636598509677
1994-02-10,-1.2979647804972703,-1.1722506729789441,-0.24935085315957262,-1.0900893956398867,-1.0232403906744323,-1.0380153622318462,-0.3136363799959269,-1.1457088751479696,-0.8346725870843709,-1.8563459442889036,-1.6456603679016395,-1.315017674206897,-1.0503588448708698,-0.229919587175921,-1.038816883171799
1994-02-11,-1.2222147478588516,-1.152514270052703,-0.07965823279585554,-1.0666094966807989,-1.0329469511201599,-0.9359912813914404,-0.18424404901290786,-1.0916962423493632,-0.6512975517857652,-1.6950758989935821,-1.475571304132983,-1.2022443620963288,-1.0374867374794925,-0.04492412957969598,-0.776079241178149
1994-02-12,-1.1370291628044533,-1.1746619802227438,0.09174727455602287,-1.0076735673659456,-1.0700495696681696,-0.843195743230739,-0.07051509428048316,-0.9496606823267474,-0.48399135656017817,-1.4963210456986547,-1.25232261571969,-1.0804873646834263,-1.0587667179703804,0.14556021132768665,-0.5517694214861297
1994-02-13,-1.0752166708958582,-1.1311361115134118,0.20639565570855314,-0.8753405062502172,-1.085084477399309,-0.7521643337136091,0.028085111956448635,-0.7603128974138393,-0.28575935297184746,-1.352805620532867,-0.9839080006589309,-1.0121118770486077,-0.9907538834318764,0.27789447597624073,-0.4053314280603526
1994-02-14,-1.0388054935964102,-1.116888521333716,0.2421426874667268,-0.7644617761867768,-1.1406508751101994,-0.6767246057265612,0.06561252292448652,-0.5766681244252388,-0.0709352163245551,-1.2834431067182415,-0.7188745270802301,-0.8676814593784361,-0.8851220489218629,0.4404195779948307,-0.24411301986076064
1994-02-15,-0.9903916222436723,-1.0390452400237755,0.3331458877448098,-0.6226232550198114,-1.167258051413386,-0.5960238026554504,0.12056052068277132,-0.3136402690215724,0.23358347555187556,-1.210201022096483,-0.48326284521205165,-0.8119035678110282,-0.7641720018859027,0.5039149249438436,-0.04508022803865613
1994-02-16,-0.9218246525365136,-0.93342396692342,0.36895100387429486,-0.567864612842624,-1.1424123206517733,-0.5625349714579492,0.12927578537003823,-0.02279890826472971,0.4999085977347376,-1.149847377305761,-0.25904386966367826,-0.667659545489338,-0.6498970560703741,0.5115355750023854,0.21759608794600344
1994-02-17,-0.7801638377879538,-0.8733222941636349,0.3608574014073009,-0.6056530477887974,-1.0633319666461598,-0.5190982325019954,0.1673934627286213,0.3026021730003664,0.7373698212099022,-1.0313250865899166,-0.12773400318652378,-0.462742965036523,-0.4937366736209386,0.5810485663546979,0.44282803392371234
1994-02-18,-0.5331170784196988,-0.7493587628322631,0.38779154735934407,-0.5080538994252952,-0.9249224498930754,-0.48146037658979274,0.26164724254200566,0.6751552397321213,0.8975349573944302,-0.9383006827009189,0.1183447777578885,-0.18830088549325796,-0.3424211668929265,0.6897055170180493,0.6761520815079398
1994-02-19,-0.27045664214111315,-0.5165397528289245,0.3346078057574407,-0.32213856625741305,-0.7381067878880558,-0.37137534295764923,0.33808549502322954,1.110583874788715,1.0078561337790957,-0.8108414862084985,0.43878134194689256,0.08266054501205618,-0.17484289400423328,0.7900530067086182,0.8643395214310327
1994-02-20,-0.0778638117404048,-0.23165034485160724,0.2180733757239977,-0.09976089249380124,-0.4982877695631268,-0.21102431983673148,0.4316325353425296,1.5121956528427176,1.1137538086019132,-0.6817184243984098,0.8302289267630742,0.29218855010632167,0.11888030952605604,0.766276902664043,0.9708033722925248
1994-02-21,0.11971996652536541,0.0965674981855707,0.10446611363584618,0.16394757612106486,-0.21865058547318333,-0.07954137361448131,0.5515088634638475,1.8339139131675886,1.1458193141271045,-0.6272522559747293,1.17226522873426,0.5344075901754276,0.4086652372281424,0.6568018121229094,1.1692061924561374
1994-02-22,0.3842737796683464,0.47202746049625444,0.054935167425944155,0.3946220408546651,0.06174699589354695,-0.028418525055174806,0.6961102281654808,2.124938077223287,1.0823101725954052,-0.4550581017237205,1.4096866387686053,0.758465051214104,0.6231159438239987,0.565316895739181,1.3486148322110771
1994-02-23,0.6385974958814897,0.8618254308979324,-0.005973060005654189,0.5356174965905267,0.2618789556430994,-0.07397745896974671,0.8210808232949346,2.3233019067657232,0.8978127894879903,-0.22038229624921807,1.5983296623972039,0.9441566405577406,0.8194520269993012,0.43104947382865466,1.433590753434536
1994-02-24,0.852971531687624,1.1334225967488694,-0.036383774272193734,0.6807638064153652,0.3562376793407891,-0.1504504201662029,0.8656337703598455,2.3063488993785,0.6742210961252723,0.020027952462491363,1.7362469726305387,1.1309863579864887,0.9170820461468625,0.2923411446595293,1.5180903025855763
1994-02-25,1.0013519420046475,1.227358787310463,-0.0724351161809227,0.8686029799001589,0.3923411659891807,-0.22001733261524362,0.8852134601294076,2.1256157161724296,0.44538339400232174,0.20500470908326288,1.749990315028987,1.2565467023753145,0.9459787719802821,0.10255160192493061,1.534175783945954
1994-02-26,1.0410890035608613,1.2083802576833895,-0.12341362394540444,1.0609386884277041,0.372183114851469,-0.35835522596795616,0.9409920695133145,1.8738617377426816,0.26031175103461096,0.33496641986425457,1.6399279024652051,1.335937608022958,0.9006995141823915,-0.09225498431759853,1.4774793537623578
1994-02-27,0.9764049893441387,1.1849261511436102,-0.1785328118520003,1.2149524635780147,0.30570573192046013,-0.41065589563250954,1.0532638965163377,1.6430976351684707,0.17697360900252138,0.46139740931885675,1.4772940713939393,1.35123186626691,0.7860524068970632,-0.3392659614474872,1.3403658395317266
1994-02-28,0.8859411476643534,1.1377585269630848,-0.1476387290980412,1.2967040494506572,0.21998989775497907,-0.41039189281115035,1.1579346195335407,1.4421831469083963,0.23028350385463506,0.4116537720755405,1.3334708650333391,1.4796996069658377,0.6469830460551789,-0.4820567524883706,1.1890738450781349
1994-03-01,0.8553972436232538,1.0625566478380066,-0.08659445456207544,1.306557535414306,0.12424017142497554,-0.38356257428539065,1.2820317700875983,1.3359739839683211,0.3352300739806839,0.41069937350598806,1.137591247675829,1.6107356726229165,0.43532883143809337,-0.4971994059881563,1.055236320692868
1994-03-02,0.8533736753364961,1.0988141079706122,-0.02848347501887346,1.2568547545517463,0.03548785807188359,-0.37159758781550634,1.3873948669446368,1.2890949904997724,0.5126571377827223,0.5198539330449243,0.9352403434369642,1.659569665316045,0.23528487759172656,-0.47481201048443794,0.8842698404101801
1994-03-03,0.8566934964415065,1.0454801621657723,-0.011155875865692097,1.2024704458105482,0.10371549985289104,-0.31850036213451377,1.4500053098752108,1.2469744852606006,0.6417335716595443,0.5946304307347613,0.8688688878409495,1.7041541541682157,0.04450063343401302,-0.41233734433154057,0.740906353943005
1994-03-04,0.8642453350565656,1.0050509851386529,-0.0007332013702947459,1.205907343475003,0.21674486689606715,-0.21207885502716822,1.483839202040771,1.255251547520683,0.7337579723940112,0.6504197133156321,0.8520020746862879,1.677337032194698,-0.13606674798991467,-0.3253596831603009,0.5986624356951141
1994-03-05,0.8979573567661011,0.923728248564224,-0.0346759351116688,1.1186580516261533,0.3697366590347544,-0.16129420160786972,1.4156759812597588,1.2675778715982395,0.7222106189567435,0.8093528437794796,0.774106345985608,1.5528617573771997,-0.2704221476403677,-0.2327158547805133,0.4057015647489051
1994-03-06,0.8934223149231608,0.8623558078128546,-0.07190134224175097,1.0131585923373072,0.5996224973215465,-0.14363587996788119,1.319677541886031,1.3335968713118929,0.7791675087486711,0.944158816899609,0.7557179534334677,1.4335964216178396,-0.3812296715173394,-0.028211249217010605,0.1477102738283916
1994-03-07,0.9428898431327386,0.8150993028757859,-0.09215633852101758,0.8458951891594263,0.8133243327482754,-0.04860412245571133,1.2357360490038658,1.3963871323976744,0.7875638913398482,1.016993529072639,0.8483761584006168,1.3209574933008212,-0.40318870555151176,0.10542555978349032,-0.06474739449178615
1994-03-08,1.0442282543154666,0.7416687101087146,-0.11789129446837256,0.6385446816635085,0.919089234224294,0.012612716681634094,1.0887206238802034,1.425631559623545,0.8105018971551419,1.108090039726423,0.9431733420466026,1.1911515792226186,-0.42724390971688647,0.3520191413811018,-0.3075710266678036
1994-03-09,1.1472635520323464,0.652920286312142,-0.15822418642528524,0.4783896820355149,0.963470767893958,0.06990768511878309,1.0066279532192624,1.4386365570547246,0.7965384138302118,1.2227967151236772,1.0084996602847702,0.9927995099654681,-0.5365595374307359,0.5378545661129843,-0.5967314007360055
1994-03-10,1.2080056356534639,0.5926999830984704,-0.15673825768267075,0.4434168350311184,1.0141894196371801,0.03551642266160141,0.8358978656900968,1.3733434170426746,0.7551342233041591,1.2466329097701903,1.072763508059881,0.8232280139548412,-0.5931857146548546,0.6392633873004185,-0.8967622280045952
1994-03-11,1.217900817274158,0.5576661640476291,-0.25210622882477335,0.41561845361732275,1.128971824411469,0.042956207119390626,0.6287064701968001,1.3601099523631837,0.7723626320719363,1.2804567195533159,1.105923913394543,0.6893242138544596,-0.5893704018091024,0.740774058959263,-1.0969693616000171
1994-03-12,1.1847452523527908,0.5664635111157363,-0.24653538944288766,0.38096234652327643,1.1188159620499518,0.06984804221847202,0.4253517554150319,1.2844833371668425,0.7860424340958425,1.290570253811318,1.0687804625190753,0.5485982113354834,-0.5433653830788809,0.7657641795637031,-1.195367382296438
1994-03-13,1.1056646722654444,0.5577735626299006,-0.2576537370653972,0.3385481003768393,1.0990930655774553,0.12339701580699045,0.2135332485930413,1.1535709389480706,0.8702662028028243,1.2486696746504116,1.0037380083137235,0.4250895727473134,-0.49091461791127083,0.7725136537097299,-1.229785487814521
1994-03-14,0.9449006900937557,0.647011867259902,-0.3430247990932156,0.23075274317065955,0.9790627951953309,0.2010692467086838,-0.010816389143250987,1.0195153574160063,0.9014648589648002,1.1704669091820263,0.9844650858649553,0.3620792178704405,-0.39136800470942434,0.8487419864101681,-1.2269613517224434
1994-03-15,0.7953876633117514,0.6543320851683689,-0.4506420138434134,0.04271685453436592,0.7079180989746399,0.2733512339870829,-0.4171361574754618,0.7908041646302045,0.7749545196103805,1.1912798298162628,0.8780112849805242,0.244307578677292,-0.3183431663159556,0.8581205508143023,-1.19864707171296
1994-03-16,0.6390153745457284,0.5443441842016005,-0.5334990295309682,-0.17569003351077617,0.32707919389583695,0.3367439618822828,-0.9482957341711744,0.5506725158247266,0.4916653507504791,1.258854940359252,0.7437232395238538,0.0767217040698168,-0.2332635601381598,0.8351032787423464,-1.2141296710496345
1994-03-17,0.552980280689008,0.3532549244867467,-0.6639117204974212,-0.4013578987074761,-0.028889872936031256,0.46429434387542906,-1.301468619965947,0.38044149568003377,0.17278494304979217,1.2204365327919944,0.6074094255852965,-0.10034771644909103,-0.10760182652148129,0.6742665665898893,-1.1174382949980874
1994-03-18,0.527574229184502,0.16021831608209144,-0.7161035998521893,-0.5224946004943692,-0.3169844490104753,0.5726583540179407,-1.4919781784306314,0.27202190712737934,-0.07678374379029969,1.1714124593017727,0.4394329471924114,-0.26183402251353327,0.05522472485746929,0.45366844065571865,-0.9714586249406824
1994-03-19,0.49725750833762195,0.008565888022646139,-0.7129600593283086,-0.5644789915243399,-0.5019859168986841,0.7057018681318552,-1.4925882538675612,0.2798364941832937,-0.2611796699031537,1.1717550533681889,0.3401181108135343,-0.4047322501303649,0.10233696647413269,0.3224192710736127,-0.7881993515853827
1994-03-20,0.4874726881706973,-0.06989686698270728,-0.5681755112062489,-0.5077197276037598,-0.7175262955417576,0.7962302682292315,-1.3954150816630968,0.232469421175731,-0.4256872828152416,1.160031182310731,0.16567533052486935,-0.5481797089416418,0.04750064585701869,0.20088083795084027,-0.644241792769673
1994-03-21,0.4688199860898364,-0.05601227822675564,-0.49569241748595516,-0.32499074731888605,-0.9017464530349824,0.8898712155567626,-1.2625699662183425,0.1823501665382508,-0.48356488393152725,1.1547769702187816,-0.06338728287993307,-0.6423398770350005,0.010327794189179491,0.11399352213075237,-0.566501202378225
1994-03-22,0.4645775474572877,-0.0322568635490902,-0.3177127524837475,-0.118176829860474,-1.0535997208864456,0.8735032832534559,-1.161205511631798,0.11300327473073786,-0.5414811683569868,1.1635054476974598,-0.33255959116654127,-0.6183717046412043,0.022562588988097976,-0.017395087411790557,-0.4851173322257736
1994-03-23,0.4993951869562208,-0.1457557851485224,-0.11265681297824275,0.10590374265663847,-1.1122788535485892,0.7777258023970427,-1.0509372611107353,0.0123231915775859,-0.6352194557711853,1.2155265636650223,-0.6323893215670433,-0.5058312388614212,0.034848124200909714,-0.21852869044417997,-0.46469809993291267
1994-03-24,0.5771222427237721,-0.27816853850698015,0.08074896272169287,0.34926488995013666,-1.1608147017487302,0.7640159039496802,-0.9248172698862245,-0.17140962017927053,-0.7025692553776932,1.2008215164388516,-0.8618146907780432,-0.42791171741346956,0.17367699066219522,-0.41224629544916164,-0.45084166383211494
1994-03-25,0.6202786911017122,-0.31040421531390067,0.18141623315752767,0.6337916664370706,-1.24462883943236,0.7811737568533427,-0.8489692037862673,-0.39015776438979655,-0.8123382445930859,1.2427157701853184,-1.0594296258762028,-0.45223043259243084,0.28227842695480726,-0.5512992264023062,-0.40065688075054934
1994-03-26,0.6030660917335049,-0.24255557142520476,0.2841019311583942,0.9357035548882957,-1.385809535089238,0.7261390472595115,-0.7409263025291156,-0.6058264219085653,-0.9195081448637811,1.3453235464423776,-1.2826857007356756,-0.4346359167302481,0.4562969650831919,-0.6667658037294536,-0.36809597268151917
1994-03-27,0.5891051446143176,-0.17967765386858972,0.42270888948594143,1.152540731690838,-1.4935454699185124,0.6711168818705658,-0.6744464397553268,-0.8247194953943061,-1.067349304828644,1.4181841582543375,-1.4226772742184237,-0.45360532169177853,0.6625931183060092,-0.7031874786363057,-0.3176218228829343
1994-03-28,0.5801277771673133,-0.13957982651248788,0.5422993536874621,1.2932575053046962,-1.4625705959745465,0.6253121359590855,-0.584108006325106,-1.0911102936055848,-1.1802089562733282,1.4197614698662164,-1.561525501769086,-0.39898055625251505,0.9656752866139514,-0.6894140819072809,-0.2905695841387773
1994-03-29,0.45983274656397166,-0.17929311144199148,0.6267071383183065,1.3761951169875977,-1.321135835875107,0.5499786890243237,-0.44948395293642013,-1.321563786881733,-1.2731755254555817,1.3466436854221453,-1.582928383773751,-0.3810466535404186,1.2390971741657062,-0.6498032146963455,-0.27282159621062546
1994-03-30,0.5941240416753483,-0.07496839802833209,0.606099839934871,1.2743360785313704,-1.3039482669921008,0.5554425973042032,-0.5255137478735556,-1.1691213455645812,-1.1836689000202034,1.4094932450135813,-1.4606894120009422,-0.36895990918845106,1.0861905559932619,-0.5698401150155658,-0.26511909445047815
1994-03-31,0.48495188339727585,-0.20840591504414993,0.6515084715007562,1.4916362270789916,-1.2806934948122635,0.49754488531081414,-0.450673625757251,-1.461989172304427,-1.4022209715338896,1.4043203000817481,-1.54778903232156,-0.34857834068355836,1.409108955536791,-0.6434097922698011,-0.21212095401129452
1994-04-01,0.46693114648861656,-0.3142711611055206,0.7850522364868515,1.5551521318984107,-1.2177429597092424,0.5405425565010393,-0.3785375935516122,-1.6271929523003847,-1.6695664910690766,1.4243946320630487,-1.567360839302339,-0.4574452538080245,1.7388773074556094,-0.6575477805719143,-0.15978233078305548
1994-04-02,0.36053968623682753,-0.2502806373165182,1.022870998003261,1.3717505364350702,-1.0832365248681544,0.4343536816885332,-0.11979427918833015,-1.543864027247183,-1.756425412302108,1.321023963102704,-1.5595452109409376,-0.340565911868549,2.0696288488176573,-0.6049993351297211,0.00538949611056513
1994-04-03,0.19689883906325473,-0.31288731197851005,1.2850311863382993,1.0977898134623383,-0.3172346144197576,0.2757354194077253,0.12497640521621448,-1.7587433473798135,-1.6164869831829385,0.8923430196511632,-1.5142120713754377,-0.29247948914887056,2.3125873862712027,-0.3383411053408725,-0.06725546864465198
1994-04-04,-0.2546175926460652,-0.32494777634239475,1.3476302334573007,1.006162501884226,0.040678387322247614,0.0649621528157289,0.3892988867901268,-1.8552764227987446,-1.536694430288626,0.6012619314767846,-1.4379820108806531,-0.48112330040999945,2.189501602246811,-0.39379821398486503,-0.19910335996764061
