,1,2,3,4,5,6,7,8,9,10,11,12,13,14,15
1997-01-13,-1.07138860349233,-1.2182393654636932,-0.8506768061280681,-0.9171464160900978,-1.018013763658748,-1.0118020020789569,-1.239508566715849,-0.8943867768345284,-0.8371300895246113,-0.9152009971756412,-0.911582515033942,-1.2122454895341574,-1.1819926953560735,-0.781059716638226,-0.941456660807339
1997-01-14,-1.0436517614006753,-1.3337825316427905,-0.8206575235499958,-0.7951295439309781,-1.0424703217058238,-0.9800814900250812,-1.1921801730375383,-0.8777741664642708,-0.83398512937062,-0.9724541655542724,-0.7881709880351645,-1.172486240052854,-1.2187407703566402,-0.646423009844333,-0.9352618543927483
1997-01-15,-1.0255224310001114,-1.411245272651464,-0.8152687580784356,-0.7283598839267015,-1.053605866740429,-0.8718503638559656,-1.140880414826602,-0.8193485296271498,-0.800051002827956,-1.0855567173733498,-0.7242468086580715,-1.09634838185776,-1.2637383222740337,-0.5339833452483381,-0.8873269125375994
1997-01-16,-0.9823374215252544,-1.408290111012653,-0.7858711389484041,-0.667279488172642,-1.0054094824397195,-0.6739506096025392,-1.0276662679324893,-0.7620049033786993,-0.758726076845001,-1.1283471454927174,-0.6815798184568921,-1.03314172243688,-1.3139653755906715,-0.4426228744367356,-0.8949400555807258
1997-01-17,-0.9523730560525859,-1.3117673509054333,-0.8270838974622859,-0.5874997181629051,-1.0252488371365494,-0.5684756583348255,-0.8221243633256777,-0.6312407473548314,-0.7740244806728281,-1.1748840332760326,-0.6320222355495922,-0.9958874475979893,-1.3542740658217598,-0.3784779368096964,-0.8562963762785002
1997-01-18,-0.9582258826120472,-1.1877841551006803,-0.8134889977010245,-0.5635327687035426,-1.051850929083337,-0.46588205354827283,-0.6038097401165567,-0.5701306481323707,-0.7655924208862571,-1.178381104583213,-0.6193975070233096,-0.9350637534106714,-1.3774134057667573,-0.3724327678884846,-0.8644000413102951
1997-01-19,-0.9982074716093935,-1.1501146445974921,-0.8529219432610268,-0.6062409094954997,-1.1139834934127848,-0.4032638083404238,-0.40976598413669685,-0.6100130802777407,-0.7286154000956335,-1.2252535033243463,-0.6704171090194062,-0.9440555155410751,-1.4237986994746423,-0.37540524275900733,-0.9964306829649983
1997-01-20,-0.9941589138018218,-1.1822257108214587,-0.8886814234603351,-0.7145023210235353,-1.1873220218097167,-0.30003651441404416,-0.2963616960832759,-0.6056084841854047,-0.6827088006704168,-1.253903318136873,-0.7154155858274127,-1.034394380735007,-1.4153196043053955,-0.39300896241835787,-1.1239671525586974
1997-01-21,-0.9165432810112244,-1.2246826162942372,-0.9555587325766958,-0.7711637121568617,-1.1507192880117072,-0.22366750763748747,-0.21636135140768561,-0.5796702912890238,-0.6416883087839433,-1.2331940430168749,-0.794746893034135,-1.0632064233919112,-1.3406522496479245,-0.4156711804494576,-1.2033227059286682
1997-01-22,-0.8845922799441449,-1.2345238920566746,-1.0793516595787247,-0.8415300582697858,-1.1391549710422237,-0.305088800412115,-0.1557351879624926,-0.5645270348194992,-0.6440082623752111,-1.3178120167601286,-0.8283035107979175,-1.0718983060780896,-1.3692836549950906,-0.45163440387405857,-1.2729094256280926
1997-01-23,-0.8985515443001654,-1.225212755587503,-1.1795939104743696,-0.977332778729188,-1.142162169113286,-0.39523904105939967,-0.09914309707318028,-0.5351419332497741,-0.6442402629862215,-1.3534057130087915,-0.9112915746485457,-1.1879996255905563,-1.46157853249564,-0.5386379366922762,-1.3680801191497354
1997-01-24,-0.8624848435887118,-1.2422288669921007,-1.221562584950132,-1.0402864002530214,-1.1808198966935743,-0.5119070968704846,-0.014917347507842555,-0.5324588581057552,-0.6888449943941618,-1.3709553579131353,-1.006218570885038,-1.3955470288986203,-1.5020210815910842,-0.5625712464322804,-1.5259123621723187
1997-01-25,-0.7913662052531565,-1.2665926278894972,-1.2038075023769714,-1.0304520084394837,-1.2489087300252988,-0.7176383267600042,0.019114555481123736,-0.5158266771083244,-0.6174257298149401,-1.3853127686862352,-1.0649228558207584,-1.5093345074535185,-1.522634367639756,-0.4839131617118122,-1.631917818194912
1997-01-26,-0.6763034676946891,-1.3362813770735602,-1.1390823808115524,-0.9842339801047492,-1.2488017122344248,-0.9166489289189684,-0.012248074572578477,-0.5440952033825122,-0.4906088375891046,-1.4173150291864312,-1.099452495208868,-1.555376261976804,-1.4799269975086027,-0.40154523194624786,-1.7354261499313781
1997-01-27,-0.47901715557598995,-1.443566444411976,-1.0954199465318195,-0.9711517772378707,-1.2807651752081854,-1.04548836498391,-0.03192633712341551,-0.5292219624286687,-0.3859078323992556,-1.5458156976150605,-1.018642427643629,-1.629243152542112,-1.4394242233377907,-0.28936916023033776,-1.735545189438536
1997-01-28,-0.24943360734505407,-1.4983469249887613,-1.064345475031189,-0.9821685617994088,-1.2188278852235281,-1.1507505038752122,-0.004788461464392563,-0.5415795324501756,-0.29663593746960815,-1.6332793910806498,-1.0084972164363486,-1.671493932000672,-1.388338619807476,-0.2185759613810266,-1.7084809896806687
1997-01-29,-0.0007068130441923256,-1.5126478701815937,-0.985782973586582,-0.8738085153300282,-1.1992699844504262,-1.2780410941647853,0.03212669965421711,-0.5847731137117106,-0.22862313984542185,-1.6800789078507803,-1.0274909802797108,-1.5672960362874089,-1.390191191013715,-0.1542263285017316,-1.6719866315630847
1997-01-30,0.17444468749553413,-1.4117527587332395,-0.8136455846847026,-0.7748235867331648,-1.2502962395804769,-1.402565422250024,0.03219470862282261,-0.6216232164191311,-0.22287191829797007,-1.6525423845592095,-1.0151017859100837,-1.455673223837372,-1.372890833191122,-0.05857146012539275,-1.5238195922675692
1997-01-31,0.2323990597896093,-1.2768431497564667,-0.6115230386977648,-0.6419069367400141,-1.238446082552587,-1.4213739782753727,0.07594030721518921,-0.6897721734512148,-0.21351663093791357,-1.5803321760089986,-1.0963094331503418,-1.4297912142411406,-1.2515972854439519,-0.025085221081788994,-1.3255140103770016
1997-02-01,0.22936254392285188,-1.0835462682291466,-0.5536775597787069,-0.6014146958271928,-1.261972795923321,-1.4568920202595248,0.17279178578825394,-0.8203420492943182,-0.13575784318543824,-1.4529410696675877,-1.1718245199306268,-1.324187851631218,-1.1426254830898452,-0.00634427815153824,-1.1805333305297687
1997-02-02,0.19608696773181408,-0.8462887417651169,-0.5162199870671015,-0.6312460082952672,-1.2750832563672436,-1.5854603575736246,0.16495873611843392,-0.9785496851705403,0.024681024362810836,-1.3131186653737932,-1.1774805824131767,-1.15276246763137,-1.0915513260989886,-0.02164817795297732,-1.0770940958329844
1997-02-03,0.2382701251990657,-0.5404772000669525,-0.4682372405283142,-0.7243666598144366,-1.2672525176100775,-1.6680011416746603,0.18578023703910296,-1.1613262647350568,-0.000426339999430958,-1.1537400174137675,-1.1326549075998522,-0.917845073380448,-0.9677886739741226,-0.13434786926963865,-0.949733841303741
1997-02-04,0.23645421139426112,-0.2407686486581593,-0.38669453483942967,-0.7918594786599851,-1.191566353487952,-1.6354843498596598,0.21873655577466342,-1.2688454710665902,-0.09516192260985602,-0.9548405533063968,-1.072040901114838,-0.6249928570094682,-0.8694928353857849,-0.2357004040047226,-0.7836924731745123
1997-02-05,0.15305040004603085,0.017947019299368462,-0.3209733761275379,-0.6604485168722815,-1.0662713018641694,-1.5677135116296346,0.29253645446122445,-1.4015478905241125,-0.24370748862985647,-0.6935545588083064,-1.0185372570652511,-0.28586658261899844,-0.795748333431344,-0.3813796679891864,-0.6356999421814786
1997-02-06,0.06213070318371669,0.18810113270027293,-0.23365629788783868,-0.45301354459631177,-1.0404679179929621,-1.491307117253016,0.3671887507379793,-1.3966974808319577,-0.32925452914463127,-0.5046001003842877,-0.8434133049589433,0.06553712757924869,-0.6930845405412143,-0.5316895516146257,-0.5014575157909519
1997-02-07,-0.033913884054652337,0.22338503351351707,-0.258104291195262,-0.3200724488562302,-0.9477928313075523,-1.396695097136663,0.3964339010650184,-1.3292851228662856,-0.3253852248882757,-0.39600128466551493,-0.7261179413528993,0.32910626545740435,-0.5829756560245514,-0.6721227397430984,-0.3641677718475652
1997-02-08,-0.129868591801013,0.15452365864027365,-0.36251594206097454,-0.2200766689746114,-0.8673022730592029,-1.2806979850451294,0.4066863182207727,-1.3101002444492047,-0.2429087501459476,-0.3286476165999695,-0.6309961110378798,0.4913176944892911,-0.452827958941696,-0.8291513532194885,-0.31755433920207116
1997-02-09,-0.15440633674446805,0.11327959087681679,-0.35403209595763524,-0.22246513236048387,-0.8433006078678917,-1.2088319885884615,0.39131043853251324,-1.3434574202829213,-0.11468054814019348,-0.17650959089982338,-0.5196099047326894,0.666614229125984,-0.2792213112981879,-0.9321956692642446,-0.3136574427838985
1997-02-10,-0.12396961586150065,0.05791442184125957,-0.2596002023468122,-0.18181594171569468,-0.7614195151119723,-1.0827288941625715,0.2964801813674642,-1.3559631775320575,0.042632249193799834,-0.12099227596635338,-0.4633155825692628,0.8293129795788391,-0.10903158429396459,-1.0345648335097308,-0.2420462676254793
1997-02-11,-0.08519464153264758,-0.08764112084110261,-0.1553154893178976,-0.07480861546075236,-0.6545283460708464,-0.8357376562550483,0.24487090156098337,-1.3021524267602576,0.06856876479182675,0.014022329727788345,-0.4368312787661588,0.9461017859765821,0.008801840356199943,-1.1206225778412036,-0.1127312172612032
1997-02-12,-0.11412032922249438,-0.23766856239211756,-0.1568572463538465,0.07284028452817153,-0.5965900490695907,-0.5285106986884189,0.19723729786687288,-1.2025657690838,0.1829059651117763,0.1765891487526516,-0.40142679294829886,0.9231385361131187,0.05794947862113127,-1.0416028871713288,0.032433202845282755
1997-02-13,-0.13643658468079914,-0.3409019875103724,-0.1296487858121029,0.24398322173169182,-0.55425943231635,-0.23021363397391775,0.13808785301954868,-1.069257444043724,0.3369749669662905,0.24030209707698724,-0.42461491727134293,0.8377813172151845,0.07783797102639244,-0.971042732949218,0.19813474621902527
1997-02-14,-0.06873693916991602,-0.38826552941952824,-0.10288468184501101,0.3951968613488783,-0.4724825804450914,0.05490287273502513,0.029205540649277738,-0.8250197832353688,0.5303657481199292,0.35008574352844346,-0.44732845313282843,0.7960869803061069,0.0536633675618498,-0.8068906482265092,0.27999736409073667
1997-02-15,-0.013029977204894681,-0.43308046443543974,-0.0853392162042005,0.4159558477380863,-0.3005215629288074,0.349231179426968,-0.112205364506193,-0.6017775743942643,0.6559326324282095,0.5856624236260005,-0.49294647824656035,0.7575435628064436,0.046420490337848654,-0.5195939966885631,0.3140117218899023
1997-02-16,-0.02787646634699615,-0.37029578348941194,-0.06721119319661084,0.40818503548465207,-0.13654722809673084,0.7474385054198617,-0.2001368267380268,-0.3741941794744411,0.7649550460084398,0.7901390741291863,-0.4848684197213681,0.7648133008342248,0.021461006726591188,-0.21350079313311707,0.3222945901264919
1997-02-17,-0.07531118675335069,-0.2725115699363202,-0.09837785822468939,0.3677541315762494,0.04170788032359079,1.1317901004198376,-0.3340681313311071,-0.09629685232812031,0.8883746416186235,0.9647434379385113,-0.4852404416495477,0.7247559195202317,0.051084946323041405,0.08091489090719346,0.2720703078324099
1997-02-18,-0.05275068541416509,-0.19941973565278256,-0.20739302648443053,0.3981006688437945,0.17179317129847038,1.4957316123587543,-0.5148221482999883,0.183636125881083,1.0022460230460715,1.0313107419236487,-0.4724718275879557,0.6851200311136111,0.015049092488697239,0.3946195397333928,0.20311642836772095
1997-02-19,-0.05677309403429487,-0.10844845450287166,-0.39920804143993577,0.45887093421307606,0.23889224049805075,1.7777558485389802,-0.692385787421894,0.4244816322752408,1.0316410635202342,1.1149077548248436,-0.47757252609870077,0.6809027753081071,0.038715735518894186,0.7015805558930005,0.21046683434309613
1997-02-20,-0.07872526005519923,-0.02206325926434884,-0.5772256569347912,0.4195627124106088,0.31386675245893425,1.9821453002201295,-0.8888819715628824,0.6169845751222651,1.054780861292742,1.1426138125902692,-0.4726140385280751,0.7309065024703143,0.06418957200014952,0.9800539014605786,0.2865578547607976
1997-02-21,-0.1456165364450328,-0.0231781372122476,-0.7464385383976415,0.29609898569326537,0.45233343295997935,2.144957301375485,-1.0575116035743948,0.9095507059006559,0.9904348580781169,1.2132482731774101,-0.4718638636530892,0.8014254321773204,0.12052664703600946,1.1513086974507956,0.4325230606957065
1997-02-22,-0.14375905103355058,-0.05079898402579572,-0.9633530359507543,0.15362035181236328,0.6103009270060323,2.2781635395656186,-1.1523458603917658,1.1828655627805913,0.8406587343746871,1.410401442593749,-0.40134396039742654,0.8812214675701895,0.1843886029182728,1.341164342341484,0.6040802751546445
1997-02-23,-0.17322305007961547,-0.10240113759459422,-1.1837956615207725,0.044695403159117575,0.8086798862453509,2.3311418734679497,-1.1920030269110293,1.3991368399783002,0.6425503605304949,1.5941269477607742,-0.2635152582325277,0.9283658506957233,0.31127340477496085,1.4518289478425102,0.7302517849016801
1997-02-24,-0.29119462559051446,-0.18346132289360972,-1.3716565808174932,0.13458946544059833,0.8953413901144013,2.22438657706723,-1.17416484346116,1.5914815325579035,0.3942542311965564,1.6419301390495724,-0.10482268410004193,0.9329534900227494,0.4608978851145521,1.4144905781227646,0.8760066688386577
1997-02-25,-0.37670794770644345,-0.2301360139579114,-1.4547927857030734,0.269310528123808,0.9250976589838966,1.9724710257724645,-1.0800642107333338,1.6558308420665766,0.14574253133759246,1.6452837451823046,0.049425720834002075,0.8780468693995626,0.6287116848024209,1.2897461943420587,0.9658362668721804
1997-02-26,-0.29729177726494643,-0.20273283768962222,-1.4348485596211562,0.42242100287484924,0.8917346257544421,1.6895164155762767,-0.9384765745558805,1.7157093432508914,-0.075924173210827,1.617840844534917,0.24769390521271994,0.9278402667158017,0.6251446157100942,1.1597688380586324,1.0343756162235285
1997-02-27,-0.20505373994256346,-0.14397351680015294,-1.448973889061758,0.5485828964839911,0.9418728730966024,1.479019762363633,-0.8084754067841987,1.7857923944061374,-0.285538019601454,1.631982031754774,0.3930835670278311,1.0059485572065598,0.5999189007277357,1.0249616594747313,1.1002536586515237
1997-02-28,-0.11721490922068373,-0.12004218350322653,-1.4504512472979723,0.6062144160053342,0.9742216521724633,1.3686203497255638,-0.6033800473303024,1.8503144744663393,-0.43537950947152987,1.5776786899523352,0.5401993633500018,0.9883539872424987,0.5952508387938515,0.8444011536148471,1.0525843749526125
1997-03-01,-0.00940110670506854,-0.09095790323370564,-1.4804066528437336,0.6813063427936288,0.9717379762817564,1.341369006429334,-0.41229496629723833,1.8926938662126134,-0.5680192838251014,1.4664725638790954,0.7405934827373141,0.9345824887109523,0.6783923291474603,0.6375540482894277,0.9987132881316148
1997-03-02,0.15192374196174438,0.011565887110617562,-1.4660139116139945,0.7722149556532304,1.02442041418041,1.3533475540549251,-0.2760692093580965,1.9047991848839616,-0.7048213978740209,1.2788998842540518,0.9376164632582162,0.8140734044501258,0.7086394228500231,0.45131547659800125,0.9723667822303516
1997-03-03,0.3022796562097731,0.17837363133296866,-1.39938539750278,0.9397001109366232,1.084263222230445,1.365033417585873,-0.1926405238376493,1.8719836203513456,-0.7922372629741014,1.0510617247552632,1.1841616616941462,0.6855160948945705,0.8035514622814659,0.24892632988169128,1.0043718143770133
1997-03-04,0.4260974000118572,0.2951233787258038,-1.2262408768766833,1.0834857697161102,1.034420568024617,1.4202592479328886,-0.17106999948431928,1.82240184414493,-0.9085133065785206,0.7927431856999193,1.269280742665762,0.6006574889504851,1.008652060212842,0.0400653564390445,1.0945899443640263
1997-03-05,0.6139236940303161,0.40058881489047776,-1.0126361228135172,1.1207358450621911,1.0437455902290658,1.474341077156743,-0.2253386120003947,1.7211647467752895,-0.9781766310477592,0.5385087598173096,1.3045699246732665,0.5847215175616224,1.1716733134266444,-0.1288620674215274,1.135146181397128
1997-03-06,0.7744575977569629,0.4601382989184167,-0.829987958964302,1.19332334760092,1.0000472240536258,1.4695783844605392,-0.3557816297591245,1.613034868703397,-1.0527681329952134,0.27181493270013046,1.3572600248117987,0.6348952842124185,1.309627015056413,-0.20167338357801717,1.1632680096402168
1997-03-07,0.793623632998108,0.4257174924881892,-0.7326546333373115,1.2798599981338263,0.9959705343787327,1.5464786610286434,-0.4705320369222454,1.409275115284035,-1.0633917358240756,-0.009346832838432755,1.3856799153595067,0.6574465960658978,1.480761051801642,-0.2891313638176094,1.1617051606300712
1997-03-08,0.7369255590408503,0.42846521129009835,-0.6779672603166148,1.3566354667759652,0.9752604927783894,1.568800198043265,-0.48782188128466264,1.2056601929607196,-0.9765573709890925,-0.3660493874809291,1.492166806608139,0.5897742934087061,1.601867303356987,-0.4660165202239781,1.083882958721246
1997-03-09,0.7514789210850507,0.44805152581588076,-0.765195837455747,1.3734221991057152,1.0415073520765972,1.6929383011423025,-0.45098604544393744,1.4879201116288951,-0.8360325044020531,0.018193227230200712,1.4882941408538455,0.7477875048159155,1.5207755408888468,-0.23313788403921956,1.2026944561296251
1997-03-10,0.7173757262627449,0.4486953714476675,-0.6473939100862485,1.486657537691278,1.056774675635716,1.757027782491101,-0.5853766901025572,1.2285390617992158,-0.9490778442776939,-0.4167671397823927,1.6236480897054275,0.6062726997239662,1.6994520200319883,-0.45884039527649,1.1289425954117698
1997-03-11,0.7092633560786124,0.4330960196416641,-0.5944140187756886,1.6565324542710518,1.0646524391415773,1.7417901458537404,-0.6545216465529831,1.0236280264897202,-1.0602376517680923,-0.8467186375220631,1.6571665754513059,0.6061747932013453,1.9242429482678303,-0.6007606467803314,1.0844435520016193
1997-03-12,0.6247661729188877,0.19043243564372703,-0.6634594866831538,1.6951052918027185,1.1201634987784574,1.5577821573378083,-0.7313106538872567,0.9465751325664181,-0.9582833476248558,-1.3012633218706375,1.5836306178661552,0.9428635155621835,1.9887196191386867,-0.6739284089695238,0.9919230244098872
1997-03-13,0.46394286405151647,0.3859534169753705,-0.8635006410495847,1.7644269901542933,1.0133602787256175,1.567467391502192,-0.6411204526693827,0.7191936135785862,-0.3824593663978938,-1.6209913830227924,1.6925004360208442,0.9765971163244872,1.8144496871054172,-0.8250187264335277,0.8034005702595506
1997-03-14,0.3571623866686266,0.7816063926386393,-0.889236803100434,1.6111435448739617,0.9437070446332017,1.3102294404078174,-0.32135129227992043,0.602427707524912,-0.15696355290254543,-1.7887187245315128,1.8818501332226627,0.5910993582801469,1.68429464884101,-1.1277728727366485,0.4908608379650178
