,1,2,3,4,5,6,7,8,9,10,11,12,13,14,15
1998-02-09,0.23867466601386683,0.351246119251848,0.2475554695500484,0.02770156382268212,0.26699016042952867,0.20555040306628689,0.4339502628674142,0.15272396413070027,0.6675645520777703,0.16868969510188442,0.8704892386003001,0.028241650051928538,0.22825416948218816,0.45493459071838777,0.32175428886082963
1998-02-10,0.2623843790234528,0.36192268641982794,0.1568686154937894,-0.02961168946043028,0.2555636143777312,0.21153233617179326,0.5018359335244046,0.08292932725099253,0.6923551768657666,0.13145576898550929,0.9248869069252538,0.0004419839859998185,0.2385794186969092,0.5130816390508868,0.3333226497350801
1998-02-11,0.3378304701322804,0.3921154188520267,0.10378844794398047,-0.05299421152568758,0.29442040651241225,0.25802861999216886,0.6078514106141799,0.04255872050565828,0.7288222178351977,0.08656246844330459,1.0520389094250397,0.05016905969683795,0.2548316573785872,0.5720708293176112,0.35891495351468067
1998-02-12,0.4364253018803517,0.4217021983574184,0.03638932546846696,-0.06847738234526321,0.3529362225672376,0.24997200529679395,0.6693664860185821,0.04578083993854711,0.7478290864924438,0.06529289224869407,1.1416992621506756,0.10139709595406908,0.21601856915041492,0.6610420816785373,0.34375366468651125
1998-02-13,0.451461809891253,0.41985552993127934,0.006693681036139184,-0.125009536095773,0.4681216023468603,0.20235526821890526,0.6921374457946319,0.022920969425781448,0.7776053588492701,0.028316650289520823,1.1342626070755268,0.11856479847060444,0.23109469061092897,0.6755631487068796,0.31860998268187085
1998-02-14,0.4645343031027229,0.5236281744241068,-0.008173004248764021,-0.11413581570328786,0.5744020080255325,0.2312639671016924,0.7386775550129044,0.055540863077343,0.8312668299519411,0.02029050868194592,1.1126086782133666,0.20460227330291125,0.3337791271665374,0.6981776448432084,0.38004860046039796
1998-02-15,0.5414416899633239,0.6765797760624033,-0.03970916769989689,-0.07206443430847496,0.7184462459635799,0.3771398721670212,0.7733855556339477,0.0901606880538288,0.9023151835772685,0.09384256082471913,1.057622344642621,0.365892881785768,0.48113796919706436,0.8185300465616311,0.3987294493274139
1998-02-16,0.7109485650443018,0.7967505936703438,-0.0900833272760718,0.07769129438041243,0.8525552414968034,0.5893133921536645,0.7509522431207336,0.23992281697882953,0.9354122011982272,0.19447031642640022,0.998787900823962,0.602123966126429,0.5582620090322098,0.9091589196057026,0.44853012151672417
1998-02-17,0.8796407350453005,0.8609108446383433,-0.04568053373662777,0.2622509899702711,0.9888629053524955,0.8075602012619972,0.708880519089248,0.4365214712547494,0.9874415865818549,0.239538617151555,0.9306558127372592,0.851813356340267,0.6821762852705123,0.9215285010914791,0.48661216322186435
1998-02-18,0.9846057424822954,0.9111890471369688,0.057632050167689644,0.4696801715621017,0.9999153711074661,0.9626327814302524,0.6319729068432911,0.5553691128403235,1.0552090392091293,0.22486576996185784,0.8584409228603066,1.0821588638572182,0.7651458502936613,0.8538197704342235,0.44830336364664936
1998-02-19,1.0228929146555177,0.8885717429500744,0.13483147934687223,0.5700969845112938,0.9184077251868177,1.0122509864193356,0.4298898249810498,0.531343518837481,1.04885962875635,0.16645007301561815,0.8207567886666435,1.2012516790114534,0.7797795952860431,0.7233294387838971,0.4307444578112044
1998-02-20,1.015323626423143,0.8098441674649169,0.1520005513662511,0.6020607750393918,0.7488438256584669,1.0042285952858863,0.18080985364570992,0.33260561391585874,0.9472607640013598,0.08006171668593015,0.7182040991826925,1.1773132639021304,0.7541077371553575,0.5074558967652908,0.4530098053277795
1998-02-21,0.9922885352488614,0.6902849668885515,0.16640578746277926,0.5178459025314105,0.5331860407988037,0.9836382376926115,-0.07102817800245512,0.024077471104095433,0.7729689810762074,-0.095286992170883,0.6270458993846719,1.0695785953895913,0.6559516151800713,0.1673561622905101,0.5393266221095209
1998-02-22,0.9351734339903495,0.5107105878848968,0.20771430703180824,0.4679390974483318,0.1612173256721743,1.0208459550541635,-0.2711408143343143,-0.2833148056586984,0.5774778000727602,-0.28223346765649826,0.5338310776965174,0.9547190203785024,0.3858989068857818,-0.16890154949196584,0.6425208502973249
1998-02-23,0.903389794073983,0.23992316856833804,0.2837066289317919,0.3937630103351539,-0.2613856972407753,1.0415168289704881,-0.5143177706533932,-0.4817538368907298,0.4119093550870516,-0.4679985172815006,0.4082380608464516,0.7718862868368783,0.03506597092513614,-0.4673026414395795,0.745893872257003
1998-02-24,0.8513215567472822,-0.09529026859937371,0.3986930597008451,0.28897370466195454,-0.6380483172087755,1.0801394526935584,-0.7653732234861107,-0.5647571795948448,0.21470562895799808,-0.6882518437953843,0.23679664478478016,0.5936763235998751,-0.281885553701866,-0.7451479263236714,0.8632577356536286
1998-02-25,0.7404214183954336,-0.34162818317386984,0.5840141479855357,0.12227108629364943,-0.8541961862174304,1.0440418962203593,-0.8533084975168231,-0.6798839452553859,0.07237284757601295,-0.7975292872953474,0.05312370585779918,0.5105470383136205,-0.38983584037885183,-0.9612417104343641,0.9085215833880291
1998-02-26,0.6369278573989365,-0.4276228719150681,0.7490414326996504,-0.08421880134841082,-0.9638811338774125,1.0032407647633788,-0.8382627601502647,-0.8352875639054885,-0.0010584099595792975,-0.7831490269870435,-0.15249152820048997,0.4384014564503367,-0.37941850429779983,-1.1775065681339567,0.927730093226274
1998-02-27,0.533661363742445,-0.5033883130763253,0.7881223749213015,-0.29522364955168906,-1.0780537816285434,0.9215557770569882,-0.8335989440174132,-0.9262830666620612,-0.055043422659340535,-0.662424272974204,-0.3413576301126316,0.25850381946174344,-0.3430509675165219,-1.3352464245358533,1.034339939183985
1998-02-28,0.47724610384008526,-0.5408873320025145,0.8416962241564123,-0.3571297810583587,-1.0783314857222828,0.8086598382989179,-0.753941306283457,-0.9316722941978405,-0.07977302479747675,-0.5169552289303009,-0.5100937441509956,0.04702622782293953,-0.35754807431398955,-1.408101000071653,0.9946563193982693
1998-03-01,0.4435239079887425,-0.5820420802124798,0.8364314087465328,-0.3881803879475297,-1.0492559392664222,0.7350820808287599,-0.644148281389687,-0.8094454913744654,-0.09544960281075644,-0.40540730372041145,-0.592915711372312,-0.14910282683940415,-0.4570165721654865,-1.3427230596906352,0.8497279880719982
1998-03-02,0.3984983656217354,-0.667508737631745,0.8136214641132896,-0.3111733865495491,-1.0042412183157468,0.742661342645336,-0.6294983275726832,-0.6794280734376361,-0.0593464548020205,-0.28715073792385576,-0.6134305204337075,-0.27770144962419163,-0.5628922714548762,-1.2370732162193216,0.6999772850883862
1998-03-03,0.3801168689121218,-0.6987581912808113,0.7308731039778634,-0.2642608365583659,-0.9062429791721186,0.7246164229284613,-0.7541969292532599,-0.43132261389025695,-0.028794395241599217,-0.20005190426902117,-0.5989113829340591,-0.3679262478565792,-0.591148705131846,-1.1802749885843846,0.6342832281230809
1998-03-04,0.3258507843074186,-0.7208306444611798,0.6301400209280291,-0.2240580795024171,-0.7543132149456625,0.7236190370334029,-0.8707855432171729,-0.20255861996928257,-0.0525887679532157,-0.16504865022790002,-0.5315613778384994,-0.39253922649563144,-0.5386224085079482,-1.1646794832376268,0.5072507741801422
1998-03-05,0.27575817250230533,-0.7350504905563687,0.5456624492721118,-0.19434558966058604,-0.5824626505413437,0.6392247371610863,-0.8869632342179422,-0.03290500024193638,-0.059627073719912375,-0.10008520543690906,-0.45371559816269796,-0.3751762181341279,-0.5763590880114174,-1.1419420581232829,0.4144391339148572
1998-03-06,0.21807078597564003,-0.7833028794212032,0.49775797401444266,-0.1541803076969151,-0.557714781543847,0.5238711078907441,-0.8567874095806411,0.15038289420296372,-0.054591152384938176,-0.03990554292219528,-0.3976553154194811,-0.3518919249200529,-0.6848481053346864,-1.0609705132001312,0.3829662549541137
1998-03-07,0.20331330790754704,-0.9438941569591016,0.41041479951430143,-0.09558187319727324,-0.6214751147378157,0.2608991014844069,-0.8465188299196205,0.31990597405619103,-0.07939016717395346,0.003315976756047189,-0.27034797549029566,-0.30656487981699315,-0.8283192973820743,-0.8358069473363113,0.3954937627993726
1998-03-08,0.2342310554470454,-1.0847917215430747,0.38249081002157637,-0.03758324428097467,-0.6329240535920581,-0.07124378427384326,-0.7428985889632878,0.42222409737448346,-0.16418164779268019,-0.08447759242879686,-0.17919617139846972,-0.321037711331555,-0.8771039108910712,-0.602534542183954,0.3390983359502458
1998-03-09,0.2126286197692612,-1.1923713063160208,0.3309421396393402,-0.03983525071046719,-0.6797015879334883,-0.37325521633985764,-0.6739334110063784,0.505650514853078,-0.2978043382715936,-0.16075082898462204,-0.137650434787845,-0.24594738902954277,-0.847816072979457,-0.45565903341215697,0.36874627864978937
1998-03-10,0.1866195996725395,-1.235462779563123,0.3350173232127606,-0.06709438841889834,-0.7526359867171734,-0.6569962986834936,-0.5869644604295592,0.5678322158364603,-0.4248659524024024,-0.1864289151493937,-0.21448482722545717,-0.04334584445367771,-0.7412024304334278,-0.38300773350662837,0.4678172497396282
1998-03-11,0.08158571855734432,-1.212935762193682,0.29771963980570454,-0.09151820755797578,-0.8360594249194254,-0.9749164990234825,-0.4098301311302912,0.5440313445055545,-0.5451004105435387,-0.24357292612113435,-0.3315744408454188,0.1579155410848105,-0.6051810339475667,-0.2692874667068162,0.5212728809724164
1998-03-12,-0.04759581648127619,-1.1486420763845,0.24151162923997027,-0.10659112166875749,-0.8598192444059619,-1.2817498203445274,-0.17259581471762564,0.4863935205883002,-0.7817745506920033,-0.26297031304067797,-0.49005334645946136,0.27260080000855774,-0.40513766383703076,-0.12400832743802437,0.43416396619559505
1998-03-13,-0.150406972647328,-1.0420553535033723,0.18572638530728236,-0.0922026592343861,-0.92540518541471,-1.6049951306180454,0.12017935791538344,0.43911509750984073,-1.062585713487667,-0.2601151152651666,-0.7174629536978856,0.3028972943466169,-0.19017186873290765,-0.06600906590382215,0.3330521167250855
1998-03-14,-0.23813743417840322,-0.9552552706828705,0.15337661584433962,-0.051735801472228005,-0.984625077634702,-1.919668109389609,0.47981984127865446,0.37124293859157365,-1.380138097536472,-0.19437660747072188,-0.8654068872829213,0.33342985552945686,0.028327211692321344,-0.05356897376257812,0.1835095778465017
1998-03-15,-0.2571593923661217,-0.7861419101525291,0.06316482339084577,-0.0246083440129569,-0.9682210219589433,-2.1547050574424427,0.880389046014464,0.2561284885407116,-1.605896722759961,-0.10244780846545157,-0.9299084841259844,0.35785222334299205,0.22752494526647704,-0.08723171689377449,0.007610958029289091
1998-03-16,-0.2459709547937894,-0.45027378127370526,-0.10281366823437112,-0.023875214443318575,-0.8477345584807185,-2.190149931327978,1.3567941854318468,0.10643490936708956,-1.788318938203383,-0.005015542844284743,-0.9756591591146363,0.3686776365769803,0.37306090675440856,-0.14540739505321754,-0.3086631413427309
1998-03-17,-0.24008367085113233,-0.09254330062937646,-0.25491350683885383,-0.11297529615036536,-0.6600372698725989,-2.0044731038576793,1.8074627537071095,-0.019587558336635655,-1.8318783988236835,0.15723671760804808,-0.9659968411787394,0.4535107391435443,0.4244109552930944,-0.14465898761689983,-0.6537615630366996
1998-03-18,-0.21194271889355978,0.18165348470428497,-0.30163005120022746,-0.2667194303855265,-0.4219453427235367,-1.689906099979039,2.0050601592087802,-0.1334701047432969,-1.710880695939067,0.23425594756397594,-0.9567023114136843,0.4962290211760887,0.4140540092738354,-0.1295134103933287,-0.9841850950320866
1998-03-19,-0.19702130990308872,0.44296544346969535,-0.2651830140217097,-0.3389671280445466,-0.18264271472363763,-1.4306283389221883,1.9723912161749664,-0.10404067354600945,-1.5349986632895214,0.3103964353633437,-0.8932420676669701,0.38154470257852574,0.3755167270067969,-0.18852859747143982,-1.1807146009970568
1998-03-20,-0.18430759528032437,0.6894457768247431,-0.2280674502669327,-0.430476164611449,0.008924776415626067,-1.2151504247163758,1.8577316698750366,0.055952717380582,-1.3507236577943054,0.449924726709588,-0.8799987405365872,0.2728092461829698,0.30728819264419166,-0.3419137405097708,-1.3017048545019871
1998-03-21,-0.14647571428719358,0.7601798106385245,-0.23201996828372415,-0.5721563553251773,0.13665047023610502,-1.0695739142285643,1.7461464439307468,0.19871595400214528,-1.0379573180184507,0.602009180640611,-0.8037737552572479,0.2548223686954248,0.15306273521233005,-0.5007699691858368,-1.3366301636214812
1998-03-22,-0.1002328166973863,0.7429758958276786,-0.13531188327518173,-0.7180712180054841,0.2700489101555519,-0.9439844739627229,1.6065690322454496,0.3263526414880085,-0.7402201637705479,0.7152443394204079,-0.6810531774642218,0.2780417390126305,-0.07398259461257627,-0.5631805818939667,-1.330945237698946
1998-03-23,-0.051699788690549316,0.7446004019050843,-0.022660804519694093,-0.8197856655553036,0.3768768334777947,-0.8015162620686949,1.566607498841126,0.40036279072045444,-0.5096181252814614,0.7867097408838075,-0.5715977817637444,0.1914265644012157,-0.202925552387897,-0.5238675704621647,-1.309037075295696
1998-03-24,-0.016494904521400015,0.7280996585750689,0.10862825746949373,-0.8648886290986078,0.450120856562942,-0.6672758932203815,1.4644752217403323,0.4493206310789183,-0.377496682548626,0.7448106700343086,-0.4904286949184473,0.056191092627902874,-0.2739747933762994,-0.41187518450127664,-1.2852104664565616
1998-03-25,0.035801968053610495,0.6860553171252792,0.2361183794993311,-0.904574735277887,0.5071247481977538,-0.41552568754499297,1.3817954588537569,0.4413313571167032,-0.2514003288456152,0.6395414395197924,-0.35246493451767125,-0.10243980314238417,-0.3780851891522245,-0.255434734891865,-1.1732010742730772
1998-03-26,0.10768033718354532,0.6807844303521075,0.2855828879293102,-0.8526804538249096,0.5631104189480207,-0.2051413889192649,1.2211284503919446,0.36381958506123574,-0.15404609834750282,0.5528002114125502,-0.2825385996106031,-0.1795673230939921,-0.5370793194452562,-0.1103927883815988,-1.0791617209856752
1998-03-27,0.16681099090030402,0.6689871794982878,0.2125153462397813,-0.8372988147012936,0.5517953061942594,-0.0824417079854961,1.1860579447916322,0.2980912079576507,-0.10385605425325205,0.4668960751281743,-0.23168796276971593,-0.25983794876499255,-0.740655008438339,0.03200579431833019,-0.976194618217641
1998-03-28,0.2433602109260631,0.5940114977933534,0.11743986705839127,-0.823677826890484,0.5592584318019692,-0.014912957114754526,1.1986049824621183,0.17595691751134848,-0.07631420564957012,0.32423039704851847,-0.15296561264430233,-0.32805753659245224,-0.9401451917960828,0.23085594964114467,-0.8727782440565982
1998-03-29,0.3465586257631935,0.41650709762906446,0.0453415918008639,-0.8021412086608913,0.59665203301409,-0.004320910346277957,1.1767634324033256,0.028328303307561208,-0.04837701913646525,0.15627835743619334,-0.03511753202270795,-0.3694832291479071,-1.0119265389597492,0.3561093221844882,-0.719379986229846
1998-03-30,0.3741707838173759,0.24773126282720628,0.07052691817185577,-0.6938334068717703,0.5166595147762797,0.035287771643094684,1.0930484906057498,-0.11277316484137842,-0.06793013434191357,-0.03156260384986705,0.06009309198767415,-0.4669951639950602,-1.0326974896675902,0.5117586389090601,-0.5283011344435492
1998-03-31,0.3331542234777744,0.14594063872388027,0.01900974220043785,-0.6290404845132954,0.39754592460047805,0.03517796444966051,1.0356132384187924,-0.26014867861768914,-0.05270715129503334,-0.12670510834905624,0.08993617519970408,-0.5709013642378145,-0.9644027417750509,0.6382137475520221,-0.3316989693223644
1998-04-01,0.24864680676862294,0.060875679039139784,-0.13924273278252225,-0.5518376918448965,0.2903573513505147,0.07043176697784799,0.8562957935385261,-0.3177659389900365,0.065986211320186,-0.2186060882376144,0.13858324936408506,-0.6277308978835813,-0.9326469713678244,0.7086094790940365,-0.16182632938184582
1998-04-02,0.1330354421256553,-0.015019428579928535,-0.32113946841828733,-0.4257393831525629,0.26469271039234327,0.07927649592120446,0.7301831033426545,-0.27553963957096317,0.08574545128235307,-0.2197883410616064,0.21917049755421775,-0.6163410413610282,-0.9075861676298365,0.7610238656716822,-0.047606711195041514
1998-04-03,-0.003202150715215766,-0.03873614679325051,-0.4900422829642419,-0.27462396769222547,0.3222183342185659,-0.020982352389330283,0.6703950893690965,-0.13537979390250313,0.10258682069581207,-0.16801687111460872,0.352180245347817,-0.6143336532770373,-0.7986220195807905,0.7311452041925924,0.08019871409115806
1998-04-04,-0.1167888516554013,-0.08401823797585528,-0.6103061498546778,-0.11461335472656954,0.4621444486879779,-0.12847667518213457,0.5797436354547951,0.03138842753740789,0.0669485174462899,-0.10507571719167104,0.493044673624504,-0.6473357112274477,-0.5716284511565702,0.7069979475812861,0.1738094527075631
1998-04-05,-0.05280425266898588,-0.04174604175351665,-0.5471794765198583,-0.1578590479700627,0.43153934399301497,-0.020340393710129936,0.6241406044688281,-0.04056314895738973,0.03778533048939552,-0.10248338773504022,0.47110035325758703,-0.6225263899520348,-0.5799764461382184,0.7480875252564687,0.1359959028956997
1998-04-06,-0.17804924939333516,-0.06549764409529399,-0.6124689719040757,0.06817730218266072,0.5405769054843832,-0.13692896698403428,0.5461342130539993,0.10192744039034142,0.007795240411250923,-0.10040247713838768,0.5889082266516562,-0.6072937386981847,-0.36963226287163964,0.6576092353343208,0.37671977684389746
1998-04-07,-0.44884620099689465,-0.0663974645810228,-0.6033240078314296,0.2705944992797585,0.4620450660939584,-0.08204111052698564,0.3737171173265273,0.3160530307653141,-0.0284380261209167,-0.012552361216475254,0.7966009896922421,-0.6019505042386115,0.00807123783946854,0.6401233760906097,0.5862878590995048
1998-04-08,-0.6794297826235015,0.01171196749834222,-0.8389591655959076,0.44930855444665113,0.5862840767583131,0.051058467813313,0.23130926447682185,0.5954895883645909,-0.05514019474963809,0.22487637147641715,1.168766438082575,-0.5440372661592747,0.3456844569579535,0.7597877088499271,0.715549952740539
1998-04-09,-0.6500581681308112,0.022845717260341618,-1.106822939861412,0.6665285343248102,0.9644005320809912,-0.12460320838790244,0.2466473458922861,0.7121579615033353,-0.23727929315800522,0.47593267302918874,1.7299018634053345,-0.5579421258501136,0.8675344198573346,0.9761144190391731,0.6601456430725945
1998-04-10,-0.5058027219747541,0.016276644487536684,-1.109090367490178,0.7480241749952362,1.1635534340470324,-0.32546035840830684,-0.035732766076255924,0.7459533091747349,-0.34051730604428787,0.6410159112735624,1.7014963905570761,-0.6064029975162333,1.3412315152478487,1.0943573328561014,0.20732838266210954
