,1,2,3,4,5,6,7,8,9,10,11,12,13,14,15
1998-02-09,-0.07729383006444399,-0.2931551544474524,-0.3600596978073115,-0.27760348350370284,-0.331762603934028,-0.14178066461043212,0.18594216728298507,-0.17799299750458572,-0.005011702983031861,-0.1645782880172565,-0.05298688052357325,-0.27976884410782654,-0.6191098270476514,0.03169669774682139,-0.06926091137843884
1998-02-10,-0.027314415660926884,-0.2729379576328586,-0.4067862603775826,-0.27208580730641097,-0.3883682810907035,-0.06958724842471578,0.2148073918071102,-0.07480941987500374,0.06047320064941647,-0.15926898041112006,-0.09111679621565791,-0.3039483485587047,-0.6925750760271867,0.051465498651252675,-0.047462475569812604
1998-02-11,0.0608235219315425,-0.23254556935101145,-0.4783379071776316,-0.25003661189297305,-0.4215056657847507,-0.046035526382345184,0.2878013543724288,0.023742288933277,0.18796477026953468,-0.09575511848181306,-0.1322692237908905,-0.3460943447923966,-0.6851575945007782,0.07199010258201917,-0.046185025626043666
1998-02-12,0.18226837240061228,-0.10448500273067515,-0.5157962382413346,-0.15385925995561656,-0.4112955093132473,0.05678689398472362,0.4045186135789949,0.19043053965862927,0.3710597125411206,0.05750020106893,-0.18111222375758326,-0.30086098984244014,-0.5857727040601245,0.22029605259881732,-0.014533741892756618
1998-02-13,0.1929757433575012,-0.01878376821758068,-0.5377061964490472,-0.07145252146472446,-0.3783869887364816,0.1258230854348223,0.46433339882391156,0.1912607906418162,0.5066652069695852,0.0773240782130574,-0.24433542108228426,-0.3237073508103068,-0.4665064078123888,0.31053346019191536,-0.12848593917201262
1998-02-14,0.21243726965360607,0.055717818254586764,-0.5125538827730253,0.027632332745136563,-0.29311402433153066,0.19185160820575523,0.49944266418280625,0.1912263772806051,0.5920315877789846,0.09605666281165871,-0.29631157852427203,-0.23418445439862345,-0.3983242744332524,0.4001198236955712,-0.3175255127039745
1998-02-15,0.18498506853720917,0.05883788581131975,-0.48101615327999475,0.035683079113528346,-0.1801962760770386,0.09634418857973474,0.5936771832695574,0.16849015448788757,0.6148751075642485,0.11837444924360813,-0.37278719517613657,-0.3105957432086785,-0.3326413284159311,0.39485657412573655,-0.5599865142075466
1998-02-16,0.2006939850064795,0.1690920635519968,-0.4203099325058197,0.0341612767835432,-0.08694625383825194,-0.06305657970335123,0.6957648454038344,0.20758832331873325,0.6171685629804566,0.18490797340931212,-0.34051687353560683,-0.3336486584568036,-0.16398088036747976,0.4052770323551909,-0.6848655587611114
1998-02-17,0.2670388504022909,0.3757845595117624,-0.2603681995214372,0.05013656147167528,0.08917083975742365,-0.1614096027367498,0.8027827314936214,0.2831130043056024,0.6628725331234459,0.3540324275623608,-0.2158373191961218,-0.2762013775660872,0.11323937366851689,0.4521434286451171,-0.7171574783063384
1998-02-18,0.34458759310479503,0.6233673749240204,-0.13002477462950146,0.11722471494800794,0.2614057678475922,-0.24803895567635692,0.9948365561370849,0.3431394159431467,0.7764437073662674,0.563512854036953,-0.09302166030183685,-0.17685499826758586,0.4315631796127797,0.5878292481454931,-0.6889639614928723
1998-02-19,0.4084005574585083,0.7739647978911408,-0.09698588708267863,0.2089785030144825,0.43938938629612556,-0.3028891812536094,1.1863759460410184,0.31990568206673947,0.8153429859266456,0.7382865467570728,0.03395123759292302,-0.06555311935416523,0.7110179169336892,0.7604401902111213,-0.6774361221532142
1998-02-20,0.3974462268831139,0.8998942729167521,-0.15440115773255125,0.2572152597415169,0.5665237818276988,-0.3223062917321293,1.2961876184085326,0.271077224589892,0.7674686518330023,0.7415108059921549,0.18529686805072879,0.014410685007294474,0.892526713727399,0.8860129686544016,-0.6809385074217931
1998-02-21,0.415375177832925,1.0727457166860475,-0.14113333424877325,0.3490423520914479,0.711878487330363,-0.37723274510292837,1.379420943266833,0.22178156156741238,0.7512317690042815,0.7469299482205064,0.39736243170879376,0.11702113414710139,1.0180474907961607,0.936438277106862,-0.6361544660178833
1998-02-22,0.49422051583407084,1.2005959668485797,-0.08123498396672192,0.3841177715151921,0.8083577578675514,-0.3695932406726029,1.3769477608306209,0.16144991206119333,0.7496534886437426,0.7460482375808991,0.607988174391998,0.283083168695894,1.1685053817564046,0.8961232739646621,-0.485519628202026
1998-02-23,0.5437806594292793,1.3523780659099485,-0.07740532482869383,0.4082190741110652,0.7528648323202057,-0.28042956245174,1.2404625583618991,0.08735874298603305,0.7340021751482355,0.61233711030376,0.7760134340929808,0.29483146346881944,1.3074764090832238,0.8016838930749248,-0.29817583764190664
1998-02-24,0.5907615736563777,1.4747578041750824,-0.17355296012586846,0.4828820402446935,0.5478755675817918,-0.003446896726655185,0.9321221228266507,0.042329135320095676,0.6648104649486015,0.33533376743439064,0.9014189359014108,0.31025880707560827,1.362941485571164,0.7008576738336444,-0.12085433856247754
1998-02-25,0.5735678758016726,1.424590067987144,-0.2557455436564445,0.5213375320034384,0.3206118991035293,0.3010827103521923,0.6209152583277114,-0.02414110130755305,0.5138882401285704,0.011259183367554361,0.9084669283568257,0.22017759764836306,1.3440291210734272,0.5552514739675728,-0.00608560845152898
1998-02-26,0.4514922639981515,1.2797815953936453,-0.3319544405684368,0.5791497425616944,0.11983722719479821,0.4992882760386973,0.33966071487838556,-0.09641416739566598,0.3493905702600036,-0.30596298591946214,0.7949462325060394,0.1111233588974107,1.2614502779284444,0.3586495174467548,0.054208673403934
1998-02-27,0.30462168292974456,1.1383730576670201,-0.3961247429439014,0.5458118584960238,0.009581309785091963,0.6744436464854192,0.006669085416583507,-0.13457078299615396,0.17601688359122017,-0.5541660075293887,0.7028488106974581,-0.056579763101166816,1.0990780337052888,0.10973178920252018,0.12023719921011794
1998-02-28,0.12731365484907564,1.046620894714486,-0.422557059648874,0.5057607784851544,-0.035444085609786215,0.7755910145689756,-0.23043355620082367,-0.10412421219030212,0.03688119147110094,-0.7233858287179262,0.6949167470874551,-0.3010011190881667,0.9505628777474923,-0.1411724679656938,0.18031058724463522
1998-03-01,-0.10209891389741117,0.9274156160873854,-0.3777481487611881,0.48184029495131964,-0.07386359690471955,0.9075058808655555,-0.4402920947249361,-0.09226901225246054,-0.11358043164029627,-0.8330752717456731,0.6265620627638558,-0.4718336391262526,0.8148245850443906,-0.31699530033442913,0.15711558599969652
1998-03-02,-0.2890188387403749,0.744420843254808,-0.40939425637779514,0.44353146472491817,-0.14380809959565458,1.0780400826109497,-0.6213626089814389,-0.06445054623538256,-0.27149129080550827,-0.9479367349438337,0.5549544879056547,-0.6264755059324157,0.7394832880762863,-0.4588368434753872,0.0913240032913488
1998-03-03,-0.37278454767964964,0.5965087495994387,-0.4004739733194462,0.452389229235765,-0.150622555626654,1.1838410239542254,-0.8273347095196114,0.02988119253207357,-0.4488224104866062,-1.014333645998489,0.5356319660175489,-0.7452191288420752,0.6263369269963674,-0.5779814496772541,0.00835375730356996
1998-03-04,-0.3495009265150003,0.3937371799752075,-0.3273009380894875,0.40402535552676705,-0.11930394176568074,1.2950349576289564,-0.9938941533463798,0.06751694637689529,-0.6257083405116068,-0.9825764319151853,0.5651959991054019,-0.7484701767514759,0.46201663893765094,-0.6486942599251316,0.021428324251144784
1998-03-05,-0.2608774458021539,0.1927997523656146,-0.16084945723550795,0.286152042874413,-0.12116094445719156,1.3800775260237932,-1.1001333794527646,-0.01148818552784951,-0.6643687186011691,-0.8718904858136605,0.5139306159729599,-0.6790894034751375,0.25839107245345355,-0.7127367573462084,0.06780533169855106
1998-03-06,-0.15225704770023119,0.05749321731373991,0.0491723810150492,0.2271507641562346,-0.13338550431093776,1.4610146446422523,-1.2302709022189497,-0.11045142396373529,-0.6730270049997125,-0.6783319624383928,0.42644149035717965,-0.5850170288005717,0.11379139249260778,-0.745921026372998,0.14886343692701806
1998-03-07,-0.000509356142969715,-0.04242449158656204,0.1628634929797625,0.07140682920946802,-0.09809128709296312,1.5123664761749263,-1.3811411054135447,-0.25364666686436727,-0.6666846488191058,-0.43741530403551343,0.34483518608854563,-0.5211971885999128,-0.014277740775450874,-0.7622394501661741,0.24684065780838352
1998-03-08,0.15768146572971142,-0.1866795147159118,0.2825541241821579,-0.13152778191512024,-0.06824707256291443,1.5215521048765235,-1.5236839251271352,-0.43913417847324615,-0.6255258879882676,-0.23175431509881209,0.27223102627789003,-0.4668760346044528,-0.08384572501040659,-0.7379174464376732,0.3444988592001516
1998-03-09,0.32062177614902465,-0.3627353895743208,0.4787045072077124,-0.24768879132058255,-0.06214114701117542,1.5293680794872309,-1.6785238220048355,-0.5848065721370774,-0.5792779801857099,-0.1268778528211495,0.20997818683719222,-0.34901853833547203,-0.14182684579874683,-0.6346581979640851,0.4154904573612073
1998-03-10,0.4960701113939498,-0.5359193012619745,0.6587401079612376,-0.31787231297556334,-0.06146023047416126,1.4612260394554166,-1.784700929757051,-0.5713320397280849,-0.5037843504000993,-0.037621200512146576,0.22562308923374805,-0.34601780904440815,-0.23415001985433131,-0.5188091891363361,0.4875514910780853
1998-03-11,0.612238003797629,-0.7426198710721839,0.7488528428873782,-0.38189491019245153,-0.05388736296481994,1.378974464522866,-1.9150807151375329,-0.5657755474021823,-0.3624149385012067,-0.001837749298796351,0.25933578700482196,-0.4119279252071692,-0.37920649903704595,-0.4646979243070977,0.5829619633169468
1998-03-12,0.6405862950179747,-0.9506094297895747,0.7428461405021813,-0.4274784340613043,-0.05367731436075706,1.2539660085614688,-2.041230664799322,-0.5114761918393198,-0.22547026828061753,0.0005754368448873428,0.2569784545144983,-0.46627591304758587,-0.46009466965017404,-0.4224543329099228,0.7643618733550381
1998-03-13,0.5802023527657321,-1.10263854519005,0.7478377486002165,-0.45956293498391665,-0.09875375969457817,1.079064526157221,-2.1889500768676418,-0.3991935352669946,-0.10565556764472457,0.006813620414852005,0.21589919587280618,-0.42394737191565873,-0.5319762953511828,-0.44986554254504807,0.8986902998072963
1998-03-14,0.4989121814473806,-1.2465893732063902,0.763844114982976,-0.45692789339803513,-0.18909980825043113,0.7709325618916182,-2.249049521809009,-0.25904131696354116,-0.15387547921343592,-0.021109827525780552,0.18680201979604397,-0.33715314363235144,-0.5217143670819108,-0.49525202337424756,1.0142977320705377
1998-03-15,0.37009058513700444,-1.4362683425816634,0.7559054449954172,-0.4476805498020831,-0.4189810282559217,0.3052585497450503,-2.296171101128685,-0.15825046349122257,-0.27222203673711814,-0.0984716833193388,0.1681389023321456,-0.19908187503569513,-0.47774439341301583,-0.5678927648736529,1.0964763423155113
1998-03-16,0.2616960288587002,-1.6278736366295747,0.7657212240653626,-0.4543183373833623,-0.7691612389258663,-0.1819693130877863,-2.1187904503530883,-0.06402029426215201,-0.4932377282346415,-0.19775768020471232,0.15799543055926976,-0.0655543080937805,-0.3168227832397783,-0.625894381589293,1.144020623990043
1998-03-17,0.15658926386549782,-1.7031946226941126,0.7118659461297585,-0.44361389794669537,-1.0487000593424987,-0.6515137379902419,-1.7519950313058499,-0.03835372183471758,-0.8179417843058374,-0.23950855362661944,0.09187303433898225,0.017039661957421993,-0.1076454387126768,-0.5849123766407276,1.1007742403752714
1998-03-18,0.11447161654220399,-1.7130711785472603,0.5471452786798444,-0.43625962744523394,-1.2480761371162779,-0.981873235359196,-1.2964747632591722,-0.11417019870183025,-1.0446387233966268,-0.2537129763398148,0.03320194432381469,0.07141861599039104,0.08809470490329875,-0.5063096164762386,0.933931120049683
1998-03-19,0.13921162660052383,-1.8146698339104066,0.31804142805991037,-0.487265365391775,-1.3654794849285643,-1.1464437061783452,-0.965807907316785,-0.26920429058366846,-1.2074929909456835,-0.25645889238470326,0.026617616984050196,0.21262277808205185,0.19476770729199203,-0.4780594458181775,0.7370817210278556
1998-03-20,0.22021036461832533,-1.8498215360258454,0.2022818188574265,-0.4784908080471315,-1.4133241800490055,-1.2461942311654755,-0.6653332294699572,-0.36044736974301383,-1.3991941411381452,-0.21715653105601243,0.023667683910561007,0.3602321935656135,0.20255876675096576,-0.4360800797718679,0.4938320404539706
1998-03-21,0.32096278252062843,-1.8229543278117017,0.09873329408669088,-0.45041333950072987,-1.4530883109712203,-1.2627918305559092,-0.46564287878248417,-0.45553719224455824,-1.483600261782975,-0.2665313076577209,0.044918212746327416,0.4151936643821881,0.20432479685791763,-0.39884364258981,0.19896610550862273
1998-03-22,0.41360348786579315,-1.7012797497962822,0.007742721653043493,-0.3455324671071347,-1.4276563346708124,-1.1329945293445913,-0.30707196555655064,-0.6227467830296884,-1.4322278525338734,-0.3728514649392687,0.11172071534074109,0.39549153905689854,0.27787705419779885,-0.33876251944998936,-0.057505413983747936
1998-03-23,0.4302854681387442,-1.5839820775551023,-0.06313246047633514,-0.2864657078947949,-1.4251979890741944,-0.9810486411259896,-0.2393566154443816,-0.6953307234895735,-1.2718551175690571,-0.458392688032474,0.13485574265009276,0.36857815873533933,0.25889649367769146,-0.30233898177989743,-0.21151870889716676
1998-03-24,0.4026835356462964,-1.4676468705017565,-0.18998189313672906,-0.28382463642671024,-1.3577061596969378,-0.7906487037561398,-0.04982016440774489,-0.7638435714071712,-1.1084277267328058,-0.4945196604430617,0.10732965284007566,0.352701685909877,0.14922032153001522,-0.22033921532270676,-0.37843409521541704
1998-03-25,0.33253204886401655,-1.370020189961866,-0.3684512450120606,-0.2945137552216102,-1.3377979423105248,-0.7036422242099294,0.027085456528090548,-0.8367542485965985,-0.9579548824257603,-0.48805263469364685,0.0026781990676422074,0.3322688855692298,0.010642614313392975,-0.049922772043836,-0.5456964834520645
1998-03-26,0.24930677722252326,-1.3490904368925116,-0.5523583639469488,-0.2682045647453033,-1.4590284216401637,-0.6620692853117168,0.028030968225935416,-0.8220585515390778,-0.7869891765148807,-0.4192807283350464,-0.04493733454858256,0.34617983367997934,-0.12119025898842563,-0.025400369835722438,-0.7365286370350157
1998-03-27,0.15937481337591647,-1.2620338150814854,-0.6542423730926942,-0.27111940223584446,-1.4905354136476716,-0.6020648627855909,-0.08447409203856387,-0.750796448264919,-0.6036595906731773,-0.3329086305116345,-0.06906334454661665,0.3427841290951312,-0.25690927767768446,-0.06941483352549281,-0.9219407022211433
1998-03-28,0.06958150002817502,-1.0446665499442622,-0.6175949175241021,-0.23709860291451795,-1.5061810452523299,-0.5718845178866262,-0.26539920280112084,-0.6129687629544364,-0.3600007359829991,-0.190824716567878,-0.10235363722546538,0.23588555877745615,-0.37668177053929613,-0.11718017496893553,-1.0586248685419346
1998-03-29,-0.01566003804563678,-0.8549669926949671,-0.5634071342809619,-0.21477084614297087,-1.5226806517371472,-0.5855936479346393,-0.5418130856140225,-0.5097223893582249,-0.07876485053048769,-0.023579624853832682,-0.2064542155126689,0.11796920348013215,-0.5056102126410189,-0.11374860296896785,-1.155986905333241
1998-03-30,-0.12981925472243855,-0.7912242314176767,-0.5115386160699437,-0.3806707362425466,-1.587553181530949,-0.6534233858247076,-0.7514134735218482,-0.4758850068011262,0.25469483498635187,0.22316456130252912,-0.35693424467435103,0.13177992066596594,-0.7116155288758426,-0.05483342241196707,-1.2582589023889066
1998-03-31,-0.19256964732738152,-0.9190079599768627,-0.5099491307218164,-0.6519844184373802,-1.586339687314195,-0.8013646431258672,-0.8638963225310179,-0.41253215061830134,0.47731388780184536,0.4951076359878782,-0.5152355777750727,0.15455061003161488,-0.9610457986469204,0.0577814715682112,-1.3950113197872724
1998-04-01,-0.1950484005665917,-1.0125047368567375,-0.5280820496675934,-0.8367154256260136,-1.505856315935426,-0.9863101427035516,-0.8667053036918745,-0.39221715959580916,0.6209257160946748,0.6729157596199331,-0.6595630758807405,0.040986948395380134,-1.0972678082291631,0.1725115953534821,-1.519876061740784
1998-04-02,-0.18192035480159127,-1.1119201418635198,-0.5363484795174841,-0.9710290698842925,-1.4479712391850215,-1.1289919722394823,-0.8086987744378866,-0.3766486430586336,0.6686043917422699,0.7380640441357308,-0.7957171241727781,-0.11564952893235944,-1.1608215673016204,0.2071622194431332,-1.5718053898601458
1998-04-03,-0.15297161649124819,-1.2079912758552211,-0.4231577984630143,-1.0344926490068957,-1.3036628245910449,-1.1311577223598628,-0.6952488505048323,-0.38607940446366695,0.7032185959255478,0.7527528117714414,-0.8555690565439216,-0.2558445445775078,-1.2672045746802323,0.08216458794585481,-1.6493218651297328
1998-04-04,-0.1313135920583784,-1.2948140619051152,-0.2834535160067934,-1.0652020305381855,-1.0836062390814203,-1.0783618483830535,-0.606324548071457,-0.4241631949787766,0.6839665241920353,0.6970261133469683,-0.9710391723049675,-0.3702908235977383,-1.412670245015365,-0.02358909290116317,-1.603776887237732
1998-04-05,-0.1554472794689645,-1.2951693015339265,-0.3825846197182722,-1.0429137874807877,-1.1830104901579668,-1.0534957263244906,-0.5892488384334122,-0.3958770900369957,0.6547075194724249,0.6943517483090033,-0.9004283161165585,-0.31711921395004444,-1.3382415557671925,-0.0018265073357109978,-1.5325817934247776
1998-04-06,-0.11550477307036547,-1.3333427333399608,-0.23805825013978,-1.1630109332997274,-0.9817703513973496,-1.126188174174991,-0.5435379283685426,-0.45323757139839194,0.7073510025778516,0.6935105438642899,-1.0390787381516942,-0.48021917494181077,-1.5518218437333406,-0.0024740435302874823,-1.6192349431981954
1998-04-07,-0.12061029148563404,-1.5205972866383568,-0.23163764867208747,-1.472971357416947,-0.7965927647910904,-1.154435073039728,-0.33974946240374687,-0.6121428008741573,0.6852669262476863,0.6157470871698559,-1.2509969696241112,-0.5038132590905593,-1.6877707537798374,-0.033086763229502,-1.6776042485233111
1998-04-08,-0.16155603307923325,-1.5478421515380358,-0.2102616672887072,-1.3947659509947814,-0.43396395166788154,-0.9900274597728099,0.11050330888691282,-0.49007841921768175,0.5502949904464782,0.49754943876484975,-1.2026715814069748,-0.7155397396312333,-1.54177550054445,-0.39394953827349855,-1.3665759608728856
1998-04-09,-0.2041833560623687,-1.83978749282835,-0.029433298778119506,-1.156110767235867,-0.1598174149657389,-0.5476262706489873,0.44823552714139414,-0.4307051251660876,0.3129328341867905,0.40783547159583305,-1.097032606784048,-0.677945649387294,-1.5801509037353576,-0.8439456641815833,-0.9391292254262719
1998-04-10,-0.2827702670355674,-2.17470696541527,-0.02609879347429304,-0.837671266242282,-0.02798704895862378,-0.43877090770538196,0.25044190747918593,-0.37888329434242174,0.12781813603589987,0.43269294982837414,-1.3001561880262764,-0.775483233476431,-1.561272293749351,-0.7774715380568827,-0.5201008429476419
