,1,2,3,4,5,6,7,8,9,10,11,12,13,14,15
2006-02-20,-0.4481964471285729,-0.6637016092642761,-0.7510227111253303,-0.4872151951455418,-0.6777791447876206,-0.895031945225303,-0.46378743316844007,-0.48848630455389425,-0.6291903538871109,-0.48118934993428103,-0.34991396044103296,-0.5535916025043892,-0.37368910287380785,-0.44191792721607903,-0.5985545532830522
2006-02-21,-0.32226318398351206,-0.5115742941011512,-0.6890207248233099,-0.3244826101635029,-0.5451812656469804,-0.7800226270078796,-0.31439696123399513,-0.37569633716561385,-0.5268182913604765,-0.3009281960119054,-0.10596049123224728,-0.5072621109543877,-0.2667674025301126,-0.3639247179709906,-0.5524713395360423
2006-02-22,-0.1042400425397951,-0.264379872991451,-0.523239589282785,-0.0894301107816218,-0.27752262899840696,-0.6282548952130901,-0.1638018354904889,-0.20948999216574643,-0.3075489631823377,-0.03095361528882098,0.12883099615338345,-0.36086820262481856,-0.15201441714782518,-0.2074545158264289,-0.36672743322886303
2006-02-23,0.2137783392560758,0.114480386514327,-0.15538984449333546,0.3249449139484211,0.10033720982692464,-0.3492710837076816,0.07804530469472944,0.15228461724678613,0.006882475481682543,0.37486471296425006,0.4775800356214475,-0.13598207111128013,0.05995070429342355,0.031679311475513894,-0.11796114102847355
2006-02-24,0.6569526160080338,0.58961968081237,0.37467431321878414,0.865446533727969,0.5253817702187323,0.13357097766910006,0.4145326288040596,0.6779207300760116,0.4544270059552127,0.8435997619116368,0.926473936908969,0.14612034479767108,0.3128733291008996,0.35050652420605943,0.30450358561841023
2006-02-25,0.9899318193882042,1.0654730216149892,0.7373916506977429,1.253142652673565,0.8567698645806217,0.5490996094570351,0.5635235388294384,1.0183299352420867,0.7800273843971121,1.2327398113913235,1.1848814829436929,0.28475827524567476,0.5073157495199945,0.49774628610393906,0.5629702523986363
2006-02-26,1.135913371517962,1.40866959400822,0.8745175299242869,1.4676928548800188,1.0105131440327606,0.8450902382105755,0.5599189140252117,1.142173680868244,0.9803521886553369,1.4615275153866865,1.3166213771937625,0.34025470612641223,0.5121229677545809,0.5256053451220466,0.6043718975114464
2006-02-27,1.1250056577902487,1.6025855571431857,0.820117520007095,1.5653504892971424,1.0220002026069197,1.0141493813621176,0.38303648938914153,1.0604259520090533,1.0484739685651334,1.476338065279704,1.3375794370215397,0.28732513763264494,0.3736188771627574,0.47356495308705954,0.5616192948343303
2006-02-28,0.9765550482241693,1.7408361119182416,0.7586609546931493,1.5246478737800297,0.9383539187806765,1.1153156117228018,0.15375570108451644,0.8546994518690866,0.9916231778689709,1.3654407240426143,1.138703525835061,0.19697253822846492,0.19969077785535488,0.27206775770150765,0.5108231580524071
2006-03-01,0.808161927775369,1.767974086433716,0.6122955444305827,1.4112524938871112,0.7455093077484948,1.1927613111957336,-0.07952578027976866,0.6405729587311921,0.9589357880364107,1.2337504471093819,0.8742336623380221,0.10015909773767129,0.07070189657271247,0.0008984109088962391,0.4700846895308927
2006-03-02,0.737490369481727,1.7237300444249182,0.5038770101989589,1.2676280716620947,0.5148654798150634,1.1538430491751974,-0.34592720269981064,0.4702678000782262,0.897499730341119,1.0446260955739253,0.5908732990905458,0.05262331833724439,0.009788983218881985,-0.241715764286199,0.44969572206643593
2006-03-03,0.6616732549948051,1.6315603598975366,0.4290224902214221,1.1061748796739146,0.30350138384921593,1.1344796694249597,-0.549474842199419,0.34892388110359457,0.8340000070954915,0.7774145845563735,0.3580258569197201,-0.12017027100268361,0.08319187028874409,-0.46849033956589187,0.43690759743379554
2006-03-04,0.6068768291345916,1.5197095629394692,0.35804275972414157,0.9667314133459859,0.0897956000643835,1.051669198481787,-0.6844183508098755,0.16534079184800418,0.7849093364082811,0.4802300618172519,0.07110411632206098,-0.23282070207421668,0.1551910238484545,-0.6099821528902039,0.44859872483906554
2006-03-05,0.5603368543316075,1.443094881447158,0.2163769915222038,0.9182760232665412,-0.01078447036936361,0.9446852588625266,-0.7299572957851905,-0.04213451623449125,0.6918048378818988,0.24092235520525418,-0.18271570223104588,-0.24892236208664517,0.17973529130528026,-0.6997791607869276,0.42556046198680436
2006-03-06,0.547476779669006,1.3124478411285005,0.25565860891038156,0.9201777523669811,0.009739822402226976,0.7991920848491376,-0.6884530715311802,-0.25624371807799956,0.613378572672499,-0.001990409565378441,-0.3489512871516009,-0.17543528578077566,0.1649451433570418,-0.7405166755972935,0.4813087287946981
2006-03-07,0.5791435434074566,1.2811006469251471,0.3755794436317984,0.9055388011388523,0.107669763005499,0.666882463001955,-0.6083288645954357,-0.48446364663501884,0.6025842480248748,-0.1603136873011487,-0.4480011181569266,-0.06251426367846474,0.24636361761565603,-0.6969451435330429,0.6586744418068291
2006-03-08,0.7001866049970653,1.193577529799938,0.5329481418095452,0.8129788799598214,0.19714046937010735,0.4906151084177404,-0.5370002377224581,-0.6514600392071721,0.6497644961283003,-0.212751836677399,-0.4885131664919828,0.07241469647716685,0.29996568208012614,-0.7399643018658212,0.8618695528026363
2006-03-09,0.8063299634008829,1.029322586429128,0.6450096060755114,0.693583724213671,0.2439904566804503,0.22661586606160258,-0.46507238256839645,-0.7588244520796179,0.6944690496122669,-0.19170290795791417,-0.44684560391948946,0.19135031704074004,0.3570045705360078,-0.7921375521895578,1.053994049028558
2006-03-10,0.8279741485957348,0.8382869852241555,0.8275650252648911,0.49268158989432725,0.2970683755690221,-0.059075490006643396,-0.4118065967586335,-0.8748701320157277,0.6986413804250544,-0.10982027478246578,-0.3873964178222304,0.3232149915789272,0.29262114655483595,-0.8493512530045914,1.220314902381116
2006-03-11,0.7261497163692349,0.712277678814557,0.8828381834300175,0.275829043801896,0.32402292425095414,-0.2894375087763036,-0.3445662390629566,-0.9702542624586228,0.7104324919416899,0.08280789000616376,-0.31127422424622414,0.4548997473149346,0.15399450301615705,-0.8976114320376751,1.3892107078526974
2006-03-12,0.6656727260238094,0.6353757328253355,0.9272596076508431,0.10182833328652709,0.2185036125151682,-0.5080841696980205,-0.33109166867757417,-1.063180460725027,0.6895925614287328,0.22965567588966998,-0.17732875326867292,0.6074413835216017,-0.06523563945232573,-0.9464474639590327,1.5060480802861753
2006-03-13,0.6293940195723269,0.5602935627485987,0.8739107106546818,0.035733924155709376,0.08126161062862952,-0.6812633312735359,-0.33956099865521444,-1.1286808484961814,0.6566895475974956,0.30770061045780744,-0.047525000465037194,0.6538744995039278,-0.1809926830836141,-1.0104741970178008,1.5428236045549728
2006-03-14,0.6299647647329356,0.5103354105160911,0.8982096671703299,-0.15371056643210465,-0.08742590966538696,-0.8317179908222293,-0.43288434198850506,-1.1483059829074969,0.6980102075881586,0.3570415135805685,0.08351146235703984,0.7204208902414202,-0.15601558238866017,-1.060824316020112,1.603215854725238
2006-03-15,0.6273204541465498,0.5317486003212767,0.8121599130135342,-0.4265367292135658,-0.2865547725993976,-0.9170764570243759,-0.5362699508391401,-1.0308836764461395,0.7450800784847463,0.4150630329184285,0.2789181556112262,0.8723413627687935,-0.042046338667411864,-0.9116074882883176,1.6448390466072091
2006-03-16,0.6760758260171371,0.5313522336196531,0.6471399628343419,-0.6848660713663037,-0.3878678986482087,-0.9093357338486836,-0.6478730194649661,-0.758428492026755,0.7120498257592948,0.6354273926133494,0.48936825450896476,0.981635689933877,0.14140288783123706,-0.6767343139331424,1.637839971049468
2006-03-17,0.6944367134700354,0.5237659700021606,0.4124021477239504,-0.8447113909793605,-0.46413232523777787,-0.7819541759626205,-0.6533128748978333,-0.4453793301228311,0.577763100762079,0.8713111988135168,0.6670988716638052,0.972381383458297,0.3959795256733472,-0.39516341403422217,1.4757600434303086
2006-03-18,0.6258562224616805,0.514494272312865,0.21601518972049755,-0.9182574551328315,-0.4611380150812478,-0.6362143067955941,-0.5554633674749239,-0.14801652400218046,0.46713695685700823,1.0276881138918308,0.720591870445686,0.8455599397438496,0.5677067397562344,-0.10714348558056719,1.2336664344901846
2006-03-19,0.49644974183106544,0.4014551906713896,-0.024684560772205346,-0.8751760639183024,-0.4193538612642113,-0.5432384384904625,-0.45416640742046854,0.09229004712315327,0.3917473840629677,1.0962702949692475,0.6601287400703355,0.7515872720428785,0.6591154052643974,0.13658858651848324,0.9087065401527874
2006-03-20,0.4236083583693914,0.283117781517725,-0.19321519508910204,-0.7588308336566576,-0.32823900573118464,-0.5424791454397246,-0.3963308847357727,0.234824052732165,0.3274426100008349,1.0576700792208371,0.5986344022155206,0.6111412317678689,0.7303881625590686,0.31109907586745034,0.5648141728090952
2006-03-21,0.29590276068724264,0.2362828067328538,-0.421570724418357,-0.6342636628822348,-0.2294004640591655,-0.585985393974922,-0.20607664179598711,0.34318301830948267,0.2997808366389877,1.135973373668089,0.5585446430665755,0.5425983846734386,0.7686692654479897,0.4605755781721185,0.21489568607718623
2006-03-22,0.1581622115643098,0.2695198370711796,-0.5281580671180183,-0.6474977224595693,-0.15491658837158956,-0.7003935601217778,-0.0941090875829052,0.44138007654046113,0.33803054526946313,1.200919680553927,0.5639082042166622,0.4068487788910506,0.6840842310500947,0.6565294035573753,-0.0014694777547055859
2006-03-23,-0.030431609333073404,0.21195112888408693,-0.6542488167885809,-0.6353670988819973,-0.12959560543964543,-0.7628161698559486,-0.05061954050272458,0.4663822814634214,0.32102870909448855,1.2481396777631892,0.5933837197709237,0.22535217161144716,0.5865150254197029,0.8970451077474618,-0.154971355476071
2006-03-24,-0.18614632618770938,0.08547023323648853,-0.8696990061353357,-0.5304386279082101,-0.17411527259459633,-0.8382354543713142,-0.03676157685723741,0.5043439355312666,0.33616278376773245,1.3283385760872632,0.5795305899688079,0.14733010752835704,0.4985746431175914,1.0656692990308059,-0.30321366440909975
2006-03-25,-0.32762737256519836,-0.0912716166282397,-1.0146737998330697,-0.3692640917826037,-0.2588897877618025,-0.9545055933622469,-0.015177725571061208,0.5379894551256725,0.3392656610555256,1.3338147324110528,0.4788171553349152,0.1340135543376692,0.3582889472096524,1.1070585542285227,-0.44424652636802753
2006-03-26,-0.4763512511430862,-0.27748308375569986,-1.1174664958698701,-0.12620207196735267,-0.2463792641214698,-1.0148856017602714,-0.000844798323927488,0.5822390257220715,0.3868625834584055,1.283707631343965,0.29850840074525864,0.15907690447736475,0.1734909043266115,1.1522422227264402,-0.5288720125700529
2006-03-27,-0.5884399649388569,-0.43374833224181086,-1.2601388684197834,0.19301473727980142,-0.23007899314655292,-0.9708243354599592,-0.06712842933483087,0.6585868163890978,0.3822203556033969,1.2469233449628851,0.19516848159353348,0.2725153604430526,0.005541383348288711,1.1324109436069663,-0.5691482808649113
2006-03-28,-0.6402335620720465,-0.5041153809025829,-1.3093860274635618,0.46892437808873183,-0.20780525680010523,-0.8420110188364499,-0.1994057437338101,0.735792080651698,0.34243707412506436,1.1276910406502798,0.14020843823547322,0.29792415024796076,0.026784435325401063,1.0664098779994908,-0.5689483789742706
2006-03-29,-0.6443219536076813,-0.49945687810912626,-1.3180976267178566,0.5672163586036286,-0.21933048122606094,-0.6210656586855813,-0.2623279191575822,0.8397201712065719,0.16610553617782536,0.9772750986659486,0.014586043488204952,0.2869722892568092,0.05420456282321298,0.9416896043815373,-0.48734574353582344
2006-03-30,-0.5435071797512425,-0.535096051399534,-1.2631654479533798,0.6543392556844734,-0.25774808879525807,-0.3472931501067307,-0.4040880282885477,0.8814320052877673,-0.07500670633177856,0.7290892123797792,-0.2713754689593731,0.2621168919285266,0.0989688558379407,0.7559708863164484,-0.4084267234672781
2006-03-31,-0.4469573830960814,-0.6214423098986094,-1.2628631761495523,0.7974320360731114,-0.24532298646045597,-0.08145464559282024,-0.49014919610039,0.9161034348187482,-0.3858799720819867,0.5485195135487573,-0.5944858054432861,0.3074334634106149,0.19235322843722882,0.5743943429250535,-0.32941814941210074
2006-04-01,-0.32393096633885043,-0.6787394768120208,-1.256296034923068,0.965807120570803,-0.17784842506608559,0.18041411297700574,-0.4709784629142153,0.9557883311539223,-0.6744129054940184,0.44528601093245856,-0.9072440576067307,0.32205904540223973,0.3806673106207673,0.3567910711017429,-0.30870804201207935
2006-04-02,-0.23742260542905416,-0.7239063167008956,-1.1989804254664198,1.0547852217858322,-0.08875781502230082,0.43315105825925015,-0.43568823132576956,1.0237064242319918,-1.0042148374978717,0.3804227778778889,-1.2407869070758104,0.24160915404423364,0.5427450393719142,0.18884956262647162,-0.2720218491951592
2006-04-03,-0.22298203076488335,-0.8499024189810072,-1.1245323360239778,1.0991680590088613,0.017949154730369992,0.667242722612898,-0.31213325331142966,1.0229430399519688,-1.300129154499901,0.283429439487598,-1.4137011917413995,0.1340569330644674,0.7635029629844253,0.15620289694890804,-0.3199286385654891
2006-04-04,-0.2321608720750443,-0.9079246554089277,-0.9833772949759775,0.9608020819913513,0.08883137236105647,0.7835830445304695,-0.14353396893674283,0.9806907276266336,-1.627261612610983,0.13277525178558583,-1.5039417112597502,0.008623110547077189,1.0240999298378015,0.1286902985576724,-0.4357912116398845
2006-04-05,-0.20878650577601657,-0.9599166458945918,-0.8646300752712065,0.7648706200155271,0.24351841200978655,0.787706873739588,0.05468645470601297,0.907551174302332,-1.9283843592541232,-0.15508268531735914,-1.6458361950161413,-0.22608874848063962,1.2340655572392782,0.1277886424549127,-0.5169958672236955
2006-04-06,-0.27239227550745115,-0.9895482902923324,-0.8034646964445595,0.6537419855733387,0.44843723849490785,0.7297085929269667,0.3968561474722216,0.8452674992715745,-2.216176695356431,-0.3974622654469233,-1.72133485033058,-0.4578348524552175,1.3243500762417173,0.10447525651379504,-0.6133755883736118
2006-04-07,-0.3617345150902006,-1.0535945339531174,-0.7597504750413061,0.6583674971387218,0.7137234849481908,0.6248384451071752,0.8126638283291097,0.8649394514159723,-2.343158109299641,-0.6512619851867792,-1.683246760974175,-0.6878693796565191,1.2880845182301042,0.16514553464970425,-0.7396112165692234
2006-04-08,-0.4737567980379952,-1.0473702776958909,-0.7174550338485547,0.6340592290425884,1.0062951514239176,0.418140105926392,1.2011407150200346,0.9733480101896649,-2.395197595360032,-0.9445886209848674,-1.5463570244845932,-0.9126558938313976,1.2386960807634906,0.2436722413366038,-0.9131799457840593
2006-04-09,-0.5431718549064414,-0.9802922737105806,-0.6249950286087849,0.5105238615837175,1.2890140727564885,0.16400030817581956,1.5453903177343644,0.9984294601831593,-2.3371359546477577,-1.2812630908476674,-1.3127404859542904,-1.0905751117738554,1.1599056740839837,0.253780856453106,-1.1129991561494728
2006-04-10,-0.5149321566739983,-0.7536124672526033,-0.46851995369998684,0.4149020208177099,1.4837914219667296,-0.08529687344996698,1.7789880945720011,1.0016004381952248,-2.2467736299084184,-1.5801001092912792,-1.0831661797618983,-1.2128540678115884,0.9381579433463045,0.3948199339303002,-1.322891525874002
2006-04-11,-0.45700722518736103,-0.4895554973982171,-0.3100634022954049,0.31844781468299904,1.6909934046264257,-0.2989282425939654,2.0073851027365,0.9563854644876787,-2.053823279591386,-1.822787095162075,-0.8160743509092507,-1.2629972675012642,0.778729965013676,0.4485126027174991,-1.5231538804428786
2006-04-12,-0.43115958293908213,-0.18037210250673905,-0.17859184962519567,0.1451631859451849,1.8612164993672862,-0.5029932191690905,2.1403249008023972,0.8410624630007368,-1.9019810720687966,-1.9732571947410014,-0.5748957425680464,-1.3046826340427407,0.6252976972274515,0.48196858654374625,-1.6075969945225241
2006-04-13,-0.39770953180334023,0.07630997199805356,-0.07431676789043765,0.06861010310730255,1.9656819139006891,-0.6129973946796688,2.1308730375835605,0.7294592474305628,-1.7043789811213494,-2.1032971212200886,-0.4234000790921579,-1.4017023157164343,0.41474921108412804,0.55945474141294,-1.6349724029397423
2006-04-14,-0.35801919766963225,0.2580386549876161,0.10513521534624343,-0.07888939640921891,2.001988835128338,-0.6806048012272783,2.090996892354385,0.5488808627970037,-1.489168057759146,-2.0936534127038398,-0.23671719500860844,-1.4719939325720164,0.2030367441639871,0.6260988475258236,-1.6293172878664552
2006-04-15,-0.25943445860559017,0.439361839321332,0.36116590002008186,-0.21672238618750725,1.9354487789969186,-0.7018401951383572,1.955942348551968,0.3448868804107973,-1.2944495671671923,-2.0542102930048043,-0.13404871279183977,-1.5365300513544755,0.024952575340901523,0.7083307975407803,-1.5828563542350467
2006-04-16,-0.331753009606613,0.30196463230154713,0.2856106644120816,-0.12153378639275976,1.9187953248409908,-0.6234210586808141,2.0043666080145415,0.3840743603528392,-1.4220962544626676,-2.0167670716935837,-0.18680940469341226,-1.5047847023384302,0.13570472939454423,0.6695507524077735,-1.510359182749757
2006-04-17,-0.13696214313330787,0.5261962722065503,0.46906599773009844,-0.31786545143033096,1.9594787462683443,-0.7868177328821778,1.8448198676748053,0.24115190273395326,-1.2568013375890457,-2.0935631660353504,-0.1499294176443349,-1.5345264403205288,0.006872801694105523,0.7401270638435598,-1.681608105031125
2006-04-18,0.034212724035648276,0.7301933050295423,0.7848309141508419,-0.5358280845356307,1.897138595051149,-0.8005215925976461,1.5714658725660675,-0.1689141216132897,-1.014562290537018,-1.9347267180011192,-0.15497850029574095,-1.5143779107733197,-0.13542639722640382,0.9143720108105193,-1.7240648437319397
2006-04-19,-0.19252645993589926,0.8001125710371878,1.104617759189205,-0.785724044846938,1.7616006302454825,-0.683116798590017,1.2705163109556945,-0.6480615808907364,-0.840324198704646,-1.5826583001261518,-0.02830949943754481,-1.6364139817598728,-0.23137904568871503,1.0200986043153883,-1.4231649730162295
2006-04-20,-0.28908360680392925,0.7312030631182823,1.569489477566738,-0.8587017429754666,1.469396813918176,-0.5319828976314741,1.0126883762822545,-1.0934087485806765,-0.6908562422197584,-1.3882502015750133,0.08785930328925469,-1.9290502483331498,-0.5531892134496443,1.1901997763439907,-0.9349553062842003
2006-04-21,-0.3057750329505139,0.8661925642763467,1.7723126998949938,-0.5182054591161184,1.2037420994666197,-0.3673169072927675,0.995386086433497,-1.1858356096466778,-0.7156681636971056,-1.2382752581597638,0.12119949302481388,-2.008301484982828,-0.4921952708733671,1.1763456080836823,-0.6620705284650856
