,1,2,3,4,5,6,7,8,9,10,11,12,13,14,15
2006-02-20,-0.3814096152979206,-0.6534704134126721,-0.6614277488113818,-0.4275345578682862,-0.5500267673785839,-0.8326622037430124,-0.37488775670833374,-0.446659110290007,-0.5386991432241702,-0.43579122805453496,-0.27145387969277474,-0.4210288839676224,-0.2787631883743731,-0.3679195051917006,-0.5038424073233013
2006-02-21,-0.17685301400385264,-0.48981034958945446,-0.5741009980478705,-0.2572481453222291,-0.34874161357749184,-0.6879619778867885,-0.19404328750462652,-0.2741140266306076,-0.41397398713347905,-0.2606427353056103,-0.016085388437954217,-0.2682037716821316,-0.09651815440236827,-0.2268122644999641,-0.3783002855036358
2006-02-22,0.07365129318272352,-0.29412615444590867,-0.3909693170392581,0.0004966732346585703,-0.06920340269657933,-0.5164181632866889,0.03355456902399952,-0.03818075301179585,-0.16832197574549432,0.0020182012858610807,0.2383106650804458,-0.06305031137991182,0.12496174316774551,0.012765509727924883,-0.1866414645949127
2006-02-23,0.47090825937316627,0.036743077229427386,0.026814369090811075,0.4152661641032159,0.31576417805665047,-0.21127942164123603,0.43246785944751953,0.35147590933437334,0.16497286465436722,0.45570544789735257,0.600224421711253,0.24597251507791718,0.4726166964378498,0.3581873397623671,0.09924323595245174
2006-02-24,0.9174752505889853,0.4194738456035369,0.5827767078118508,0.9591883317464688,0.6557613136781815,0.2328999025145234,0.8232920885508521,0.8432614677451447,0.5503188461182728,0.9883655632768207,1.0171502392379133,0.6012845578418852,0.8201311548581159,0.7091627122463706,0.4921696417034131
2006-02-25,1.264627430574363,0.7928372256021963,1.0057555825184523,1.3614957484336434,0.9104106791276998,0.6387099240081415,1.0053838501419088,1.2499819387288738,0.8188258545975275,1.3772720105570768,1.293386428088776,0.7924088108520564,1.1303698024227369,0.8866646485132611,0.7677069918215749
2006-02-26,1.4279986022400881,0.97609008108134,1.1966242275854582,1.6335021314936717,1.0606948705613117,0.9396789925130316,1.0109213767090233,1.471022010075708,0.9206161265548704,1.5942464865760932,1.4038322399696024,0.8461717124157159,1.182910685309432,0.9195538827055995,0.886535296451202
2006-02-27,1.4778513992181856,1.002048892535178,1.148463242304377,1.8454619113682378,1.117843486847437,1.0504572811511705,0.8350051875736196,1.4797321902339813,0.9304843663568703,1.658246378453908,1.408424689677683,0.8122694107508938,1.1080215143482248,0.8046750159643848,0.918291201807057
2006-02-28,1.42746178191592,0.9746388689270477,1.0942937475634358,1.8551533863154783,1.088083246820541,1.037525713334319,0.6675195553574043,1.3598110122479832,0.836532998470604,1.6526868058845428,1.277161151601534,0.7250147629428143,1.0103861356515045,0.6425337255609298,0.8930026078120982
2006-03-01,1.3522402277004637,0.8251986852323819,1.0601858086573532,1.7175379971395217,0.8422557479954331,0.98518594006624,0.5352422657968505,1.181590079128973,0.7868153215373695,1.6368723872136526,1.1006446406733448,0.6427726774702527,0.8973284096343112,0.4762207120465027,0.8277148480072196
2006-03-02,1.2218628663309326,0.665764936133864,1.0206439759000425,1.56016301577101,0.5547893538619761,0.8588532431889863,0.4168645793087233,0.9910868694456104,0.753738204076397,1.520915365662683,0.9221963127762567,0.5663205725843043,0.7398492137636421,0.3227810210930853,0.6693710248770507
2006-03-03,1.1053029182416247,0.547075731476082,0.9918978398510372,1.3581612488220993,0.35677107788691775,0.7754170940258555,0.2901389309857743,0.7878525353448699,0.6807083017282791,1.3484890019704285,0.782004970902586,0.45921271934839397,0.5680372458757694,0.12762217412980753,0.4928320763860138
2006-03-04,0.9729386583647659,0.41656055609780707,0.9871160065605281,1.205102845649944,0.2887721419053928,0.6806416199844004,0.11170605573032417,0.6658335753466602,0.6687769698684586,1.1211961473292826,0.6453025089711399,0.37798604142632763,0.417110857431278,-0.01658989334767921,0.37334565055647656
2006-03-05,0.8055197609674678,0.25052775712283826,0.9073562813097712,1.065584765657516,0.3112327949480294,0.6402823863938194,-0.00445655323633044,0.5054141047904578,0.5914370674771896,0.8601589481516433,0.5337187114755683,0.2835341168471877,0.25972373207119437,-0.11657110032013752,0.32923539081836845
2006-03-06,0.6595797923278255,0.04923396366004605,0.9135511088301201,0.9237659820349112,0.3322245997137141,0.48475874051240797,-0.08957416499074743,0.28112826414074205,0.5979553846765897,0.6276757200020439,0.37140708781526227,0.2557384080848766,-0.018876757545388045,-0.17157304987800637,0.2981486931009425
2006-03-07,0.5636074376226142,-0.08936854881799004,0.883845864256572,0.7571237517274448,0.31685952251371097,0.29196174228473554,-0.23378309297931607,-0.024003794292902985,0.6791306530896656,0.4281414598457139,0.1631751759698588,0.27861005774934505,-0.15615204480071038,-0.2085114458579038,0.30663657817316864
2006-03-08,0.451161702596173,-0.27510049318172924,0.8496364223318327,0.5055881517656747,0.2975622505742597,0.10728337777231474,-0.3672305004569301,-0.17341058801981532,0.6943496563689997,0.34664769112820437,0.001817623892142415,0.2816775655068086,-0.3290953363032644,-0.18360023964761318,0.3209799379719953
2006-03-09,0.30091618075806426,-0.47172919218472514,0.7508508585030771,0.2831963573949805,0.23368380917519424,-0.05586455205093928,-0.49623758440950366,-0.2963337504418933,0.7306616429648978,0.30414769846995593,-0.13711547454057008,0.23342429672393195,-0.5315358441561917,-0.22989450681473678,0.29630058741074317
2006-03-10,0.10260059185138926,-0.6669323285288504,0.5475330688793921,0.11946084962987254,0.3037343716370385,-0.22070801996462777,-0.6447009951577642,-0.410539141670103,0.7204962135608086,0.2694187988718517,-0.23641015172796134,0.15251199468971086,-0.838557707582545,-0.3027769906872872,0.3228408389136832
2006-03-11,-0.0683961835627282,-0.8345394256545717,0.3448204905356836,-0.08848514840093409,0.3642058428430425,-0.3370964309697228,-0.8620402152644888,-0.5466791417620446,0.694705864598988,0.31639795641860163,-0.3764857104039577,0.03526115348720428,-1.1488447513422426,-0.37575250367071605,0.4230332718818392
2006-03-12,-0.2084989517607706,-0.9896966546954461,0.12284135172637742,-0.26369212892270416,0.27267760723826856,-0.4528145698663823,-1.1777917229303165,-0.7144842393128166,0.6266070596323605,0.3650476438052807,-0.416161477663107,-0.02738205472761321,-1.4667999616193201,-0.3933429533156996,0.613851240825666
2006-03-13,-0.2866534198274294,-1.0570518301479725,-0.13546573155678293,-0.3971101542692573,0.06875671366619751,-0.5347655751574658,-1.4340603925170003,-0.9331071419660549,0.5536009640475755,0.3917390533303188,-0.3988541299218003,-0.06065292322781443,-1.7298359996627921,-0.3825015195898521,0.781600076367024
2006-03-14,-0.2973111504853294,-1.0050079987666352,-0.3233056964122212,-0.6079031280628439,-0.08902141878168768,-0.6001706486439026,-1.6270535164929498,-1.1313152208846937,0.5919105169407952,0.41674838828137095,-0.3794310571445906,-0.02532497268367506,-1.9644858128545601,-0.37023381963915986,0.8851868468334382
2006-03-15,-0.29659753431815694,-0.8120162059278833,-0.5368877915555875,-0.8625056632913315,-0.25133435914453434,-0.6080293200556152,-1.713559652258361,-1.2294883801944305,0.4891204334579392,0.47281774747799304,-0.2664846573813299,0.13989771823884214,-2.0789739401218235,-0.2656650554722778,0.9420821025256306
2006-03-16,-0.24182454612524967,-0.5362218639261287,-0.7355654697675621,-1.197609723105515,-0.317936259137119,-0.5535295775695975,-1.6788264564109554,-1.1264346185234668,0.3218093578041312,0.5803875149186661,-0.09925936903747247,0.32941738409291166,-2.1606461136883244,-0.12130902860457618,0.9469662310422367
2006-03-17,-0.12152239547409853,-0.22789750559101177,-0.9383462327130254,-1.4255074203568696,-0.31305013506679596,-0.4717592240168159,-1.5377809979148542,-1.0868541170860768,0.04272407974779381,0.5843430687860233,0.0499407682453078,0.41381087771611275,-2.1144325098911954,0.048455614366914805,0.807906601189837
2006-03-18,0.03654999282934645,0.02995713160894729,-1.0982534127600903,-1.4775305834275683,-0.21825509359255,-0.44848678256057667,-1.3318409521913313,-1.04312454395147,-0.27895237613691615,0.4783354595878128,0.21132891186498862,0.381746299226615,-2.06515674322073,0.19239611299726694,0.6204987180090974
2006-03-19,0.15759967962103333,0.2288180719447557,-1.131656381380567,-1.4641922545955801,-0.16699363913769003,-0.47589642964535506,-1.152645545593887,-1.0071254746207692,-0.6179006028905644,0.2806902951140774,0.33465373605788246,0.2608380123789889,-1.9447615122786917,0.27677044575061155,0.457012159131684
2006-03-20,0.234955942717638,0.4246893715531324,-1.1178571106427588,-1.459880313250976,-0.23597532488175824,-0.6378712361929396,-0.914809358363341,-0.9905640341850733,-1.0088787479630663,0.04828460856694525,0.5006024345518921,0.12595743541921414,-1.8481609526966076,0.31398083115790004,0.28726625244340365
2006-03-21,0.2882624167826053,0.6398611985002834,-1.16220889048291,-1.509347873660912,-0.2828619389757631,-0.816879967774858,-0.5290160108406915,-0.8858012641202719,-1.291014347501415,-0.093964544003888,0.658377906680874,0.017192821274806463,-1.742003446846298,0.3659437474288048,0.04201075366657986
2006-03-22,0.3873931554276328,0.81566502568484,-1.2480538518503457,-1.6228946034708618,-0.3143719238084933,-1.0214700068577738,-0.19393735934392484,-0.7064490522560181,-1.5061868721492466,-0.23102646996378018,0.7924791243723986,-0.1068036568653024,-1.701620738807467,0.4900898571903581,-0.1542469299860404
2006-03-23,0.4998785782582967,0.9335208560987869,-1.3692555020611712,-1.751663002164018,-0.33602844697916084,-1.2102674796813928,0.009838464446051728,-0.5135588124094912,-1.7031470536640876,-0.382081610645122,0.8481588405264876,-0.24958198406810334,-1.596793376344019,0.6226146471321036,-0.3024065474997331
2006-03-24,0.5909032375102822,0.978267222392458,-1.5104404866060166,-1.770833365678725,-0.3004203477135344,-1.3482503201767757,0.14176921627380365,-0.3797568119451911,-1.664768179902688,-0.44563778501326273,0.8900291580189751,-0.37019905123245594,-1.3844207479758155,0.6732980468236328,-0.46430686954897865
2006-03-25,0.6455716742273861,1.0247995988472376,-1.522728133271654,-1.6598390607874156,-0.370373361516283,-1.4388813868207317,0.20490630943401458,-0.2813418291991715,-1.5021891154875875,-0.394968981700042,0.9598836380833012,-0.45956948180669877,-1.109390692419695,0.7560858804808739,-0.6040760543801253
2006-03-26,0.6208723505979074,1.0614153570321243,-1.392752808152199,-1.409734248476391,-0.37830422819574566,-1.471356822125455,0.21596191362529973,-0.1577375385266887,-1.2867363014911457,-0.23978080535852261,0.9380281318887471,-0.4806872590811034,-0.8024225325407547,0.8291250348625198,-0.6445179690998534
2006-03-27,0.5147778046805562,1.0284873325479402,-1.2190743750806616,-1.2505355373556204,-0.453798421899796,-1.4133547254678465,0.20007202413080416,-0.04410866090297719,-1.1409716050376228,-0.09205603608690599,0.847218152996435,-0.44262620689533705,-0.4304748284649807,0.9220432050462416,-0.6285840017083401
2006-03-28,0.37321894804473343,0.8656960302818865,-1.065395954531965,-1.1391355757826314,-0.5547560779087085,-1.3432977046769816,0.18021837015986739,0.07417440565046297,-0.9834350127428227,0.0012458228678409904,0.7326667911404743,-0.3559074002283603,0.008547293449039567,0.9018332940095327,-0.6379944544266961
2006-03-29,0.15846951351414815,0.7065415163757766,-0.9545673796350118,-1.01774172547119,-0.5917600731914555,-1.2014702562580661,0.08891917203542805,0.23867431683583298,-0.8452447990426284,0.02744217500830043,0.6633676762097284,-0.3373699447241347,0.4011823690569899,0.7500521332741841,-0.6319970564770743
2006-03-30,-0.11166229156133411,0.5506664821745055,-0.7870265128906511,-0.8920352470494821,-0.763801800208128,-1.095053493247001,-0.03254701163896088,0.29841852805903957,-0.7857877527209671,-0.017434066262533354,0.5284215433366221,-0.39518911753934033,0.7263450457195517,0.5503070104873353,-0.6311548127988262
2006-03-31,-0.3777608218723832,0.49461708309097246,-0.5801914684112566,-0.8129625086371792,-0.9701580080380324,-0.976999869329952,-0.11615704793873459,0.3424199171695327,-0.8125816623624489,-0.04481572374476738,0.38872943157180484,-0.4330825500781091,1.0347275549948023,0.27450987535752774,-0.686547268924922
2006-04-01,-0.6417763754296533,0.45205984220754997,-0.3049385753908443,-0.6960520485904272,-1.120023097356382,-0.8921933218665115,-0.13615309007189705,0.417689390351063,-0.8144509974735262,-0.07423088921963292,0.4289487865313573,-0.5281852641159737,1.3624220738311141,0.026552650915863424,-0.7769188744011577
2006-04-02,-0.9142784152479725,0.4374629714240992,0.06670882119733021,-0.587611146063734,-1.1621588888486816,-0.7213932351869585,-0.2471172574938252,0.46784595688442426,-0.9244031642909192,-0.2388473970120555,0.49246972538234357,-0.6321130892129929,1.6211561903913678,-0.1364479957269766,-0.8108549399720714
2006-04-03,-1.1506896597006528,0.4095175741073641,0.3742242836444128,-0.5280598587691111,-1.1110931810349272,-0.5023781886584215,-0.33969594511283396,0.503461500899807,-1.1318294333460046,-0.5589308026474923,0.580148664827699,-0.7089877072717209,1.8337552687682894,-0.31996477129132,-0.8749557332527597
2006-04-04,-1.2884453894461152,0.45390498934006895,0.6424070822683364,-0.6345886219720561,-1.1205578659912527,-0.26300667923494425,-0.4106048558769174,0.5701943330342572,-1.2978735167156916,-0.8593254897479892,0.7273597913470824,-0.8003041180512693,2.004801435153999,-0.5246637513990707,-0.9921428656160507
2006-04-05,-1.405556908029158,0.5193046843400121,0.88952206657088,-0.666148236153037,-1.0807500192404857,-0.07472466682769087,-0.5526986232924038,0.6347156886110121,-1.3728835776937915,-1.2073621115191795,0.7949230865340841,-0.9566470990837809,2.1274968856286276,-0.7319612462881491,-1.1120908685930586
2006-04-06,-1.4625337307078021,0.6685203897744716,1.1140847776620355,-0.5772223941331689,-0.9049746368722256,0.19479143483863967,-0.6469084901488756,0.6747038827724794,-1.4588967556396726,-1.4608402323498195,0.8358104193272324,-1.0871046660645107,2.1945294136340645,-0.9226683211454852,-1.2092749767942568
2006-04-07,-1.4317390706244282,0.7797488294090207,1.341027941364174,-0.3800304531578232,-0.6259357605697682,0.46200075886041525,-0.5564221298695017,0.6091159774997454,-1.4575174218779725,-1.6351735609566775,0.7992341226764669,-1.1949243816755952,2.15721200792325,-1.004902413701348,-1.2195646837367342
2006-04-08,-1.3184893055914564,0.885042447323656,1.5284952575945019,-0.14471071699211374,-0.17825199080769594,0.7617885988600431,-0.5030918443819381,0.6451783734538374,-1.3957993508812616,-1.7395953734230414,0.7499434757379193,-1.3131666912330353,2.0726974777662726,-1.0463678009428181,-1.1058133645688861
2006-04-09,-1.1534993170561594,0.9067448754563064,1.6044822016611424,0.0838339080404193,0.2490734011400568,0.9578441049564248,-0.3768936973946902,0.6567455116292078,-1.227846223766685,-1.900227391392856,0.6843787211756733,-1.4079532024585237,1.8623886721952045,-0.9781823718146658,-0.9329350120872164
2006-04-10,-0.9107593722154085,0.9734779959042309,1.5276256665922465,0.2983810349430821,0.5492539366562134,1.1579702155575837,-0.13231377999159366,0.5422669014738972,-1.146911854002713,-1.9744417184886598,0.5053264182008136,-1.369866828018118,1.485268490110326,-0.8671285852482482,-0.7416193895742912
2006-04-11,-0.5696829856295773,0.9519571481731723,1.351144294755482,0.425187988606482,0.7825203657586317,1.2431005178525079,0.26005160190042736,0.512955300303686,-1.0827795790832488,-1.936054786633553,0.4069849828577819,-1.2133797295084905,1.0735545812134033,-0.755389394175034,-0.5638380051187794
2006-04-12,-0.23684777392419545,0.8653214710260675,1.1510422995212715,0.5976646075012255,0.9705467564029343,1.1921477918305514,0.7065214751375912,0.39858670005940267,-1.014388141780128,-1.7596721470234544,0.3381369075311127,-0.9831218064422884,0.6459095090032354,-0.6395618547014496,-0.29914804646319215
2006-04-13,0.009631850207376532,0.7113248206699022,0.9229241361406186,0.842617658371021,1.0976505230503755,1.1042729712016797,1.0645211502488938,0.2604325324230418,-0.8529779792606046,-1.586902743605458,0.21728425624839903,-0.8094701247179557,0.22292888662144056,-0.49488522387607536,-0.06149929215183883
2006-04-14,0.2194838164737173,0.579211274217164,0.6564245914649792,0.9963577734667064,1.191242767666779,1.0434810033698285,1.3995914651061494,0.07546909889764916,-0.6587565348619789,-1.3307474278193974,0.12083388548893041,-0.632273507074592,-0.20676005520693197,-0.36142748198563984,0.1356356405449632
2006-04-15,0.3937084762116886,0.45177142280492316,0.35105934127845534,1.1040942112882268,1.1442378484756912,0.9630996392499839,1.7120639445236066,-0.04297392442853394,-0.4078077091382353,-1.1389763293563449,-0.016649772840758654,-0.5499809066486333,-0.5869550533766489,-0.23730573547967632,0.28093964211720795
2006-04-16,0.24587326858462408,0.5191267525202427,0.5257372470157877,1.0290027256728058,1.1367520046395174,1.035871324110451,1.4940522097859712,0.03284851060591843,-0.5547702197203319,-1.204882996557588,0.10144400041712397,-0.6425425993912838,-0.25970271175405596,-0.3064409598735828,0.18267579282662216
2006-04-17,0.5597195005270823,0.3693429499478217,0.22487143305605825,1.127475821596896,1.1591251526900068,0.9336559622465285,1.843302941834998,-0.04828844130438202,-0.3266779554740704,-1.0480182201255905,-0.01100503339402934,-0.4464316584903167,-0.7862571075090133,-0.18313611043250783,0.3644068178887245
2006-04-18,0.8322740340279895,0.2470479398897656,-0.041167167768278855,1.1783683434632473,1.1077927637656,0.8331582691250857,2.253814971387533,-0.24416623166984547,-0.2027218033465143,-0.8459694550190988,0.10411578515426938,-0.11174386310495996,-1.1885302319310669,0.01755679522238157,0.4497306206525022
2006-04-19,0.8264530210294109,0.13993011648012937,-0.29977824026941263,1.3113124393827231,1.0984598968879478,0.6947199110092827,2.3538731700693116,-0.4346717620289053,-0.01006613750458343,-0.4862112067902169,0.2879392816224182,-0.05695212871115571,-1.3220407827179672,0.15824036511588147,0.5962191055778077
2006-04-20,0.6007682215392487,0.12215782188551061,-0.5232788901187095,1.2848308921783438,0.8085326264411635,0.7338704588294253,2.2057154460038264,-0.5333708089780276,0.43529840271209913,-0.20637777241119268,-0.08551218983684421,-0.6179999482889227,-1.2118707419974075,0.26300376101261114,0.47840834298143714
2006-04-21,0.5227151704790743,0.07147868037640731,-0.7263461547178126,1.4453759601291976,0.6216249337913651,0.85926596651651,2.279936490766102,-0.38645619628019173,0.5330590059575179,-0.3011743632409994,-0.364090526060235,-0.8437572941772592,-1.022579320164379,0.23517378188059782,0.6113605693033535
