,1,2,3,4,5,6,7,8,9,10,11,12,13,14,15
2012-02-15,-1.261676266069748,-1.311744974770096,-1.6303203692656962,-1.042463579926667,-1.048961369933926,-1.404056142825563,-1.1601984551944837,-1.3356967894526002,-1.03424140128893,-1.2618403029518166,-1.0183265368264136,-1.1723570453183465,-1.1205357030229237,-0.9836977305278728,-1.140006388376972
2012-02-16,-1.3624923842005443,-1.4450773360891096,-1.7913674460826332,-1.1171001845748463,-1.026912183607732,-1.5379938787847807,-1.1880066538713199,-1.4271080856889753,-1.068233817865805,-1.4066660880293522,-1.0818387835100929,-1.2516057474762141,-1.1962571380958824,-1.0419464073340368,-1.2101309689517739
2012-02-17,-1.4283455053546295,-1.5907516268509472,-1.9384087610890612,-1.2082117948981523,-1.0034032426690045,-1.6879119021211526,-1.1735218012934214,-1.388494658955949,-1.0966712902434543,-1.5438985527518732,-1.1734669735381196,-1.3281150610592758,-1.2033576367693986,-1.0339719465536357,-1.2718700092203878
2012-02-18,-1.470568790590164,-1.7330580755039489,-2.0765088606022633,-1.31212950745937,-0.9913212878184356,-1.8125375845197258,-1.1645055115041436,-1.3191613575709595,-1.1183773893655329,-1.7025439620815217,-1.2591133930186373,-1.3550606099468263,-1.2607158831066925,-1.035475853990994,-1.350894758738297
2012-02-19,-1.406676113612426,-1.722829658987528,-2.091933735696308,-1.2825065610153688,-0.8272326773041051,-1.8561504651827716,-1.0482208000040796,-1.0787634876039336,-1.025577181946133,-1.6738064132971069,-1.2060619660711274,-1.237069178167979,-1.198955763724346,-0.873530675914532,-1.294259613311177
2012-02-20,-1.4209025185861348,-1.762788996198474,-2.1291340999352517,-1.2770811086583749,-0.754925614087385,-1.961114329410381,-0.9679786297000623,-0.962962197991065,-0.9828090133680715,-1.701244313857349,-1.2875084342792242,-1.2079946110506208,-1.2270106479340779,-0.8064015798914969,-1.3248927423377963
2012-02-21,-1.4905521997685547,-1.7981924775763065,-2.117902342353831,-1.2412995169039363,-0.8230143853326408,-2.0403066459205816,-0.8394887662677307,-0.9142533312111409,-1.0192990492108442,-1.7405920033822873,-1.3717515089017085,-1.2592310502364128,-1.2593860885101646,-0.7995928897797653,-1.389203249606124
2012-02-22,-1.5710865943563512,-1.884939285848928,-2.035882587176737,-1.356382874257667,-0.9618162567129448,-2.1105952374322823,-0.7084225737601577,-0.9105607154173708,-1.0597297552712663,-1.7526804161317369,-1.3945671628589469,-1.3455000503574934,-1.3475573341039722,-0.8430984584433832,-1.4634332540397876
2012-02-23,-1.6441442814789582,-1.965326702563246,-1.9373486572696519,-1.5477609729685218,-1.0635467058875674,-2.099323606072855,-0.5595769674004816,-1.0247798872010228,-1.010825858418178,-1.7680816367995313,-1.3444119206409781,-1.4719816544618536,-1.364031902769196,-0.8230096029467784,-1.5299879195028891
2012-02-24,-1.6304761641112153,-1.9386474637666082,-1.7874039962637198,-1.6637517642675106,-1.2276453484086387,-1.93702880653304,-0.4384025608802782,-1.1671230518837223,-0.9741339010216284,-1.65314530764801,-1.2848744734525086,-1.5686217090021526,-1.3756688293168489,-0.8356903235882871,-1.6440548411131954
2012-02-25,-1.5250161050853837,-1.8893268211032908,-1.5210943170581872,-1.7287110237329204,-1.344149327761439,-1.7213479885626395,-0.3525831826861073,-1.2175220018504087,-0.9371510698246468,-1.4165572462995433,-1.174630849318899,-1.578280191531053,-1.3690453239854607,-0.7967593980961052,-1.6993751441358875
2012-02-26,-1.4562394588131595,-1.7884627484410818,-1.2403336752012908,-1.7243342055246271,-1.3929113053573892,-1.4683942006108834,-0.3136383424492218,-1.3843168051929375,-0.9188112893575752,-1.1523452356085284,-1.0636849767860974,-1.4996207389202019,-1.3168667929806754,-0.6889157824589727,-1.6737386865923494
2012-02-27,-1.379770089527579,-1.6069483363284134,-1.0300610660931007,-1.6946558663805986,-1.393739009208213,-1.2057895351271843,-0.30658320270677775,-1.5503972106356925,-0.9683934489575997,-0.9942678722313056,-1.015710802356888,-1.4447764475134022,-1.2409876305659489,-0.538484854594,-1.5633206623403126
2012-02-28,-1.3482422243992767,-1.5553297248823101,-0.8142301674653507,-1.6469547867056304,-1.4678113636697263,-1.0254780565250625,-0.3353606375235599,-1.8064352860472177,-1.0951806616519997,-0.9603662577782323,-0.9959266122607766,-1.53408254531157,-1.1750319421173163,-0.5188416236161936,-1.4621385544867334
2012-02-29,-1.2929281368305063,-1.4353704354305947,-0.6299456151042092,-1.635450333178911,-1.4655051351514958,-0.8430068247187453,-0.39327977422057825,-1.9586539462157144,-1.2198578162469154,-0.9131510282277591,-0.8509495594217089,-1.606084568783981,-0.9981030987971994,-0.4511926903222236,-1.3899113696538161
2012-03-01,-1.2561144831040116,-1.3024929947120487,-0.4734315269749568,-1.5936292656736726,-1.3964765500991168,-0.6380163491262747,-0.4774414212600763,-2.0856370945471134,-1.2620091009898429,-0.9120020460327976,-0.7448700590323155,-1.6426459447993713,-0.882883553480802,-0.38340829512673286,-1.271589304467273
2012-03-02,-1.1736495146334498,-1.2400938671054134,-0.4101645328268192,-1.458757621066394,-1.2676571713741636,-0.416988727189501,-0.47197457379609387,-2.113156462297652,-1.2679856189909695,-0.9371350514837247,-0.7681410288319246,-1.6669475366042885,-0.7288464196414005,-0.3284162663472107,-1.114599022759292
2012-03-03,-1.0419753775728413,-1.161242740534406,-0.2806761540893304,-1.2485696201500058,-1.145888163700553,-0.2767332413375499,-0.506636164264184,-2.035416542096084,-1.2260284001572983,-0.9670531853146548,-0.8096707305453558,-1.611019487301756,-0.6448540950616064,-0.3163885933138092,-0.9749218711413572
2012-03-04,-0.9481258790668816,-1.051808606952172,-0.1291862298053208,-0.9478320169926617,-1.0019872387367517,-0.13729090787971635,-0.6178322085361059,-1.9903947281152528,-1.0987819402129286,-1.0882092520918465,-0.8079799269524476,-1.474665893485669,-0.5456635215402069,-0.35522602467878917,-0.7656588366460976
2012-03-05,-0.8768900366991194,-0.8276391230357831,0.004901320264304974,-0.5515043046336648,-0.8897496027305333,-0.09168545878995935,-0.7537925700330582,-1.9103030895492963,-0.9285494238152449,-1.2112202769934788,-0.7949821665194253,-1.2814729120574222,-0.49942535277020916,-0.42637409098149714,-0.5988363470967488
2012-03-06,-0.7816373111651872,-0.6386751015106684,0.05571745267788095,-0.16351465909152693,-0.7254261582070797,-0.029332356957488252,-0.8829271891405184,-1.7572282224948292,-0.7024961062365075,-1.3311262670661215,-0.7211232547497765,-1.0723298456269927,-0.5154039221819532,-0.5240114142932951,-0.39924401507792917
2012-03-07,-0.70395180149024,-0.538868217783693,0.0902306076103877,0.22367559728381098,-0.5357295106144268,0.07755028369671273,-0.92451829232064,-1.649760357703544,-0.37605076336261506,-1.269251528781677,-0.6157939565169759,-0.9439477013086917,-0.4986726246822913,-0.5248725539290857,-0.19976395934041197
2012-03-08,-0.6427524190283368,-0.4020160147296914,0.10006848099654113,0.599418073121423,-0.3487513442452744,0.23747688594444055,-0.8877289246867761,-1.4743677740001824,0.0232248451326805,-1.1649223926545156,-0.5662693613102534,-0.7512575096103633,-0.45490720588176425,-0.48116666709567735,-0.033469429599946116
2012-03-09,-0.5696168354104155,-0.30937949701917994,0.2043322197534195,0.9493291153501975,-0.16281487204446377,0.31263660780144503,-0.7595550187028671,-1.270843183042547,0.4046188241810844,-1.0555347343301191,-0.4753530165493936,-0.5093228619661888,-0.4243465286444561,-0.37432614813174275,0.06949047742719226
2012-03-10,-0.4510359531274884,-0.25645660683689553,0.2954240710432962,1.2476965992808988,0.08966410654233412,0.3261179547652069,-0.6423287957024291,-1.068918412143312,0.7219283607363286,-0.9513142598588457,-0.3617034710023413,-0.21055407780044216,-0.31503705653970504,-0.23849658963531492,0.11456269135151143
2012-03-11,-0.3672693124786535,-0.20689589731311786,0.4517355461130154,1.4395580689314815,0.4193558331743145,0.20102184775500614,-0.6158816544176892,-0.9241340889822233,1.0483400240601726,-0.8247591753847283,-0.1677925457761038,0.0559885776166473,-0.21879376267549885,-0.05903101500843562,0.21481644227742874
2012-03-12,-0.2934763806946536,-0.17301690065567438,0.5572153245410656,1.5138970791607165,0.7444445241861453,0.09659492877593595,-0.6112802327739173,-0.7288726534110246,1.395815967619951,-0.6252385322368391,0.04423071744559999,0.27466042773002425,-0.09107935694535095,0.10673509809004883,0.3982974710008671
2012-03-13,-0.19253897760537575,-0.11772859175948758,0.6775545334893385,1.4540854258026157,0.9838004289334364,0.05317346011706299,-0.5720089076085214,-0.39815226744685633,1.6243906043833505,-0.3927388347807803,0.1416992899062983,0.449975976683835,0.02970887178567032,0.3356079128689517,0.5674310227575784
2012-03-14,-0.04735799387761668,-0.020589006681649057,0.6883310461470036,1.3041118139701222,1.2318740861499857,0.009213439187933404,-0.5407358497449826,0.030098155383226747,1.7256718393023178,-0.23942945489063358,0.23696479038263554,0.5853209338337444,0.26300160867727046,0.592160763839076,0.75617342078103
2012-03-15,0.12928479293051703,0.20009062457367147,0.6518540867317953,1.155369449171925,1.485706741924572,-0.026180730177340905,-0.505091914670945,0.4396847046744703,1.7266456409807918,-0.0145198634787986,0.3672234322920381,0.8118456979799663,0.6094774724960804,0.7867076672107535,0.8615346234799989
2012-03-16,0.32229857818221175,0.49537345818355555,0.5825845779420105,0.997001091700248,1.6779628225447663,-0.08088592039671551,-0.49266650948755925,0.7822624308056447,1.5778950077457012,0.16277571287412165,0.5497622896468548,1.1028964047553316,0.9452324716208473,0.8952665904758401,0.8391621824756275
2012-03-17,0.4894899506358301,0.8176152030045608,0.5791884904150272,0.7811043343600179,1.8650974882768037,-0.005360061547861715,-0.5133402862017336,0.9039910589264651,1.2984127726780543,0.3918651736945814,0.7592467817816159,1.3758584537208396,1.249046591168314,1.095010858851806,0.7420591165790313
2012-03-18,0.6214342267712573,1.0724275218788746,0.5642160100044036,0.6647294137160489,1.9287370112382975,0.17322368217092426,-0.5566281250291083,0.9265688969061676,1.0517130583370609,0.5775289906667224,0.8116981392713561,1.5485730924992676,1.4261073420810397,1.2461112711272067,0.6548180074796679
2012-03-19,0.6557668783414401,1.2731266568273008,0.5752960523793529,0.668310130476244,1.952618889531068,0.3055310575979696,-0.5685847452742833,1.0061631842689127,0.8866318814374078,0.7520372736022637,0.8898604774273975,1.6775845167856631,1.4659563355288394,1.341231785166791,0.5558679549377543
2012-03-20,0.6583859766849868,1.4051227122542311,0.5907967824291658,0.755028640921723,1.8393930395611096,0.4031755797870806,-0.4578036532962457,1.1559503066014345,0.7300384898485104,0.9342946084241603,0.9867166886571412,1.7178420581729608,1.4796019316980464,1.371361395029162,0.33838638092526924
2012-03-21,0.5669531643403507,1.5629739927282438,0.6038772592060907,0.8605814557028785,1.6346022350085034,0.46944495577106127,-0.14429297229422688,1.2692544502382295,0.5501010759234558,1.050637122423103,1.0396684546277273,1.760637229218012,1.4464788998372957,1.4470683740670056,0.08724408275524716
2012-03-22,0.46652127085802864,1.5752133770816956,0.5305915327965225,0.9414575416351412,1.383177839372351,0.5211458150789607,0.219456512363651,1.2367898359650351,0.38035350164653,1.1523328446870662,1.1859298503553026,1.78020797426422,1.4031838672581045,1.4163604768630254,-0.11901898369335012
2012-03-23,0.431304853308288,1.5518332445222098,0.44887949560926044,0.9353351307879827,1.1095767958215792,0.6716706443831435,0.5032869448523792,1.1029860137190008,0.3229107280742489,1.3325787535523377,1.3121944619237924,1.8411877186196322,1.297694003339144,1.3240168079299315,-0.31319219756871625
2012-03-24,0.4776610095119815,1.5692995426885876,0.3638279765001077,0.8778282566586778,0.8399324762221831,0.8471607920268428,0.7235952889567919,0.8878150242859869,0.25434655834924147,1.4272945023336658,1.4461586460742668,1.8266218736968443,1.2000976273396524,1.2019350862465452,-0.45466282258640184
2012-03-25,0.5874731957630945,1.6091302809227317,0.23576493630745238,0.7380767123350793,0.6146174255884843,1.0277996277488166,0.9422785403744853,0.6895528605411543,0.18507155646626192,1.5320313665511143,1.5781820979489,1.8180922117802445,1.133464878856028,1.1071313148862545,-0.5609235972244527
2012-03-26,0.7477229834328064,1.6357221507212818,0.10119193524192424,0.5872974162616094,0.38689480091064443,1.155431710976155,1.193428728643786,0.6472636073903036,0.07633160435871338,1.5107757961763069,1.6786005120653695,1.8636999786686332,1.023189835315757,0.9376370520795503,-0.6273265797999278
2012-03-27,0.9070577287229562,1.602223860123009,0.07326897822807595,0.3785327788379209,0.28916402174566846,1.2304493996750987,1.3744303001401332,0.6306114187718975,-0.06904102318187674,1.518118561073245,1.8412967137731753,1.9501560057886795,0.8282574013685712,0.7192059633877321,-0.5239205778076171
2012-03-28,1.0570217763176935,1.5582893222450738,0.014465865425889552,0.1836684208000139,0.19307146729076297,1.3487872440106219,1.5306405904381388,0.5190752529345853,-0.2181392115685894,1.5280093055800157,1.8961089845718375,1.9924143925320583,0.6776506656686329,0.47373436890542525,-0.35831886688578385
2012-03-29,1.175420748580376,1.483809080581786,0.012124344655598274,-0.01802134430479967,0.15072511459894014,1.4758466587934478,1.5959036133939375,0.3426070723551736,-0.4010792723036686,1.5702912659470132,1.8312392327438258,2.0349064472492016,0.5290286452100803,0.2582282837920242,-0.09994797136690575
2012-03-30,1.32618789361893,1.3734710541862831,0.046672076904843346,-0.15373447183072722,0.15361933157814422,1.5681770378383428,1.5047899146739854,0.2341102913429988,-0.5913566244637274,1.6167433652405037,1.8205783474588473,2.069063841347261,0.37888367236650383,0.006008915657442512,0.15327407751890873
2012-03-31,1.4652749064081894,1.2975822284785508,0.11086013824702125,-0.21118563530539283,0.26348674329722693,1.5665854252830498,1.4920887775390863,0.25294529084933354,-0.7203902195753162,1.5417569861973635,1.8141422787313342,2.072113011792259,0.24302521071808073,-0.15078696072607187,0.4103084156886782
2012-04-01,1.5996508896527328,1.269163076138379,0.14201211693689245,-0.22008146536798262,0.4077487657470498,1.5380506749955265,1.5730323044361467,0.2920220843490269,-0.8251797656748987,1.3618174186567915,1.8697831604714403,2.0456174552027284,0.16014169640996542,-0.24274440554436794,0.6585695407345267
2012-04-02,1.7002046861276612,1.1563358739100522,0.1678456076446482,-0.1355228408124059,0.5300548627621517,1.5434875892644215,1.6248700030329772,0.4227922887892519,-0.8879001703451371,1.1715664091726894,1.8786334535378615,2.000993929164212,0.09127537893238982,-0.3466062690846357,0.9260506541355502
2012-04-03,1.7420360957546284,1.0116287000075175,0.13170413385787136,-0.02636562606235321,0.5751881550132547,1.509645998146993,1.6122713603727081,0.43925845048275486,-0.8875058167529796,1.0239235895026886,1.835741403243654,1.907837786743501,0.02836684184000275,-0.4741613941617514,1.1197366682993748
2012-04-04,1.7527753773135832,0.9056890433439618,0.12276844049590455,0.12479293420947682,0.5674093088967634,1.4608928675343864,1.5122121592628284,0.39636129342365317,-0.7682078187123956,0.9266024124096361,1.7687674824179045,1.7562284378399673,-0.025340829491343635,-0.6089532393617468,1.3296960577021786
2012-04-05,1.7923654138133749,0.8713390742390177,0.09301199063059093,0.31723522605979637,0.46135971040389967,1.3801369422691196,1.3997907084777428,0.3615010775210747,-0.5311933929075845,0.8092772351523275,1.622710154256864,1.5570869539860437,0.01684751941139033,-0.7534629843632836,1.473679462119947
2012-04-06,1.8257641743133888,0.8527849329795473,0.043023744144278904,0.3995908074472806,0.33667484916898377,1.3358799040160394,1.2822805382749682,0.40060751774943526,-0.18477661600069412,0.7709717406400366,1.4289013628491876,1.3228569285377394,0.14051846431309578,-0.839609626253573,1.5618362594671855
2012-04-07,1.7627192881090379,0.8056752160409715,-0.012777537028306408,0.5541205598669152,0.15726345375659734,1.3290643417864185,1.258295681921673,0.5200539458713532,0.274053811390198,0.6686457438916336,1.2411661245730472,1.1089512302034512,0.31727499017682415,-0.898669969914106,1.6130503806569023
2012-04-08,1.6643444536395464,0.70418233109002,-0.028321111688261846,0.6116113761038433,-0.015862426012793855,1.26637927700979,1.2060611593070427,0.6316403659171713,0.7413936806418774,0.6303699127588178,1.0014183053881305,0.9312532962760429,0.5075697622133775,-0.8918359944750498,1.6255973326919209
2012-04-09,1.5511092030517846,0.6211298254099236,-0.000759337099820973,0.5656974483401127,-0.2021066033914157,1.2140915176283595,1.0491444663663918,0.7060135015606928,1.1288772457189613,0.6371992044824701,0.7512513102626199,0.7933995531968656,0.7613138820060434,-0.9802681796798141,1.487343820406713
2012-04-10,1.5046018708064126,0.5957481416009784,0.0038627081278158797,0.5993089709869158,-0.18104620682085154,1.2425495068937873,1.0389230229883863,0.688460368176148,0.9420418370312593,0.6586928672772152,0.7935294878883583,0.8177639994029652,0.6472412204397423,-0.9299854057602615,1.5601336096315868
2012-04-11,1.4341960865402443,0.5246140952153853,0.01611919017914839,0.5899338739087829,-0.36866356789531934,1.172148913422846,0.9195776232429843,0.7231494045434291,1.341269723592636,0.6318542079298151,0.5403150499311252,0.659376167181008,0.8649212611541259,-1.0802185972628755,1.429711235854408
2012-04-12,1.3457866495258552,0.476674935134186,0.1930571940895103,0.44521914687725694,-0.5263568766040213,0.9874034613247326,0.7899741431904527,0.7142675483074172,1.6871893419800106,0.7902691223596042,0.26115683712804716,0.6096478518984236,1.044233320112645,-1.218507127883246,1.2840152038594561
2012-04-13,1.1617710080557107,0.43131000663622726,0.1952090577125603,0.23019429256212673,-0.5926100340791837,0.9253692304396318,0.7570496198107789,0.9457012451534864,2.008891670855098,1.1203736581713157,0.024515368258053418,0.5951886545061922,1.560591170136247,-1.191101555719369,1.1692304665209725
2012-04-14,0.9127314241003968,0.18027636596886432,0.4361300350194849,-0.020408173257691946,-0.6474527916092669,0.6836315748461839,0.4983700119288766,1.0686787144310486,2.12491669315188,1.2360395789472327,-0.10719164451200233,0.6177050220283035,1.8153185696433853,-0.9669075074501671,0.9594798892022346
2012-04-15,0.8450465988125928,0.21797759361989966,0.489181427576534,-0.16526396384329647,-0.6273326989589146,0.6734003019733571,0.36710814759422017,1.0294216588929574,2.031574028167907,1.0468406321431247,-0.0891284387721654,0.5695840931003342,2.0491860910360797,-1.0786360714199013,0.6541183070588273
