,1,2,3,4,5,6,7,8,9,10,11,12,13,14,15
2016-01-13,-0.6645052737241443,-0.5950414397236375,-0.6145367226395231,-0.35907668244732144,-0.5888681852085317,-0.6718159997607113,-0.4469562724677603,-0.5051127193846757,-0.8223279792618192,-0.8472005256451073,-0.24638352254296955,-0.7013313087081415,-0.4256183756066125,-0.37410947296774183,-0.5818059217381845
2016-01-14,-0.6536931509129423,-0.5976126373694616,-0.5436319087997499,-0.2396314300151235,-0.5353949975982197,-0.705203508386236,-0.3363618859742802,-0.4481391438420897,-0.8137245546618888,-0.8632258515558496,-0.14710911099737742,-0.6847081437119752,-0.37403970706928347,-0.29868374955749816,-0.5124139302446954
2016-01-15,-0.5842757284096557,-0.5852874831045497,-0.5060720629004342,-0.1309192723708643,-0.46539776575675046,-0.7145170132118042,-0.19634752803259872,-0.3316293803264534,-0.7429735758174526,-0.8446297101262976,0.0075813074821168705,-0.6039638837736573,-0.23405361514818043,-0.19280766556164283,-0.426056036425256
2016-01-16,-0.44442611332412707,-0.5516340268158395,-0.496592059509741,-0.0647367921671144,-0.4259308426892844,-0.7110938840488601,-0.15749045187447908,-0.17995241681027727,-0.587310025461729,-0.8753730100812246,0.11728597906284619,-0.47122260206757915,-0.16353659749213084,-0.11339911791063595,-0.37677113267838996
2016-01-17,-0.1884004449695725,-0.3371619782775086,-0.3242680047857598,0.053374193830896824,-0.27397283248351706,-0.5800001311204489,0.025358287759007843,0.08707874665841245,-0.3502155724250958,-0.6951656040540987,0.3108842560806384,-0.2787170006497735,-0.018582701852120662,0.14092145145712479,-0.1639854330997462
2016-01-18,0.04642145459183702,-0.10299300559891959,-0.012182352161016236,0.212086709242769,-0.013571169767255085,-0.3553108577893375,0.2202399911101565,0.346545856975294,-0.16782231251217034,-0.49181023954055314,0.5710434036710789,0.023185157386430434,0.09766955613983938,0.36188854811806687,0.12075356350503441
2016-01-19,0.2799306898978766,0.1888562401505253,0.30636146872312325,0.406727992965331,0.27685939870959336,-0.13423459547834884,0.3824746845610175,0.5251772266659713,0.030635646674758505,-0.36230345324179775,0.8220000691293899,0.23639339395498943,0.25724056602300666,0.474730604326866,0.38246689426237734
2016-01-20,0.4699707338531932,0.4249479797469561,0.5543599636159003,0.4712175241946419,0.492489816410773,-0.014950139536730913,0.4823653587076576,0.6682822789616647,0.18380333187240622,-0.28186798673665175,1.0591989438967566,0.29432496911665484,0.44113702863569787,0.5080405389710057,0.6103550360529526
2016-01-21,0.6801417424339778,0.6517440906961202,0.7733434553278195,0.6234580244568962,0.6540369882080161,0.12582820065394965,0.6079605000859232,0.7730000532411819,0.33964450612261426,-0.2000195456053711,1.3030195060382517,0.35496536870527395,0.5748849824425929,0.6112785355820939,0.839237646197462
2016-01-22,0.8810880203931609,0.9308393420555942,0.9781378087618248,0.9210553092507325,0.8408324377203286,0.3280989740281191,0.7138363657628625,0.8559782528936577,0.5774033754788876,-0.08137004408317297,1.5464458532720484,0.5528548809630331,0.7140893038813888,0.8316812206778439,1.1477968346515317
2016-01-23,1.064950854303057,1.181503901574178,1.2119777709189006,1.1517271385924477,1.1045441966714886,0.5636666088512359,0.8021237169661332,0.9705123269679551,0.7447430629437792,0.06998136495889197,1.7613786325390128,0.737380287277066,0.8278336250403368,1.0388629693704514,1.4140288789680513
2016-01-24,1.1926296272639354,1.3782049520534336,1.5098980940225535,1.3108581655356992,1.3514826693668867,0.7723372028153134,0.8594688244310207,1.0995012206727364,0.8705025591313466,0.13868316045563606,1.9066947225951991,0.890928524923849,0.8076553014134146,1.3224380469497488,1.599155967332611
2016-01-25,1.2642778322292951,1.4862879419605866,1.75630367765927,1.3799085260908621,1.6205617739434353,0.9306603387208622,0.9756833768203722,1.2137410046547206,0.907066655293538,0.222277840068808,2.028780844987145,0.9688006647580147,0.7377940144783385,1.6165110717892899,1.727413185699942
2016-01-26,1.3303008738188034,1.5078774340609493,1.8672263003729563,1.4458778398264651,1.9392006131835993,1.1052064263679318,1.0741536893858987,1.308544926462231,0.9619467680999498,0.30268381801646566,2.1480120714382887,1.0957058939536806,0.7321682178186164,1.8307166001237678,1.747488070085651
2016-01-27,1.4222574652157383,1.5584065913063163,1.844066682225667,1.4636059606920113,2.180704747408821,1.2581204743765007,1.1500941422396027,1.3171912002641684,1.0046834799804083,0.36445650165493687,2.131696601188715,1.1684002180801814,0.8318277552431936,1.985837980746453,1.7576859043284367
2016-01-28,1.4963260686937443,1.4787117475068186,1.8463736033038614,1.4235469659071356,2.3149020863757857,1.3971477441145088,1.2851404998503657,1.301530430214209,1.0414930545734526,0.4822650839653298,2.058252468445728,1.356257647550362,0.8571397480693733,2.14236384900516,1.7535494903034152
2016-01-29,1.5589926616857277,1.3773818712690233,1.815667689723662,1.4144223964399807,2.3670066078733205,1.4952084806234474,1.4370891508061043,1.1878615796392187,1.0108776740161696,0.5415019463487258,1.8625484042177258,1.5577175180237481,0.8258196409247218,2.2246329981728277,1.7194581973442167
2016-01-30,1.608707755513843,1.2046817211749998,1.7868995012333038,1.3441364051258682,2.3568186814093597,1.5703306037864213,1.584461526210311,1.0921977998232884,0.9431094977613712,0.6912677689514922,1.6456994847159843,1.7860712233204319,0.7518912399819567,2.2014009549184554,1.635897964660025
2016-01-31,1.7108058489142084,1.041476075496476,1.8319593640958538,1.1928567274809563,2.3915097660959805,1.5788869714673328,1.7261998775370384,1.108632736063662,0.82390686546259,0.9031609162917202,1.4729917543963345,2.0131627614218934,0.6646918456292502,2.0989170181466603,1.5282467392244254
2016-02-01,1.833102185704644,0.9781075847971646,1.8390199025705953,1.1002522283603748,2.3751246621046183,1.514878186160567,1.9675191955449376,1.0938117149456295,0.7914892341615091,1.125981219768616,1.4269669874991784,2.280412550284946,0.731714217789558,2.0585427738888837,1.5782476882246408
2016-02-02,1.9604290998396585,0.9920266323293839,1.830040774707621,1.0593419593966322,2.3021472912610075,1.4384684234969718,2.2700440269192224,1.0412067611404943,0.8307333373658156,1.4705936666342707,1.5072975476401245,2.5420626814388445,0.9882028530114779,1.9788486730411194,1.6750072083875671
2016-02-03,2.0725389013812916,1.024784396580625,1.817593644712624,1.1066689858349747,2.1325883174618014,1.3278096881814432,2.503032607390814,0.9021275096098804,0.8891069101468291,1.8224410062300769,1.6092080117703784,2.7272147140749037,1.3017980096043396,1.8401819853505577,1.7217285212463624
2016-02-04,2.169644534746447,1.0686135324188795,1.8592006662463818,1.1130015645800198,1.9072208436533191,1.1802189930411213,2.687263265950404,0.7857853326187404,1.0674998191963918,2.0767433067861387,1.6796858500406437,2.8447632605973014,1.5152054170617408,1.659466696354256,1.7653934165103187
2016-02-05,2.238598046781511,1.1133565262279639,1.8093922653766603,1.1408575804023546,1.7070073304943463,1.0342963511677126,2.7727715309292758,0.8311152449612025,1.3092226300822467,2.1522898292505532,1.8164754013897833,2.835464870467866,1.5176629013440905,1.4896757918122319,1.7460380299531348
2016-02-06,2.2252710716596265,1.3079421674806284,1.6308400724755545,1.1543812020937865,1.580255729957971,0.8720942833406773,2.8279593977841873,0.9377192049609516,1.4798148523072272,2.2316982682124866,2.0243976019087215,2.574099927137319,1.430100900063855,1.310774853119303,1.6075822396707138
2016-02-07,2.1363592065759613,1.4389198159023537,1.4579942844307463,1.0956210634933057,1.4400450133155294,0.6374165219964851,2.7499233255148785,1.1385741896465666,1.6203438027163597,2.3248051291965317,2.288560964440209,2.26662510538532,1.3241153421119645,1.136501609403036,1.3896442173448786
2016-02-08,2.0535777619793962,1.4768763157813602,1.3082615981887815,1.0275280999013994,1.312161439335654,0.4083903927823538,2.4844606600910324,1.4322749560974226,1.780021709236181,2.3554267960251285,2.5271134138947473,1.9020111836134646,1.2184383227792734,1.0009864148720136,1.2132315917306247
2016-02-09,1.9763453769975061,1.4783225909350226,1.140573655909688,1.0393034839872912,1.1486530641876946,0.2546494165799117,2.180930046879606,1.686458415005139,1.957939611139526,2.3087639388130223,2.65573030118566,1.435619688480234,1.1679785642424871,0.895996526278475,1.1144066088280236
2016-02-10,1.8924904796951898,1.479221974150162,1.013995029949971,1.040188283475324,0.9580491717026145,0.2589927640077056,1.8365332368754588,1.8314618408833758,2.0664511571386495,2.1706299271620186,2.6264544508837147,1.004841250442002,1.098578997686781,0.753900243618269,0.9009138907639038
2016-02-11,1.7598691705079197,1.5257011225147765,0.8727158917166016,0.9881124787139318,0.7373447363687691,0.35476498427728637,1.5261061139350836,1.8917694292053278,2.125257351387804,1.9593353768816129,2.514227548338539,0.5994443633048298,0.9330414206421346,0.5148221466676202,0.6214328399540082
2016-02-12,1.5708784846776531,1.6136639284568104,0.7072102057728022,0.8600310435248115,0.5365792289710855,0.41754636905814185,1.2783388318416424,1.9591171711252762,2.1344981531316902,1.694729792884053,2.2872579948280207,0.28278655603913555,0.788826092216818,0.2891210591053047,0.33733627230184476
2016-02-13,1.3746967861444732,1.670646525686717,0.4993566489507175,0.7540821331806813,0.34394260700561374,0.45394008024882854,1.1130790342888346,2.073450849419116,2.0093253804405498,1.5352391014980242,2.039844927947591,0.07204342387056925,0.6229688642986821,0.1281965850069271,0.06437723103614175
2016-02-14,1.1614456258833303,1.6769007285020348,0.3611135516118134,0.8116383334887437,0.1207895395965314,0.42318046680204247,0.9468862110247035,2.111471638585386,1.8707387839635763,1.484144673808023,1.752220053009654,-0.15836270838392424,0.5816538962884261,-0.006990415252737149,-0.26073329413607005
2016-02-15,0.9478399541459828,1.6438650667916834,0.23840177491543993,0.8689974233189771,-0.06840884220700416,0.5024666036229056,0.6269623805770193,2.1049345521836687,1.789462069987723,1.3548750248057961,1.4512474375599445,-0.2836382072533874,0.5614438470164481,-0.10195857219551717,-0.5817731988950418
2016-02-16,0.7698485229935654,1.5811572310764601,0.18466473427899824,1.0478233387677731,-0.17235009943285734,0.6851716445409829,0.3712277066924909,2.0537342272748527,1.7712598917342874,1.1538588564094037,1.0719847058473775,-0.3586420661989247,0.5195486420659514,-0.21282686856655642,-0.8676193459124619
2016-02-17,0.6416785926055034,1.5878509411782713,0.1271692946961127,1.1263012168054394,-0.1771490218697217,0.8873687232377279,0.2605236509039972,1.8392917314427917,1.724194703338652,0.9366168764293711,0.7146181353534536,-0.44566432087181856,0.5490331953590124,-0.3348400884199819,-1.1197673292410115
2016-02-18,0.5471933136371474,1.6062657449598456,-0.01653948627811462,1.0308452021617394,-0.16732693677681612,0.98642180985008,0.19895267386204354,1.668749945774437,1.6434722766168068,0.7740322932522239,0.49039563851838913,-0.4875443800419463,0.5478473015374667,-0.47935072531008105,-1.423840346249569
2016-02-19,0.4699295872815968,1.5069752778591514,-0.12130374303847188,0.9252763411812708,-0.09820379451447941,0.8392543928710989,0.042367360332902754,1.586387720791677,1.521643776127255,0.6344767263355425,0.27472740475128177,-0.5359983035052919,0.44534474010002884,-0.6748513394422415,-1.7249723037435072
2016-02-20,0.43720085893830996,1.3029514606716786,-0.21269359089399836,0.9058499670903705,0.042181460445196786,0.5805754037201946,-0.1997825976938808,1.469912911816629,1.3184630023393848,0.4457153982295252,0.05196256545505953,-0.6296701833585753,0.3324109477634962,-0.8296748284529492,-1.987053107098235
2016-02-21,0.47296501230047866,1.0429284798684464,-0.36643806165510195,0.8733334060145128,0.2038627214425744,0.34768462679073053,-0.5372585081410248,1.2393608070644921,1.016194758036274,0.2951407135030864,-0.10027414794827769,-0.7909109195018871,0.18130192736763692,-0.9897872183491782,-2.2248028903320227
2016-02-22,0.4875218600172908,0.8015108397918068,-0.6005470896197351,0.7585491203938936,0.3218578375169064,0.16266327758585805,-1.0136039905469676,0.791347002589689,0.5856830282308129,0.07101340418669917,-0.31966048104505046,-1.018567732380217,0.08111600182725456,-1.2591516671510299,-2.428914288680684
2016-02-23,0.43405491988561135,0.4965471005137492,-0.9646643930876098,0.3256160072026255,0.45037739060164406,0.06227225657589224,-1.5034490964787923,0.22494817778445936,0.09807890409591122,-0.21921438265963877,-0.5878002384103462,-1.1593257419389797,-0.07601262386697882,-1.6186540031366692,-2.5266124589511807
2016-02-24,0.2997068631721277,0.09458737086831574,-1.2947620827068187,-0.19514232387863925,0.6203859944351522,-0.02321730752144404,-1.8749580703163973,-0.36595545238979954,-0.31090240508089245,-0.5306498491068141,-0.9360364933834417,-1.2115380294024214,-0.21991037048392992,-1.9240897985567007,-2.487306572836969
2016-02-25,0.09678479845871536,-0.2303314748229381,-1.590717111504625,-0.6184460917046741,0.8244215775200062,-0.13876562310412643,-2.1183962497463,-0.9051012245291657,-0.6225405588081311,-0.7332794576228184,-1.1329598828897947,-1.1923148366319007,-0.3041326107123485,-2.042724408671499,-2.2658205828008193
2016-02-26,-0.0866213485045947,-0.502832703707063,-1.8112258160986014,-0.8275923916822968,1.0009220826990006,-0.3112706088798811,-2.2290038395658476,-1.2662124317488297,-0.8620315209829265,-0.8571909907749936,-1.2471269039911146,-1.045356270606497,-0.36360594938270935,-2.0139266178478894,-2.0724574829107807
2016-02-27,-0.20895534180380315,-0.7007768248275379,-1.8899061725017838,-0.9109892845552636,1.151821091411181,-0.3872362645097296,-2.2350463124064617,-1.5242667133632788,-0.9832501889398565,-0.9452095642205702,-1.308271405105868,-0.9083087444660688,-0.39527732535302895,-1.9487017532894313,-1.9163712519179088
2016-02-28,-0.2531243101676324,-0.749928562426251,-1.8369705450220544,-1.0133970332790598,1.2792837304774267,-0.3487455978219873,-2.1567690816980787,-1.7103952773441493,-0.9787042620276195,-1.0570854837774823,-1.2931074381165597,-0.8087044083366598,-0.3347524396927364,-1.8748161570924486,-1.7077143901166536
2016-02-29,-0.2701404450609266,-0.6872041445673517,-1.800871676091567,-1.1082203978246887,1.332224887578008,-0.22170486808978673,-2.115985969227133,-1.7801101153644483,-0.9595263931122302,-1.1816944679856864,-1.3246044184213086,-0.7506044761052488,-0.30424770572017923,-1.8359197680055748,-1.4876225408039698
2016-03-01,-0.3158752162390538,-0.6246113302781178,-1.761147583616181,-1.2415660893470013,1.2172012901465479,-0.031318634140693614,-2.0771998645481897,-1.8125683326483177,-0.922472158589501,-1.3082161640014631,-1.410856969984033,-0.7001954099663897,-0.38607543571245745,-1.8222163499461015,-1.1650518442815674
2016-03-02,-0.33428985063826777,-0.5558477736650453,-1.6548403327156342,-1.3508805628785752,1.019812342814262,0.11020344150563094,-2.0249460261299057,-1.769646197685923,-0.8772402574683319,-1.389819252464886,-1.4804197623398478,-0.6328736710894788,-0.46813136994726884,-1.6693096420344111,-0.7783801616999118
2016-03-03,-0.3162443577485737,-0.41941119837641294,-1.4915573774813051,-1.390488235875787,0.8024821959230983,0.23311833847611618,-1.9343724458919749,-1.7274325658482197,-0.8379361998762657,-1.400742185725947,-1.453204400283083,-0.6138096656481891,-0.5763858925831958,-1.4603320648848843,-0.4991982836721432
2016-03-04,-0.3089826266886693,-0.284685913436146,-1.3675024551298864,-1.3747627014289425,0.5187609556603704,0.26578217451357494,-1.8737948408997283,-1.7465695168626416,-0.8476286019666105,-1.3849539520285064,-1.3916720457229168,-0.6040575841836024,-0.7221353987370077,-1.2604367677914328,-0.2739910742780305
2016-03-05,-0.3352230714421524,-0.2151280755480893,-1.211845343824491,-1.3091292036903244,0.21855742635101022,0.3033266912173598,-1.8995990056734922,-1.755877775384971,-0.7810004558807322,-1.3861644184552095,-1.432378009341726,-0.5834170119036264,-0.8828133072076737,-1.0538871365734612,-0.15991378605797307
2016-03-06,-0.3956067036759067,-0.17280090205725981,-1.054241617379498,-1.214738339826744,-0.09363239693757715,0.31392086951015064,-2.0270996453513126,-1.7185515982164525,-0.6670291426895789,-1.3875194159127062,-1.4998975239000572,-0.5216481670357752,-1.0692803619946498,-0.8369138173912952,-0.06271290139577602
2016-03-07,-0.48490212078704126,-0.1507411613489467,-0.9191695912604338,-1.0227467071173186,-0.3550484734185425,0.2728056705617451,-2.1919864295134945,-1.7394757277311834,-0.6089464824065484,-1.4188142240903416,-1.5747066032585197,-0.5245530238001471,-1.2267977009223139,-0.5650091525386384,0.15587537616728353
2016-03-08,-0.40312047055894856,-0.12147251077080956,-1.0320975817982958,-1.0072934217361358,-0.0177671127208709,0.1882714257944042,-2.0546856686968895,-1.6683494197939186,-0.5372757264087513,-1.397859332756277,-1.3986966011606428,-0.6041335878007369,-1.1014396796755044,-0.856863725836831,-0.05868115350825317
2016-03-09,-0.4984302879333758,0.03244733956081098,-0.9060279487350495,-0.9542538658214144,-0.44968875731108565,0.2669482339301535,-2.2756820414620273,-1.6337785966687193,-0.5439195253060232,-1.4070437586352456,-1.5013029089476209,-0.6412369834462663,-1.2668010681652393,-0.5438189710948048,0.17015284052458374
2016-03-10,-0.570244002122455,0.0416963260148216,-0.8575827593420601,-0.8070326076374122,-0.9054485790285801,0.18885341950271003,-2.4004652401028346,-1.709838743800214,-0.5044967092952128,-1.1662794999872,-1.5178462594353928,-0.613404518775009,-1.4785644200134134,-0.23014679999925022,0.35353212096364883
2016-03-11,-0.8030341275657376,-0.3195595613439495,-0.9029364340380898,-0.5279866392897977,-0.9617229320247828,-0.1192884868652808,-2.696522804001805,-1.8797588492978883,-0.26526672239946975,-1.0192018331502926,-1.6464948483232889,-0.5280302370970948,-1.7301943229940802,-0.06943010733356984,0.4316644139158771
2016-03-12,-1.0249301028100481,-0.7792107496401406,-0.9048713450770859,0.02482842286606128,-0.7944627740085344,-0.5562784415456168,-2.9266456641401066,-2.0545551943871874,-0.11420454217716967,-1.1999866345150425,-1.8394589475741265,-0.06830390121643316,-1.9233481246629243,0.27558647632010164,0.6501059013475957
2016-03-13,-1.0405558338597727,-0.7775124236226307,-0.9785459600848639,0.33031455854745523,-0.5660179537380314,-0.7118756774604422,-2.84194534960912,-2.350522952215314,-0.18053468932836642,-1.4448646818464466,-1.7999303302226726,-0.32569414060462804,-1.9781882850861872,0.49132734627192254,1.096558092413207
