,1,2,3,4,5,6,7,8,9,10,11,12,13,14,15
2000-01-13,-0.054402280862196506,-0.33397639736686247,-0.4933312914687244,-0.12147067831476399,-0.07437832319338372,0.03521078989174584,0.13703714573422418,-0.32005658435560724,0.05848159586060368,-0.4337015903750779,-0.1368665840437452,-0.09565498234478118,0.12365187976985742,0.0061177939886355465,-0.13789133637194442
2000-01-14,-0.0520481977654706,-0.3674585770272985,-0.5897753797568985,-0.16512618231811246,-0.19062796714703312,0.0340814933403143,0.1331196023183336,-0.3532581247181922,0.04204377983450297,-0.5786572817631607,-0.12414076334743482,-0.14782792403557815,0.20358230681983888,0.0013161583579475368,-0.1442081008045462
2000-01-15,-0.03172257340155588,-0.3199828077163988,-0.6047380921526924,-0.1632535283824544,-0.3444334977592351,0.10730637727533737,0.11444548944775342,-0.4135222102180435,0.03794385428651562,-0.7007440415115357,-0.10457202930494237,-0.20138872243875233,0.2820785681934911,0.02298010127888436,-0.14176772568801105
2000-01-16,-0.007150742768797484,-0.27801592921834,-0.6587112412462984,-0.09871172006442211,-0.4811620315618765,0.1847932126261363,0.10363076523403679,-0.5348931891536937,0.040839562880457855,-0.8198961322520026,-0.06958929862713097,-0.30294737598841215,0.3456207940420961,0.08405215799652062,-0.11116976070807554
2000-01-17,0.03945755278231004,-0.18708251457199848,-0.6059955874254825,-0.07831363005878145,-0.4938895877706757,0.2842086317447433,0.160162637441844,-0.5721411387945154,0.10542518053613638,-0.834492875787856,0.05935139316301352,-0.36102675626283676,0.38567032176193783,0.13025261079038264,-0.00882171624778087
2000-01-18,0.11863699266584185,-0.06268799984560454,-0.5600746934891631,-0.05691376547889072,-0.4095426156369671,0.34190063555264744,0.17644783328423902,-0.527180221813866,0.06114230387203129,-0.826339508838906,0.1427993166515344,-0.39809307732590443,0.3958399570911594,0.1047141301816813,0.13124998664562543
2000-01-19,0.1901855532273975,0.08257711737361795,-0.5397707370887281,-0.011334718959670618,-0.4294660763424484,0.3682957149311895,0.16615262422023538,-0.517278142925376,-0.04077400611384226,-0.7622464438960643,0.21486834531535132,-0.4844199763583279,0.3867987814573992,0.10065759724540885,0.18398473222145745
2000-01-20,0.26938532749363975,0.23365879695925007,-0.512058032169786,-0.02314269093621219,-0.4978369140558981,0.418989113745068,0.1687873693535896,-0.44233716681799773,-0.05872440267720817,-0.7299544937353549,0.22813871454697382,-0.6182586525569244,0.37316707906912616,0.0718161879249432,0.2124617897375322
2000-01-21,0.3629802414067748,0.41440135935451233,-0.47729417999076845,0.002536385263340047,-0.529495361689851,0.4736773041738545,0.21452983719153257,-0.3795686170748431,-0.12796064667040577,-0.6783848087448893,0.2574687215041929,-0.7119340097035541,0.31908203035194305,-0.003172907476809945,0.153656617595898
2000-01-22,0.4507832704837907,0.5335479816541023,-0.4507072803035367,0.08498232540324654,-0.4974578980672524,0.520544980207109,0.2097822383642093,-0.34817515018938605,-0.18293672699789532,-0.6201050437128693,0.23769216304560614,-0.8773066877508874,0.21443307034460754,-0.18013174722846403,0.049115652185835065
2000-01-23,0.5393900440517428,0.5935689805147768,-0.42269091234388595,0.13764319722242555,-0.4214390815634722,0.4869125772107267,0.23481401000207147,-0.3948577883685946,-0.10984804055601091,-0.5770510793746545,0.14480896369786309,-0.9941314705519765,0.0620673688040672,-0.3963549589073311,-0.08772255567323238
2000-01-24,0.6821755413343904,0.6328806982615626,-0.44419391624579896,0.09201816823291836,-0.1905721691336024,0.4414434405219964,0.30202609812040065,-0.29511688597799496,0.004636245970392276,-0.49513186685043775,0.12578431161872264,-1.081918849214005,-0.02221292380607821,-0.5191659859466067,-0.15354338863130318
2000-01-25,0.8109048455863178,0.7118601660665191,-0.44208724955062356,-0.012387942119463669,0.029134455576772727,0.4238837265259309,0.29471159006308817,-0.12738747237544587,0.1235188700867594,-0.4073838839014084,0.11946111234629768,-1.0816490335891837,-0.048147125841605465,-0.6468871142637417,-0.21904549760148834
2000-01-26,0.869629264490425,0.8027652144857305,-0.42012043542195054,-0.13952993471318115,0.14951785765794215,0.36189155199281425,0.2700694223995357,0.04934891616587481,0.14102258146351881,-0.3842572948939545,-0.026132650159376287,-1.0915516753340946,-0.05858355142328928,-0.8472172480091279,-0.2155407540994393
2000-01-27,0.8266727365978079,0.8397989173392598,-0.44358094494033923,-0.2595581564132944,0.16268916809066566,0.33739979795652136,0.2553957804902782,0.1160647519925756,0.18645208894771956,-0.43059888439984795,-0.14543082446571792,-1.1297933191928904,0.029777494859083768,-1.0009986022944994,-0.18077208785048504
2000-01-28,0.7835310651983698,0.8507181615805962,-0.4234684678318203,-0.3601420408817789,0.2225012992437099,0.2834330464961762,0.22677522157464844,0.13145941363527036,0.25921951548939093,-0.5413726101409598,-0.2010788242114505,-1.1211590539311613,0.15832200037727492,-1.003589135219507,-0.0798095238923346
2000-01-29,0.7376680575081105,0.9201681156011116,-0.44236570317494195,-0.41545109653400936,0.2521101337936759,0.26973485617562887,0.21424587060768044,0.1809273437060064,0.3045776687755459,-0.5523253745199878,-0.1658796862159895,-0.9632706597680957,0.29372570888023325,-0.8464422812497367,0.010066287792483114
2000-01-30,0.7097719764015004,0.8701025093603972,-0.5406023575735962,-0.4045858091934819,0.3467582633158624,0.238367656481603,0.2151677771092239,0.31020739102615097,0.3552269029913466,-0.5802528487632823,-0.15060243134662685,-0.7336675964301258,0.4791346857628171,-0.5831526026729867,0.10185531101900093
2000-01-31,0.7288584163349521,0.8019643312430728,-0.5954966903079612,-0.41405271817522515,0.3717990955730874,0.2716066605044475,0.20611482675449858,0.37725958807810284,0.44260628404154,-0.5507847080583842,-0.1507367549749517,-0.4960996256513161,0.6647402128600204,-0.26697433007746657,0.3540381844086293
2000-02-01,0.7008548409815663,0.744520711199854,-0.6780666124720458,-0.41733821495446166,0.3980196229558588,0.36688390646744423,0.18405668263592637,0.5390417080187605,0.4343112537028693,-0.49910365153598446,-0.11370844770125074,-0.2556072754831874,0.9327199886253706,0.08724547162135435,0.6487968131813541
2000-02-02,0.5754380682029341,0.6264401526290319,-0.7951896250391354,-0.32569852272340655,0.40531887772982195,0.4432157411651059,0.21769763333346345,0.6881050637434727,0.36127709680850534,-0.40407950262036335,-0.13143481720930306,0.02350828039920838,1.1690705815648805,0.4218689190981402,0.9309964653461613
2000-02-03,0.4421262172118431,0.44400737159226966,-0.9250958295816921,-0.18394543851297737,0.3710793710073574,0.41334682198077966,0.3022328267404912,0.8082242146953442,0.30950050031258397,-0.28751875317357456,-0.15399892574412988,0.36699017041112114,1.3755278884769309,0.7742598442150379,1.1242971992929258
2000-02-04,0.3063222513293436,0.16658519927160226,-1.0546097777717542,-0.00016027962232094886,0.40182297226450564,0.3399769608241763,0.41119249540571934,0.9031776332900541,0.29762608291802595,-0.10702177670385057,-0.13599618619905798,0.734367154620355,1.6294660315248923,1.1829173478756583,1.2118923939554969
2000-02-05,0.15788302759662692,-0.20206363715562614,-1.0476305039241518,0.13826090978343075,0.37889795758219647,0.16347401049069307,0.4830917264379352,0.9971472545388316,0.30155484583253267,0.13780439330574254,-0.2164087159610278,0.9821190387757468,1.7904477685425244,1.4965769272420169,1.2171911267567832
2000-02-06,-0.00024257823717603472,-0.6274870353045796,-0.9802917252245797,0.19199460394164394,0.4173699143549174,-0.05006190082197199,0.5590419817586868,1.0706300962520932,0.3911694334291797,0.33557405436846954,-0.4107155510702296,1.1889065418841127,1.844337381877472,1.5930716787827224,1.1513539793619925
2000-02-07,-0.16411271768301217,-1.034937737608578,-0.8358113334470333,0.18253638100177824,0.5211127194393166,-0.23221766056884632,0.5721115724212418,1.03319890226913,0.5302413980073546,0.4909506784550253,-0.7343424304315829,1.3017224146565918,1.7831963800454813,1.612864971579252,1.033889493351329
2000-02-08,-0.2936077874256814,-1.389870273910478,-0.5439400229261109,0.1316322658167639,0.4801743787765246,-0.33853275872202493,0.5922006825779645,0.8807472563233038,0.6612760447371567,0.6152591239515829,-1.0352093236254547,1.3117842217373947,1.5718721408194767,1.4836538486491444,1.0098051115488387
2000-02-09,-0.42300835500076456,-1.7183295505931075,-0.2525539984881478,0.10541906310095206,0.5071812005905639,-0.42962880260381603,0.5237268211072688,0.7539610209606034,0.6287867631794934,0.6745779805139042,-1.2687303198706985,1.297839669559151,1.2510969807736683,1.3622373209421808,0.890370093470786
2000-02-10,-0.5504346902138059,-1.9450564387648823,0.10718600437436267,0.07037375173567875,0.5843504535184996,-0.49382957552434353,0.39218888241859173,0.5660728084326865,0.539799473819807,0.752009703707529,-1.3947635551869033,1.194664003420339,0.8047956293137986,1.1773463438315883,0.6916266422957751
2000-02-11,-0.6147339322210537,-2.033498907653646,0.4622180333580122,-0.05608836384892522,0.5970315822883476,-0.4923214155359181,0.24230917669708849,0.38343023879892013,0.44224359993711077,0.7684775168001124,-1.4703373460482796,1.1276760682543574,0.3889033521194312,0.9559614940144862,0.49135079368095147
2000-02-12,-0.6549303217242627,-2.059578669440732,0.7001146641183345,-0.16866069023250937,0.6930911690328403,-0.3621988882890981,0.1424778064595262,0.22200811344750188,0.3557467679294122,0.7923816575234061,-1.6088434415387025,1.0114473424331902,-0.0378034065731888,0.7033394922610647,0.3713162752691846
2000-02-13,-0.6736950353487894,-2.061031104901305,0.8949831032650573,-0.14794212554682903,0.7210948649694167,-0.21701095163225825,-0.0484695076370415,0.0789357337869153,0.31443596650344985,0.7839312643982967,-1.6521904304111417,0.7630511849931662,-0.5692357561208174,0.5374311435500814,0.357472112575803
2000-02-14,-0.6621690640131788,-1.9901965184917794,1.0151763229274005,-0.06444716210703688,0.8235589976335774,-0.01278564178032271,-0.2134848601721408,-0.015246529476928604,0.22674315746999857,0.7498153950502829,-1.557443593243554,0.6157238169808497,-1.1296936482968274,0.3623814116769708,0.36575849949112166
2000-02-15,-0.6342889559515885,-1.8421060309409931,1.0302690904837677,0.07148484157999398,0.8573387805889694,0.2478106288933823,-0.2665525902414763,-0.0978286355905771,0.04325379784072711,0.7432184775454115,-1.3733467470777612,0.5369851460902803,-1.607051947300223,0.23623321804250688,0.47622696399514525
2000-02-16,-0.5530690220866092,-1.5625431043085236,1.0391724474540687,0.31346993004502877,0.82561288758637,0.5038937415956322,-0.2788584642330287,-0.12240847050400039,-0.1466283629191362,0.6731515722434511,-1.0707577003574504,0.4936791297106555,-1.9641448827932684,0.021409481850726695,0.6114817280925539
2000-02-17,-0.4840002111464865,-1.2251721512154237,1.0587886783271359,0.5590616201820228,0.7815194673639164,0.6241589720595295,-0.3163612859147821,-0.1376284661042801,-0.3153514039667988,0.6654821155038498,-0.7775323445532714,0.5359959453889389,-2.1749796826044103,-0.13142571053131152,0.6682793016666961
2000-02-18,-0.4014912693625887,-0.8437611683801814,0.997902923602912,0.7082217406707121,0.6828933027611479,0.6497788085669874,-0.24140579710737625,-0.10404421386629734,-0.4181102773651879,0.7631364175205515,-0.4882787929844546,0.5643495665826871,-2.2447162974069097,-0.22400811227815054,0.737712057528099
2000-02-19,-0.2619957968365885,-0.5353425223448194,0.8640867048366117,0.8140971105727758,0.49669400059911245,0.5493340406820537,-0.09518662797361845,-0.012267807277076156,-0.4274989867712852,0.8723188816942343,-0.24642252750986893,0.6825852287661716,-2.1871228556944,-0.24468635646408068,0.8263287502581801
2000-02-20,-0.09230838299702648,-0.39310643240152754,0.7954788298352601,0.9869400101708448,0.2917405495766194,0.507562033484756,0.03425451049381397,0.0929482857278411,-0.30572347515062215,0.9821690168718631,-0.06169845931319503,0.7720478059558671,-2.100061747608912,-0.25560259856396556,0.8164402351988889
2000-02-21,0.1393006687443087,-0.36231202557996184,0.8685822367125374,1.166828989513328,-0.00531269044920761,0.4770024171747226,0.1198309276636731,0.22259159630869185,-0.24519437425505028,1.001040353680037,0.14445705040031862,0.8329011906491283,-1.9680663643477907,-0.30000138921023034,0.649684381096156
2000-02-22,0.4251234024797824,-0.2963416031353673,0.9123047118332359,1.1856449893500036,-0.186895464297165,0.4136526819031158,0.32115640791069383,0.3456465074019153,-0.18460078344988248,1.004786237200706,0.2435225314435537,0.897676361437938,-1.6643032940028768,-0.40765656345241913,0.3898577583243347
2000-02-23,0.6775820575907978,-0.28749974151860946,0.9587915092271457,1.1326828970729117,-0.4040211599877253,0.2649563638123807,0.5225985092566431,0.3954919666898332,-0.09862537953742385,0.9281265600290362,0.23720724884929928,0.8959995188834181,-1.303762041460086,-0.5066940298859526,0.043165832279779826
2000-02-24,0.8454650264961157,-0.34399967985270674,1.067285246787621,1.0034469870576885,-0.5220627278483465,0.15213048853711336,0.6213826755192191,0.49396049784575446,-0.0505650781511769,0.7037321708390484,0.1604341662683531,0.8086243930527268,-0.9898963855938067,-0.5023987047921211,-0.42252510875729504
2000-02-25,0.8970913266368101,-0.5368666834839381,1.1164881641429318,0.8011139873142799,-0.5960065118985028,0.07262600379511658,0.680798088778299,0.46759461624325965,-0.05957540596199563,0.41588923891570984,0.046663500765405694,0.6499223882608367,-0.7240032546746599,-0.37753008438584484,-0.8379419667636553
2000-02-26,0.8497767527215339,-0.7435795394810674,1.100263743725646,0.5964051491768135,-0.6310040840590099,0.09338062676076904,0.7741187618024461,0.4396538063814283,-0.12313956453009346,0.21797437056968777,0.02490052713595781,0.418620142069622,-0.4852614881012949,-0.21910050942885212,-1.1453993155744333
2000-02-27,0.7235675879861019,-0.9036630559254965,1.1461549713191144,0.5095783747221381,-0.6975596721153293,0.20017785221775358,0.7726655750200799,0.4206853339181377,-0.15341921429399752,0.06770762515097704,0.095682417595191,0.1676800701496897,-0.175144398890104,-0.11054152308469284,-1.342810253877399
2000-02-28,0.6149005693257836,-0.9832481909852749,1.232364363615548,0.4801210318959686,-0.7649408648038599,0.33771235574136843,0.6992218959930185,0.3635545640022188,-0.09959756533533647,-0.0011771408699785789,0.22508297736725175,-0.13508810407863475,0.055329351930977724,0.013464009320881473,-1.4095510180582727
2000-02-29,0.5384515000526099,-0.929736618890579,1.1869600677170207,0.5132436414522692,-0.717540114784926,0.43587012663459074,0.5240925190705348,0.2312920292881,-0.1110566697573867,0.0884160379943703,0.392821545239047,-0.4247515031529296,0.2813429884430761,0.06009985938005085,-1.339750226046711
2000-03-01,0.40373895301745594,-0.7620680815240649,1.0533521273122566,0.4422062899781395,-0.5860466498374651,0.44684423189224826,0.29503171749369544,0.020738028371102904,-0.14945166451779907,0.2146610493822888,0.6508387877703817,-0.7671652452792106,0.5118584905773719,0.15721310076473288,-1.1988408156872372
2000-03-02,0.24359568537130505,-0.5824207243355073,0.9253696250952543,0.2971609696277529,-0.5572946376166473,0.5143809821298361,-0.010633098507317225,-0.2246529051023316,-0.24199659982367536,0.3518392388475121,0.8290822886526659,-1.02373621161576,0.6573916404830318,0.21289093235829445,-1.1133512297651778
2000-03-03,0.08404645033732228,-0.316036610131543,0.8609745631457886,0.13368714262782913,-0.4545152882872459,0.5530875186208829,-0.3205736577827024,-0.3866565097981017,-0.29666802595222674,0.44655121944028736,0.9732969667113213,-1.1718026077699542,0.7563094997109107,0.2570029868155879,-1.056938703584744
2000-03-04,-0.052905386571780774,0.030664168534638162,0.7363979774600479,-0.07125455604970203,-0.3948950598475282,0.5420361051531662,-0.5760006416034618,-0.5861765312659312,-0.3187787181874395,0.5655681792719507,1.1614200474891665,-1.3009376239861363,0.845203136069202,0.20310183084884134,-0.976743108135995
2000-03-05,-0.1672516992957204,0.421061260529559,0.698662373572331,-0.3441888859905879,-0.3345270807043708,0.4758765863715234,-0.7828703481100814,-0.6858763147026252,-0.3817294947967765,0.6585813006915138,1.402007349440778,-1.3806991460765226,0.8172333402336194,0.10170531797423336,-0.8624821583438202
2000-03-06,-0.17361060112295626,0.7454093010265413,0.6332104843329279,-0.5984402631708687,-0.29291072911466676,0.4230575893311484,-0.9447757705648574,-0.7924757425645295,-0.4430365953029809,0.6555278747272302,1.521672234574219,-1.4036758965940366,0.7773483008361726,0.09945428378838883,-0.8212682941365441
2000-03-07,-0.12555418290365453,0.9527926163922886,0.5756725288028612,-0.9117932236361014,-0.2550817947590266,0.35916326455241115,-1.0532839323632501,-0.8926235515779111,-0.47953425608190775,0.6928998341485622,1.6248670672655292,-1.3846898408051993,0.6719448183468719,0.19574265588059547,-0.8597817844543575
2000-03-08,-0.16196281145749702,0.7295075666456957,0.7984598927619065,-0.6491104943624197,-0.23328531566811792,0.39977297883612123,-0.9008193853504299,-0.579575685058612,-0.38301406466374177,0.7928132789837621,1.4861685093831893,-1.2954700990925214,0.7817987438693026,0.2002600280229766,-0.855641959415245
2000-03-09,-0.1531386093460132,1.1087193320189173,0.6281921834674669,-0.9512977654698679,-0.15634727324868586,0.36375889489197033,-1.0855002591140863,-0.76847473671499,-0.473510496734141,0.8821839418061671,1.6039477644588038,-1.3358440708984889,0.7639336174317908,0.2514382597996456,-0.7045251382966671
2000-03-10,-0.23955841085013968,1.2898378169976474,0.6685456503190145,-1.385538724994405,-0.32692778957585134,0.2886443340567953,-1.0630446151497575,-0.6622934939899756,-0.5157193724958159,0.7694454326734089,1.5658168084057709,-1.189847865803903,0.6785504589869531,0.2537230519787219,-0.7261650280919086
2000-03-11,-0.29513111527053315,1.3607310885113904,0.7981343545015562,-1.7672437676999502,-0.41632884367052775,0.23765114817810215,-0.9390809250681571,-0.4743194129499318,-0.49329966780364537,0.4934703487385067,1.6826461919225941,-0.9704733033446218,0.575823700751541,0.21712357697499113,-0.9119337948370614
2000-03-12,-0.1891498434384154,1.0856470788538803,0.8309928868187917,-2.0907929753855723,-0.5162968680861317,0.3968242659020503,-0.8105899450879313,-0.42888970269021304,-0.6235121995172139,0.2732461017514304,1.6795995219854485,-0.7939268707399862,0.42594688845633344,0.6141353909253909,-1.541004931835747
2000-03-13,-0.04053416909771986,0.8671983699752053,0.7944805191341231,-2.3224908902683854,-0.695329412032743,0.49889155476656544,-0.8799746438212168,-0.3966827706992887,-0.5247656027977233,0.4393138271068721,1.9274717926528773,-0.851126607014912,0.31904496288357137,0.78818424557616,-1.8771318091388391
