,1,2,3,4,5,6,7,8,9,10,11,12,13,14,15
2002-01-27,1.5418129121727464,1.3908748927991783,1.402601063901138,1.9765226445077975,1.3980718347324326,1.6611481486822426,1.7902304267150932,1.3906545642925554,1.5214119914260436,1.7888070590552894,1.5443631074245099,1.3287176717110816,1.467094144675122,1.3202282991648264,1.6837115296491492
2002-01-28,1.4622350624625546,1.3169933648193555,1.2763926763654954,2.081797328471472,1.3647467000051072,1.5631925014767212,1.8148972396120762,1.2912578093820506,1.4862015808420226,1.8594822002974387,1.4452475550099748,1.2702055021488357,1.4868223097633788,1.2567908924591977,1.6876379669039396
2002-01-29,1.4347746393872824,1.2691669633904676,1.1697176706288928,2.183912284892193,1.3502519002096252,1.4275902523290307,1.7599804424523358,1.228747506499093,1.4718809905608223,1.9001717000957539,1.4424882072424239,1.2367427514459612,1.4925782201035511,1.197945445834152,1.756048031089553
2002-01-30,1.462513705538198,1.2724879252912844,1.1042756476796294,2.2523619902113463,1.3444228779523322,1.318048248805921,1.7187905380299906,1.1639090965401122,1.4479515614954885,1.9621884004863366,1.4729521483220336,1.2301039125458977,1.508237771104641,1.1877891558497973,1.8175528181203777
2002-01-31,1.4798298881777354,1.300531564444926,1.0136554013945347,2.3025567951563843,1.3995055314821816,1.1872771650626046,1.7655710591109777,1.1289467553133863,1.4752138194923354,1.9895859612185247,1.510620430305915,1.2464480267094915,1.6248297812475945,1.259530814261757,1.902239288812836
2002-02-01,1.4232626702454323,1.2836409736896186,0.8290955303293591,2.1808641468263934,1.3276470712228927,0.9434779418058787,1.6977890054139508,1.0125974354620406,1.4563402720115413,1.8579270259153813,1.4645838523469072,1.2274528310156654,1.666794320422751,1.2805531243503485,1.856993091966618
2002-02-02,1.3877482522197229,1.226401861994044,0.7504816745058623,1.922788534945044,1.2911255756363738,0.7267004392567985,1.5897880284205448,0.8723536899548707,1.4659416015133817,1.6844595402147198,1.4876695564137656,1.1189005469800577,1.623330408943111,1.3145663255656284,1.7859863099660667
2002-02-03,1.329229620096591,1.1770718168767877,0.7873453018917542,1.5949072492509035,1.3113523078427627,0.5432189009560962,1.4012044742389151,0.7689777469457671,1.4770553769294643,1.4855152783810897,1.5363579187338918,0.9975330250967023,1.4917720100203526,1.3979443648961192,1.669499266406619
2002-02-04,1.2336686713978577,1.037513876960601,0.7864547948085733,1.2725935479293309,1.2481035253113826,0.3069449929319973,1.1182220121555635,0.6576999146330266,1.4768619108548098,1.2875987230628316,1.5527416766127147,0.9550018035424294,1.2835289077336385,1.479908619490296,1.4633994998554236
2002-02-05,1.1785605828010977,0.9111698653687218,0.7436055734080048,0.9377922029516113,1.1919237873641388,0.1165754931516557,0.8218656415580429,0.5910363440160327,1.4934760732384575,1.0805109148985605,1.5731085167742158,0.9578518840623147,1.06795589127243,1.595415686058408,1.2334815721597039
2002-02-06,1.15643217017122,0.7933160496745064,0.7607299527152496,0.614334795787287,1.0494405760264638,-0.001522936759200891,0.54717709239878,0.5893074448938509,1.4809780209806176,0.879465766317419,1.6662779534299714,0.9131164782297744,0.8126187252250098,1.653778796707877,1.0058414645948008
2002-02-07,1.0716868378180286,0.6698610961855658,0.8165363438937171,0.28627967403574006,0.8358996879516394,-0.07253456025352834,0.3515332525465904,0.5307714923957263,1.482361148625034,0.6828960329214933,1.6560015718644514,0.8447020338897201,0.6263907703514773,1.7099882350836744,0.6707402088245942
2002-02-08,0.9447143598575101,0.5290843226968116,0.7896344277786639,-0.008669867337433827,0.626730656275657,-0.15961467421721875,0.15108198678621043,0.4579019370699512,1.4334761505923241,0.46476052635292564,1.4731105133178388,0.8110114142942764,0.44327571619940315,1.6729321515123536,0.3572259173581298
2002-02-09,0.8055003328393253,0.3731294924005516,0.7860941023974085,-0.2812654462483158,0.3907405848300253,-0.15160656612933737,-0.09042779084511074,0.4041701401276064,1.4186826967388875,0.3212979187725031,1.3142647477057927,0.8002211557464887,0.21729051002991745,1.6227874775110416,0.07343982188292977
2002-02-10,0.6300961473425742,0.145050728784915,0.8678512623695033,-0.4192387847508504,0.18638963956475885,-0.13861595011669864,-0.3442751074456329,0.36545695283703244,1.2869895650039227,0.25880585395626743,1.1506812534868396,0.7500150990029987,-0.0032519252445826247,1.5183016434103984,-0.20433212409552956
2002-02-11,0.42305225186524714,-0.05984857228458154,0.8649715335826934,-0.43422057927784957,0.015567804996669016,-0.17039801229376794,-0.5371081438060488,0.4258377361787781,1.1082288631382127,0.23192367805737713,1.0164420823906328,0.663712041635064,-0.1615634566821683,1.2804574206389125,-0.40638982537111495
2002-02-12,0.29943998366987756,-0.2725431953529454,0.7408448281552816,-0.2777563860205088,-0.08327705514902725,-0.2535602309762102,-0.6661212558681484,0.5477143226695448,0.9285549388892121,0.19700301240309068,0.8205558818753861,0.5424045950422245,-0.2736087499000931,0.8724592481961999,-0.5692441110509023
2002-02-13,0.19854454446305678,-0.45167471677980975,0.6609841759757894,-0.08763553869596281,-0.15677753799419902,-0.3093307409398633,-0.7609868897788493,0.573700097409665,0.7575323389757154,0.12715134818498836,0.5745787966583985,0.3157177908538146,-0.4672418144333232,0.5488286932503115,-0.6280488291398083
2002-02-14,0.09908400607796472,-0.593447196778455,0.6389975131449164,0.013012433340499754,-0.2622314431274005,-0.4013752330768219,-0.8371511044807771,0.5961800979011713,0.5665018106245769,0.08780729824167176,0.3051305790485184,0.04203757363222965,-0.6854201283030937,0.224408434294344,-0.6414264320345849
2002-02-15,-0.0142689210794692,-0.6833260217972958,0.5524562273344977,0.05219974495052026,-0.3527321768683752,-0.5125965270071302,-0.8765794050384855,0.5659637888564287,0.3178342755172862,0.03428527417260877,-0.06133983099481386,-0.19137660040115143,-0.9147744995725884,-0.07690216295011183,-0.7165885434740855
2002-02-16,-0.1366593104068732,-0.7411474146581187,0.3575955908771932,0.16798181602100984,-0.3593571019201752,-0.5926809280764215,-0.8592968884260599,0.5800944154470069,0.07230866192636091,0.0017634225031568074,-0.3970044099563469,-0.40749630718141405,-1.1569447301982192,-0.41237079184373954,-0.7687010838068683
2002-02-17,-0.2595485943175801,-0.8141286933682114,0.19227265726908666,0.20636039321677516,-0.4250998896480764,-0.6572062275512317,-0.7591639711610536,0.6495946968744162,-0.12483766279197094,-0.011939755483328731,-0.6131785505008243,-0.7070299247803234,-1.3762455449948434,-0.7253480852878599,-0.8380214818260809
2002-02-18,-0.3336586678068396,-0.8165291340042077,0.09086186598659922,0.18833438107282155,-0.46327790171111244,-0.8060501243622269,-0.5859407124269292,0.7192605399249918,-0.32248585391337076,-0.12887482696388738,-0.9190235179035791,-1.0012060808693592,-1.6406153567654271,-0.9907270778624754,-0.9020904911688663
2002-02-19,-0.3916521333085539,-0.6634994905358724,-0.08684473535010608,0.09156013862070955,-0.5908896083014724,-0.9886483031961223,-0.4295008906885782,0.7365348415535826,-0.41488652802463755,-0.3565327052411861,-1.2877024937951629,-1.3252300894623736,-1.934013540972429,-1.2100919931234422,-0.9422500505712732
2002-02-20,-0.5095365837448437,-0.41862577655657307,-0.23917660156004264,0.06607617196047047,-0.8656280741431286,-1.2214258284770205,-0.36410450805717776,0.6708878076571544,-0.5121919981699837,-0.725892118283336,-1.7971878882279106,-1.6382129984961944,-2.2415874242736593,-1.3881828626583859,-0.9627603440688332
2002-02-21,-0.7908130958168332,-0.20899367988618725,-0.370076454388806,-0.052101240674919794,-1.2544675663538516,-1.5256674396038328,-0.3400831290013757,0.48985595070206656,-0.7324224815520466,-1.1578010885026058,-2.3109649614760954,-1.9593708722856982,-2.5685943078624507,-1.4535297629066315,-0.9448355489562773
2002-02-22,-1.1754227952342378,0.055306641835427314,-0.5405329876015608,-0.3226962857497651,-1.7376749852022815,-1.865788920909954,-0.29487804266555556,0.2718821591789255,-1.0288348943272114,-1.6388678365472964,-2.7885925123813897,-2.349775316928579,-2.713909130017957,-1.695811599156062,-1.0174994486874884
2002-02-23,-1.6111340864620465,0.29227423602682406,-0.6711680474222946,-0.6515812303057998,-2.3036636856579453,-2.15347716001884,-0.3275268740893504,-0.07091174818791576,-1.2514352148768586,-2.118073070963896,-3.2617054500075597,-2.7661219083056134,-2.6673503417369706,-2.0850358538170033,-1.1167522377835748
2002-02-24,-2.0485153900241335,0.45361814077664997,-0.7783031502420752,-0.9917518206279794,-2.84539290825925,-2.3215452035451603,-0.3764496371897155,-0.4989220018123989,-1.3080914273718938,-2.507625212520601,-3.5023847175815863,-3.1286258438966863,-2.5147067600296724,-2.5056026402640947,-1.1211335164209832
2002-02-25,-2.3719011256996247,0.5706681740574421,-0.8291776704506847,-1.3155079641258036,-3.273465921725019,-2.3750309588776717,-0.32642694444695525,-0.9413108191024468,-1.2585152013655685,-2.770143150718309,-3.500481717148096,-3.3442518261672727,-2.2881200892511404,-2.8099804190589466,-0.9548999214052107
2002-02-26,-2.568602335044928,0.7216520073118897,-0.8742432780605295,-1.4259276864222914,-3.472413093633202,-2.3245607582779972,-0.21302042516718456,-1.2976516380086287,-1.192014521060961,-2.8684656820189347,-3.3747933879648233,-3.3602524105125484,-2.0578109638634405,-2.9858622867731865,-0.7526688381992958
2002-02-27,-2.7650743272280236,0.8604657554935309,-0.9235321248123044,-1.4288043104742878,-3.5843523290425146,-2.1542758678748997,-0.08587793472897402,-1.5382878881410307,-1.1666478913256195,-2.8199951780569323,-3.1227712471283255,-3.337173763020066,-1.789359172371397,-3.115584287511075,-0.4839165697404381
2002-02-28,-2.933210952556983,0.9464879973427692,-0.9132442380179125,-1.4083467412010202,-3.5995624674475164,-1.8904405610361685,0.07045178609423705,-1.685251480180144,-1.2250092469842524,-2.7469863520506888,-2.84964616041743,-3.279804532165099,-1.486865755754141,-3.1213825670860835,-0.23671730852561293
2002-03-01,-2.99906157436677,1.029897682324566,-0.9114777105483901,-1.407113376857164,-3.508880541756868,-1.580867095285149,0.22450291808040418,-1.9069721720477577,-1.3709600977746137,-2.651836302574143,-2.5871908319904446,-3.201942102389227,-1.1927688481479568,-3.00111919970067,-0.05322207366096876
2002-03-02,-2.953974767595919,1.139296743936341,-0.8835381489028102,-1.4401290630861088,-3.3838151279292235,-1.279968549657571,0.38183644817778384,-1.995836785920621,-1.4767744812639365,-2.5721694847063574,-2.4615312268793677,-3.060292024734424,-0.8761445117940035,-2.8724791416709126,-0.0029544163317216936
2002-03-03,-2.8345892097513037,1.0911018270474653,-0.8013375552618087,-1.390283298676478,-3.226023768262549,-0.9990526479670587,0.5516025046550483,-2.1108709965179178,-1.5176273720938556,-2.510705588986,-2.3581551670051732,-2.894160275875692,-0.6344795935973289,-2.7555504253433023,0.06581443963822958
2002-03-04,-2.721782599604609,1.0182561183674934,-0.6678941932226955,-1.3307298333678241,-2.986072484309792,-0.795893987438257,0.7497209715191334,-2.1262477827338664,-1.6081308155984877,-2.488205225502769,-2.22918802952299,-2.777405378255591,-0.46250717383523215,-2.573659836259152,0.14487477124356737
2002-03-05,-2.627092312699723,0.9658257374625014,-0.5413065306707564,-1.2506950160196335,-2.766158290968828,-0.7228751256207997,0.8531664942632504,-2.0563902055690266,-1.765503768323994,-2.4420742491018546,-2.111013183808556,-2.6314650293432975,-0.3113195708933351,-2.373343483632279,0.167439172389075
2002-03-06,-2.5191272275476604,0.9108308850155603,-0.4517773892526408,-1.1760546184444554,-2.4846061333228597,-0.6397712407337293,0.8244386683490221,-1.8345628911380538,-1.9062342837283133,-2.3733788444823243,-2.0068577325545016,-2.5368957198555124,-0.17225667669572514,-2.0957353943609376,0.09850013351783037
2002-03-07,-2.375954497375615,0.8293205336962977,-0.3215937742254608,-1.1257654248855076,-2.2926917581342763,-0.5864907230649201,0.7643507230880082,-1.537342717882377,-1.9933487067537359,-2.3256371695148803,-1.9389023251457724,-2.43867081693167,-0.15624382999555883,-1.8041335140580637,0.05473757465919236
2002-03-08,-2.2206287481720026,0.6907317287820259,-0.27214192908482515,-1.143416077556319,-2.1055512114629824,-0.5401908844396369,0.7503688081721428,-1.3508657529381165,-2.0466440105866526,-2.27721403450012,-1.7784564925327557,-2.2978471155806286,-0.2579748738751175,-1.4995684286126314,-0.06556086976487538
2002-03-09,-2.134511708433997,0.4396122612979402,-0.33183260023204114,-1.1218330696800078,-1.8487550752200568,-0.5674544447098507,0.6761570138367319,-1.1921307410748343,-2.019668820040133,-2.1443104285694594,-1.4455138026754049,-2.1372312135879272,-0.4312538593193714,-1.2434738788742108,-0.15315070576337766
2002-03-10,-2.156867262440045,0.09640644195435419,-0.3750027219457329,-1.1351624260776974,-1.5610575141266287,-0.4854832481911897,0.5662371557136838,-0.9647501192859809,-1.8951482189259155,-1.9832408755076263,-1.0527686877880216,-1.9628852706291207,-0.5554988965331247,-0.9950403935084933,-0.3036744764163245
2002-03-11,-2.156905259460071,-0.2794961698403891,-0.4975737292448703,-1.1817923948281706,-1.2214970505824236,-0.33972517859535556,0.4162388739054174,-0.7987419463323719,-1.6438643518451557,-1.8720703835292936,-0.5903238510970606,-1.7477360574981111,-0.5981087806729821,-0.7836287097958405,-0.5134344696304407
2002-03-12,-2.0775775545183834,-0.5676505343590462,-0.6846510758656269,-1.2828090254703337,-0.8652102518775766,-0.14407473100592694,0.2190118668254407,-0.5895870667697806,-1.3611839146303262,-1.6408453635255822,-0.1748129399071626,-1.438481462472263,-0.6570003947783322,-0.5125965699368775,-0.7728607941098624
2002-03-13,-1.929354360256086,-0.8844528688691357,-0.9314764527801281,-1.3428035707756407,-0.4790211582370508,0.15200336341015624,0.09425610000552044,-0.4231653378396922,-1.0718336805811581,-1.4019855154303247,0.26386745068179984,-1.1349233989985879,-0.71090830468955,-0.29802039483823256,-1.1690527417329388
2002-03-14,-1.6965267792518897,-1.2907848297104858,-1.2118299955190759,-1.3232325860482015,-0.050133368191729165,0.5671710612689626,-0.006147209089007659,-0.3037559116482775,-0.7011106338187088,-1.1954634765629506,0.6631809888384153,-0.8405946500985487,-0.7562374597708262,-0.0499720405793086,-1.6015043161658993
2002-03-15,-1.3190893111414208,-1.7206677262147836,-1.4477381369694995,-1.289516359791643,0.27762463908032137,1.0114421698684763,0.025161014313732463,-0.20643494349655936,-0.41765237136029304,-0.9643334135401144,1.103302896689358,-0.5270977139530979,-0.8552681073852719,0.20980158558912598,-1.9239955410626095
2002-03-16,-0.8369550078018131,-2.0725095350534106,-1.7127643106051917,-1.2611544313122736,0.6034695374774042,1.453151623555935,-0.01179022368149147,-0.12852546007274473,-0.24016845195042355,-0.6470198117957247,1.5826305363655286,-0.15487310202293925,-0.8026200647372471,0.5207559092258626,-2.072590023019166
2002-03-17,-0.38049350229275974,-2.17611777068038,-1.9148885988094995,-1.1393959612185625,0.7889393351623001,1.744123920509182,-0.07300621716270644,-0.008816670424515595,-0.08406402822160236,-0.25260518647553004,1.9787912732960458,0.15117562543925897,-0.5523005960982292,0.8231843060568973,-2.0528523200392095
2002-03-18,-0.0657021031992882,-2.109326579330761,-1.9842049229446777,-0.9934118885479132,0.8643235248941582,1.9730138359466909,-0.0015687859084118699,0.06865180152421914,0.09209897344766092,0.17858905012500714,2.191108786200048,0.448575799996768,-0.22912388407752715,0.9817956978404508,-1.9567770627297831
2002-03-19,0.1827253561901893,-1.9528606908978365,-2.0143586177385244,-0.8411938247342099,0.866872524525324,1.934595461213367,0.1519220727975063,0.12054456667987766,0.23856136026948382,0.607839780149666,2.2509024534863236,0.6565183420650794,-0.018558102813993668,1.0826367636996108,-1.8352536789366687
2002-03-20,0.38718729240851235,-1.7742969882261852,-1.9739840779524642,-0.6578992986553327,0.8006821347382774,1.8237349160653955,0.33692161318265257,0.0598995073720317,0.289342074135777,1.0552947797398817,2.21885077347207,0.7180811729598089,0.09672476821402617,1.1475838325292294,-1.671822737681391
2002-03-21,0.5595262102697897,-1.6809388706995765,-1.9215533499251263,-0.4409053883955624,0.7852002901538524,1.6489657183089765,0.4663533549663344,-0.05136520299177235,0.2742962493366858,1.4384235384952753,2.1257404768776396,0.7101471232563454,0.18241286645121532,1.0772885928512905,-1.562514036700855
2002-03-22,0.6806996804191595,-1.6201824163867447,-1.9125034113058048,-0.1953373014118158,0.7780873483432921,1.4458949668596248,0.541938013864256,-0.13829462647176305,0.19850691405070997,1.8028054736571417,2.003837858098863,0.6861069480295374,0.30375052478553605,0.9701333176053257,-1.4438978209030242
2002-03-23,0.5749611168628945,-1.7073973725139622,-1.9561484503073117,-0.3430287527046546,0.8171773296410547,1.5527150022291116,0.4835909753865181,-0.12750445581721084,0.14990539307500378,1.522321637628389,2.045262106952288,0.6823047626777475,0.21082248277841356,0.9399593468256316,-1.6279785295480798
2002-03-24,0.761805613031318,-1.5988447945343716,-2.030126224174014,-0.15743000305152416,0.7025551133977535,1.3887364236830724,0.6145391916458544,-0.21684975094568415,0.05353996228306276,1.9289058644123394,1.9489075610191646,0.6931323137073567,0.30278809047960364,0.8818737684697532,-1.5785192844571352
2002-03-25,0.8033096208094812,-1.470477414154685,-1.9704473413521322,-0.06511257491135365,0.6860677198999775,1.1840609076024196,0.6182777586442804,-0.29952570328179784,-0.0508681912847945,2.4887304195271125,1.9888143843220993,0.8064756013431282,0.5720278864382906,0.7564528319558959,-1.4492050565112606
2002-03-26,0.933542872696274,-1.4391342939181997,-1.709621300778547,0.08508868300058126,0.6687510859289426,0.7606800078786257,0.820654687644217,-0.36831723863481364,-0.013529249923117057,2.8504639310395854,2.0074757483376504,0.76062857976946,0.47541113228188764,0.5103567914823727,-1.192012030130746
2002-03-27,1.1182286232542833,-1.5888373582060809,-1.6698047432226433,0.3594463886264185,0.8826355992972005,0.3002539376729894,0.669736170056221,-0.5010202217021458,-0.13690035490118543,2.9880227475895738,1.9566502802078838,0.7454573264141254,0.5963687399381742,0.17858875833299723,-1.1118717946842147
2002-03-28,0.955223668805035,-1.654344708111501,-1.9423990271756022,0.6435948530367855,0.8048599311430553,0.21386038681798925,0.6083460886490851,-0.46307471540966566,-0.33910807880374244,2.9475966016392263,1.9036348183518954,0.5984531777024813,1.0232390212415932,-0.04909119822454225,-1.0826610248931399
