,1,2,3,4,5,6,7,8,9,10,11,12,13,14,15
2004-02-02,2.999185674901041,2.5410954076195593,3.0583918415533677,2.8005148889611786,2.6526778928586325,2.8957470440104984,2.7463235906969956,2.9091271003242487,2.836995647155621,2.759447483927805,2.9230047448143606,2.765407061796057,3.0613395541441735,2.9100250929397866,2.803749891691859
2004-02-03,3.1390199566079144,2.549508686403353,3.170657345332287,2.834394363980016,2.7706198209051105,3.009990575696243,2.768067055602955,3.011679102156179,2.9610086252437697,2.8248303134324217,3.0693923247605013,2.756307962234311,3.2303243961553894,3.072161310267485,2.84604623129096
2004-02-04,3.116390686099846,2.382435963419581,3.1388100408972868,2.7260287023023877,2.771830138793031,3.0424315690450796,2.634793548739746,2.9520769947544174,2.87476077448118,2.771876447162407,3.0986214025568986,2.6283628443817495,3.2273932481085796,3.109568128535527,2.752705734287226
2004-02-05,3.0756711835578914,2.257947330573433,3.1501888463028975,2.5846503392226863,2.8548491577814246,3.058913839470105,2.5087782711098146,2.8931438002282315,2.6684046431265798,2.7384804639511695,3.077971210084776,2.5781428014649803,3.207557190553319,3.089307715240505,2.6464637833782483
2004-02-06,2.944031908607419,2.1148151402963573,3.0751714672616273,2.3215971127974835,2.8695141938772677,2.9534020956574274,2.310800589957475,2.73459444628164,2.3835481699213164,2.6820649633566602,2.9465539296020715,2.4876476963729073,3.1332659640557092,2.938370678339365,2.440167317425939
2004-02-07,2.766205836231979,1.9839549199670836,2.897798836193231,2.088553595532364,2.815196107158628,2.813084226826394,2.1070517499731354,2.528458463155061,2.14181502723626,2.632650135561846,2.8037206038406297,2.3265197448632673,2.960662533065395,2.7376192137576862,2.1712649145583356
2004-02-08,2.6043098565691865,1.9236780934579905,2.749496717294296,1.9160825058953481,2.823343310290163,2.5841936834475354,1.9359583302897048,2.3340610424467556,1.958353697110619,2.5863470099143244,2.7268422651474333,2.1377656929511386,2.7309113777694725,2.6304553100908725,1.9632751315698833
2004-02-09,2.425056149070377,1.955202701648177,2.567820444666315,1.744435542537859,2.801953335744532,2.271129149770158,1.7591280029724765,2.2517990250327005,1.8023289521512775,2.5605449203236375,2.642923136112403,1.9357700038231416,2.452244678364504,2.4530628582684235,1.7657692708784034
2004-02-10,2.2038656205929366,1.904796615858339,2.3501002206566928,1.5308961872062736,2.7370520264007157,1.9801604825280361,1.5265455612754626,2.1680401335601314,1.6343370559625254,2.520708027415793,2.4831785944372227,1.692952190967961,2.1367636465759063,2.252325217171314,1.5322273494354854
2004-02-11,1.9622538814152402,1.827347285300231,2.0983690349366233,1.267522916451308,2.570042078342443,1.6645096254575575,1.2453579278182945,1.9528794265752056,1.4156877631085412,2.4294226764258853,2.260769461146205,1.4644969610150453,1.7718067256879526,1.9927430892892046,1.2796884339113337
2004-02-12,1.725064797546469,1.733974104920893,1.8820461830314008,1.0698667018378105,2.3550599481012795,1.3388403954331876,1.1457633927340112,1.7701127122600517,1.2145764710003526,2.3707774622089683,2.0734114909836103,1.3011249805649991,1.4857981725024927,1.7007043159409807,1.1260425035092632
2004-02-13,1.482466756534755,1.7382083915467317,1.7002813088208464,0.9618252197090604,2.1371475558225073,1.038210075638171,1.1855100134194443,1.699784610659538,1.1385366635718528,2.356151180950681,1.9384967311606385,1.1933845418465583,1.2917821463161852,1.4434826617978052,1.0690731068103076
2004-02-14,1.2448744203213757,1.671685331476892,1.509187114031936,0.8754620048090742,1.8165178362548018,0.6667191027795534,1.1800079635472593,1.6392902530380653,1.125499775160117,2.3249636370395033,1.838302551250215,1.0024981954130197,1.1158034127021004,1.2982440273763665,1.0374680104839673
2004-02-15,0.9755896571580767,1.4863358719110829,1.2941861418060097,0.7814127958335952,1.438348430161915,0.25467821014759423,1.1557313021672497,1.5244079145633784,1.0414853652423437,2.1537392869883525,1.7671941724512839,0.7398581382976507,0.8754551599572645,1.1790582819663558,0.9962525924797694
2004-02-16,0.714260680056143,1.2661677226794272,1.1478599095699413,0.5775347391732972,1.0568866952426947,-0.08340795709234783,1.1562300871998978,1.4114627509308784,0.9025066546355819,2.0132174424275577,1.7242587172504757,0.5471034487152813,0.6675336151418935,1.0713499255899728,0.8939158210235849
2004-02-17,0.5129030028429151,0.949968093879593,1.0579222228962966,0.30943775211113894,0.7424473397167435,-0.22257786595903836,1.1114368069842944,1.282111534081173,0.721379826430521,1.893689615558695,1.6265008706719033,0.5128910564489125,0.5133406223185625,0.89774495219573,0.8392503902358911
2004-02-18,0.38201682449386903,0.5506667380309063,0.9855160888320583,0.11091302583099721,0.45013416693921976,-0.21085274954972172,1.030367589422201,1.1230680072500203,0.5577883256717826,1.7739477014722937,1.545919079080559,0.52320057443342,0.4847298037466626,0.8970059031879773,0.7733392085117327
2004-02-19,0.2976639133104912,0.20228983547413032,0.9330674200529645,-0.021038612670260193,0.14352779653343056,-0.1340683960686516,0.8959516041205482,0.9362311323965739,0.44962952446582355,1.673835542575649,1.4913353059800958,0.5647313637830885,0.4360267793016882,0.9139155007558347,0.6675459771717295
2004-02-20,0.1978163220539357,-0.0667218386654103,0.8754671669480026,0.06763601131994078,-0.08778972935801677,0.0038096347805411895,0.7023222377406471,0.7902927883860773,0.3432985940629739,1.4881990338299378,1.423618534042766,0.5297044669173491,0.3273780542032584,0.8763562652237427,0.5200902160154394
2004-02-21,0.15779483084905882,-0.3096960908047682,0.8450311626247058,0.23212774253499568,-0.2851083129043738,0.12195534163406785,0.4427263307764828,0.7457392967768252,0.24575337411595596,1.2479116081920163,1.3249611660874607,0.5148743325800959,0.14148904707755727,0.9166053890221779,0.2953502075079958
2004-02-22,0.22179296836731704,-0.5478734057008389,0.8235294978302198,0.41906201181184494,-0.45662878234908183,0.19434830734943476,0.09626858767377626,0.6392670078442814,0.2411991239960837,0.9156147180058627,1.1199236806193988,0.48653760864352796,-0.028953448690799875,1.039965066505533,0.05635250419459434
2004-02-23,0.27628767781747965,-0.7523588410785248,0.6474532518786137,0.636590683102484,-0.6299448444697873,0.24616992552585215,-0.25072782562670987,0.514514591097349,0.3303432438046699,0.5817629417067807,0.8426551064401102,0.44652797061484845,-0.22937727894429968,1.1626673174889852,-0.18264861648210287
2004-02-24,0.3157916382561312,-0.9488757012883757,0.44113950148931763,0.8043273742036626,-0.7305872185567335,0.2745349991481507,-0.5954046632527241,0.36670494438300383,0.5149322129457513,0.2505466811171238,0.39741923461524403,0.41836186640219947,-0.40874033119975817,1.21766925380937,-0.3867555626210223
2004-02-25,0.36859315858757635,-1.044588791148286,0.21735037448319294,0.8034680037368904,-0.6884002638123771,0.20451857475158436,-0.9285282445451305,0.15374890273998476,0.6299902527709037,-0.17217066622962213,-0.12122643265106858,0.28324984644637546,-0.5648533836608968,1.204764413218151,-0.49011089294156923
2004-02-26,0.38312820054591973,-1.0120836352872493,-0.024847906298040255,0.7098072124027085,-0.6149285038935164,0.05896931924706179,-1.191230667536072,-0.18196475684993202,0.708745638515337,-0.5763966795122947,-0.4754719009542344,0.05866725224671473,-0.658305882589456,1.1977439740143028,-0.7019462836963749
2004-02-27,0.3934440322838446,-0.9517220138402107,-0.1881613235726935,0.4944071235043637,-0.5523948463281246,-0.13260936152743097,-1.3129948055559617,-0.5112534820692057,0.7393571912197363,-0.8816868863598997,-0.7565928141294005,-0.15431899418788775,-0.6862332429507435,1.0169258725813868,-0.9689334686130854
2004-02-28,0.35591391077028917,-0.9266025537680581,-0.28460603496773723,0.2740720335686056,-0.4485265086093576,-0.35658287889826173,-1.3645952612080825,-0.8243773278179546,0.8481844490378831,-1.2020032315968066,-1.0175278324855537,-0.3843426900518422,-0.7008699053073366,0.7727130293574336,-1.105126483813238
2004-02-29,0.22932227107391964,-0.8814046215537734,-0.3086909844298254,-0.03379149975018556,-0.39147878305964867,-0.5429714004731393,-1.3625252505214152,-1.0111513369694907,0.9000711810047665,-1.4223791707835718,-1.2329537481457622,-0.5172688639870174,-0.7105846339446827,0.4773368010633466,-1.1562976543752397
2004-03-01,0.03400760903706835,-0.8113822886716417,-0.3730816598902946,-0.4292065338020547,-0.420996861274795,-0.7167457383092387,-1.334679151375937,-1.1766153956946868,0.8000863045402269,-1.5989082149180371,-1.4455806024483824,-0.6805251518453767,-0.7517317797483414,0.17533416136316626,-1.2049322783611454
2004-03-02,-0.20046487311725844,-0.7773835984573962,-0.5103548663959073,-0.8651695494895388,-0.4842622468725529,-0.840351661873478,-1.199729095417973,-1.2114977482313067,0.6017390425751795,-1.762916825775796,-1.6109519805984613,-0.9369269576611768,-0.8269287346854898,-0.12821552076881865,-1.1614525144984018
2004-03-03,-0.3210990226699014,-0.7627797026869775,-0.6599216773086988,-1.2377555162744134,-0.5585883333758229,-1.0146956498805086,-1.0180622212820942,-1.206392578730327,0.303243062353993,-2.0000911843934004,-1.7581145989847655,-1.1933987456566166,-0.9175633758154232,-0.40320438776806516,-1.0808203769009876
2004-03-04,-0.38845548896020554,-0.7574484297066137,-0.8611400737083014,-1.4859459253523095,-0.7134356031070859,-1.2119917423447413,-0.8733579914397908,-1.1437279026696674,-0.11761863133014995,-2.1825956557765624,-1.9319160352681968,-1.466669418309144,-1.0866195854296805,-0.6733512675225962,-0.9891778580500546
2004-03-05,-0.4326257658076532,-0.7995134777482401,-1.0776503489441414,-1.6063145456795924,-0.8766612057666103,-1.3108487627358916,-0.6853919946494748,-0.9558844885756178,-0.42905896225622675,-2.2616859769111186,-2.1011490165764504,-1.7124173123244537,-1.282371437386934,-0.899167391851132,-0.866007636133429
2004-03-06,-0.433258500187394,-0.8985910981652058,-1.2977735267573358,-1.625259922033021,-1.0139880839111877,-1.3681733475359137,-0.4393422877222632,-0.621103767071635,-0.6661362769722421,-2.2064513639252263,-2.2817436784840255,-1.9161361773601164,-1.4625837520254126,-1.0993207550970967,-0.6662913122331063
2004-03-07,-0.4427752789039636,-0.9400663977747357,-1.485356275514806,-1.511248233026897,-1.0064301357593148,-1.3332388399466804,-0.24076243109940712,-0.3017898325250376,-0.8458539674537122,-2.1435656761799216,-2.42750798595825,-2.0788828516527267,-1.6669017173250638,-1.231723999842189,-0.45290360838048777
2004-03-08,-0.4508001067779,-0.9295490710031141,-1.6008667773808973,-1.364133677252304,-0.998679050374458,-1.2455786829759987,-0.05615737522434146,0.014387292286365023,-1.07470173966038,-2.0488083072756234,-2.53922734021709,-2.1679966376219038,-1.8302397540909396,-1.2638070628093383,-0.3340441221473038
2004-03-09,-0.44509212654475283,-1.0365419833930223,-1.6742412763372307,-1.220763578126909,-0.9369328100050934,-1.1880998787827117,0.19823013291590064,0.1888527428603484,-1.1988273240391931,-2.005381349400058,-2.6295573770344385,-2.2951237979866614,-1.963574661049227,-1.1857376109528959,-0.24253515907365927
2004-03-10,-0.4311849569665336,-1.1813692415579513,-1.768767980150194,-1.0826408922613844,-0.7849116343274889,-1.0756494449136855,0.44167677363973784,0.2593537534281543,-1.2137592566141422,-1.9026172679251487,-2.689280785586216,-2.412830557072701,-2.115039769017678,-1.035285094798652,-0.17224773052718964
2004-03-11,-0.4383031384215188,-1.285648774232234,-1.83817833571206,-1.0033185611365316,-0.6337781994880846,-0.9893886326076033,0.6036439296787284,0.16648277691751182,-1.303609993995263,-1.7579043197776492,-2.6621784985108827,-2.349673459522359,-2.242477935146846,-0.8963441321294073,-0.2516307795419907
2004-03-12,-0.5733853939667752,-1.3621972742723711,-1.8397703674143906,-0.9211171916785045,-0.47621106213694364,-0.8400853017171904,0.7343640725175347,0.030276274363562453,-1.4115548281400536,-1.5740681013504791,-2.566768214619433,-2.1872915077028754,-2.3204584673374313,-0.8161876749751544,-0.33427292753000004
2004-03-13,-0.7006968532519146,-1.377187703059312,-1.804802884669895,-0.8900568400264443,-0.23887439810543878,-0.7072771635205645,0.9150281078644403,-0.21260964755907694,-1.5062018731634261,-1.3772385425980378,-2.439211145286378,-2.061822695796911,-2.3465304356694934,-0.7370542924090658,-0.38908343799450745
2004-03-14,-0.8292371169540668,-1.3270668954267884,-1.7737979494125766,-0.8924217777676104,-0.05120579755099015,-0.5818530430037542,1.0878858036406513,-0.5437129613313442,-1.6288410627951,-1.1631825425771336,-2.2356160224336734,-2.0203055313927156,-2.2998921465641997,-0.7040454581845498,-0.6081682137728788
2004-03-15,-1.076484770179473,-1.2122751210046678,-1.7549389656726782,-0.9605001952567442,0.05755687197307347,-0.4730831090167049,1.2752632620394762,-1.0623391536820121,-1.7688071617497554,-0.9025781800887476,-2.0593231952066007,-2.0209284522262028,-2.1752821304904697,-0.6980401315016856,-0.8676536611696262
2004-03-16,-1.3686982603104505,-1.0463729389820684,-1.7059990103940728,-1.1243729261255306,0.08470935097017912,-0.43666309661897584,1.4108142738006912,-1.6915572590033068,-1.868995992080389,-0.5164381554143259,-1.773994101030584,-2.021118266260924,-1.931133946060961,-0.7022914001417404,-1.1355977918746096
2004-03-17,-1.5661576426949146,-0.8417095139869448,-1.6434409542042407,-1.2662278080030303,0.09488137498780466,-0.45448671365376314,1.40290073503414,-2.2321413625386572,-1.9133556588242728,-0.13762784676852902,-1.3629498686764066,-1.9508615952117354,-1.6088414785390501,-0.677430651795465,-1.2817321169994573
2004-03-18,-1.588290898148784,-0.4955771585755581,-1.6313532164601852,-1.340733021319538,0.08278957576513289,-0.51233122813541,1.189088634471664,-2.571274864847274,-1.9711603168541423,0.1759855152494054,-0.8821274151598043,-1.7729256992961964,-1.3155873329929053,-0.6018303798135807,-1.3620345629144175
2004-03-19,-1.4984852650597533,-0.21489875636159558,-1.529979428517135,-1.3409407370873712,0.0904523161539527,-0.6173567733766835,0.8817137317019026,-2.715766890136733,-1.9861819260143287,0.4853657980983858,-0.48250719389478697,-1.4731302118440182,-1.0744906117741297,-0.5532945781115718,-1.3828259158970475
2004-03-20,-1.330446200975241,-0.07258806056535834,-1.3224161443698914,-1.2548825915390425,0.15531467760031906,-0.6931109230120017,0.6583978623997152,-2.7371849243491533,-1.9147846245212474,0.786021669333094,-0.17600514970931527,-1.1814895212666376,-0.9108492789340918,-0.487800992672961,-1.288051322470675
2004-03-21,-1.1153704627912266,0.004336925046878677,-1.1552610213981063,-1.1446916494719426,0.20962269375444023,-0.6763403200797473,0.5561576059856882,-2.7728141357255565,-1.7673806503714786,1.0028142632850896,0.1505805040298679,-0.9213554839933844,-0.7761500612139945,-0.401046103631361,-1.2313375921325096
2004-03-22,-0.9498314989233415,0.046004612578382294,-1.0525995281670646,-0.9983865651337289,0.23251848092045707,-0.6242844387638425,0.46737461027554267,-2.707638352057166,-1.5616396068220448,1.1555446847407973,0.5265856136219633,-0.8072494822039922,-0.6943023270030935,-0.2804434752309133,-1.2122973580926313
2004-03-23,-0.9047820036763153,0.09418449837255861,-0.9056035965506612,-0.9109742057339026,0.24153046247063223,-0.5549373875414089,0.3528946862650995,-2.5644216535741293,-1.411022691215684,1.2678024156383936,0.9138700296318384,-0.8076321052260198,-0.6649109702647077,-0.19615132617468056,-1.1070740355152906
2004-03-24,-0.8689808398643696,0.19468740840863688,-0.7144003897131812,-0.8303237597833192,0.2669881149349386,-0.5053933485292337,0.16300237148831015,-2.361987226746085,-1.2794839930892836,1.3242255539433339,1.2153656731847866,-0.7363595830899718,-0.6930927430682954,-0.0802233425023767,-0.9505799871201702
2004-03-25,-0.8156347380426916,0.37580368573420697,-0.5114079344876445,-0.6964440891372282,0.3531639754426434,-0.3938466551203857,0.0054175888725312114,-2.1354236517475362,-1.143752396531938,1.350231080967945,1.3873576887840624,-0.7064764676389959,-0.7684326878400634,0.027691411588884524,-0.8026487867807064
2004-03-26,-0.839570220380167,0.48731339562462955,-0.3143095101579797,-0.5859454935763789,0.44688448457388974,-0.30373314504392707,-0.09495054493254501,-1.9090009760371625,-0.9257454391235171,1.3552604935600912,1.437096965365879,-0.6996137050524565,-0.8363736541145539,0.08048188476216374,-0.7425496384272758
2004-03-27,-0.8900389133110377,0.44231626424943693,-0.09822157852482262,-0.5227836647442161,0.5542820379096869,-0.2774514294703924,-0.13507948599057315,-1.7574321326384543,-0.6465055749954998,1.3758783566548989,1.305627199111281,-0.7901133196793417,-0.9257199235233663,0.09443598645669622,-0.7294550699822512
2004-03-28,-0.8818906202945068,0.3531003146983766,-0.21914845341966618,-0.5626314035542569,0.4608414327248977,-0.3316283217620948,-0.0795813192464091,-1.8714518363158912,-0.8764650178451879,1.2619732788882159,1.2823092428425387,-0.8958293840996696,-0.9348549288838107,0.12068573653397448,-0.7560736788151611
2004-03-29,-0.9250630913435332,0.36026273432005956,0.004351792421932773,-0.4752860958042109,0.5579891925004246,-0.26998607141484443,-0.07979461140835799,-1.7412616598061292,-0.5965703796402128,1.3196822744744907,1.2676336493266944,-0.9166109395051011,-0.9780135049452137,0.12479481783639619,-0.6938813728215608
2004-03-30,-0.9857515116047129,0.3873755833023714,0.1637446595481699,-0.5607429468031457,0.7345068363880408,-0.30718538126438555,0.021776429827826894,-1.5667389718491016,-0.3914644917756498,1.2379775921675151,1.2690109861372807,-1.1969351044997205,-0.9901683838252409,0.2107998225435484,-0.5822989695500318
2004-03-31,-1.0431296452976873,0.3813819831819347,0.4369815186035891,-0.7413233174371993,0.8529815599052623,-0.368208763310103,-0.09183595857884189,-1.4282133628504305,-0.20574419645745542,1.0886465095749385,0.9046072869040017,-1.3205103385228179,-1.1288418154753295,0.3409656209462034,-0.5562342763950572
2004-04-01,-1.2347532310463483,0.22349266407060892,0.5773727406798321,-0.7514280414416357,1.0128935283989562,-0.4033640756500595,0.0617187833121148,-1.3363523647177808,0.1820688485319316,0.9491944024776791,0.4545339240128116,-1.6190139672974113,-1.1532774989655703,0.24728381870459132,-0.8367902762153377
2004-04-02,-1.2850075356588193,0.2177079839145601,0.5139857717614498,-0.7775203206594894,1.19466811643562,-0.4669462458817323,-0.06703953492083796,-1.4126818188356607,0.35163741244979685,0.9148650616086482,0.16622484510076707,-2.027590324173338,-1.2725219968232535,0.15441423343878344,-0.9126419073500794
