,1,2,3,4,5,6,7,8,9,10,11,12,13,14,15
2006-01-15,0.5613292016435268,0.231829006836252,0.5787841767118752,0.6374483892478996,0.14055802834150521,0.46105685689375486,0.4219390842742487,0.6350679960153374,0.44188643930259675,0.3937896525945621,0.15179360551029814,0.4535902754055655,0.8718892254807233,0.5876239412284291,0.7955621884083252
2006-01-16,0.7392060646739559,0.3897007124208641,0.8580507547014173,0.8659003597511199,0.22134509992325194,0.6572007455546874,0.6038540415880308,0.8659990262250623,0.6264174708756552,0.5519278029963881,0.20977660847670263,0.6429881918866954,1.1496121726287958,0.803304565223802,1.0184718546976748
2006-01-17,0.8799569622122442,0.4517738888537476,1.103980077189679,0.9737731796241114,0.25063210582783774,0.7934493175958466,0.6927468641611284,1.0149039950172523,0.7511224505203455,0.6674073562014811,0.2481172964341841,0.7555286189612738,1.3722162464020724,0.9206641872886634,1.14165631306685
2006-01-18,1.055790732571165,0.6019801960857256,1.4118405528923081,1.1554464864091878,0.4030957908672562,0.8810707931087737,0.8161732288236084,1.2106751278125139,0.8715767513217546,0.8840140845284093,0.34820222968817965,0.9112621877470534,1.6178440720316474,1.1383742022709742,1.2679129677299081
2006-01-19,1.1001843615650784,0.7268581048494133,1.625241933848372,1.3060044414449572,0.5615169484019886,0.8903919459632814,0.9336542196840875,1.2732053375004302,1.0043708889407243,0.9860182296546064,0.41081406113233615,0.9713994411726141,1.77231166371773,1.22464169226185,1.2300947925527275
2006-01-20,1.1185145107547674,0.7431151950859711,1.7916182660466966,1.3653371136256407,0.7291389447832514,0.8243569193210336,1.0089305525250774,1.260806767567391,1.0771895703884808,1.0515122689418477,0.4392071957048147,1.0078812528407615,1.8951160611147981,1.1896423147711517,1.1370393071450688
2006-01-21,1.0685000074103603,0.6804980356453543,1.8525706179865993,1.3551882350607074,0.87144638687718,0.7168560152945095,1.0712824473825413,1.1957554125238916,1.053341354818888,0.9690520735565149,0.40025145757630093,0.934184209531608,1.9064981840586788,0.9853343331076914,1.0109867640676757
2006-01-22,0.9753812129451318,0.5131735337106185,1.856265184544084,1.2584298310836355,0.8872580184012563,0.585817946914569,1.092027505903098,1.0912141364084833,0.9161251225756235,0.7939774314870799,0.24935938346408196,0.8289387361580108,1.7345317204240813,0.7001543214777728,0.9352769526559707
2006-01-23,0.8463720898046758,0.27857531171230276,1.7435688289061286,1.0704096237036362,0.9085164841015929,0.3901292536815464,1.0477215744292865,0.9719778746081655,0.8072305338718996,0.6386233703199153,0.17034603041243898,0.6528144036076772,1.4603367554842288,0.3414860873256872,0.822787509029702
2006-01-24,0.704231086039363,-0.04753232278150114,1.543912785792592,0.90900155931763,0.7978611479829764,0.10443379307820924,0.9414583292524595,0.8018056770571601,0.7232347117198719,0.48352511912015245,0.09910182172784468,0.373453424928025,1.2335643731278936,-0.011730184730301425,0.6248997735663251
2006-01-25,0.6153653210511689,-0.2890419796058238,1.3688951420922817,0.7740969430431304,0.7479085073734087,-0.0815822665260002,0.9271038830398701,0.6773631312364402,0.6890205492153663,0.33744685385282125,0.08012786843072484,0.1703060530608162,0.9879517416776462,-0.36585163301606183,0.43091520774408654
2006-01-26,0.4686330534038446,-0.5129274096984457,1.1803635777421637,0.62996918695041,0.6823100941920858,-0.32406377213142834,0.8345450965150689,0.5262146877797368,0.6155904921849785,0.1240356853849956,0.0015565240955921085,-0.0325094896763062,0.71110684451485,-0.7139493596039727,0.21212281078173784
2006-01-27,0.3344616683037662,-0.7509671809096665,0.9098325990993553,0.4068755665580338,0.5140726229987479,-0.49181124267470955,0.7184208967081452,0.4357709214758156,0.5837630573921831,-0.10661742843882187,-0.13979541570342685,-0.27216641494830923,0.4681969306839176,-1.0754808673698477,0.020010890908312425
2006-01-28,0.18991975464212707,-1.0154774233883084,0.5888488373301886,0.17728514253075275,0.30070555754374095,-0.6576276245275615,0.5168490474777636,0.3796276035740956,0.4846995850181438,-0.31818415748275597,-0.3254945314762275,-0.5058057291796101,0.23268689766523662,-1.3937875922038248,-0.1612332784938587
2006-01-29,0.031373494018837565,-1.0752120854273746,0.2091044178402145,-0.004132426261788194,0.14983391770855903,-0.7734379507372782,0.3511017961941443,0.30459084301003087,0.41489067694878234,-0.5008493524359462,-0.5484452184673393,-0.7232277610085377,-0.043077314869349376,-1.615684232678531,-0.27617584393400924
2006-01-30,-0.12291318990782091,-1.0087318248048163,-0.19107915220235078,-0.12379270517749581,0.04263160597829551,-0.8454848088246355,0.20488794439054897,0.13537943501217853,0.3650587687654183,-0.6428584629368856,-0.763358200429659,-0.8820838717430565,-0.28084929893719995,-1.6840945636953235,-0.35304917978274064
2006-01-31,-0.26842273863402744,-0.910119313441031,-0.6241775740765929,-0.22818381552989617,-0.04877973833425057,-0.8636153223020065,0.03260130763692211,-0.12328133078977901,0.3751036222074068,-0.8136118524023322,-0.873897264154953,-0.9956208975622799,-0.44458796279986684,-1.74796946932749,-0.44926932788749097
2006-02-01,-0.3323135572243744,-0.7851823738644912,-0.9697911475584122,-0.2832775641091822,-0.12339914127180981,-0.7827838916807621,-0.11263779564038631,-0.4314664820759334,0.30713956575313345,-1.071223165906174,-1.040320567900611,-1.0565998452979777,-0.5360166095654438,-1.7755497475577444,-0.5498300921598915
2006-02-02,-0.43032007820882034,-0.5844396481643579,-1.1706568711640222,-0.25584599849317463,-0.10408849661723184,-0.596835240980119,-0.21002374133328935,-0.78639691665803,0.20357864839820547,-1.351527621289539,-1.2645287739453148,-1.1398125858426051,-0.6818935858389547,-1.862211990646847,-0.6455393185109926
2006-02-03,-0.6228024568112558,-0.4344836948974727,-1.3991111188429326,-0.24108908921615882,-0.07007891158323852,-0.4588539099720565,-0.32373144389760855,-1.1824758625105316,0.05537557910923432,-1.6033771006462287,-1.527682804729807,-1.2918682813095057,-0.7757983716778217,-1.9370229893494035,-0.7505064357658676
2006-02-04,-0.9679161970042218,-0.3778066896096644,-1.6950464688115725,-0.19329113570763673,-0.07459102728491904,-0.21333876317092457,-0.4534798335951556,-1.5253493853140865,-0.1419204767609478,-1.8143601386668717,-1.8285210745018212,-1.3993503263365947,-0.8908505118328607,-2.060294937487107,-0.8728855702121
2006-02-05,-1.3418491542684765,-0.3641608484950293,-1.9379325893572183,-0.1500660528290296,-0.058948238829191466,0.05985238737983946,-0.6417968382253952,-1.9290617123729412,-0.4419992907627967,-2.0056579041964295,-2.121741185771506,-1.4040154378671836,-0.9989880558636178,-2.205194553842741,-0.9624046296116202
2006-02-06,-1.6691818847376703,-0.42581291335872906,-2.048247258396968,-0.14966378546897716,-0.08413631956531543,0.30933623213440414,-0.7901940590890858,-2.3493111359707144,-0.7857786147725923,-2.118145012971203,-2.3386013317661276,-1.3388052552591314,-1.1143790380786887,-2.2836425320765152,-0.99590130942961
2006-02-07,-1.8798148693334675,-0.5894024337511846,-1.981439892759473,-0.09827660751555133,-0.18126134417288298,0.5162152976657961,-0.9925426694809638,-2.672751757237484,-1.0899604496647626,-2.118498459410246,-2.3843729906264106,-1.1912240830314214,-1.184536845096379,-2.246519999587242,-1.0501741911913434
2006-02-08,-1.9761911367180507,-0.759218136489713,-1.8225374633427172,-0.03473860202800539,-0.3664596747037284,0.5853649516821288,-1.2166884003802356,-2.8681970759925517,-1.3322183605061235,-2.0591784164754388,-2.2823970803452966,-0.9646671234916425,-1.2682214468854835,-2.248002185489249,-1.1065405319943302
2006-02-09,-2.0427409608998173,-0.8569932162680192,-1.6838722764937535,-0.0294333454840238,-0.5374404315501753,0.5512604059121069,-1.3584698366792676,-2.8963358625959947,-1.5637691450091642,-1.907398773978509,-2.1681226585187017,-0.7240209950493661,-1.349336260642667,-2.193291478194308,-1.1986835192504202
2006-02-10,-2.1518930491138857,-0.9526159013598281,-1.6040474089006094,-0.10635198632615651,-0.7281493961377021,0.4478414594660278,-1.441618561168913,-2.8198100059764077,-1.7410970976748135,-1.6550673291940794,-2.0251555228669345,-0.4957566028971198,-1.5293300728984178,-2.206692926263352,-1.299603795188451
2006-02-11,-2.1993765510129113,-1.0119291119186236,-1.5552597362155371,-0.29311201942652526,-0.9568533500128851,0.302671114043092,-1.572437415626074,-2.6666267489673627,-1.8631233611276523,-1.3801931434216894,-1.9287690786766398,-0.2372476639518946,-1.6703064420313951,-2.1224070477746353,-1.3662961005978682
2006-02-12,-2.137032464590382,-1.0683685591053427,-1.5074270386510893,-0.514424241819423,-1.1490222657221578,0.11990983866818984,-1.7363977704985643,-2.459991155325232,-1.9817564411462878,-1.1190865301889994,-1.8093329563137954,0.03910582281744799,-1.8264672185307216,-1.9817612662786968,-1.374814296487613
2006-02-13,-1.8983474041148103,-1.0366589601944933,-1.502187588252945,-0.7331040612792666,-1.297618053336922,-0.10174547711254955,-1.7688083023705363,-2.385991251347403,-2.160369887203881,-0.9478950779720847,-1.6659760003826252,0.22514917900905784,-1.916928060310654,-1.80902328712049,-1.4169253925327612
2006-02-14,-1.6263197834915062,-1.0358167126510378,-1.5785663243883934,-0.9052494304872875,-1.3924328634320287,-0.3939200828261229,-1.6918236224578036,-2.3504499721235046,-2.3203965637689485,-0.7518566405821646,-1.4917344344287422,0.3271334925628753,-2.0209335289930417,-1.5895604556131724,-1.5496406155930333
2006-02-15,-1.315945874821382,-0.9979136547546876,-1.7737385539742048,-1.0349071008962785,-1.383022765590689,-0.687739954384702,-1.6137601463793836,-2.2727986748007725,-2.473047807831499,-0.5972243755297307,-1.3796511718532765,0.41135018320751443,-2.1418999681794593,-1.3244987388477945,-1.706922989097676
2006-02-16,-1.0317007566831167,-0.9899800730121732,-2.0104705261420235,-1.224115679293043,-1.3144115730900803,-0.9129890973442297,-1.568014916019978,-2.1496166121516125,-2.6940278164975786,-0.4985830541570139,-1.282372731464044,0.4140607490306005,-2.251760680766481,-1.0841446950280968,-1.9391356266843682
2006-02-17,-0.8055628960663573,-1.0365964303484374,-2.211583554303548,-1.4469204846015946,-1.2502898075370041,-1.044887115268826,-1.5214769565031674,-2.044579130699359,-2.8328872772318427,-0.4641128281724166,-1.2422207910061789,0.2645493171315987,-2.3607586278737656,-0.8020270385023472,-2.2424968325610295
2006-02-18,-0.616700397857195,-1.1059521857899006,-2.2401384812260567,-1.641554164737791,-1.1674216200880825,-1.1353742458857687,-1.5750306510023737,-1.9962434152975186,-2.9663699936510013,-0.4577170276203383,-1.2506740736859234,0.03642365361418614,-2.4936728090249027,-0.46893259326899406,-2.560157670750792
2006-02-19,-0.5011825248327175,-1.1486884725545643,-2.1906233541612314,-1.8419928151607476,-1.0110686826834303,-1.1604282316719596,-1.6049870332258647,-1.9783497230681426,-3.038646905170232,-0.49258914170615486,-1.2704894783052298,-0.17518859632562192,-2.5444504491926088,-0.008611591988031202,-2.8259303763730217
2006-02-20,-0.43536071432272855,-1.2356985350952319,-2.1865245324655604,-2.0793057094780933,-0.8268328879347786,-1.1514217918068874,-1.5514242698961533,-1.9310510084863883,-2.9962117736927563,-0.5220255444090827,-1.1916054844165327,-0.36259575280237266,-2.5578092940965185,0.3539143810390056,-3.049159791481056
2006-02-21,-0.3515965970051423,-1.3921001595286815,-2.1226231969245513,-2.3303826338235223,-0.7686179081464106,-1.0781576437753602,-1.4461404090606387,-1.9095377128933695,-2.890658485331634,-0.6336784386967258,-1.0360805539719264,-0.5335812552860933,-2.516503800150017,0.649973419636475,-3.267338754015902
2006-02-22,-0.16985799670406834,-1.4796304768791158,-1.8844720571340645,-2.596432873164588,-0.8300212461788323,-1.0441514523607642,-1.302226419244734,-1.6655124725728097,-2.6692673763008345,-0.7193958719029078,-0.814958343435134,-0.6775051014727981,-2.4500247718188275,0.8970511901958487,-3.333619295526367
2006-02-23,0.13390362761971164,-1.303353256840522,-1.3938282487493567,-2.731957496228413,-0.9142753341241362,-0.9406060428953057,-1.1023019933302802,-1.2044371170516512,-2.3500433478025693,-0.8357957341234435,-0.49763282041678963,-0.689007208203394,-2.2546170700890364,1.0673225703330422,-3.099509948120084
2006-02-24,0.4607165079738742,-0.8813324657899924,-0.6922448602276647,-2.6410310160749213,-1.0587653305445985,-0.810280125221319,-0.8205935110002865,-0.624667697682203,-1.844865792284377,-0.8211097326758737,-0.05506596051916087,-0.6234506167115799,-1.8789264847847789,1.1621367609872653,-2.6371178080463924
2006-02-25,0.7169605761714782,-0.3243525283441041,-0.04579452192254378,-2.473735529996397,-1.181833984686978,-0.6827774051705838,-0.5028237559876626,-0.08272695883455561,-1.264663887633847,-0.7635144099010464,0.30436344425886985,-0.5229789006735913,-1.422308102430935,1.216459281998467,-2.043037655464022
2006-02-26,0.8256982154752953,0.133250728458481,0.4092314046523302,-2.3371892520542907,-1.206206275937471,-0.5273970838857552,-0.2701163360944508,0.3441513204077703,-0.7557787157585505,-0.6118312740221089,0.5774884730305977,-0.39314409879737644,-0.9767533821092562,1.2319973840724,-1.4677865287018115
2006-02-27,0.8624776128877851,0.46762817082285807,0.696801441938863,-2.2683741900096037,-1.2369684461836208,-0.3538332399143211,0.0023954657244763798,0.6384191722434713,-0.3524773100899569,-0.4148892156669184,0.7951209265084066,-0.17210622690110744,-0.5584876655123874,1.2046295238707763,-0.9867632292744607
2006-02-28,0.9051789578699939,0.7417191930210432,0.9532549791465011,-2.1989182908515787,-1.286514934894207,-0.2947850415328602,0.14808863663201557,0.7998730563271848,-0.1172805639463274,-0.1927823948894813,1.0008407535874466,0.009517059879887782,-0.22805312070978323,1.181389466860824,-0.5958025057466857
2006-03-01,0.9141011214754302,0.9835188075460795,1.2893527976845913,-2.0499194460406436,-1.339439717339977,-0.2583845903935491,0.21358712248779965,0.9390431460165659,0.00046511638971447863,0.0476527270241519,1.2020321935048026,0.23325884163357136,-0.006748141369729023,1.2293963298944437,-0.1634003544519463
2006-03-02,0.9155746437007118,1.293426025330264,1.623089812797455,-1.8314237271283764,-1.3551518222781505,-0.26640784748345253,0.2625754745207159,1.1099075534936664,0.0787415533776993,0.35580591646810916,1.3283254400601998,0.47697274333193646,0.17444482569921232,1.268798883720738,0.21385854392506654
2006-03-03,0.8372098961518524,1.5145745604958092,1.8174931179014777,-1.555113310792925,-1.3281887456053059,-0.27157885752393796,0.2475380342701216,1.256172809483324,0.18828667760073795,0.6652383839509246,1.4039068676073616,0.6562225760309932,0.35350148471891024,1.3733998412895883,0.5551351040654906
2006-03-04,0.7919392355709092,1.5692919802905658,1.9019033086966757,-1.2682549440452389,-1.2511652683838965,-0.3388106032316038,0.21973640142327514,1.3627869053617143,0.3803943304418963,0.9390228212993458,1.3634911855751015,0.7413769962739611,0.4169349575771304,1.512799274673464,0.8152723879563274
2006-03-05,0.7984054488799213,1.4565607559289806,1.8265182944913791,-1.1129979716811758,-1.02832688692552,-0.3956104440627206,0.1418311908315998,1.4777853337889357,0.5973962877205663,1.0733271449812103,1.275888037421351,0.8410602739548538,0.41231132117336056,1.637623481822589,1.1090721227131193
2006-03-06,0.8112812432315911,1.3053176058379505,1.740911986074353,-0.9856298350079352,-0.789433103126791,-0.4744342314073912,0.18162777797833846,1.545740148272089,0.6637865779082986,1.1130368323023647,1.1581178424280136,1.0229636499623707,0.37999760193780646,1.6380170629923831,1.3390608663305976
2006-03-07,0.8579179234307555,1.2340392639944362,1.6318076448170236,-0.8331830940105365,-0.6602894660586587,-0.5372824660529593,0.25996032099364,1.6237480930738093,0.6204930006818544,1.0646581877401615,1.0768820872898446,1.2832805028658645,0.4022224038433035,1.5616078684460022,1.5937300446894485
2006-03-08,0.8730722013136387,1.1618251763888596,1.5214942401725378,-0.6261310534748004,-0.609409353410699,-0.5833792582088385,0.3168771109032194,1.7224921677926772,0.514627192498647,0.8939150818368138,0.9504140336279803,1.4871218279608756,0.4982562207144009,1.4834442293817176,1.7959644167413267
2006-03-09,0.876694495950149,0.9866834097729439,1.3135260796954913,-0.4240750617527841,-0.6521522498754968,-0.5242669409495543,0.3694638578871378,1.8684193742640327,0.45643744861823926,0.762885076739167,0.8203994169080008,1.6639846083053558,0.574034275605656,1.3742884299120315,1.8957788852229989
2006-03-10,0.8988506999072381,0.8217639087356011,1.082565073781849,-0.29322312118497473,-0.7588656211320558,-0.5081954943564156,0.340883271546107,1.9706760603207276,0.38156051159793763,0.6165561333243453,0.6484888626031402,1.769486136628312,0.5603860591775658,1.3289068415058278,1.798655391261008
2006-03-11,0.8194440571935068,0.9199513706234326,1.1935409141211977,-0.4382763084359758,-0.8370048256049706,-0.5611239082189013,0.33543703880487136,1.8341271226877878,0.3571321858147837,0.577798791596972,0.6631278404470102,1.628455100859726,0.4544222876939384,1.3085850596171171,1.7774340283440035
2006-03-12,0.918544223856524,0.7216867500667771,0.9049866720442116,-0.3032610699269883,-0.8015288011747461,-0.4683634782347517,0.30670387471808597,2.0046202026876694,0.3448251734101256,0.40069542371089323,0.5580259931728015,1.7755418213576097,0.481766185288147,1.319849955675726,1.7370630755568237
2006-03-13,0.9791722637130346,0.7001482057858294,0.6135568921184065,-0.18469328646434838,-0.7882587761676754,-0.4645405511583719,0.250466765900857,2.2262431617313267,0.39426161759096945,-0.029785466420879914,0.48153285108171195,2.1064840549054407,0.541795852844759,1.2034761158428078,1.7674837474831155
2006-03-14,0.9135293496370746,0.9092014471254797,0.42856426167883155,0.12219719492710261,-1.146619792937517,-0.46485105801339793,0.4046850527751254,2.3935451218191024,0.2731152790341875,-0.30481572129308254,0.46243283282957937,2.38787756104239,0.9080032901127704,0.8047119542118745,1.8746023121965287
2006-03-15,0.6958031403729009,0.6025227284960007,0.1666932258197122,0.5717173397097437,-1.3806227451418653,-0.5162293914014099,0.24034616564709452,2.4020673193181263,0.2550213578180891,-0.07536896329123757,0.37003685812053705,2.3979823859352614,1.1754909201667962,0.6300801132294934,1.7215097592165411
2006-03-16,0.5290826412460612,0.48396066088081474,0.06815499653320772,0.5796412348104282,-1.3214046467205447,-0.7169289184151547,-0.05282474625077401,2.206675008944657,0.14359400526392144,0.30316899513490975,0.2825513604586757,2.5125035742176287,1.3397208962422065,0.7776626455776574,1.5176942122043204
