,1,2,3,4,5,6,7,8,9,10,11,12,13,14,15
2015-12-12,1.123838128978245,1.1031700887346216,1.0706496853130356,1.3793070986411495,1.257204762689844,0.919437684120094,1.2503868971920216,1.4984701401500584,1.0251109896251063,1.0057672630123202,1.0658357991470775,0.9314029022556778,0.7179212891707697,0.639540470272047,1.1533563147615704
2015-12-13,1.1730928342070426,1.1256855558181675,1.1398899398555946,1.3883141180578378,1.3437699697983478,0.8419482376116039,1.4190741413083112,1.6129351133143566,1.082760199311577,1.0566438170379948,1.0742279135983313,0.8946272746480727,0.6612286021684011,0.5967033835911003,1.2576106335549202
2015-12-14,1.2612827814632719,1.159584515380982,1.1925450243053521,1.4082812742477766,1.4200807052529465,0.791591026291333,1.6048592046664876,1.7581486574604495,1.1343785778909568,1.139241593103073,1.1616235387321363,0.8720396280957328,0.5842327292751347,0.6232115728884653,1.370595665379552
2015-12-15,1.2940392808848253,1.162372922042133,1.2418639935223696,1.4770231660068411,1.469674494016976,0.7114476506397758,1.7265867504174048,1.9022132760193937,1.1475880663253528,1.2230637843469634,1.2125884504581488,0.8509303593582127,0.53865443560191,0.6239259518791018,1.4326655491988343
2015-12-16,1.2648924651176021,1.1020628638525647,1.1459801478320752,1.353827203836397,1.457766713810412,0.5786507126191001,1.7454336753832616,1.9431060779440328,1.1161751130313173,1.241994339012385,1.2082989718306958,0.7826891698736865,0.4372289569103763,0.521919951076861,1.394900402978642
2015-12-17,1.195097598666125,0.9484816402943783,1.0226492957697817,1.0920689511716057,1.385592380231074,0.3984121057386005,1.7277754511599028,1.8724964419008348,1.0239320027420489,1.248351259418162,1.172706907365336,0.7684563126005771,0.2898740867969255,0.46532331074776834,1.3677032572339989
2015-12-18,1.0719122308864868,0.7839302044709965,0.8394297264092138,0.8156408258492228,1.2084196992829375,0.22004827749316247,1.6297701242731621,1.7197424426410648,0.8633499318689548,1.1355374834701135,1.1726157770210812,0.8191202722951415,0.15268570129816167,0.41664559047902877,1.2620621465361574
2015-12-19,0.9109436923669945,0.5957736625743102,0.6275266438664482,0.5628926748573009,0.9627509058984437,0.022090950813254247,1.4676942797757708,1.5096137302192625,0.6865613668387195,1.065656727281515,1.1273213004562392,0.7622747551203144,0.06767199386460218,0.39123189567418537,1.074790229501505
2015-12-20,0.7363319340477034,0.44217191504635284,0.3914586270794022,0.27902488778642076,0.6339510119690377,-0.12104863074245245,1.181132289542725,1.245823224903293,0.5255582871315706,1.002749720686074,0.9588262486527738,0.8471889593705925,-0.04691153194863063,0.3327586079762601,0.9240797364785672
2015-12-21,0.550987802372438,0.29364376744083776,0.1587104572131473,0.001125784808513944,0.187038824308636,-0.22838466482556996,0.8588280616157786,0.9318653515589121,0.4032747409315974,0.9187927250256905,0.7674215078402005,0.9444834168580287,-0.1658420296876607,0.14296397121596527,0.7292574769799292
2015-12-22,0.3133090891410571,0.1315392069500913,-0.13525109241569613,-0.24147756904315482,-0.205956118835283,-0.27835932487009146,0.4355769864947003,0.5926241072009627,0.17223856277690694,0.7419243920149983,0.6299750975629347,0.9959633379898343,-0.3478590368188417,-0.07428579839235819,0.5332458844078986
2015-12-23,-0.016990582979426884,-0.08164751558366616,-0.3985305671585301,-0.46515183869681176,-0.6099896927891775,-0.33361201509145344,-0.04381012334719401,0.16722212355601426,-0.10378905090712524,0.5917680688444367,0.3691684809487211,0.9628661574283915,-0.5219997953406182,-0.36732273283041655,0.3422784955007718
2015-12-24,-0.347734671373716,-0.25235846234513043,-0.7263556988331683,-0.746866062875486,-1.0057041807553226,-0.36672577097269654,-0.4250736331189967,-0.21930557371782125,-0.37046283466535745,0.4489694221885315,0.08700897127798486,0.9032205604402975,-0.7561788006251152,-0.6674175614944007,0.10989834826211002
2015-12-25,-0.7091727437862059,-0.3201089173639774,-1.0031154158638516,-0.932917744575643,-1.352425585078264,-0.4607728013566772,-0.7774220776843588,-0.5433440915366635,-0.5992347504062928,0.38854034143803534,-0.2798459488179484,0.8923982542910117,-0.8861897806023908,-0.7888345032179296,-0.09950009739404357
2015-12-26,-1.0250278973384959,-0.3567374551635484,-1.2573416897197216,-0.9380636443702671,-1.6235445742982935,-0.5988349372725289,-1.0809668195748898,-0.7476268276412893,-0.7316757576994585,0.38470336648680903,-0.6268379570331195,0.7818320465607544,-0.8212012714007513,-0.8913134886708745,-0.338824064820113
2015-12-27,-1.2943282715542606,-0.4434807977655746,-1.402941450999372,-0.8345780504848956,-1.808347574206756,-0.7032222634529164,-1.3606357590817544,-0.9098502250446114,-0.8037040197328695,0.38894151491296663,-0.8807406343924907,0.7006517218805548,-0.7471684092611205,-0.9513811013631005,-0.5119336930662004
2015-12-28,-1.4968501178351858,-0.5955012830176142,-1.4743745750810433,-0.7468748188432914,-1.942649850003511,-0.6721058992859035,-1.488928670414334,-1.0367248422313065,-0.8364673302142015,0.3405011813179938,-1.0680262453281695,0.6471290017771899,-0.787203135447811,-1.0365050174207002,-0.7125192306381808
2015-12-29,-1.6197630403198866,-0.7901689143464371,-1.4197304877468695,-0.6474988260775733,-1.9421008436576663,-0.5807990757944904,-1.5141155734968013,-1.1968997069767868,-0.8689827063589483,0.25323093606656627,-1.1187998907335213,0.450231640088281,-0.8558044592367064,-1.1171093065885869,-0.9505232856245275
2015-12-30,-1.736350050036819,-1.025174739894085,-1.3508153150830668,-0.5686775626778369,-1.9179238002076218,-0.4981558628321901,-1.5214172937796686,-1.3968090025239923,-0.8702329262118021,0.09116574884539123,-1.144923972571675,0.17666009801415128,-0.924985917675011,-1.164714712698317,-1.2077849641991438
2015-12-31,-1.7788255448683443,-1.194076942824859,-1.2254869253922767,-0.4728170940580779,-1.9234729017621384,-0.42820414424663933,-1.4352229903334954,-1.598331405844318,-0.7850277797484673,-0.1082003589184751,-1.1932837007937047,-0.15172029751938199,-0.9333753738990934,-1.2321059149012545,-1.5205550539539539
2016-01-01,-1.7011661276282821,-1.2993485188224831,-0.9849508156430565,-0.3267375490771976,-1.917808836177214,-0.33858926200464595,-1.2415926087613147,-1.7056894553187587,-0.6744556086119562,-0.3027343581020709,-1.2275846708119302,-0.35668545104938804,-0.9260742857190926,-1.1841704752595508,-1.7944962325578737
2016-01-02,-1.5604081240842567,-1.5024822322977291,-0.6411659391480327,-0.1378658758682821,-1.9129968628394507,-0.2389621736661919,-1.1738578183656325,-1.883731121661373,-0.5609548431891865,-0.578454581060373,-1.3612302202827207,-0.6289483721503302,-0.8824118698929917,-1.1323283959809451,-1.9877434325098857
2016-01-03,-1.3760082361550428,-1.782467538424609,-0.21937406644638366,0.09797455718575679,-1.894285512391987,-0.07566516929636131,-1.0911020822092958,-2.0368085046451125,-0.48597503738865044,-0.9345025957165168,-1.376128811639166,-0.9454168247401062,-0.9007125650865306,-1.1881687928081213,-2.1246466966645396
2016-01-04,-1.1913332794057345,-1.991347785732678,0.18646753293155205,0.2199693637549873,-1.9129291197630869,0.13892266764299877,-1.0622890274828642,-2.2621799225846844,-0.5127904996009681,-1.2783309121380688,-1.380856859775556,-1.1943704797851034,-1.049246416591269,-1.321486018228714,-2.2113425469501187
2016-01-05,-0.9611221967455553,-2.085627697971324,0.5120542534610272,0.15925339641745664,-1.8316137052295556,0.29169117370720354,-1.0207125186888018,-2.4400480161531,-0.6163259931320234,-1.558048579648961,-1.4314216395977237,-1.4752615374126794,-1.2029251569672899,-1.4366597229001534,-2.3388201654050476
2016-01-06,-0.8183688313341532,-2.0408703887231203,0.7082673703408111,0.045323924238859996,-1.741123654669634,0.2986268643866789,-1.0671806254313436,-2.5214170414841597,-0.8442569486748983,-1.7930652084796939,-1.5444968763939215,-1.770199461116648,-1.370618461279223,-1.5054590991557066,-2.382113401360158
2016-01-07,-0.8099868813305181,-2.0434152437275652,0.7595085080765296,-0.03586293846419999,-1.6580363254098327,0.24705797082214173,-1.1432138777576428,-2.4548846223320413,-1.0909600976549578,-1.9538034443842107,-1.595283148181846,-2.0667893110843907,-1.4248700335209286,-1.5813846074036833,-2.3609771366255337
2016-01-08,-0.8811803657449849,-1.9857251332527581,0.7318296280422604,-0.06559027999293977,-1.5109653144076802,0.1939244774205834,-1.2621250486984854,-2.264866494174153,-1.34252899387356,-2.0389863332388694,-1.7077345726089188,-2.3087404790277906,-1.3445559957009232,-1.5745526407058354,-2.2747071166105544
2016-01-09,-1.0396292599406736,-1.9829018004569572,0.7392396379360701,-0.08781371917870763,-1.2289354187596249,0.15358147100557237,-1.4429619991264864,-2.088549052133227,-1.5879129118523172,-2.053476836855808,-1.9140161230328157,-2.4402083540308777,-1.226963631834435,-1.5324747685625135,-2.0698249885143007
2016-01-10,-1.2000116654981283,-1.9284422332991065,0.6728072836534733,-0.15073068926256833,-0.8534513354115529,0.065100685892943,-1.6807374431635806,-1.8963753822125435,-1.7602989887920997,-2.0464029022623333,-1.9717148387028758,-2.5326643986351636,-1.0961885878469457,-1.4906491580541525,-1.8106066934378775
2016-01-11,-1.3320075999531777,-1.802625310447389,0.48859912396162986,-0.22377777978295352,-0.5270269987971523,-0.10398792535758478,-1.790390143264174,-1.7122540443197733,-1.8760626038096642,-1.9398558813052929,-1.9394127704310888,-2.5644322395729056,-0.9141163798814621,-1.3989197444190877,-1.611494576932947
2016-01-12,-1.3869895801004384,-1.574364645965621,0.2812545609732081,-0.3428128440864646,-0.26056961145345636,-0.3097083332383776,-1.7515743480859665,-1.5694917921606686,-1.9082677030765887,-1.7796732736178913,-1.9049576602168574,-2.5289058973530794,-0.6755693168966502,-1.2626235995899089,-1.355558653071944
2016-01-13,-1.3799243374538228,-1.335362421125498,0.08790476751179856,-0.35693149388575474,-0.08720442716497112,-0.5255934417715427,-1.6017650255233156,-1.3090071433647743,-1.8300235822681288,-1.6077047373349482,-1.8695061282278802,-2.5070914741220784,-0.3242396771524163,-1.1436332620283145,-0.9954969526164282
2016-01-14,-1.4488518209638228,-1.182381805734386,-0.057186831795205964,-0.24717129029994264,-0.03712258644577359,-0.6465277468922909,-1.4293019757863081,-1.0542086172461609,-1.6588589007998917,-1.493531184340758,-1.88974438206654,-2.4272438782630523,-0.00233184566313353,-1.0620901332446189,-0.48285558449620236
2016-01-15,-1.501277171659387,-1.101414249261388,-0.05607033109437044,-0.06241273523054225,0.03950785996109968,-0.7204397353442145,-1.252088015954761,-0.8763672534486094,-1.3746616676319428,-1.4898823511692707,-1.8853569750468937,-2.31594659882391,0.38878026615578604,-0.9927347940443483,0.018459303633402934
2016-01-16,-1.471879856445753,-0.9430324525738097,0.0310323248665542,0.1459753003843826,0.14296116360138483,-0.7858999147388107,-1.0797455780793184,-0.7789704929892043,-1.153876510888779,-1.576552717823035,-1.9129331207389206,-2.1309460356882655,0.679718993667821,-0.9216469429980492,0.5000098867607156
2016-01-17,-1.3454090670311956,-0.7916682805464851,0.17083762085770918,0.3333139877443617,0.18674749836429383,-0.8566926306875274,-0.9484710169654121,-0.6573812150693354,-0.8722128945409477,-1.6779531292697665,-1.8579143653989336,-1.902698385682443,0.8307710060263696,-0.8552067578950397,1.0497529881309628
2016-01-18,-1.0888011899584469,-0.6447801890851058,0.2584915756163852,0.5431869979526237,0.11227694817570211,-0.9579935946299434,-0.778809810186602,-0.5020673265662549,-0.5883887914402769,-1.7690440875075628,-1.7489462613414086,-1.6758004958397088,0.8974988665964154,-0.7319900615520796,1.482364112252419
2016-01-19,-0.8488730453045481,-0.4421730347199709,0.2928315936133865,0.7269868132253239,-0.044388353554505565,-0.9398690430090119,-0.504378827284814,-0.2808759050016891,-0.349205162277833,-1.8780073675365678,-1.7303587948653323,-1.4569174660907844,1.0002535358116023,-0.6985452395842382,1.7275981505420488
2016-01-20,-0.6348215403708792,-0.20000406877406898,0.2829817741161749,0.8698407850167714,-0.21536867844885157,-0.7426867959470262,-0.19741117688150878,0.007887590039528814,-0.1577219187516616,-2.0619660033898133,-1.6338526270291815,-1.2725207165580361,1.083476395869792,-0.6730898827668752,1.9461330420310679
2016-01-21,-0.49511103794751377,0.05304316589831757,0.31502953034982395,0.9982225193334674,-0.3591395212901432,-0.5058902408876306,-0.03654998553742148,0.2473890838278998,0.016349326033153425,-2.268325140679141,-1.5074800958935919,-1.1097813684982523,1.103697891196414,-0.6587797835595723,2.027357248483801
2016-01-22,-0.43711754413702747,0.3325873913940503,0.3986904512077823,1.0984210347185408,-0.3489932764834668,-0.27078608572080287,-0.012306936039670788,0.40974399468446177,0.19887109233101946,-2.4845727112325258,-1.3526293862277783,-1.0092901545988642,1.093447935897018,-0.5475781178413643,1.925403453644866
2016-01-23,-0.3129933208024422,0.6516010910704234,0.4867617533082742,1.2133105625436753,-0.3520627797132686,-0.049964556933554796,0.05917576263993932,0.5327471782710732,0.3551852868980036,-2.5866182296456186,-1.170143216270791,-0.9433874731331018,1.141456838033144,-0.4292711617558913,1.8192058063045657
2016-01-24,-0.11788270234205943,1.013308359957573,0.5848756140405729,1.2566410348710533,-0.3557885806842707,0.17718333847392645,0.15108748079944034,0.6488969471407913,0.47043433453173483,-2.552536766233863,-0.9793564338004095,-0.8415657038798177,1.1581985822519183,-0.30162834807051386,1.7024604697930885
2016-01-25,0.03375761902413811,1.3125108289796554,0.7189484094467646,1.2668453340339254,-0.346736925689335,0.38546405696173175,0.2005942986403964,0.7739827106037025,0.6331906086271112,-2.4320719710848784,-0.808947472648381,-0.7213486123147985,1.2267165001067324,-0.1263555281626785,1.5200555044757103
2016-01-26,0.13202028883888747,1.573770580154793,0.8272334874280427,1.2889385112415093,-0.25600219747765196,0.526799707329754,0.324666496202695,0.8093981908175093,0.7528312836042009,-2.294616994491371,-0.6702783870276332,-0.5861515264464547,1.4025170516746825,0.08531381963526753,1.2214445539701564
2016-01-27,0.22200230475693575,1.8343175370164981,0.863517248436094,1.2606260058746852,-0.13785144851918493,0.7148616045393318,0.4786405499906422,0.809256241618634,0.8620405685882307,-2.108059460534041,-0.48819103206950815,-0.4201788309600936,1.5867318528416388,0.29245499457750307,0.9808219304588598
2016-01-28,0.35018553076243886,2.0294646093484867,0.9393323658351879,1.1798816710973319,0.022844211824796238,0.8207215574665743,0.5742224423013056,0.7231985676068099,0.9725369731126987,-1.8109170124675777,-0.32289220841955535,-0.22522862153390005,1.6702937485432425,0.5359755811600626,0.8577893390320017
2016-01-29,0.5111838612606657,2.155415654738708,1.0518194415375022,1.0006056795392553,0.19511347791422856,0.7753402394353189,0.5519843121539819,0.609258436071426,1.0942699102634428,-1.4759979233963723,-0.14838229774479222,-0.005944360207731115,1.6675091839871352,0.72718593995804,0.8090902240339817
2016-01-30,0.6983561977105042,2.175301601885039,1.0995406532231844,0.7786064614598549,0.3758259606495017,0.639505888587257,0.5494418076516109,0.6646324246049777,1.193202348899191,-1.134908531969165,-0.03662534290337022,0.19198037799158776,1.645206729436374,0.9110014154898286,0.7610356515958284
2016-01-31,0.9617151659895371,2.089648472298709,1.0981462717682051,0.44575696620216904,0.5027221997580525,0.48847211397555057,0.595259691730915,0.7071041321012044,1.215668177636325,-0.8155443394900991,0.05408467542808164,0.4302725406149485,1.5992866988712218,1.1067397691356597,0.7189395129825882
2016-02-01,1.2261217254275085,1.9951895089132141,1.1304758335333536,0.033835021482385,0.6513418872377669,0.29462916958489116,0.4919424959264704,0.7097221911558834,1.2356901978781505,-0.5881453898361808,0.18655017570908392,0.688586710462694,1.4611080718018463,1.261496096033442,0.5864356342194373
2016-02-02,1.4745155079511922,1.8503712604190035,1.1549788083340176,-0.3106954844824225,0.7738131820865862,0.13684255266895162,0.3344139342954494,0.6902511094287388,1.2163993414268996,-0.39598545286894593,0.43449707389876685,0.9731643877557224,1.3015162991663756,1.3389131534791627,0.4460672029597603
2016-02-03,1.7056052471104428,1.7862230165425583,1.1573462072909353,-0.6388176148289495,0.7388419745758806,-0.07796451732614339,0.20216364219349292,0.7177009803684636,1.2426558365761005,-0.20812585634886377,0.7852047505744983,1.278116071407299,1.1091492666779315,1.3782582147493547,0.4074903173162432
2016-02-04,1.8892596800130503,1.705686056707446,1.1530331835306569,-0.9958257885770367,0.5903329091781762,-0.16440531526641647,0.02924752213103735,0.7945959677045255,1.3367612887209712,-0.006447326966630969,1.1810644389546385,1.6040893160741534,0.8012490678619573,1.3114507179538106,0.415527724587663
2016-02-05,1.6868867578470437,1.704606482720157,1.2304656859722238,-0.861498369883893,0.5984832327795627,-0.101315758969703,0.0675656466295193,0.791919039277427,1.3651690130729859,-0.05163721401961777,1.1475531314325929,1.5460740169128484,0.8760253356957882,1.3015608603995137,0.32149449931095747
2016-02-06,1.9799964430235661,1.5807543012451009,1.1574515424248342,-1.3192272685232982,0.49998219602243404,-0.2953548562136874,-0.10393019174065812,0.9091192679809731,1.309874550782903,0.22059880157991998,1.3967526709806668,1.849759177456263,0.5624106065207657,1.316672723492742,0.2738564421246356
2016-02-07,2.1299822033504956,1.3595234944118004,1.2447061432120623,-1.7564934073496359,0.3455324988633563,-0.5372690593408014,-0.3575966678316192,1.1590949895990266,1.1860016193902385,0.22453530479864564,1.6855067639221335,1.9986681056418418,0.2947016489628305,1.2112840496261317,0.24415680221747807
2016-02-08,2.1166096854035783,1.2496917641612098,1.5577310665012776,-1.9342577112339747,0.19008078999089698,-0.5970653997118659,-0.6000582001378779,1.0628377183713524,1.0363551522652188,0.16213193005086501,2.1522394636663917,2.192402227582389,0.024289257666544953,0.9621846396026418,0.40883006710329384
2016-02-09,1.8134032811503273,1.3274447146546549,1.9373777902280633,-1.8342773453727137,-0.20995091446934172,-0.5146036284703818,-0.7845322374328039,1.209322160910729,1.3222440476563564,0.10108342955611786,2.831271671484862,2.4329677513172348,-0.34815626386889653,0.6211545534812005,0.7335432787055112
2016-02-10,1.641684518469751,1.2308676816033266,1.8327990480566791,-1.8894760281852003,-0.33084766857810505,-0.18988532205683795,-0.9521281552593053,1.3162337296393662,1.7911013924092762,0.16927498008799222,3.0215290941687694,2.520876841924821,-0.6229687751238147,0.364301013685833,0.755873630043709
