,1,2,3,4,5,6,7,8,9,10,11,12,13,14,15
1989-10-19,-0.5584324565670389,-0.5584324565670389,-0.5584324565670389,-0.5584324565670389,-0.5584324565670389,-0.5584324565670389,-0.5584324565670389,-0.5584324565670389,-0.5584324565670389,-0.5584324565670389,-0.5584324565670389,-0.5584324565670389,-0.5584324565670389,-0.5584324565670389,-0.5584324565670389
1989-10-20,-0.2828454943989876,-0.2828454943989876,-0.2828454943989876,-0.2828454943989876,-0.2828454943989876,-0.2828454943989876,-0.2828454943989876,-0.2828454943989876,-0.2828454943989876,-0.2828454943989876,-0.2828454943989876,-0.2828454943989876,-0.2828454943989876,-0.2828454943989876,-0.2828454943989876
1989-10-21,-0.26041797835947017,-0.26041797835947017,-0.26041797835947017,-0.26041797835947017,-0.26041797835947017,-0.26041797835947017,-0.26041797835947017,-0.26041797835947017,-0.26041797835947017,-0.26041797835947017,-0.26041797835947017,-0.26041797835947017,-0.26041797835947017,-0.26041797835947017,-0.26041797835947017
1989-10-22,-0.49120871620753603,-0.49120871620753603,-0.49120871620753603,-0.49120871620753603,-0.49120871620753603,-0.49120871620753603,-0.49120871620753603,-0.49120871620753603,-0.49120871620753603,-0.49120871620753603,-0.49120871620753603,-0.49120871620753603,-0.49120871620753603,-0.49120871620753603,-0.49120871620753603
1989-10-23,-0.40781603592074944,-0.40781603592074944,-0.40781603592074944,-0.40781603592074944,-0.40781603592074944,-0.40781603592074944,-0.40781603592074944,-0.40781603592074944,-0.40781603592074944,-0.40781603592074944,-0.40781603592074944,-0.40781603592074944,-0.40781603592074944,-0.40781603592074944,-0.40781603592074944
1989-10-24,0.0013353234428644747,0.0013353234428644747,0.0013353234428644747,0.0013353234428644747,0.0013353234428644747,0.0013353234428644747,0.0013353234428644747,0.0013353234428644747,0.0013353234428644747,0.0013353234428644747,0.0013353234428644747,0.0013353234428644747,0.0013353234428644747,0.0013353234428644747,0.0013353234428644747
1989-10-25,0.4629184023873115,0.4629184023873115,0.4629184023873115,0.4629184023873115,0.4629184023873115,0.4629184023873115,0.4629184023873115,0.4629184023873115,0.4629184023873115,0.4629184023873115,0.4629184023873115,0.4629184023873115,0.4629184023873115,0.4629184023873115,0.4629184023873115
1989-10-26,0.8474522250547207,0.8474522250547207,0.8474522250547207,0.8474522250547207,0.8474522250547207,0.8474522250547207,0.8474522250547207,0.8474522250547207,0.8474522250547207,0.8474522250547207,0.8474522250547207,0.8474522250547207,0.8474522250547207,0.8474522250547207,0.8474522250547207
1989-10-27,1.294159398832822,1.294159398832822,1.294159398832822,1.294159398832822,1.294159398832822,1.294159398832822,1.294159398832822,1.294159398832822,1.294159398832822,1.294159398832822,1.294159398832822,1.294159398832822,1.294159398832822,1.294159398832822,1.294159398832822
1989-10-28,1.3451730067259695,1.3451730067259695,1.3451730067259695,1.3451730067259695,1.3451730067259695,1.3451730067259695,1.3451730067259695,1.3451730067259695,1.3451730067259695,1.3451730067259695,1.3451730067259695,1.3451730067259695,1.3451730067259695,1.3451730067259695,1.3451730067259695
1989-10-29,1.2860437760573429,1.2860437760573429,1.2860437760573429,1.2860437760573429,1.2860437760573429,1.2860437760573429,1.2860437760573429,1.2860437760573429,1.2860437760573429,1.2860437760573429,1.2860437760573429,1.2860437760573429,1.2860437760573429,1.2860437760573429,1.2860437760573429
1989-10-30,1.0717708647098856,1.0717708647098856,1.0717708647098856,1.0717708647098856,1.0717708647098856,1.0717708647098856,1.0717708647098856,1.0717708647098856,1.0717708647098856,1.0717708647098856,1.0717708647098856,1.0717708647098856,1.0717708647098856,1.0717708647098856,1.0717708647098856
1989-10-31,0.7953001299335543,0.7953001299335543,0.7953001299335543,0.7953001299335543,0.7953001299335543,0.7953001299335543,0.7953001299335543,0.7953001299335543,0.7953001299335543,0.7953001299335543,0.7953001299335543,0.7953001299335543,0.7953001299335543,0.7953001299335543,0.7953001299335543
1989-11-01,0.4525673248701223,0.4525673248701223,0.4525673248701223,0.4525673248701223,0.4525673248701223,0.4525673248701223,0.4525673248701223,0.4525673248701223,0.4525673248701223,0.4525673248701223,0.4525673248701223,0.4525673248701223,0.4525673248701223,0.4525673248701223,0.4525673248701223
1989-11-02,0.32284897756865316,0.32284897756865316,0.32284897756865316,0.32284897756865316,0.32284897756865316,0.32284897756865316,0.32284897756865316,0.32284897756865316,0.32284897756865316,0.32284897756865316,0.32284897756865316,0.32284897756865316,0.32284897756865316,0.32284897756865316,0.32284897756865316
1989-11-03,0.3145759881743363,0.3145759881743363,0.3145759881743363,0.3145759881743363,0.3145759881743363,0.3145759881743363,0.3145759881743363,0.3145759881743363,0.3145759881743363,0.3145759881743363,0.3145759881743363,0.3145759881743363,0.3145759881743363,0.3145759881743363,0.3145759881743363
1989-11-04,0.42777301899838455,0.42777301899838455,0.42777301899838455,0.42777301899838455,0.42777301899838455,0.42777301899838455,0.42777301899838455,0.42777301899838455,0.42777301899838455,0.42777301899838455,0.42777301899838455,0.42777301899838455,0.42777301899838455,0.42777301899838455,0.42777301899838455
1989-11-05,0.34504600030605753,0.34504600030605753,0.34504600030605753,0.34504600030605753,0.34504600030605753,0.34504600030605753,0.34504600030605753,0.34504600030605753,0.34504600030605753,0.34504600030605753,0.34504600030605753,0.34504600030605753,0.34504600030605753,0.34504600030605753,0.34504600030605753
1989-11-06,0.2547095019541364,0.2547095019541364,0.2547095019541364,0.2547095019541364,0.2547095019541364,0.2547095019541364,0.2547095019541364,0.2547095019541364,0.2547095019541364,0.2547095019541364,0.2547095019541364,0.2547095019541364,0.2547095019541364,0.2547095019541364,0.2547095019541364
1989-11-07,0.12441472363470286,0.12441472363470286,0.12441472363470286,0.12441472363470286,0.12441472363470286,0.12441472363470286,0.12441472363470286,0.12441472363470286,0.12441472363470286,0.12441472363470286,0.12441472363470286,0.12441472363470286,0.12441472363470286,0.12441472363470286,0.12441472363470286
1989-11-08,0.021692796371206233,0.021692796371206233,0.021692796371206233,0.021692796371206233,0.021692796371206233,0.021692796371206233,0.021692796371206233,0.021692796371206233,0.021692796371206233,0.021692796371206233,0.021692796371206233,0.021692796371206233,0.021692796371206233,0.021692796371206233,0.021692796371206233
1989-11-09,0.022370580892265388,0.022370580892265388,0.022370580892265388,0.022370580892265388,0.022370580892265388,0.022370580892265388,0.022370580892265388,0.022370580892265388,0.022370580892265388,0.022370580892265388,0.022370580892265388,0.022370580892265388,0.022370580892265388,0.022370580892265388,0.022370580892265388
1989-11-10,-0.3186675889248031,-0.3186675889248031,-0.3186675889248031,-0.3186675889248031,-0.3186675889248031,-0.3186675889248031,-0.3186675889248031,-0.3186675889248031,-0.3186675889248031,-0.3186675889248031,-0.3186675889248031,-0.3186675889248031,-0.3186675889248031,-0.3186675889248031,-0.3186675889248031
1989-11-11,-0.41127504987658237,-0.41127504987658237,-0.41127504987658237,-0.41127504987658237,-0.41127504987658237,-0.41127504987658237,-0.41127504987658237,-0.41127504987658237,-0.41127504987658237,-0.41127504987658237,-0.41127504987658237,-0.41127504987658237,-0.41127504987658237,-0.41127504987658237,-0.41127504987658237
1989-11-12,-0.6597854442955104,-0.6597854442955104,-0.6597854442955104,-0.6597854442955104,-0.6597854442955104,-0.6597854442955104,-0.6597854442955104,-0.6597854442955104,-0.6597854442955104,-0.6597854442955104,-0.6597854442955104,-0.6597854442955104,-0.6597854442955104,-0.6597854442955104,-0.6597854442955104
1989-11-13,-0.3326451852981203,-0.3326451852981203,-0.3326451852981203,-0.3326451852981203,-0.3326451852981203,-0.3326451852981203,-0.3326451852981203,-0.3326451852981203,-0.3326451852981203,-0.3326451852981203,-0.3326451852981203,-0.3326451852981203,-0.3326451852981203,-0.3326451852981203,-0.3326451852981203
1989-11-14,-0.4229433933682414,-0.4229433933682414,-0.4229433933682414,-0.4229433933682414,-0.4229433933682414,-0.4229433933682414,-0.4229433933682414,-0.4229433933682414,-0.4229433933682414,-0.4229433933682414,-0.4229433933682414,-0.4229433933682414,-0.4229433933682414,-0.4229433933682414,-0.4229433933682414
1989-11-15,-0.1557663000422917,-0.1557663000422917,-0.1557663000422917,-0.1557663000422917,-0.1557663000422917,-0.1557663000422917,-0.1557663000422917,-0.1557663000422917,-0.1557663000422917,-0.1557663000422917,-0.1557663000422917,-0.1557663000422917,-0.1557663000422917,-0.1557663000422917,-0.1557663000422917
1989-11-16,0.08212269155641039,0.08212269155641039,0.08212269155641039,0.08212269155641039,0.08212269155641039,0.08212269155641039,0.08212269155641039,0.08212269155641039,0.08212269155641039,0.08212269155641039,0.08212269155641039,0.08212269155641039,0.08212269155641039,0.08212269155641039,0.08212269155641039
1989-11-17,0.34421511352568246,0.34421511352568246,0.34421511352568246,0.34421511352568246,0.34421511352568246,0.34421511352568246,0.34421511352568246,0.34421511352568246,0.34421511352568246,0.34421511352568246,0.34421511352568246,0.34421511352568246,0.34421511352568246,0.34421511352568246,0.34421511352568246
1989-11-18,0.24378516161503594,0.24378516161503594,0.24378516161503594,0.24378516161503594,0.24378516161503594,0.24378516161503594,0.24378516161503594,0.24378516161503594,0.24378516161503594,0.24378516161503594,0.24378516161503594,0.24378516161503594,0.24378516161503594,0.24378516161503594,0.24378516161503594
1989-11-19,0.5433285088369847,0.5433285088369847,0.5433285088369847,0.5433285088369847,0.5433285088369847,0.5433285088369847,0.5433285088369847,0.5433285088369847,0.5433285088369847,0.5433285088369847,0.5433285088369847,0.5433285088369847,0.5433285088369847,0.5433285088369847,0.5433285088369847
1989-11-20,0.6958567388926006,0.6958567388926006,0.6958567388926006,0.6958567388926006,0.6958567388926006,0.6958567388926006,0.6958567388926006,0.6958567388926006,0.6958567388926006,0.6958567388926006,0.6958567388926006,0.6958567388926006,0.6958567388926006,0.6958567388926006,0.6958567388926006
1989-11-21,0.8036908606646727,0.8036908606646727,0.8036908606646727,0.8036908606646727,0.8036908606646727,0.8036908606646727,0.8036908606646727,0.8036908606646727,0.8036908606646727,0.8036908606646727,0.8036908606646727,0.8036908606646727,0.8036908606646727,0.8036908606646727,0.8036908606646727
1989-11-22,1.173115945858745,1.173115945858745,1.173115945858745,1.173115945858745,1.173115945858745,1.173115945858745,1.173115945858745,1.173115945858745,1.173115945858745,1.173115945858745,1.173115945858745,1.173115945858745,1.173115945858745,1.173115945858745,1.173115945858745
1989-11-23,1.496818197103141,1.496818197103141,1.496818197103141,1.496818197103141,1.496818197103141,1.496818197103141,1.496818197103141,1.496818197103141,1.496818197103141,1.496818197103141,1.496818197103141,1.496818197103141,1.496818197103141,1.496818197103141,1.496818197103141
1989-11-24,1.3540332726802307,1.3540332726802307,1.3540332726802307,1.3540332726802307,1.3540332726802307,1.3540332726802307,1.3540332726802307,1.3540332726802307,1.3540332726802307,1.3540332726802307,1.3540332726802307,1.3540332726802307,1.3540332726802307,1.3540332726802307,1.3540332726802307
1989-11-25,1.2677089744690693,1.2677089744690693,1.2677089744690693,1.2677089744690693,1.2677089744690693,1.2677089744690693,1.2677089744690693,1.2677089744690693,1.2677089744690693,1.2677089744690693,1.2677089744690693,1.2677089744690693,1.2677089744690693,1.2677089744690693,1.2677089744690693
1989-11-26,1.3726451813624354,1.3726451813624354,1.3726451813624354,1.3726451813624354,1.3726451813624354,1.3726451813624354,1.3726451813624354,1.3726451813624354,1.3726451813624354,1.3726451813624354,1.3726451813624354,1.3726451813624354,1.3726451813624354,1.3726451813624354,1.3726451813624354
1989-11-27,1.7012085149985885,1.7012085149985885,1.7012085149985885,1.7012085149985885,1.7012085149985885,1.7012085149985885,1.7012085149985885,1.7012085149985885,1.7012085149985885,1.7012085149985885,1.7012085149985885,1.7012085149985885,1.7012085149985885,1.7012085149985885,1.7012085149985885
1989-11-28,1.6490207597110889,1.6490207597110889,1.6490207597110889,1.6490207597110889,1.6490207597110889,1.6490207597110889,1.6490207597110889,1.6490207597110889,1.6490207597110889,1.6490207597110889,1.6490207597110889,1.6490207597110889,1.6490207597110889,1.6490207597110889,1.6490207597110889
1989-11-29,1.310837322542168,1.310837322542168,1.310837322542168,1.310837322542168,1.310837322542168,1.310837322542168,1.310837322542168,1.310837322542168,1.310837322542168,1.310837322542168,1.310837322542168,1.310837322542168,1.310837322542168,1.310837322542168,1.310837322542168
1989-11-30,1.104311246371588,1.104311246371588,1.104311246371588,1.104311246371588,1.104311246371588,1.104311246371588,1.104311246371588,1.104311246371588,1.104311246371588,1.104311246371588,1.104311246371588,1.104311246371588,1.104311246371588,1.104311246371588,1.104311246371588
1989-12-01,0.8111840515070569,0.8111840515070569,0.8111840515070569,0.8111840515070569,0.8111840515070569,0.8111840515070569,0.8111840515070569,0.8111840515070569,0.8111840515070569,0.8111840515070569,0.8111840515070569,0.8111840515070569,0.8111840515070569,0.8111840515070569,0.8111840515070569
1989-12-02,0.6679900796910144,0.6679900796910144,0.6679900796910144,0.6679900796910144,0.6679900796910144,0.6679900796910144,0.6679900796910144,0.6679900796910144,0.6679900796910144,0.6679900796910144,0.6679900796910144,0.6679900796910144,0.6679900796910144,0.6679900796910144,0.6679900796910144
1989-12-03,0.6053401516974307,0.6053401516974307,0.6053401516974307,0.6053401516974307,0.6053401516974307,0.6053401516974307,0.6053401516974307,0.6053401516974307,0.6053401516974307,0.6053401516974307,0.6053401516974307,0.6053401516974307,0.6053401516974307,0.6053401516974307,0.6053401516974307
1989-12-04,0.5404173560170226,0.5404173560170226,0.5404173560170226,0.5404173560170226,0.5404173560170226,0.5404173560170226,0.5404173560170226,0.5404173560170226,0.5404173560170226,0.5404173560170226,0.5404173560170226,0.5404173560170226,0.5404173560170226,0.5404173560170226,0.5404173560170226
1989-12-05,0.5943845143281296,0.5943845143281296,0.5943845143281296,0.5943845143281296,0.5943845143281296,0.5943845143281296,0.5943845143281296,0.5943845143281296,0.5943845143281296,0.5943845143281296,0.5943845143281296,0.5943845143281296,0.5943845143281296,0.5943845143281296,0.5943845143281296
1989-12-06,0.6854991526750229,0.6854991526750229,0.6854991526750229,0.6854991526750229,0.6854991526750229,0.6854991526750229,0.6854991526750229,0.6854991526750229,0.6854991526750229,0.6854991526750229,0.6854991526750229,0.6854991526750229,0.6854991526750229,0.6854991526750229,0.6854991526750229
1989-12-07,0.6236968621681841,0.6236968621681841,0.6236968621681841,0.6236968621681841,0.6236968621681841,0.6236968621681841,0.6236968621681841,0.6236968621681841,0.6236968621681841,0.6236968621681841,0.6236968621681841,0.6236968621681841,0.6236968621681841,0.6236968621681841,0.6236968621681841
1989-12-08,0.4667515509359357,0.4667515509359357,0.4667515509359357,0.4667515509359357,0.4667515509359357,0.4667515509359357,0.4667515509359357,0.4667515509359357,0.4667515509359357,0.4667515509359357,0.4667515509359357,0.4667515509359357,0.4667515509359357,0.4667515509359357,0.4667515509359357
1989-12-09,0.24587711472243765,0.24587711472243765,0.24587711472243765,0.24587711472243765,0.24587711472243765,0.24587711472243765,0.24587711472243765,0.24587711472243765,0.24587711472243765,0.24587711472243765,0.24587711472243765,0.24587711472243765,0.24587711472243765,0.24587711472243765,0.24587711472243765
1989-12-10,0.29426002459836825,0.29426002459836825,0.29426002459836825,0.29426002459836825,0.29426002459836825,0.29426002459836825,0.29426002459836825,0.29426002459836825,0.29426002459836825,0.29426002459836825,0.29426002459836825,0.29426002459836825,0.29426002459836825,0.29426002459836825,0.29426002459836825
1989-12-11,-0.04833414497180884,-0.04833414497180884,-0.04833414497180884,-0.04833414497180884,-0.04833414497180884,-0.04833414497180884,-0.04833414497180884,-0.04833414497180884,-0.04833414497180884,-0.04833414497180884,-0.04833414497180884,-0.04833414497180884,-0.04833414497180884,-0.04833414497180884,-0.04833414497180884
1989-12-12,-0.18023139680500952,-0.18023139680500952,-0.18023139680500952,-0.18023139680500952,-0.18023139680500952,-0.18023139680500952,-0.18023139680500952,-0.18023139680500952,-0.18023139680500952,-0.18023139680500952,-0.18023139680500952,-0.18023139680500952,-0.18023139680500952,-0.18023139680500952,-0.18023139680500952
1989-12-13,0.05209995276480581,0.05209995276480581,0.05209995276480581,0.05209995276480581,0.05209995276480581,0.05209995276480581,0.05209995276480581,0.05209995276480581,0.05209995276480581,0.05209995276480581,0.05209995276480581,0.05209995276480581,0.05209995276480581,0.05209995276480581,0.05209995276480581
1989-12-14,0.17672248489862155,0.17672248489862155,0.17672248489862155,0.17672248489862155,0.17672248489862155,0.17672248489862155,0.17672248489862155,0.17672248489862155,0.17672248489862155,0.17672248489862155,0.17672248489862155,0.17672248489862155,0.17672248489862155,0.17672248489862155,0.17672248489862155
1989-12-15,0.2791967509931031,0.2791967509931031,0.2791967509931031,0.2791967509931031,0.2791967509931031,0.2791967509931031,0.2791967509931031,0.2791967509931031,0.2791967509931031,0.2791967509931031,0.2791967509931031,0.2791967509931031,0.2791967509931031,0.2791967509931031,0.2791967509931031
1989-12-16,0.18029236898841386,0.18029236898841386,0.18029236898841386,0.18029236898841386,0.18029236898841386,0.18029236898841386,0.18029236898841386,0.18029236898841386,0.18029236898841386,0.18029236898841386,0.18029236898841386,0.18029236898841386,0.18029236898841386,0.18029236898841386,0.18029236898841386
1989-12-17,-0.011808722604932246,-0.011808722604932246,-0.011808722604932246,-0.011808722604932246,-0.011808722604932246,-0.011808722604932246,-0.011808722604932246,-0.011808722604932246,-0.011808722604932246,-0.011808722604932246,-0.011808722604932246,-0.011808722604932246,-0.011808722604932246,-0.011808722604932246,-0.011808722604932246
1989-12-18,-0.1627687625447764,-0.1627687625447764,-0.1627687625447764,-0.1627687625447764,-0.1627687625447764,-0.1627687625447764,-0.1627687625447764,-0.1627687625447764,-0.1627687625447764,-0.1627687625447764,-0.1627687625447764,-0.1627687625447764,-0.1627687625447764,-0.1627687625447764,-0.1627687625447764
1989-12-19,-0.4680724213289028,-0.4680724213289028,-0.4680724213289028,-0.4680724213289028,-0.4680724213289028,-0.4680724213289028,-0.4680724213289028,-0.4680724213289028,-0.4680724213289028,-0.4680724213289028,-0.4680724213289028,-0.4680724213289028,-0.4680724213289028,-0.4680724213289028,-0.4680724213289028
1989-12-20,-0.753667856835466,-0.753667856835466,-0.753667856835466,-0.753667856835466,-0.753667856835466,-0.753667856835466,-0.753667856835466,-0.753667856835466,-0.753667856835466,-0.753667856835466,-0.753667856835466,-0.753667856835466,-0.753667856835466,-0.753667856835466,-0.753667856835466
1989-12-21,-1.2367619152034464,-1.2367619152034464,-1.2367619152034464,-1.2367619152034464,-1.2367619152034464,-1.2367619152034464,-1.2367619152034464,-1.2367619152034464,-1.2367619152034464,-1.2367619152034464,-1.2367619152034464,-1.2367619152034464,-1.2367619152034464,-1.2367619152034464,-1.2367619152034464
1989-12-22,-1.2517992384704222,-1.2517992384704222,-1.2517992384704222,-1.2517992384704222,-1.2517992384704222,-1.2517992384704222,-1.2517992384704222,-1.2517992384704222,-1.2517992384704222,-1.2517992384704222,-1.2517992384704222,-1.2517992384704222,-1.2517992384704222,-1.2517992384704222,-1.2517992384704222
1989-12-23,-1.5056087415588644,-1.5056087415588644,-1.5056087415588644,-1.5056087415588644,-1.5056087415588644,-1.5056087415588644,-1.5056087415588644,-1.5056087415588644,-1.5056087415588644,-1.5056087415588644,-1.5056087415588644,-1.5056087415588644,-1.5056087415588644,-1.5056087415588644,-1.5056087415588644
1989-12-24,-1.5056045223290135,-1.5056045223290135,-1.5056045223290135,-1.5056045223290135,-1.5056045223290135,-1.5056045223290135,-1.5056045223290135,-1.5056045223290135,-1.5056045223290135,-1.5056045223290135,-1.5056045223290135,-1.5056045223290135,-1.5056045223290135,-1.5056045223290135,-1.5056045223290135
1989-12-25,-2.059875058890204,-2.059875058890204,-2.059875058890204,-2.059875058890204,-2.059875058890204,-2.059875058890204,-2.059875058890204,-2.059875058890204,-2.059875058890204,-2.059875058890204,-2.059875058890204,-2.059875058890204,-2.059875058890204,-2.059875058890204,-2.059875058890204
1989-12-26,-2.14503453101525,-2.14503453101525,-2.14503453101525,-2.14503453101525,-2.14503453101525,-2.14503453101525,-2.14503453101525,-2.14503453101525,-2.14503453101525,-2.14503453101525,-2.14503453101525,-2.14503453101525,-2.14503453101525,-2.14503453101525,-2.14503453101525
1989-12-27,-2.178070389466195,-2.178070389466195,-2.178070389466195,-2.178070389466195,-2.178070389466195,-2.178070389466195,-2.178070389466195,-2.178070389466195,-2.178070389466195,-2.178070389466195,-2.178070389466195,-2.178070389466195,-2.178070389466195,-2.178070389466195,-2.178070389466195
1989-12-28,-2.3025638020182684,-2.3025638020182684,-2.3025638020182684,-2.3025638020182684,-2.3025638020182684,-2.3025638020182684,-2.3025638020182684,-2.3025638020182684,-2.3025638020182684,-2.3025638020182684,-2.3025638020182684,-2.3025638020182684,-2.3025638020182684,-2.3025638020182684,-2.3025638020182684
1989-12-29,-2.4130403835861864,-2.4130403835861864,-2.4130403835861864,-2.4130403835861864,-2.4130403835861864,-2.4130403835861864,-2.4130403835861864,-2.4130403835861864,-2.4130403835861864,-2.4130403835861864,-2.4130403835861864,-2.4130403835861864,-2.4130403835861864,-2.4130403835861864,-2.4130403835861864
1989-12-30,-2.206646755010146,-2.206646755010146,-2.206646755010146,-2.206646755010146,-2.206646755010146,-2.206646755010146,-2.206646755010146,-2.206646755010146,-2.206646755010146,-2.206646755010146,-2.206646755010146,-2.206646755010146,-2.206646755010146,-2.206646755010146,-2.206646755010146
1989-12-31,-2.495558208455419,-2.495558208455419,-2.495558208455419,-2.495558208455419,-2.495558208455419,-2.495558208455419,-2.495558208455419,-2.495558208455419,-2.495558208455419,-2.495558208455419,-2.495558208455419,-2.495558208455419,-2.495558208455419,-2.495558208455419,-2.495558208455419
1990-01-01,-2.4877010657834506,-2.4877010657834506,-2.4877010657834506,-2.4877010657834506,-2.4877010657834506,-2.4877010657834506,-2.4877010657834506,-2.4877010657834506,-2.4877010657834506,-2.4877010657834506,-2.4877010657834506,-2.4877010657834506,-2.4877010657834506,-2.4877010657834506,-2.4877010657834506
1990-01-02,-2.564263846027466,-2.564263846027466,-2.564263846027466,-2.564263846027466,-2.564263846027466,-2.564263846027466,-2.564263846027466,-2.564263846027466,-2.564263846027466,-2.564263846027466,-2.564263846027466,-2.564263846027466,-2.564263846027466,-2.564263846027466,-2.564263846027466
1990-01-03,-2.6727116217164038,-2.6727116217164038,-2.6727116217164038,-2.6727116217164038,-2.6727116217164038,-2.6727116217164038,-2.6727116217164038,-2.6727116217164038,-2.6727116217164038,-2.6727116217164038,-2.6727116217164038,-2.6727116217164038,-2.6727116217164038,-2.6727116217164038,-2.6727116217164038
1990-01-04,-2.479230765378061,-2.479230765378061,-2.479230765378061,-2.479230765378061,-2.479230765378061,-2.479230765378061,-2.479230765378061,-2.479230765378061,-2.479230765378061,-2.479230765378061,-2.479230765378061,-2.479230765378061,-2.479230765378061,-2.479230765378061,-2.479230765378061
1990-01-05,-2.4664811319248017,-2.4664811319248017,-2.4664811319248017,-2.4664811319248017,-2.4664811319248017,-2.4664811319248017,-2.4664811319248017,-2.4664811319248017,-2.4664811319248017,-2.4664811319248017,-2.4664811319248017,-2.4664811319248017,-2.4664811319248017,-2.4664811319248017,-2.4664811319248017
1990-01-06,-2.252394379764029,-2.252394379764029,-2.252394379764029,-2.252394379764029,-2.252394379764029,-2.252394379764029,-2.252394379764029,-2.252394379764029,-2.252394379764029,-2.252394379764029,-2.252394379764029,-2.252394379764029,-2.252394379764029,-2.252394379764029,-2.252394379764029
1990-01-07,-1.9535628067172948,-1.9535628067172948,-1.9535628067172948,-1.9535628067172948,-1.9535628067172948,-1.9535628067172948,-1.9535628067172948,-1.9535628067172948,-1.9535628067172948,-1.9535628067172948,-1.9535628067172948,-1.9535628067172948,-1.9535628067172948,-1.9535628067172948,-1.9535628067172948
1990-01-08,-1.897743510522185,-1.897743510522185,-1.897743510522185,-1.897743510522185,-1.897743510522185,-1.897743510522185,-1.897743510522185,-1.897743510522185,-1.897743510522185,-1.897743510522185,-1.897743510522185,-1.897743510522185,-1.897743510522185,-1.897743510522185,-1.897743510522185
1990-01-09,-1.6270405968048411,-1.6270405968048411,-1.6270405968048411,-1.6270405968048411,-1.6270405968048411,-1.6270405968048411,-1.6270405968048411,-1.6270405968048411,-1.6270405968048411,-1.6270405968048411,-1.6270405968048411,-1.6270405968048411,-1.6270405968048411,-1.6270405968048411,-1.6270405968048411
1990-01-10,-1.7541237542480521,-1.7541237542480521,-1.7541237542480521,-1.7541237542480521,-1.7541237542480521,-1.7541237542480521,-1.7541237542480521,-1.7541237542480521,-1.7541237542480521,-1.7541237542480521,-1.7541237542480521,-1.7541237542480521,-1.7541237542480521,-1.7541237542480521,-1.7541237542480521
1990-01-11,-1.9154871172999823,-1.9154871172999823,-1.9154871172999823,-1.9154871172999823,-1.9154871172999823,-1.9154871172999823,-1.9154871172999823,-1.9154871172999823,-1.9154871172999823,-1.9154871172999823,-1.9154871172999823,-1.9154871172999823,-1.9154871172999823,-1.9154871172999823,-1.9154871172999823
1990-01-12,-1.8937250516948831,-1.8937250516948831,-1.8937250516948831,-1.8937250516948831,-1.8937250516948831,-1.8937250516948831,-1.8937250516948831,-1.8937250516948831,-1.8937250516948831,-1.8937250516948831,-1.8937250516948831,-1.8937250516948831,-1.8937250516948831,-1.8937250516948831,-1.8937250516948831
1990-01-13,-1.782925555197542,-1.782925555197542,-1.782925555197542,-1.782925555197542,-1.782925555197542,-1.782925555197542,-1.782925555197542,-1.782925555197542,-1.782925555197542,-1.782925555197542,-1.782925555197542,-1.782925555197542,-1.782925555197542,-1.782925555197542,-1.782925555197542
1990-01-14,-1.5347214789977948,-1.5347214789977948,-1.5347214789977948,-1.5347214789977948,-1.5347214789977948,-1.5347214789977948,-1.5347214789977948,-1.5347214789977948,-1.5347214789977948,-1.5347214789977948,-1.5347214789977948,-1.5347214789977948,-1.5347214789977948,-1.5347214789977948,-1.5347214789977948
1990-01-15,-1.0234053244967858,-1.0234053244967858,-1.0234053244967858,-1.0234053244967858,-1.0234053244967858,-1.0234053244967858,-1.0234053244967858,-1.0234053244967858,-1.0234053244967858,-1.0234053244967858,-1.0234053244967858,-1.0234053244967858,-1.0234053244967858,-1.0234053244967858,-1.0234053244967858
1990-01-16,-0.3976935586475198,-0.3976935586475198,-0.3976935586475198,-0.3976935586475198,-0.3976935586475198,-0.3976935586475198,-0.3976935586475198,-0.3976935586475198,-0.3976935586475198,-0.3976935586475198,-0.3976935586475198,-0.3976935586475198,-0.3976935586475198,-0.3976935586475198,-0.3976935586475198
1990-01-17,0.15099617158847042,0.15099617158847042,0.15099617158847042,0.15099617158847042,0.15099617158847042,0.15099617158847042,0.15099617158847042,0.15099617158847042,0.15099617158847042,0.15099617158847042,0.15099617158847042,0.15099617158847042,0.15099617158847042,0.15099617158847042,0.15099617158847042
1990-01-18,0.4279008309397372,0.4279008309397372,0.4279008309397372,0.4279008309397372,0.4279008309397372,0.4279008309397372,0.4279008309397372,0.4279008309397372,0.4279008309397372,0.4279008309397372,0.4279008309397372,0.4279008309397372,0.4279008309397372,0.4279008309397372,0.4279008309397372
1990-01-19,0.6619019448632052,0.6619019448632052,0.6619019448632052,0.6619019448632052,0.6619019448632052,0.6619019448632052,0.6619019448632052,0.6619019448632052,0.6619019448632052,0.6619019448632052,0.6619019448632052,0.6619019448632052,0.6619019448632052,0.6619019448632052,0.6619019448632052
1990-01-20,0.8121285970559371,0.8121285970559371,0.8121285970559371,0.8121285970559371,0.8121285970559371,0.8121285970559371,0.8121285970559371,0.8121285970559371,0.8121285970559371,0.8121285970559371,0.8121285970559371,0.8121285970559371,0.8121285970559371,0.8121285970559371,0.8121285970559371
1990-01-21,0.9178623089992692,0.9178623089992692,0.9178623089992692,0.9178623089992692,0.9178623089992692,0.9178623089992692,0.9178623089992692,0.9178623089992692,0.9178623089992692,0.9178623089992692,0.9178623089992692,0.9178623089992692,0.9178623089992692,0.9178623089992692,0.9178623089992692
1990-01-22,1.011667422637889,1.011667422637889,1.011667422637889,1.011667422637889,1.011667422637889,1.011667422637889,1.011667422637889,1.011667422637889,1.011667422637889,1.011667422637889,1.011667422637889,1.011667422637889,1.011667422637889,1.011667422637889,1.011667422637889
1990-01-23,0.8160189959919807,0.8160189959919807,0.8160189959919807,0.8160189959919807,0.8160189959919807,0.8160189959919807,0.8160189959919807,0.8160189959919807,0.8160189959919807,0.8160189959919807,0.8160189959919807,0.8160189959919807,0.8160189959919807,0.8160189959919807,0.8160189959919807
1990-01-24,1.0465607968270507,1.0465607968270507,1.0465607968270507,1.0465607968270507,1.0465607968270507,1.0465607968270507,1.0465607968270507,1.0465607968270507,1.0465607968270507,1.0465607968270507,1.0465607968270507,1.0465607968270507,1.0465607968270507,1.0465607968270507,1.0465607968270507
1990-01-25,1.0660432524215895,1.0660432524215895,1.0660432524215895,1.0660432524215895,1.0660432524215895,1.0660432524215895,1.0660432524215895,1.0660432524215895,1.0660432524215895,1.0660432524215895,1.0660432524215895,1.0660432524215895,1.0660432524215895,1.0660432524215895,1.0660432524215895
1990-01-26,1.4079796679646888,1.4079796679646888,1.4079796679646888,1.4079796679646888,1.4079796679646888,1.4079796679646888,1.4079796679646888,1.4079796679646888,1.4079796679646888,1.4079796679646888,1.4079796679646888,1.4079796679646888,1.4079796679646888,1.4079796679646888,1.4079796679646888
1990-01-27,1.705172910161461,1.705172910161461,1.705172910161461,1.705172910161461,1.705172910161461,1.705172910161461,1.705172910161461,1.705172910161461,1.705172910161461,1.705172910161461,1.705172910161461,1.705172910161461,1.705172910161461,1.705172910161461,1.705172910161461
1990-01-28,1.8538916325071426,1.8538916325071426,1.8538916325071426,1.8538916325071426,1.8538916325071426,1.8538916325071426,1.8538916325071426,1.8538916325071426,1.8538916325071426,1.8538916325071426,1.8538916325071426,1.8538916325071426,1.8538916325071426,1.8538916325071426,1.8538916325071426
1990-01-29,2.072246724512172,2.072246724512172,2.072246724512172,2.072246724512172,2.072246724512172,2.072246724512172,2.072246724512172,2.072246724512172,2.072246724512172,2.072246724512172,2.072246724512172,2.072246724512172,2.072246724512172,2.072246724512172,2.072246724512172
1990-01-30,2.01653443390812,2.01653443390812,2.01653443390812,2.01653443390812,2.01653443390812,2.01653443390812,2.01653443390812,2.01653443390812,2.01653443390812,2.01653443390812,2.01653443390812,2.01653443390812,2.01653443390812,2.01653443390812,2.01653443390812
1990-01-31,1.7041802953161047,1.7041802953161047,1.7041802953161047,1.7041802953161047,1.7041802953161047,1.7041802953161047,1.7041802953161047,1.7041802953161047,1.7041802953161047,1.7041802953161047,1.7041802953161047,1.7041802953161047,1.7041802953161047,1.7041802953161047,1.7041802953161047
1990-02-01,1.4650106329701424,1.4650106329701424,1.4650106329701424,1.4650106329701424,1.4650106329701424,1.4650106329701424,1.4650106329701424,1.4650106329701424,1.4650106329701424,1.4650106329701424,1.4650106329701424,1.4650106329701424,1.4650106329701424,1.4650106329701424,1.4650106329701424
1990-02-02,1.219309556946671,1.219309556946671,1.219309556946671,1.219309556946671,1.219309556946671,1.219309556946671,1.219309556946671,1.219309556946671,1.219309556946671,1.219309556946671,1.219309556946671,1.219309556946671,1.219309556946671,1.219309556946671,1.219309556946671
1990-02-03,1.198131949683647,1.198131949683647,1.198131949683647,1.198131949683647,1.198131949683647,1.198131949683647,1.198131949683647,1.198131949683647,1.198131949683647,1.198131949683647,1.198131949683647,1.198131949683647,1.198131949683647,1.198131949683647,1.198131949683647
1990-02-04,1.2618649560087443,1.2618649560087443,1.2618649560087443,1.2618649560087443,1.2618649560087443,1.2618649560087443,1.2618649560087443,1.2618649560087443,1.2618649560087443,1.2618649560087443,1.2618649560087443,1.2618649560087443,1.2618649560087443,1.2618649560087443,1.2618649560087443
1990-02-05,1.1573460554933483,1.1573460554933483,1.1573460554933483,1.1573460554933483,1.1573460554933483,1.1573460554933483,1.1573460554933483,1.1573460554933483,1.1573460554933483,1.1573460554933483,1.1573460554933483,1.1573460554933483,1.1573460554933483,1.1573460554933483,1.1573460554933483
1990-02-06,0.9436573973539464,0.9436573973539464,0.9436573973539464,0.9436573973539464,0.9436573973539464,0.9436573973539464,0.9436573973539464,0.9436573973539464,0.9436573973539464,0.9436573973539464,0.9436573973539464,0.9436573973539464,0.9436573973539464,0.9436573973539464,0.9436573973539464
1990-02-07,0.8862354097838705,0.8862354097838705,0.8862354097838705,0.8862354097838705,0.8862354097838705,0.8862354097838705,0.8862354097838705,0.8862354097838705,0.8862354097838705,0.8862354097838705,0.8862354097838705,0.8862354097838705,0.8862354097838705,0.8862354097838705,0.8862354097838705
1990-02-08,0.7155584710432493,0.7155584710432493,0.7155584710432493,0.7155584710432493,0.7155584710432493,0.7155584710432493,0.7155584710432493,0.7155584710432493,0.7155584710432493,0.7155584710432493,0.7155584710432493,0.7155584710432493,0.7155584710432493,0.7155584710432493,0.7155584710432493
1990-02-09,0.32223618280092325,0.32223618280092325,0.32223618280092325,0.32223618280092325,0.32223618280092325,0.32223618280092325,0.32223618280092325,0.32223618280092325,0.32223618280092325,0.32223618280092325,0.32223618280092325,0.32223618280092325,0.32223618280092325,0.32223618280092325,0.32223618280092325
1990-02-10,0.10099626878024297,0.10099626878024297,0.10099626878024297,0.10099626878024297,0.10099626878024297,0.10099626878024297,0.10099626878024297,0.10099626878024297,0.10099626878024297,0.10099626878024297,0.10099626878024297,0.10099626878024297,0.10099626878024297,0.10099626878024297,0.10099626878024297
1990-02-11,0.20931260281452793,0.20931260281452793,0.20931260281452793,0.20931260281452793,0.20931260281452793,0.20931260281452793,0.20931260281452793,0.20931260281452793,0.20931260281452793,0.20931260281452793,0.20931260281452793,0.20931260281452793,0.20931260281452793,0.20931260281452793,0.20931260281452793
1990-02-12,0.15617578277466138,0.15617578277466138,0.15617578277466138,0.15617578277466138,0.15617578277466138,0.15617578277466138,0.15617578277466138,0.15617578277466138,0.15617578277466138,0.15617578277466138,0.15617578277466138,0.15617578277466138,0.15617578277466138,0.15617578277466138,0.15617578277466138
1990-02-13,0.0238981691035333,0.0238981691035333,0.0238981691035333,0.0238981691035333,0.0238981691035333,0.0238981691035333,0.0238981691035333,0.0238981691035333,0.0238981691035333,0.0238981691035333,0.0238981691035333,0.0238981691035333,0.0238981691035333,0.0238981691035333,0.0238981691035333
1990-02-14,-0.15692030776591084,-0.15692030776591084,-0.15692030776591084,-0.15692030776591084,-0.15692030776591084,-0.15692030776591084,-0.15692030776591084,-0.15692030776591084,-0.15692030776591084,-0.15692030776591084,-0.15692030776591084,-0.15692030776591084,-0.15692030776591084,-0.15692030776591084,-0.15692030776591084
1990-02-15,-0.5874172668898693,-0.5874172668898693,-0.5874172668898693,-0.5874172668898693,-0.5874172668898693,-0.5874172668898693,-0.5874172668898693,-0.5874172668898693,-0.5874172668898693,-0.5874172668898693,-0.5874172668898693,-0.5874172668898693,-0.5874172668898693,-0.5874172668898693,-0.5874172668898693
1990-02-16,-1.161686784007829,-1.146020017601848,-1.0977877687313962,-1.1691644650487092,-1.1345338443965045,-1.195850901202502,-1.175825171628091,-1.1016246815089057,-1.1616918553297928,-1.1309017359242621,-1.1642610670274471,-1.1176937322405864,-1.1065998763933478,-1.20111883687733,-1.2193271111615833
1990-02-17,-1.529339031480869,-1.5827028374815522,-1.507477850656716,-1.5843783632015165,-1.4560094429457429,-1.5704603900705232,-1.5325519888249002,-1.4407129853046003,-1.4965229542604905,-1.5073292578741053,-1.5776984813044777,-1.452313632965286,-1.6194912860080004,-1.4581883986993638,-1.557204314201035
1990-02-18,-1.5122908512613022,-1.8084936220771421,-1.5044664440385744,-1.4698725781464614,-1.3374352760924013,-1.5725829095407218,-1.5281472032008978,-1.3367716933414222,-1.4234719451613345,-1.7152521003011107,-1.7798317998066984,-1.5843083813577845,-1.5761170098715729,-1.632745416733476,-1.5488924412110912
1990-02-19,-1.7265934759300359,-2.1231801397441403,-1.7881527785438935,-1.5812065639170165,-1.5173294769121202,-1.6653628947290162,-1.639769242670211,-1.3852287977310536,-1.6416311430196977,-1.8672224891527072,-1.9292704331468047,-1.7174461343075214,-1.8662423332600044,-1.6749107001145347,-1.9847644543392793
1990-02-20,-1.8287743893329973,-2.0733514456934787,-2.017620452193198,-1.672155061393624,-1.6609986990945882,-1.8181512352665277,-1.6123082208059896,-1.5939496901664214,-1.5484415453028808,-2.0575326060803594,-2.1618453564208644,-1.8701057608053564,-1.988807440487802,-1.587958389727151,-2.161336555369035
1990-02-21,-1.875468191123817,-1.9729125795825613,-1.9824223220471777,-1.6774855493668395,-1.5181762938887873,-2.0664721309257046,-1.4271602630791227,-1.7162520917774071,-1.5557137687362832,-2.046792368154213,-1.9868081153184671,-2.11187331327985,-2.036967794464441,-1.5394513199138924,-2.2086996454520826
1990-02-22,-1.4945807554534483,-1.6477085327665366,-1.8141050674969073,-1.216450493197956,-1.4115169444645386,-1.8451148752255195,-1.0156175731993151,-1.7316661514663383,-1.123588655362312,-1.9411638317421287,-1.7641189772242067,-2.024782066839868,-1.652380259432193,-1.4726093882637745,-1.857545519479819
1990-02-23,-1.4670421255597967,-1.4575534135218453,-1.6702147307969077,-0.8996428194277118,-1.4129034015985222,-1.6997226198705755,-0.8729002739155772,-1.8462910869883582,-0.9712961849247682,-1.7823422506901867,-1.5271687329544752,-1.8330831467646023,-1.5603658825123023,-1.0112003838744807,-1.795674701832211
1990-02-24,-1.3936761778775522,-1.2148595878708386,-1.367179145156558,-1.0450587300429204,-1.4108133828959375,-1.5052319126058868,-0.6402988304621317,-1.6274774448334415,-0.8377966037589667,-1.8209523939223535,-1.434601273015609,-1.4328677267255936,-1.4655990487787576,-0.8558668290478004,-1.6756166546724491
1990-02-25,-1.2621693508056209,-0.9912551239077725,-0.9510883210170548,-0.8798037592732308,-1.225982626522922,-1.3568115281449067,-0.668443687124107,-1.4416383862669586,-0.8453621933852165,-1.9005466227244459,-1.1583975738740875,-1.387983539304149,-1.3828466509239175,-0.6135631050426741,-1.71124160401811
1990-02-26,-1.1028013868176185,-1.1167745083263834,-0.7860332666863455,-0.3325087485997544,-1.3278870153565505,-1.346535826724447,-0.5681789171400563,-1.4509860426590042,-0.7902779929031547,-1.7192210734265618,-0.889782129462661,-1.505112160237958,-1.5117353256404116,-0.49857785525153503,-1.415922225464529
1990-02-27,-1.0519050433450285,-1.174712328255621,-0.837016531127467,0.07087878640002428,-1.432484744848119,-1.5918536913534924,-0.6133795793161878,-1.1415334671229496,-0.7665782735447655,-1.605081100408232,-1.000286163438966,-1.9695380743228257,-1.4357927387062541,-0.33067373778263726,-1.2129602849297452
1990-02-28,-1.057885792532392,-0.9929487862292846,-0.7229057153836688,0.18343832072402888,-1.5229155063692268,-1.954846431181671,-0.7955664383041837,-1.274571626148059,-0.6652516673862316,-1.5551493588434548,-1.2386382230053063,-2.2690770309487904,-1.3208672378247697,-0.28390467269618813,-0.9587194170814624
1990-03-01,-0.946592602057512,-1.3086356506348606,-0.6183908757374531,0.17770750880816646,-1.6810113951741317,-2.1671155524157646,-1.2775386205330752,-1.2763166489347206,-0.7260345564086972,-0.9617338138783204,-1.0566851469680485,-2.151300933075336,-0.9587696916812107,-0.01731983001582635,-0.6231686762707098
1990-03-02,-0.9022001823709624,-1.3428241457284815,-0.3509442024354458,0.16042037624994812,-1.512851182965841,-1.7175654682186396,-1.4794028771967838,-1.1606246742312358,-0.4717963663518195,-0.6419319429586642,-0.6141246591040136,-1.689911961294449,-0.6343008094078295,-0.06064266648995078,-0.43687673249585635
1990-03-03,-0.8604202536328656,-1.5317662398116136,-0.20718780607600942,0.19662624049187696,-1.120898935677061,-1.345270220699333,-1.3849014747206807,-0.9351928950154456,-0.2779741356610116,-0.3131777193472822,-0.6146288433711069,-1.5005889802152912,-0.29799732013720076,-0.33858058356289544,-0.2761290735741621
1990-03-04,-0.8396036730438484,-1.1197832270759103,-0.08905312329691648,0.20462590146712298,-1.045732262666184,-0.9775519256168205,-1.41224848486206,-0.7952916253539666,-0.6051911263542431,-0.3184426060953634,-0.4052761016192915,-1.20392064287038,0.015535811438822057,-0.4739765300037143,0.22832641858239425
1990-03-05,-0.8139403901013506,-0.8159631330608818,0.13868739951441472,0.15277514904425205,-0.8381189389718462,-0.7363813574682315,-1.280556012730687,-0.7211306867548429,-1.0316036123746843,-0.2505220561391663,-0.07696173875234444,-1.1800122123905414,-0.019751855617295463,-0.4288542379730409,0.08942792013131845
1990-03-06,-1.076528155861341,-0.574434441874484,0.22846968728186162,-0.28351663503556623,-1.0221908865733733,-0.5450622726719285,-0.9257358756603309,-1.0335244936395374,-1.1814371462481439,-0.4245199214072765,0.19127226281787038,-0.9753230517518001,0.13496285526054827,-0.4533550993790206,0.08869002655622515
1990-03-07,-1.2339789498524485,-0.3039226505784355,0.5193460933878442,-0.5214352737426581,-0.6790246026606674,-0.6763044457684867,-0.5797262831078623,-0.8889576756621488,-1.0284809934378387,-0.3806905342508993,0.47069317000680694,-0.8457087838903725,-0.01917318367491816,-0.5040517697138173,-0.11949732641300509
1990-03-08,-1.333501418130596,-0.25835964562930025,0.40085699263141844,-0.8039868444794516,-0.19733655525095908,-0.6315795325562913,-0.47013181337249316,-0.9346929342953184,-0.8771355998974638,-0.3328873151871173,0.5960113123910119,-0.7234409614174824,0.11991770771584812,-0.3436897285284227,-0.20262370776044572
1990-03-09,-1.2541801495341673,-0.16027370326099513,0.652026740651431,-0.9007576044168772,0.21416600977748015,-0.6962375014988728,-0.6282480045385062,-0.8776513611059698,-0.5010594330396652,-0.2915360233943383,0.7199095545980908,-0.6337032011160749,0.4341857879980423,-0.035079352969106005,-0.07977633535806902
1990-03-10,-0.8545404996975641,0.01968978350724057,1.0699729526814385,-0.8619706133155386,0.35587844401499547,-0.7889185244568687,-0.36117767829716196,-0.9055787427730055,-0.4191434561517573,-0.2668553185023204,0.749032646673823,-0.8088305015019368,0.7500047126906872,0.14284053386551526,0.3850502317123083
1990-03-11,-0.6536131753980525,0.3068953865956267,0.9569622818544393,-0.469166372577128,0.26297413453039137,-0.5713460136751005,-0.15544841325771885,-0.686917484901454,-0.35953639090584205,-0.04175136680387609,0.7272549244573454,-0.9530397826532615,0.8986207818428827,0.12215203747456213,0.9805592981787185
1990-03-12,-0.7548545888365926,0.38633924121431823,0.8027705359656769,-0.003978896060212616,0.6657911536361205,-0.4862170312711651,-0.02456683130601671,-0.7645635795398493,-0.24422292810572974,-0.0066685821243992515,0.7242657211928879,-0.8065711758119186,0.6428968615527273,0.20577465039175785,1.283287362590295
1990-03-13,-0.9903083180429272,0.5972252087713997,0.5442201711447133,0.503535567169056,0.644484627724507,-0.44233535332905904,-0.09934183133222253,-0.634890154184054,-0.08127614970270224,0.03420612804590492,0.6683237858910563,-0.6434302494930846,0.715290271095763,0.6891001112208612,1.2615655920996764
1990-03-14,-1.017207734305289,0.6786094126293463,0.3411435569575167,0.9659038229790097,0.3134831977933565,-0.23615319493584036,0.01734912141924278,-0.3441409755543387,0.009866636469050042,0.04214041350604333,0.08390606425925022,-0.6703073857391356,0.7927776550832405,1.185226796179711,1.2550619744390257
1990-03-15,-0.9472521390539418,0.5088689373619746,0.19402659574710715,1.1535438037881842,0.18646781316881728,-0.19289590485812413,0.1286159195382772,0.31794108375900165,0.167868311957314,-0.19481244612753013,-0.20662398754266154,-1.0665064267447526,0.756364157654127,1.6618993067558225,1.4046170976901005
1990-03-16,-0.7538341277478395,0.2533956980967302,-0.21823499741007665,1.0726349992698962,0.4419422823245965,-0.27695767588721626,0.23220066308775647,0.7242053389108376,0.19290788990350843,0.06623761127216587,-0.32289212579872545,-0.9141882681910662,0.9579516964453997,2.0849728429164633,1.3019705694788115
1990-03-17,-0.7182160722027581,0.1277367434072067,-0.44746859779756387,0.9292294804515123,0.44955047952412286,-0.2887473371543756,0.42001483368192793,1.102915569598258,0.07274779021080631,0.20228603321583508,-0.6121229511660529,-0.894170969579961,0.9199574018269103,2.13973144080753,0.8966889290851908
1990-03-18,-0.49106746785826755,0.08160210528271372,-0.7827234004941077,1.1886663205729053,0.21248623284456236,-0.06170641464143094,0.4965316471290506,1.3022121068382102,0.11809465738973994,0.4043466303215228,-1.054097294369053,-0.8668421755427355,0.9821120930653325,2.0242981611554276,0.5512261584812518
1990-03-19,-0.23205393294680696,0.26769593075448095,-0.9932550566278447,0.82515274644884,0.19570613610537618,-0.3301708470027907,0.7670536481683959,1.7095971220081525,0.023137753536950134,0.7510534469205975,-1.2585779791627674,-0.7847757046500851,0.9771777478518351,1.6298414677491724,0.42676255182538786
1990-03-20,-0.24727050435912157,0.8215824971765189,-0.7492022859146666,0.6059279095817885,0.5855943328682948,-0.2882247877457117,0.9578168394109867,2.1250644991114087,0.11305360816123662,0.6838380438722029,-1.201114665338913,-0.7297778670859317,1.2823869639067178,1.2854878078046408,0.3024903008762718
1990-03-21,-0.2614869573505226,1.1869703814765464,-0.6675838440337934,0.23095043477411142,0.5939648459423897,-0.09887165755899348,0.7457294523343913,2.2971774110336085,0.1225001603984063,0.6337539970002057,-1.2637597770058921,-0.6601667965076202,1.3149175455665099,1.090326953117384,-0.03033474577020476
1990-03-22,0.07707817301867632,1.463150516510901,-0.7384298603326632,-0.12357408698160742,0.7417925435021228,0.0058964404782946315,1.1204434251375104,2.236871311229937,0.2323391336944121,0.5112536031487517,-1.5063504621449537,-0.5498451122721035,1.3153073426518045,1.0263966994245546,-0.5043433291174554
1990-03-23,0.23257898554267564,1.6656470117952262,-0.7392977944003808,-0.37057679468756843,0.6777032009085969,-0.10088382145162625,1.2835369411538586,2.0910639450545276,0.1579952912592554,0.5484403037901115,-1.6952401887329291,-0.5175039706623235,1.029032642314899,0.9736059221923107,-0.915422395262483
1990-03-24,0.42680396872123794,1.975212282719014,-0.7064052945941738,-0.5013952355314726,0.48995107509213875,-0.4497180919692339,1.2126348219723697,2.3138216556347317,-0.029674532241978708,0.5286190851937131,-1.65036233742184,-0.6046295169291181,0.6158808146862774,0.8456821559313238,-1.0786152214642093
1990-03-25,0.7135208389002432,2.2638896284484065,-0.6445715877580437,-0.9162617922250279,-0.035004814060231176,-0.7771752749276936,1.0455406645785277,2.6635751297019907,0.10558322978454934,0.41020364271826704,-1.6660019637291874,-0.35856067641758854,0.6290208722888724,0.43023820491286274,-1.0876749146009363
1990-03-26,1.0574539898075077,2.155013691213008,-0.6779705635870904,-1.2733390307276202,-0.3021476562157395,-0.8016970077345335,0.9137403957568049,2.535921930829306,0.5795800830207041,0.41009380213984625,-1.7992496949933583,-0.4160544633086496,0.5690769006402635,0.11600580095093538,-1.2180491377718072
1990-03-27,1.1076347965883975,1.9113393146077498,-0.3531829617788201,-1.4297641150071367,-0.714872328505018,-0.9859832807848977,0.6211752564976957,2.3861007939798875,0.7432165732287184,0.4181218162270983,-1.5151848970314998,-0.22801159124692763,0.25283336665756956,-0.2023142820198456,-1.0958113355565746
1990-03-28,0.9351529816255894,1.5649170745984797,-0.6987456564794624,-1.2782593072000963,-0.6623891409415666,-1.094015904280087,0.5705071689487285,2.2512926665956816,0.7180286320476222,0.8655198736258103,-1.3719720007024427,-0.17744075040489207,-0.13849827008838697,-0.3052331153243764,-1.1288679132013746
1990-03-29,0.313106465904312,1.1784989218724429,-0.7412234470671184,-0.7512475823089546,-0.5309165861193316,-0.9446153643370491,0.3348688152074219,2.0071960298072846,0.6360598644249148,0.7404697363944984,-1.0087611748774261,-0.40475243983855963,-0.581976380432768,-0.07813927715890204,-0.958751912754947
1990-03-30,-0.1067893584199786,0.6518126579754384,-0.9945964675125499,-0.39163302271835965,-0.5924273305104905,-1.031566603120201,0.18637070665676211,1.46620029440601,0.9351352440540093,0.9362963616411657,-0.7552401582840451,-0.46608283015121704,-0.8715879271499923,0.4078924893970406,-0.8033816897400023
1990-03-31,-0.5231990716307551,0.1529191456701672,-0.8718496112878868,0.06226398374093259,-0.9527891100703878,-1.1891068249700385,0.20559286505415705,1.1688406913458254,0.8523420618923527,1.101025884423458,-0.6338317292951898,-0.414146979116266,-0.7785509164166062,0.27358027905789506,-1.0079802972255552
1990-04-01,-0.7927522625842609,-0.23444985327553022,-0.9635094078416825,0.2597727397272531,-1.06229990003052,-1.190116827261834,0.11652874547551005,0.9285119884273608,0.7675626746054977,1.0649625159806566,-0.7446439565538754,-0.28245513540089046,-0.6327180590095774,0.4102832070385307,-0.8739083167126487
1990-04-02,-1.083669803807705,-0.3720143397855797,-0.8394720899037075,0.5724373864207237,-1.4037077631652382,-1.2848726920150748,0.23408638631599407,0.6945526937651377,0.6883289485648569,1.131633362625857,-0.3329650185787522,-0.30824274444992217,-0.34277891307170144,0.41392078813455246,-0.6852571854369678
1990-04-03,-1.2862037240769038,-0.5129181977424626,-0.8016303442588041,0.8700130283941245,-1.2813559541658397,-1.152917253113114,0.19351134716037022,0.40270295207790807,0.6729488056584461,1.0738754919838875,-0.09730339622759071,-0.15906453682993976,-0.38387064313050395,0.27933633988170725,-0.4643838553942442
1990-04-04,-1.4530232111583297,-0.778140289473047,-0.7953442589049606,1.1753710117501401,-1.2175997449606302,-0.9891215288737225,0.2783410869219817,0.17463939728844094,0.837278431374237,1.2869274656325733,-0.07770411984283486,-0.15435697419111838,-0.32469700819955016,0.19073257553925,-0.43342594380594646
1990-04-05,-1.5711676039243598,-0.9333586949816153,-0.9730439008674121,1.1700922836208494,-1.0990107732826329,-0.8522592738407762,0.05131598333878505,0.14905070098926637,1.060522833351246,0.8056448741205325,0.1000776159194816,0.054857758581209726,-0.2433152544563854,0.22302694513125237,-0.2531699625433236
1990-04-06,-1.4605840667944214,-0.91422745819595,-1.1857523768902076,1.5468445584005748,-1.0143050701181584,-0.8062766586763732,-0.2858607999759739,0.08229268240334521,0.779549430925905,0.39863395138206326,0.4418668320408866,-0.07158701187124816,0.014789923647655618,0.1806847422891152,-0.389086249560091
1990-04-07,-1.1386495462698705,-1.1652780824491271,-1.3478186702261843,1.6119978606770315,-1.0929454193562134,-0.6016204180038582,-0.5743156685337752,0.15308096709754196,0.4134368210441056,0.15267835791540588,0.528274565763257,0.018285023540530458,0.16252522068525665,-0.2875676871091434,-0.5066647822609307
1990-04-08,-0.8186556977873017,-1.366452414725215,-1.507703502617783,1.460445506242192,-0.8650523341832079,-0.4597663953286821,-0.8313438493524639,0.2235785113204519,-0.2550843731616062,0.009515574244226787,0.5097834536642317,0.12049577202818998,0.3630924607163373,-0.417668665265388,-0.5429035454164866
1990-04-09,-0.5456480561233301,-1.304312909186867,-1.1442480539382716,1.1774466485259305,-0.5892337926670191,-0.2902917263951239,-1.0077670056701118,0.24282484575024146,-0.6507133076603928,-0.028997544270891268,0.2254801376211631,0.09455506253953276,0.4415080475492786,-0.8259305797583465,-0.4114374589562189
1990-04-10,-0.4004081868147155,-1.2807421146994242,-0.838761397383784,1.0447575255765258,-0.4721893044686657,-0.2029907825877032,-1.2849731088735048,0.12428588629767794,-1.0551667072570368,-0.3248468707999467,0.20771888097850483,-0.03618905636618946,0.47454047219150225,-0.9611875724765866,-0.41566717625269595
1990-04-11,-0.44659226469498997,-1.0508040108142132,-0.47742113723600155,0.9233214432004789,-0.44540948989850687,-0.10314625484427078,-1.302198983578707,0.09445058705459064,-1.194489957710924,-0.6198030327135005,-0.004053134643447376,-0.4367248245712108,0.421973543623613,-1.0719363440699048,-0.40869297529678755
1990-04-12,-0.4775092221118489,-1.025836594482796,-0.16975396273804125,0.45748578447489,-0.15209216019722022,0.05213399687203003,-1.3687290866280066,0.2928561835146318,-1.1386738219503154,-0.47982686145865433,-0.08231940428149255,-0.8433281239501969,0.49636814300672766,-1.0662971714314151,-0.22831222729161185
1990-04-13,-0.45999286077247775,-0.9631132944449715,0.07369512745205566,0.12497490888202974,-0.08833736486957755,-0.05408595865476484,-1.467522617658297,0.18796555600728748,-1.1020234282679167,-0.22079944677882796,-0.2527235662024153,-1.0223087210912358,0.11048666915177957,-1.1746617204578833,-0.21993399868530086
1990-04-14,-0.3411647446906904,-0.7793346652029836,0.06394412670565655,-0.32353343417259145,-0.06203941902639291,-0.04858498228723835,-1.2640330137916116,0.11584445567402815,-1.2025367349431682,-0.2827072597570653,-0.17879499732469298,-1.1031672906784957,-0.092236387353366,-1.0083662829245663,0.038484422872270045
1990-04-15,-0.26753593306180934,-0.578927463501891,-0.05178846950799075,-0.6050940208946887,-0.20097432094818288,-0.17648095135253805,-1.0341003622162503,0.10780317568005061,-1.1978472177769466,0.0018595851361797352,-0.18283866667725762,-0.9518050154731253,-0.43763286622479625,-0.9026210861586598,0.21380172794522775
1990-04-16,0.008354171823776717,-0.37766134879798163,-0.27887886865238565,-0.5251086763126026,-0.33590755753682927,-0.06986239805309165,-0.47011974332093054,-0.13841035228168894,-1.3715715594123223,0.26212674702683364,-0.1679325632015881,-0.901575831685211,-0.5372390891591595,-1.000127800084904,0.4059145880199779
1990-04-17,0.3761467861167261,-0.6434136723138786,-0.3020525126065608,-0.5254928532436036,-0.42428395783769585,0.19495216532422338,-0.14972424169167442,-0.35657747645114285,-1.6099936496719756,0.5399640739753248,-0.07062540161678167,-0.8653027702662669,-0.6136946912206028,-0.7224325575942245,0.5401026891024643
