,1,2,3,4,5,6,7,8,9,10,11,12,13,14,15
1991-10-10,-1.7784380088834328,-1.7784380088834328,-1.7784380088834328,-1.7784380088834328,-1.7784380088834328,-1.7784380088834328,-1.7784380088834328,-1.7784380088834328,-1.7784380088834328,-1.7784380088834328,-1.7784380088834328,-1.7784380088834328,-1.7784380088834328,-1.7784380088834328,-1.7784380088834328
1991-10-11,-2.180535637103546,-2.180535637103546,-2.180535637103546,-2.180535637103546,-2.180535637103546,-2.180535637103546,-2.180535637103546,-2.180535637103546,-2.180535637103546,-2.180535637103546,-2.180535637103546,-2.180535637103546,-2.180535637103546,-2.180535637103546,-2.180535637103546
1991-10-12,-1.9642258638729595,-1.9642258638729595,-1.9642258638729595,-1.9642258638729595,-1.9642258638729595,-1.9642258638729595,-1.9642258638729595,-1.9642258638729595,-1.9642258638729595,-1.9642258638729595,-1.9642258638729595,-1.9642258638729595,-1.9642258638729595,-1.9642258638729595,-1.9642258638729595
1991-10-13,-2.0621690818486025,-2.0621690818486025,-2.0621690818486025,-2.0621690818486025,-2.0621690818486025,-2.0621690818486025,-2.0621690818486025,-2.0621690818486025,-2.0621690818486025,-2.0621690818486025,-2.0621690818486025,-2.0621690818486025,-2.0621690818486025,-2.0621690818486025,-2.0621690818486025
1991-10-14,-2.0332657903131515,-2.0332657903131515,-2.0332657903131515,-2.0332657903131515,-2.0332657903131515,-2.0332657903131515,-2.0332657903131515,-2.0332657903131515,-2.0332657903131515,-2.0332657903131515,-2.0332657903131515,-2.0332657903131515,-2.0332657903131515,-2.0332657903131515,-2.0332657903131515
1991-10-15,-1.9066480406427466,-1.9066480406427466,-1.9066480406427466,-1.9066480406427466,-1.9066480406427466,-1.9066480406427466,-1.9066480406427466,-1.9066480406427466,-1.9066480406427466,-1.9066480406427466,-1.9066480406427466,-1.9066480406427466,-1.9066480406427466,-1.9066480406427466,-1.9066480406427466
1991-10-16,-1.6084406608883213,-1.6084406608883213,-1.6084406608883213,-1.6084406608883213,-1.6084406608883213,-1.6084406608883213,-1.6084406608883213,-1.6084406608883213,-1.6084406608883213,-1.6084406608883213,-1.6084406608883213,-1.6084406608883213,-1.6084406608883213,-1.6084406608883213,-1.6084406608883213
1991-10-17,-1.3611482561479726,-1.3611482561479726,-1.3611482561479726,-1.3611482561479726,-1.3611482561479726,-1.3611482561479726,-1.3611482561479726,-1.3611482561479726,-1.3611482561479726,-1.3611482561479726,-1.3611482561479726,-1.3611482561479726,-1.3611482561479726,-1.3611482561479726,-1.3611482561479726
1991-10-18,-1.1355919066542035,-1.1355919066542035,-1.1355919066542035,-1.1355919066542035,-1.1355919066542035,-1.1355919066542035,-1.1355919066542035,-1.1355919066542035,-1.1355919066542035,-1.1355919066542035,-1.1355919066542035,-1.1355919066542035,-1.1355919066542035,-1.1355919066542035,-1.1355919066542035
1991-10-19,-1.1843195406359337,-1.1843195406359337,-1.1843195406359337,-1.1843195406359337,-1.1843195406359337,-1.1843195406359337,-1.1843195406359337,-1.1843195406359337,-1.1843195406359337,-1.1843195406359337,-1.1843195406359337,-1.1843195406359337,-1.1843195406359337,-1.1843195406359337,-1.1843195406359337
1991-10-20,-1.2245445650374442,-1.2245445650374442,-1.2245445650374442,-1.2245445650374442,-1.2245445650374442,-1.2245445650374442,-1.2245445650374442,-1.2245445650374442,-1.2245445650374442,-1.2245445650374442,-1.2245445650374442,-1.2245445650374442,-1.2245445650374442,-1.2245445650374442,-1.2245445650374442
1991-10-21,-1.1642331149562837,-1.1642331149562837,-1.1642331149562837,-1.1642331149562837,-1.1642331149562837,-1.1642331149562837,-1.1642331149562837,-1.1642331149562837,-1.1642331149562837,-1.1642331149562837,-1.1642331149562837,-1.1642331149562837,-1.1642331149562837,-1.1642331149562837,-1.1642331149562837
1991-10-22,-0.9024361127700883,-0.9024361127700883,-0.9024361127700883,-0.9024361127700883,-0.9024361127700883,-0.9024361127700883,-0.9024361127700883,-0.9024361127700883,-0.9024361127700883,-0.9024361127700883,-0.9024361127700883,-0.9024361127700883,-0.9024361127700883,-0.9024361127700883,-0.9024361127700883
1991-10-23,-0.6636568634594072,-0.6636568634594072,-0.6636568634594072,-0.6636568634594072,-0.6636568634594072,-0.6636568634594072,-0.6636568634594072,-0.6636568634594072,-0.6636568634594072,-0.6636568634594072,-0.6636568634594072,-0.6636568634594072,-0.6636568634594072,-0.6636568634594072,-0.6636568634594072
1991-10-24,-0.6274639150930321,-0.6274639150930321,-0.6274639150930321,-0.6274639150930321,-0.6274639150930321,-0.6274639150930321,-0.6274639150930321,-0.6274639150930321,-0.6274639150930321,-0.6274639150930321,-0.6274639150930321,-0.6274639150930321,-0.6274639150930321,-0.6274639150930321,-0.6274639150930321
1991-10-25,-0.5318566163878596,-0.5318566163878596,-0.5318566163878596,-0.5318566163878596,-0.5318566163878596,-0.5318566163878596,-0.5318566163878596,-0.5318566163878596,-0.5318566163878596,-0.5318566163878596,-0.5318566163878596,-0.5318566163878596,-0.5318566163878596,-0.5318566163878596,-0.5318566163878596
1991-10-26,-0.3377719985438927,-0.3377719985438927,-0.3377719985438927,-0.3377719985438927,-0.3377719985438927,-0.3377719985438927,-0.3377719985438927,-0.3377719985438927,-0.3377719985438927,-0.3377719985438927,-0.3377719985438927,-0.3377719985438927,-0.3377719985438927,-0.3377719985438927,-0.3377719985438927
1991-10-27,-0.06487141991368066,-0.06487141991368066,-0.06487141991368066,-0.06487141991368066,-0.06487141991368066,-0.06487141991368066,-0.06487141991368066,-0.06487141991368066,-0.06487141991368066,-0.06487141991368066,-0.06487141991368066,-0.06487141991368066,-0.06487141991368066,-0.06487141991368066,-0.06487141991368066
1991-10-28,0.010964795717266041,0.010964795717266041,0.010964795717266041,0.010964795717266041,0.010964795717266041,0.010964795717266041,0.010964795717266041,0.010964795717266041,0.010964795717266041,0.010964795717266041,0.010964795717266041,0.010964795717266041,0.010964795717266041,0.010964795717266041,0.010964795717266041
1991-10-29,0.26332156345991614,0.26332156345991614,0.26332156345991614,0.26332156345991614,0.26332156345991614,0.26332156345991614,0.26332156345991614,0.26332156345991614,0.26332156345991614,0.26332156345991614,0.26332156345991614,0.26332156345991614,0.26332156345991614,0.26332156345991614,0.26332156345991614
1991-10-30,0.4455354400535437,0.4455354400535437,0.4455354400535437,0.4455354400535437,0.4455354400535437,0.4455354400535437,0.4455354400535437,0.4455354400535437,0.4455354400535437,0.4455354400535437,0.4455354400535437,0.4455354400535437,0.4455354400535437,0.4455354400535437,0.4455354400535437
1991-10-31,0.5415257374365446,0.5415257374365446,0.5415257374365446,0.5415257374365446,0.5415257374365446,0.5415257374365446,0.5415257374365446,0.5415257374365446,0.5415257374365446,0.5415257374365446,0.5415257374365446,0.5415257374365446,0.5415257374365446,0.5415257374365446,0.5415257374365446
1991-11-01,0.6708608023104323,0.6708608023104323,0.6708608023104323,0.6708608023104323,0.6708608023104323,0.6708608023104323,0.6708608023104323,0.6708608023104323,0.6708608023104323,0.6708608023104323,0.6708608023104323,0.6708608023104323,0.6708608023104323,0.6708608023104323,0.6708608023104323
1991-11-02,0.8371947148042062,0.8371947148042062,0.8371947148042062,0.8371947148042062,0.8371947148042062,0.8371947148042062,0.8371947148042062,0.8371947148042062,0.8371947148042062,0.8371947148042062,0.8371947148042062,0.8371947148042062,0.8371947148042062,0.8371947148042062,0.8371947148042062
1991-11-03,0.9121649260261775,0.9121649260261775,0.9121649260261775,0.9121649260261775,0.9121649260261775,0.9121649260261775,0.9121649260261775,0.9121649260261775,0.9121649260261775,0.9121649260261775,0.9121649260261775,0.9121649260261775,0.9121649260261775,0.9121649260261775,0.9121649260261775
1991-11-04,0.7473705602104929,0.7473705602104929,0.7473705602104929,0.7473705602104929,0.7473705602104929,0.7473705602104929,0.7473705602104929,0.7473705602104929,0.7473705602104929,0.7473705602104929,0.7473705602104929,0.7473705602104929,0.7473705602104929,0.7473705602104929,0.7473705602104929
1991-11-05,0.6209992011690731,0.6209992011690731,0.6209992011690731,0.6209992011690731,0.6209992011690731,0.6209992011690731,0.6209992011690731,0.6209992011690731,0.6209992011690731,0.6209992011690731,0.6209992011690731,0.6209992011690731,0.6209992011690731,0.6209992011690731,0.6209992011690731
1991-11-06,0.6051650945604764,0.6051650945604764,0.6051650945604764,0.6051650945604764,0.6051650945604764,0.6051650945604764,0.6051650945604764,0.6051650945604764,0.6051650945604764,0.6051650945604764,0.6051650945604764,0.6051650945604764,0.6051650945604764,0.6051650945604764,0.6051650945604764
1991-11-07,0.6989061164516962,0.6989061164516962,0.6989061164516962,0.6989061164516962,0.6989061164516962,0.6989061164516962,0.6989061164516962,0.6989061164516962,0.6989061164516962,0.6989061164516962,0.6989061164516962,0.6989061164516962,0.6989061164516962,0.6989061164516962,0.6989061164516962
1991-11-08,0.9522252057168903,0.9522252057168903,0.9522252057168903,0.9522252057168903,0.9522252057168903,0.9522252057168903,0.9522252057168903,0.9522252057168903,0.9522252057168903,0.9522252057168903,0.9522252057168903,0.9522252057168903,0.9522252057168903,0.9522252057168903,0.9522252057168903
1991-11-09,0.9434321772908218,0.9434321772908218,0.9434321772908218,0.9434321772908218,0.9434321772908218,0.9434321772908218,0.9434321772908218,0.9434321772908218,0.9434321772908218,0.9434321772908218,0.9434321772908218,0.9434321772908218,0.9434321772908218,0.9434321772908218,0.9434321772908218
1991-11-10,1.0980811801864006,1.0980811801864006,1.0980811801864006,1.0980811801864006,1.0980811801864006,1.0980811801864006,1.0980811801864006,1.0980811801864006,1.0980811801864006,1.0980811801864006,1.0980811801864006,1.0980811801864006,1.0980811801864006,1.0980811801864006,1.0980811801864006
1991-11-11,1.0095922601354426,1.0095922601354426,1.0095922601354426,1.0095922601354426,1.0095922601354426,1.0095922601354426,1.0095922601354426,1.0095922601354426,1.0095922601354426,1.0095922601354426,1.0095922601354426,1.0095922601354426,1.0095922601354426,1.0095922601354426,1.0095922601354426
1991-11-12,1.1114432857705585,1.1114432857705585,1.1114432857705585,1.1114432857705585,1.1114432857705585,1.1114432857705585,1.1114432857705585,1.1114432857705585,1.1114432857705585,1.1114432857705585,1.1114432857705585,1.1114432857705585,1.1114432857705585,1.1114432857705585,1.1114432857705585
1991-11-13,0.632296201630045,0.632296201630045,0.632296201630045,0.632296201630045,0.632296201630045,0.632296201630045,0.632296201630045,0.632296201630045,0.632296201630045,0.632296201630045,0.632296201630045,0.632296201630045,0.632296201630045,0.632296201630045,0.632296201630045
1991-11-14,0.5520346768368739,0.5520346768368739,0.5520346768368739,0.5520346768368739,0.5520346768368739,0.5520346768368739,0.5520346768368739,0.5520346768368739,0.5520346768368739,0.5520346768368739,0.5520346768368739,0.5520346768368739,0.5520346768368739,0.5520346768368739,0.5520346768368739
1991-11-15,0.4052414516069298,0.4052414516069298,0.4052414516069298,0.4052414516069298,0.4052414516069298,0.4052414516069298,0.4052414516069298,0.4052414516069298,0.4052414516069298,0.4052414516069298,0.4052414516069298,0.4052414516069298,0.4052414516069298,0.4052414516069298,0.4052414516069298
1991-11-16,0.290455016342665,0.290455016342665,0.290455016342665,0.290455016342665,0.290455016342665,0.290455016342665,0.290455016342665,0.290455016342665,0.290455016342665,0.290455016342665,0.290455016342665,0.290455016342665,0.290455016342665,0.290455016342665,0.290455016342665
1991-11-17,0.281353093002369,0.281353093002369,0.281353093002369,0.281353093002369,0.281353093002369,0.281353093002369,0.281353093002369,0.281353093002369,0.281353093002369,0.281353093002369,0.281353093002369,0.281353093002369,0.281353093002369,0.281353093002369,0.281353093002369
1991-11-18,0.08765468374761452,0.08765468374761452,0.08765468374761452,0.08765468374761452,0.08765468374761452,0.08765468374761452,0.08765468374761452,0.08765468374761452,0.08765468374761452,0.08765468374761452,0.08765468374761452,0.08765468374761452,0.08765468374761452,0.08765468374761452,0.08765468374761452
1991-11-19,-0.08118108072621741,-0.08118108072621741,-0.08118108072621741,-0.08118108072621741,-0.08118108072621741,-0.08118108072621741,-0.08118108072621741,-0.08118108072621741,-0.08118108072621741,-0.08118108072621741,-0.08118108072621741,-0.08118108072621741,-0.08118108072621741,-0.08118108072621741,-0.08118108072621741
1991-11-20,-0.46418780193685577,-0.46418780193685577,-0.46418780193685577,-0.46418780193685577,-0.46418780193685577,-0.46418780193685577,-0.46418780193685577,-0.46418780193685577,-0.46418780193685577,-0.46418780193685577,-0.46418780193685577,-0.46418780193685577,-0.46418780193685577,-0.46418780193685577,-0.46418780193685577
1991-11-21,-0.565267986193403,-0.565267986193403,-0.565267986193403,-0.565267986193403,-0.565267986193403,-0.565267986193403,-0.565267986193403,-0.565267986193403,-0.565267986193403,-0.565267986193403,-0.565267986193403,-0.565267986193403,-0.565267986193403,-0.565267986193403,-0.565267986193403
1991-11-22,-0.3661420187824306,-0.3661420187824306,-0.3661420187824306,-0.3661420187824306,-0.3661420187824306,-0.3661420187824306,-0.3661420187824306,-0.3661420187824306,-0.3661420187824306,-0.3661420187824306,-0.3661420187824306,-0.3661420187824306,-0.3661420187824306,-0.3661420187824306,-0.3661420187824306
1991-11-23,-0.05149937606303925,-0.05149937606303925,-0.05149937606303925,-0.05149937606303925,-0.05149937606303925,-0.05149937606303925,-0.05149937606303925,-0.05149937606303925,-0.05149937606303925,-0.05149937606303925,-0.05149937606303925,-0.05149937606303925,-0.05149937606303925,-0.05149937606303925,-0.05149937606303925
1991-11-24,0.14596516680870839,0.14596516680870839,0.14596516680870839,0.14596516680870839,0.14596516680870839,0.14596516680870839,0.14596516680870839,0.14596516680870839,0.14596516680870839,0.14596516680870839,0.14596516680870839,0.14596516680870839,0.14596516680870839,0.14596516680870839,0.14596516680870839
1991-11-25,0.24187488387509967,0.24187488387509967,0.24187488387509967,0.24187488387509967,0.24187488387509967,0.24187488387509967,0.24187488387509967,0.24187488387509967,0.24187488387509967,0.24187488387509967,0.24187488387509967,0.24187488387509967,0.24187488387509967,0.24187488387509967,0.24187488387509967
1991-11-26,0.47679546445484744,0.47679546445484744,0.47679546445484744,0.47679546445484744,0.47679546445484744,0.47679546445484744,0.47679546445484744,0.47679546445484744,0.47679546445484744,0.47679546445484744,0.47679546445484744,0.47679546445484744,0.47679546445484744,0.47679546445484744,0.47679546445484744
1991-11-27,0.8688861820839603,0.8688861820839603,0.8688861820839603,0.8688861820839603,0.8688861820839603,0.8688861820839603,0.8688861820839603,0.8688861820839603,0.8688861820839603,0.8688861820839603,0.8688861820839603,0.8688861820839603,0.8688861820839603,0.8688861820839603,0.8688861820839603
1991-11-28,0.9539754331986848,0.9539754331986848,0.9539754331986848,0.9539754331986848,0.9539754331986848,0.9539754331986848,0.9539754331986848,0.9539754331986848,0.9539754331986848,0.9539754331986848,0.9539754331986848,0.9539754331986848,0.9539754331986848,0.9539754331986848,0.9539754331986848
1991-11-29,0.887268856856165,0.887268856856165,0.887268856856165,0.887268856856165,0.887268856856165,0.887268856856165,0.887268856856165,0.887268856856165,0.887268856856165,0.887268856856165,0.887268856856165,0.887268856856165,0.887268856856165,0.887268856856165,0.887268856856165
1991-11-30,0.8575695763181965,0.8575695763181965,0.8575695763181965,0.8575695763181965,0.8575695763181965,0.8575695763181965,0.8575695763181965,0.8575695763181965,0.8575695763181965,0.8575695763181965,0.8575695763181965,0.8575695763181965,0.8575695763181965,0.8575695763181965,0.8575695763181965
1991-12-01,0.9575443390111184,0.9575443390111184,0.9575443390111184,0.9575443390111184,0.9575443390111184,0.9575443390111184,0.9575443390111184,0.9575443390111184,0.9575443390111184,0.9575443390111184,0.9575443390111184,0.9575443390111184,0.9575443390111184,0.9575443390111184,0.9575443390111184
1991-12-02,0.8317242350278801,0.8317242350278801,0.8317242350278801,0.8317242350278801,0.8317242350278801,0.8317242350278801,0.8317242350278801,0.8317242350278801,0.8317242350278801,0.8317242350278801,0.8317242350278801,0.8317242350278801,0.8317242350278801,0.8317242350278801,0.8317242350278801
1991-12-03,0.8840746534878812,0.8840746534878812,0.8840746534878812,0.8840746534878812,0.8840746534878812,0.8840746534878812,0.8840746534878812,0.8840746534878812,0.8840746534878812,0.8840746534878812,0.8840746534878812,0.8840746534878812,0.8840746534878812,0.8840746534878812,0.8840746534878812
1991-12-04,1.1171633723899763,1.1171633723899763,1.1171633723899763,1.1171633723899763,1.1171633723899763,1.1171633723899763,1.1171633723899763,1.1171633723899763,1.1171633723899763,1.1171633723899763,1.1171633723899763,1.1171633723899763,1.1171633723899763,1.1171633723899763,1.1171633723899763
1991-12-05,1.2311236554870797,1.2311236554870797,1.2311236554870797,1.2311236554870797,1.2311236554870797,1.2311236554870797,1.2311236554870797,1.2311236554870797,1.2311236554870797,1.2311236554870797,1.2311236554870797,1.2311236554870797,1.2311236554870797,1.2311236554870797,1.2311236554870797
1991-12-06,0.9629374804413022,0.9629374804413022,0.9629374804413022,0.9629374804413022,0.9629374804413022,0.9629374804413022,0.9629374804413022,0.9629374804413022,0.9629374804413022,0.9629374804413022,0.9629374804413022,0.9629374804413022,0.9629374804413022,0.9629374804413022,0.9629374804413022
1991-12-07,1.1395054241197844,1.1395054241197844,1.1395054241197844,1.1395054241197844,1.1395054241197844,1.1395054241197844,1.1395054241197844,1.1395054241197844,1.1395054241197844,1.1395054241197844,1.1395054241197844,1.1395054241197844,1.1395054241197844,1.1395054241197844,1.1395054241197844
1991-12-08,1.3477625394840032,1.3477625394840032,1.3477625394840032,1.3477625394840032,1.3477625394840032,1.3477625394840032,1.3477625394840032,1.3477625394840032,1.3477625394840032,1.3477625394840032,1.3477625394840032,1.3477625394840032,1.3477625394840032,1.3477625394840032,1.3477625394840032
1991-12-09,1.4484602143091283,1.4484602143091283,1.4484602143091283,1.4484602143091283,1.4484602143091283,1.4484602143091283,1.4484602143091283,1.4484602143091283,1.4484602143091283,1.4484602143091283,1.4484602143091283,1.4484602143091283,1.4484602143091283,1.4484602143091283,1.4484602143091283
1991-12-10,1.5347913803108486,1.5347913803108486,1.5347913803108486,1.5347913803108486,1.5347913803108486,1.5347913803108486,1.5347913803108486,1.5347913803108486,1.5347913803108486,1.5347913803108486,1.5347913803108486,1.5347913803108486,1.5347913803108486,1.5347913803108486,1.5347913803108486
1991-12-11,1.3400812891403318,1.3400812891403318,1.3400812891403318,1.3400812891403318,1.3400812891403318,1.3400812891403318,1.3400812891403318,1.3400812891403318,1.3400812891403318,1.3400812891403318,1.3400812891403318,1.3400812891403318,1.3400812891403318,1.3400812891403318,1.3400812891403318
1991-12-12,1.2217519189835004,1.2217519189835004,1.2217519189835004,1.2217519189835004,1.2217519189835004,1.2217519189835004,1.2217519189835004,1.2217519189835004,1.2217519189835004,1.2217519189835004,1.2217519189835004,1.2217519189835004,1.2217519189835004,1.2217519189835004,1.2217519189835004
1991-12-13,0.6616940916801516,0.6616940916801516,0.6616940916801516,0.6616940916801516,0.6616940916801516,0.6616940916801516,0.6616940916801516,0.6616940916801516,0.6616940916801516,0.6616940916801516,0.6616940916801516,0.6616940916801516,0.6616940916801516,0.6616940916801516,0.6616940916801516
1991-12-14,0.28172247439111586,0.28172247439111586,0.28172247439111586,0.28172247439111586,0.28172247439111586,0.28172247439111586,0.28172247439111586,0.28172247439111586,0.28172247439111586,0.28172247439111586,0.28172247439111586,0.28172247439111586,0.28172247439111586,0.28172247439111586,0.28172247439111586
1991-12-15,-0.13224548261477131,-0.13224548261477131,-0.13224548261477131,-0.13224548261477131,-0.13224548261477131,-0.13224548261477131,-0.13224548261477131,-0.13224548261477131,-0.13224548261477131,-0.13224548261477131,-0.13224548261477131,-0.13224548261477131,-0.13224548261477131,-0.13224548261477131,-0.13224548261477131
1991-12-16,-0.48324360650593035,-0.48324360650593035,-0.48324360650593035,-0.48324360650593035,-0.48324360650593035,-0.48324360650593035,-0.48324360650593035,-0.48324360650593035,-0.48324360650593035,-0.48324360650593035,-0.48324360650593035,-0.48324360650593035,-0.48324360650593035,-0.48324360650593035,-0.48324360650593035
1991-12-17,-0.7690438295739311,-0.7690438295739311,-0.7690438295739311,-0.7690438295739311,-0.7690438295739311,-0.7690438295739311,-0.7690438295739311,-0.7690438295739311,-0.7690438295739311,-0.7690438295739311,-0.7690438295739311,-0.7690438295739311,-0.7690438295739311,-0.7690438295739311,-0.7690438295739311
1991-12-18,-1.2637081625772275,-1.2637081625772275,-1.2637081625772275,-1.2637081625772275,-1.2637081625772275,-1.2637081625772275,-1.2637081625772275,-1.2637081625772275,-1.2637081625772275,-1.2637081625772275,-1.2637081625772275,-1.2637081625772275,-1.2637081625772275,-1.2637081625772275,-1.2637081625772275
1991-12-19,-1.5513354492792966,-1.5513354492792966,-1.5513354492792966,-1.5513354492792966,-1.5513354492792966,-1.5513354492792966,-1.5513354492792966,-1.5513354492792966,-1.5513354492792966,-1.5513354492792966,-1.5513354492792966,-1.5513354492792966,-1.5513354492792966,-1.5513354492792966,-1.5513354492792966
1991-12-20,-1.8431472041353756,-1.8431472041353756,-1.8431472041353756,-1.8431472041353756,-1.8431472041353756,-1.8431472041353756,-1.8431472041353756,-1.8431472041353756,-1.8431472041353756,-1.8431472041353756,-1.8431472041353756,-1.8431472041353756,-1.8431472041353756,-1.8431472041353756,-1.8431472041353756
1991-12-21,-2.1456014938172188,-2.1456014938172188,-2.1456014938172188,-2.1456014938172188,-2.1456014938172188,-2.1456014938172188,-2.1456014938172188,-2.1456014938172188,-2.1456014938172188,-2.1456014938172188,-2.1456014938172188,-2.1456014938172188,-2.1456014938172188,-2.1456014938172188,-2.1456014938172188
1991-12-22,-2.3839334774916465,-2.3839334774916465,-2.3839334774916465,-2.3839334774916465,-2.3839334774916465,-2.3839334774916465,-2.3839334774916465,-2.3839334774916465,-2.3839334774916465,-2.3839334774916465,-2.3839334774916465,-2.3839334774916465,-2.3839334774916465,-2.3839334774916465,-2.3839334774916465
1991-12-23,-2.3079392594332298,-2.3079392594332298,-2.3079392594332298,-2.3079392594332298,-2.3079392594332298,-2.3079392594332298,-2.3079392594332298,-2.3079392594332298,-2.3079392594332298,-2.3079392594332298,-2.3079392594332298,-2.3079392594332298,-2.3079392594332298,-2.3079392594332298,-2.3079392594332298
1991-12-24,-2.246355974715725,-2.246355974715725,-2.246355974715725,-2.246355974715725,-2.246355974715725,-2.246355974715725,-2.246355974715725,-2.246355974715725,-2.246355974715725,-2.246355974715725,-2.246355974715725,-2.246355974715725,-2.246355974715725,-2.246355974715725,-2.246355974715725
1991-12-25,-1.8779042304992708,-1.8779042304992708,-1.8779042304992708,-1.8779042304992708,-1.8779042304992708,-1.8779042304992708,-1.8779042304992708,-1.8779042304992708,-1.8779042304992708,-1.8779042304992708,-1.8779042304992708,-1.8779042304992708,-1.8779042304992708,-1.8779042304992708,-1.8779042304992708
1991-12-26,-1.7440283317775453,-1.7440283317775453,-1.7440283317775453,-1.7440283317775453,-1.7440283317775453,-1.7440283317775453,-1.7440283317775453,-1.7440283317775453,-1.7440283317775453,-1.7440283317775453,-1.7440283317775453,-1.7440283317775453,-1.7440283317775453,-1.7440283317775453,-1.7440283317775453
1991-12-27,-1.5040537932274034,-1.5040537932274034,-1.5040537932274034,-1.5040537932274034,-1.5040537932274034,-1.5040537932274034,-1.5040537932274034,-1.5040537932274034,-1.5040537932274034,-1.5040537932274034,-1.5040537932274034,-1.5040537932274034,-1.5040537932274034,-1.5040537932274034,-1.5040537932274034
1991-12-28,-1.1993228541992054,-1.1993228541992054,-1.1993228541992054,-1.1993228541992054,-1.1993228541992054,-1.1993228541992054,-1.1993228541992054,-1.1993228541992054,-1.1993228541992054,-1.1993228541992054,-1.1993228541992054,-1.1993228541992054,-1.1993228541992054,-1.1993228541992054,-1.1993228541992054
1991-12-29,-0.9897102177701597,-0.9897102177701597,-0.9897102177701597,-0.9897102177701597,-0.9897102177701597,-0.9897102177701597,-0.9897102177701597,-0.9897102177701597,-0.9897102177701597,-0.9897102177701597,-0.9897102177701597,-0.9897102177701597,-0.9897102177701597,-0.9897102177701597,-0.9897102177701597
1991-12-30,-0.6357221939552317,-0.6357221939552317,-0.6357221939552317,-0.6357221939552317,-0.6357221939552317,-0.6357221939552317,-0.6357221939552317,-0.6357221939552317,-0.6357221939552317,-0.6357221939552317,-0.6357221939552317,-0.6357221939552317,-0.6357221939552317,-0.6357221939552317,-0.6357221939552317
1991-12-31,-0.5119263926699178,-0.5119263926699178,-0.5119263926699178,-0.5119263926699178,-0.5119263926699178,-0.5119263926699178,-0.5119263926699178,-0.5119263926699178,-0.5119263926699178,-0.5119263926699178,-0.5119263926699178,-0.5119263926699178,-0.5119263926699178,-0.5119263926699178,-0.5119263926699178
1992-01-01,0.07001075683870053,0.07001075683870053,0.07001075683870053,0.07001075683870053,0.07001075683870053,0.07001075683870053,0.07001075683870053,0.07001075683870053,0.07001075683870053,0.07001075683870053,0.07001075683870053,0.07001075683870053,0.07001075683870053,0.07001075683870053,0.07001075683870053
1992-01-02,0.2320635800532389,0.2320635800532389,0.2320635800532389,0.2320635800532389,0.2320635800532389,0.2320635800532389,0.2320635800532389,0.2320635800532389,0.2320635800532389,0.2320635800532389,0.2320635800532389,0.2320635800532389,0.2320635800532389,0.2320635800532389,0.2320635800532389
1992-01-03,0.3693809738517886,0.3693809738517886,0.3693809738517886,0.3693809738517886,0.3693809738517886,0.3693809738517886,0.3693809738517886,0.3693809738517886,0.3693809738517886,0.3693809738517886,0.3693809738517886,0.3693809738517886,0.3693809738517886,0.3693809738517886,0.3693809738517886
1992-01-04,0.45291252197909015,0.45291252197909015,0.45291252197909015,0.45291252197909015,0.45291252197909015,0.45291252197909015,0.45291252197909015,0.45291252197909015,0.45291252197909015,0.45291252197909015,0.45291252197909015,0.45291252197909015,0.45291252197909015,0.45291252197909015,0.45291252197909015
1992-01-05,0.7938539342493934,0.7938539342493934,0.7938539342493934,0.7938539342493934,0.7938539342493934,0.7938539342493934,0.7938539342493934,0.7938539342493934,0.7938539342493934,0.7938539342493934,0.7938539342493934,0.7938539342493934,0.7938539342493934,0.7938539342493934,0.7938539342493934
1992-01-06,0.7845000136003083,0.7845000136003083,0.7845000136003083,0.7845000136003083,0.7845000136003083,0.7845000136003083,0.7845000136003083,0.7845000136003083,0.7845000136003083,0.7845000136003083,0.7845000136003083,0.7845000136003083,0.7845000136003083,0.7845000136003083,0.7845000136003083
1992-01-07,0.911849495928205,0.911849495928205,0.911849495928205,0.911849495928205,0.911849495928205,0.911849495928205,0.911849495928205,0.911849495928205,0.911849495928205,0.911849495928205,0.911849495928205,0.911849495928205,0.911849495928205,0.911849495928205,0.911849495928205
1992-01-08,1.207997450767517,1.207997450767517,1.207997450767517,1.207997450767517,1.207997450767517,1.207997450767517,1.207997450767517,1.207997450767517,1.207997450767517,1.207997450767517,1.207997450767517,1.207997450767517,1.207997450767517,1.207997450767517,1.207997450767517
1992-01-09,1.5811176449443476,1.5811176449443476,1.5811176449443476,1.5811176449443476,1.5811176449443476,1.5811176449443476,1.5811176449443476,1.5811176449443476,1.5811176449443476,1.5811176449443476,1.5811176449443476,1.5811176449443476,1.5811176449443476,1.5811176449443476,1.5811176449443476
1992-01-10,1.7075780192646783,1.7075780192646783,1.7075780192646783,1.7075780192646783,1.7075780192646783,1.7075780192646783,1.7075780192646783,1.7075780192646783,1.7075780192646783,1.7075780192646783,1.7075780192646783,1.7075780192646783,1.7075780192646783,1.7075780192646783,1.7075780192646783
1992-01-11,1.7593640411576525,1.7593640411576525,1.7593640411576525,1.7593640411576525,1.7593640411576525,1.7593640411576525,1.7593640411576525,1.7593640411576525,1.7593640411576525,1.7593640411576525,1.7593640411576525,1.7593640411576525,1.7593640411576525,1.7593640411576525,1.7593640411576525
1992-01-12,1.9174517206168489,1.9174517206168489,1.9174517206168489,1.9174517206168489,1.9174517206168489,1.9174517206168489,1.9174517206168489,1.9174517206168489,1.9174517206168489,1.9174517206168489,1.9174517206168489,1.9174517206168489,1.9174517206168489,1.9174517206168489,1.9174517206168489
1992-01-13,1.9020590116540108,1.9020590116540108,1.9020590116540108,1.9020590116540108,1.9020590116540108,1.9020590116540108,1.9020590116540108,1.9020590116540108,1.9020590116540108,1.9020590116540108,1.9020590116540108,1.9020590116540108,1.9020590116540108,1.9020590116540108,1.9020590116540108
1992-01-14,1.512724390932234,1.512724390932234,1.512724390932234,1.512724390932234,1.512724390932234,1.512724390932234,1.512724390932234,1.512724390932234,1.512724390932234,1.512724390932234,1.512724390932234,1.512724390932234,1.512724390932234,1.512724390932234,1.512724390932234
1992-01-15,1.2584532270297981,1.2584532270297981,1.2584532270297981,1.2584532270297981,1.2584532270297981,1.2584532270297981,1.2584532270297981,1.2584532270297981,1.2584532270297981,1.2584532270297981,1.2584532270297981,1.2584532270297981,1.2584532270297981,1.2584532270297981,1.2584532270297981
1992-01-16,1.3498836872311244,1.3498836872311244,1.3498836872311244,1.3498836872311244,1.3498836872311244,1.3498836872311244,1.3498836872311244,1.3498836872311244,1.3498836872311244,1.3498836872311244,1.3498836872311244,1.3498836872311244,1.3498836872311244,1.3498836872311244,1.3498836872311244
1992-01-17,1.2288741623112136,1.2288741623112136,1.2288741623112136,1.2288741623112136,1.2288741623112136,1.2288741623112136,1.2288741623112136,1.2288741623112136,1.2288741623112136,1.2288741623112136,1.2288741623112136,1.2288741623112136,1.2288741623112136,1.2288741623112136,1.2288741623112136
1992-01-18,0.9451270134786055,0.9451270134786055,0.9451270134786055,0.9451270134786055,0.9451270134786055,0.9451270134786055,0.9451270134786055,0.9451270134786055,0.9451270134786055,0.9451270134786055,0.9451270134786055,0.9451270134786055,0.9451270134786055,0.9451270134786055,0.9451270134786055
1992-01-19,0.6663241091978144,0.6663241091978144,0.6663241091978144,0.6663241091978144,0.6663241091978144,0.6663241091978144,0.6663241091978144,0.6663241091978144,0.6663241091978144,0.6663241091978144,0.6663241091978144,0.6663241091978144,0.6663241091978144,0.6663241091978144,0.6663241091978144
1992-01-20,0.682021314404188,0.682021314404188,0.682021314404188,0.682021314404188,0.682021314404188,0.682021314404188,0.682021314404188,0.682021314404188,0.682021314404188,0.682021314404188,0.682021314404188,0.682021314404188,0.682021314404188,0.682021314404188,0.682021314404188
1992-01-21,0.4141186069869303,0.4141186069869303,0.4141186069869303,0.4141186069869303,0.4141186069869303,0.4141186069869303,0.4141186069869303,0.4141186069869303,0.4141186069869303,0.4141186069869303,0.4141186069869303,0.4141186069869303,0.4141186069869303,0.4141186069869303,0.4141186069869303
1992-01-22,0.3722287872016631,0.3722287872016631,0.3722287872016631,0.3722287872016631,0.3722287872016631,0.3722287872016631,0.3722287872016631,0.3722287872016631,0.3722287872016631,0.3722287872016631,0.3722287872016631,0.3722287872016631,0.3722287872016631,0.3722287872016631,0.3722287872016631
1992-01-23,0.5465272091825286,0.5465272091825286,0.5465272091825286,0.5465272091825286,0.5465272091825286,0.5465272091825286,0.5465272091825286,0.5465272091825286,0.5465272091825286,0.5465272091825286,0.5465272091825286,0.5465272091825286,0.5465272091825286,0.5465272091825286,0.5465272091825286
1992-01-24,0.6163933768724452,0.6163933768724452,0.6163933768724452,0.6163933768724452,0.6163933768724452,0.6163933768724452,0.6163933768724452,0.6163933768724452,0.6163933768724452,0.6163933768724452,0.6163933768724452,0.6163933768724452,0.6163933768724452,0.6163933768724452,0.6163933768724452
1992-01-25,0.4688580315081639,0.4688580315081639,0.4688580315081639,0.4688580315081639,0.4688580315081639,0.4688580315081639,0.4688580315081639,0.4688580315081639,0.4688580315081639,0.4688580315081639,0.4688580315081639,0.4688580315081639,0.4688580315081639,0.4688580315081639,0.4688580315081639
1992-01-26,-0.0007578211731653108,-0.0007578211731653108,-0.0007578211731653108,-0.0007578211731653108,-0.0007578211731653108,-0.0007578211731653108,-0.0007578211731653108,-0.0007578211731653108,-0.0007578211731653108,-0.0007578211731653108,-0.0007578211731653108,-0.0007578211731653108,-0.0007578211731653108,-0.0007578211731653108,-0.0007578211731653108
1992-01-27,-0.278024090465284,-0.278024090465284,-0.278024090465284,-0.278024090465284,-0.278024090465284,-0.278024090465284,-0.278024090465284,-0.278024090465284,-0.278024090465284,-0.278024090465284,-0.278024090465284,-0.278024090465284,-0.278024090465284,-0.278024090465284,-0.278024090465284
1992-01-28,-0.696339904780199,-0.696339904780199,-0.696339904780199,-0.696339904780199,-0.696339904780199,-0.696339904780199,-0.696339904780199,-0.696339904780199,-0.696339904780199,-0.696339904780199,-0.696339904780199,-0.696339904780199,-0.696339904780199,-0.696339904780199,-0.696339904780199
1992-01-29,-0.8854831802016822,-0.8854831802016822,-0.8854831802016822,-0.8854831802016822,-0.8854831802016822,-0.8854831802016822,-0.8854831802016822,-0.8854831802016822,-0.8854831802016822,-0.8854831802016822,-0.8854831802016822,-0.8854831802016822,-0.8854831802016822,-0.8854831802016822,-0.8854831802016822
1992-01-30,-0.9484300609116987,-0.9484300609116987,-0.9484300609116987,-0.9484300609116987,-0.9484300609116987,-0.9484300609116987,-0.9484300609116987,-0.9484300609116987,-0.9484300609116987,-0.9484300609116987,-0.9484300609116987,-0.9484300609116987,-0.9484300609116987,-0.9484300609116987,-0.9484300609116987
1992-01-31,-0.9485541962485166,-0.9485541962485166,-0.9485541962485166,-0.9485541962485166,-0.9485541962485166,-0.9485541962485166,-0.9485541962485166,-0.9485541962485166,-0.9485541962485166,-0.9485541962485166,-0.9485541962485166,-0.9485541962485166,-0.9485541962485166,-0.9485541962485166,-0.9485541962485166
1992-02-01,-1.105715175468406,-1.105715175468406,-1.105715175468406,-1.105715175468406,-1.105715175468406,-1.105715175468406,-1.105715175468406,-1.105715175468406,-1.105715175468406,-1.105715175468406,-1.105715175468406,-1.105715175468406,-1.105715175468406,-1.105715175468406,-1.105715175468406
1992-02-02,-1.143911105628961,-1.143911105628961,-1.143911105628961,-1.143911105628961,-1.143911105628961,-1.143911105628961,-1.143911105628961,-1.143911105628961,-1.143911105628961,-1.143911105628961,-1.143911105628961,-1.143911105628961,-1.143911105628961,-1.143911105628961,-1.143911105628961
1992-02-03,-1.1155453945476679,-1.1155453945476679,-1.1155453945476679,-1.1155453945476679,-1.1155453945476679,-1.1155453945476679,-1.1155453945476679,-1.1155453945476679,-1.1155453945476679,-1.1155453945476679,-1.1155453945476679,-1.1155453945476679,-1.1155453945476679,-1.1155453945476679,-1.1155453945476679
1992-02-04,-0.9768904331047171,-0.9768904331047171,-0.9768904331047171,-0.9768904331047171,-0.9768904331047171,-0.9768904331047171,-0.9768904331047171,-0.9768904331047171,-0.9768904331047171,-0.9768904331047171,-0.9768904331047171,-0.9768904331047171,-0.9768904331047171,-0.9768904331047171,-0.9768904331047171
1992-02-05,-0.9133949239407939,-0.9133949239407939,-0.9133949239407939,-0.9133949239407939,-0.9133949239407939,-0.9133949239407939,-0.9133949239407939,-0.9133949239407939,-0.9133949239407939,-0.9133949239407939,-0.9133949239407939,-0.9133949239407939,-0.9133949239407939,-0.9133949239407939,-0.9133949239407939
1992-02-06,-0.8212087526377672,-0.8212087526377672,-0.8212087526377672,-0.8212087526377672,-0.8212087526377672,-0.8212087526377672,-0.8212087526377672,-0.8212087526377672,-0.8212087526377672,-0.8212087526377672,-0.8212087526377672,-0.8212087526377672,-0.8212087526377672,-0.8212087526377672,-0.8212087526377672
1992-02-07,-0.6144749669150296,-0.6093880841409306,-0.5657404649300604,-0.5959707797452929,-0.5716165276815045,-0.6037049263295672,-0.6265375187999067,-0.7000967569763712,-0.515443635733734,-0.6730106953029651,-0.5455007506076481,-0.6645871872575589,-0.5661042409783821,-0.6296359017690548,-0.6434823362547993
1992-02-08,-0.7968495111646782,-0.8848357964846126,-0.9105733936773739,-0.45596101732267297,-0.7269566775673599,-0.9360832136794648,-0.9237588951336514,-0.75633416084026,-0.6872871105979907,-0.8451871885281049,-0.877533531802209,-0.767357301795367,-0.5075416789179031,-0.8346267500765581,-0.7941639982013843
1992-02-09,-1.0147936867510432,-1.1320315261979172,-0.9190082707747017,-0.4333915091081841,-0.9944583084019387,-1.283873361665226,-1.2146597802378942,-0.6498598770721833,-0.7063704546541842,-1.0109229120566223,-0.8893553630104614,-1.0390670956100776,-0.48339937908786446,-0.9370100267146976,-0.9787288281562465
1992-02-10,-0.8595339643138965,-1.139304557503578,-0.7402916597796405,-0.35097563266681286,-0.9258471223985928,-1.0744237831040828,-0.9471624906561302,-0.3343001693497711,-0.5423865291343548,-0.8772106297206338,-0.8571457611502273,-1.0232855053442051,-0.36747068417116174,-0.8085232382587987,-0.8459493969217269
1992-02-11,-0.8056431384223969,-1.2445828069102138,-0.6590791192773328,-0.336765619163313,-1.070992870929218,-1.0778075727804923,-0.9193042755431132,-0.301889240436363,-0.6566472770131372,-0.5512440263741819,-0.8656557137821563,-1.2082655484323952,-0.38774999473533206,-0.8213644309737214,-0.6122477382707083
1992-02-12,-0.6444379542804214,-1.0424467531696056,-0.4786707995322488,-0.24590927825933653,-0.8394657225003389,-0.8187808706528344,-0.7565610295292096,-0.19799290823416404,-0.4641421132065875,-0.06402442129855475,-0.8178320491227197,-1.0912017046263607,-0.0343190125724336,-0.6709878981058021,-0.36101276749471195
1992-02-13,-0.3124775272638475,-0.581566181411983,0.062028640316210464,0.1910008014420658,-0.2934596343286441,-0.5243083608202918,-0.37263153767053725,0.02136035853866091,-0.11964435773313908,-0.0719908983299531,-0.49609992159258165,-0.8363125301662104,0.2758100149293739,-0.5591876630372122,-0.002328854397252637
1992-02-14,-0.0019706318258544448,-0.24225043708561747,0.18509184151448568,0.47133657290079034,0.014905244322910105,-0.2445230839995683,-0.11154563333611499,0.10446014302217065,0.002973742154751274,0.06292115201871544,-0.248345982457894,-0.5844346292168481,0.32092281241713644,-0.5263005701493069,0.2269089316189196
1992-02-15,-0.14975861072696753,-0.14552698123964353,0.08527820132460609,0.6274416537753191,0.14702108145835016,-0.21670819905981376,-0.005398355498458187,0.21925423310787323,-0.03745417637980685,0.08953814586874911,-0.3508109736538331,-0.5570468370340204,0.4962356089901785,-0.682313868827433,0.23794422305629398
1992-02-16,-0.23148789572941958,0.005502640541830709,-0.014723406832320002,0.6160998518008051,0.07804882377616326,-0.2844811389115922,-0.026952338019847304,0.14126893004643964,-0.3242064036200489,0.3140573607357675,-0.3898131448573234,-0.7873893762494252,0.27798729345512563,-0.8711602133206053,0.2416689440483586
1992-02-17,-0.06559833930719192,0.1644811361033047,0.09196805869334682,0.635297761288081,0.09191747403696414,0.2836155627190277,-0.09031256876639283,0.41696444186291426,-0.5718453659608655,0.9631097026346293,-0.16164451226518195,-1.066248615845241,0.3459380020766613,-0.6572893771796952,0.3867057362039507
1992-02-18,0.05028795857759121,0.5283706315268765,0.03923645390335713,0.588871185994209,0.19676630530395894,0.44062003973527714,-0.11819416388874085,0.23014029970588512,-0.8351928629461803,1.0601510490464365,-0.047432282297702875,-1.37458763555314,0.46380802910888486,-0.5333280674464368,0.4350258996276821
1992-02-19,0.17033800256999415,0.8430532028919363,0.12165410180302945,0.6667077670090142,-0.037111480900975435,0.3028594326236112,0.22409676185426017,-0.22740057185597715,-0.7494372817749894,1.0118074209483474,-0.025281173710755292,-1.376457767190599,0.5852204540401486,-0.6798038731278727,0.6247259132840005
1992-02-20,0.18223502894014387,1.2696733623740937,0.07692169662571688,0.7738252672994281,-0.21651406773798731,0.5382505225662976,0.47146384776776185,-0.47237010714051686,-0.7906612205957789,0.8350702579454272,-0.1035339078468008,-1.3576878114518371,0.442404150203747,-0.7463926323099569,0.4344519691873924
1992-02-21,0.14626854728568628,1.5210724155871278,0.21141251461599309,0.6454446918349351,-0.059697247488777194,1.0470380823439374,0.5102870813754062,-0.5711636425520621,-0.654649270934702,1.1556574453749218,-0.12060689694707345,-1.2965246495471432,0.13656649268824927,-0.7767593471138641,0.33088281285489474
1992-02-22,0.2369869551579095,1.815809212420554,0.1290173144513375,0.5835292833979936,0.2680210397703685,1.188857161284369,0.4948765036224332,-0.4795911401413217,-0.910081905754925,1.22782194151082,-0.04229220915743775,-1.2012295294189153,-0.0009746279504639867,-0.9973760410873731,0.2189885153787584
1992-02-23,0.292877252940287,2.2064387818282567,0.05765044778599784,0.6477264066323369,0.2918200623732727,1.0251530979091557,0.6388287364048183,-0.7364154618475732,-1.0208137991868262,0.5681605160164432,-0.047523726790343876,-1.2877847156666624,-0.05719221627389879,-0.47896590085736634,0.2788161200701082
1992-02-24,0.26773988748980687,2.328942531636081,0.26986763102114625,0.8018823011210146,0.1929296660294609,1.048102928244758,1.0265793780791028,-0.8382047839414901,-1.0703023295894138,0.20393100130566175,-0.062128915269538745,-1.2151740183165876,-0.2342546532937566,-0.29255172017821235,0.30612836144460914
1992-02-25,0.3161133246228703,2.183137867704291,0.47388573208385826,0.8912667077238196,-0.11996807743686623,1.102162610459628,1.2128511905682693,-0.7943538047643599,-1.0121702981015248,0.049855282074612414,0.14033502220905253,-0.8830308224918165,-0.37581660034932207,-0.1063407588030379,0.45957675956843913
1992-02-26,0.36335421628590125,2.013402739684026,0.6549914724714615,0.8598088476876466,-0.17474998052965968,1.1281050021993502,1.3224643309565831,-0.4007506851340347,-0.9285753847566505,0.07903697476032377,0.4452327333425436,-0.6845155078283742,-0.3491490894238517,0.28365562648806625,0.6237770318653251
1992-02-27,0.3669868101571434,1.764066988833064,0.6643807083647665,1.1813195714631475,-0.3749451001135314,0.8935760705766,1.2470038013265663,-0.20979395934558664,-0.7911111992522961,0.24241512527872425,0.5260078803446393,-0.5403272193578798,-0.21654196669898515,0.41274297759039386,0.7327569133652994
1992-02-28,0.5969339196818852,1.2222932643270366,0.45202080370267933,1.3804900835215612,-0.6127320275094368,0.9812045008166237,1.300300479272226,0.04758121821317705,-0.8068995396096197,0.07967656259560195,0.4046027271068381,-0.2987703337896625,-0.44537878634054334,0.5830545593822779,0.9337333070367252
1992-02-29,0.5619176589366096,0.7578373635621549,0.5501543829291925,1.2775702221524043,-0.7440212031117932,0.7759591499200971,1.1733946552025794,0.12834749155259878,-0.8928638610497237,-0.04227775393381234,0.45276569957524815,-0.15807695447281392,-0.37922294086558844,0.6095874869005393,0.8160116181995061
1992-03-01,0.45711786012476796,0.5365435240152441,0.8539241512220794,1.3959798698099892,-0.6441977347789847,0.6437290233085647,0.7473053032725939,0.5696434914586681,-0.6779360237373322,0.2600957163697667,0.6310565088012795,0.11656585746373706,-0.38068939254366607,0.7965036115468258,0.9288417552446362
1992-03-02,0.20498250810789223,0.12058057214054249,0.9999427900539841,1.5526804553595637,-0.7736076923971433,0.70703368354704,0.17349043176040088,0.7573203955210432,-0.5315683147138522,0.2963883921891695,0.7291834814244088,0.1898705913746399,-0.07535821150266943,0.6592394810034171,0.9783306674406874
1992-03-03,0.07233384553201912,-0.055971662743932935,1.141557474827518,1.5650435735401993,-1.2933602225021745,0.9118606206569692,-0.3910732832644504,0.8752892626860241,-0.5089951002938813,0.37045390277176843,0.9040334871281718,0.3241780905457703,0.21858928903131575,0.6826966304283043,0.7662445238581631
1992-03-04,-0.10517335260731295,-0.3164464137063766,1.1542776713021201,1.674140300852188,-1.302237845947131,0.8570260149902917,-0.866881863461259,1.0528093714785975,-0.6657436199547628,0.1542750800529237,0.9724354498873052,0.3124175778422394,0.5158454663205456,0.9042784966866277,0.6387023559625791
1992-03-05,-0.34562470134956447,-0.44531239768829944,1.34828263236736,1.6727252786068734,-1.1849263675638084,0.7391529038453585,-1.305826671170915,1.2904174214994704,-0.8795994671583099,-0.0676963776608517,0.9657206964818548,0.24528612900163196,0.44895558237363753,0.7103479382209981,0.47155070441901736
1992-03-06,-0.33026664270110534,-0.33020537111085496,0.9578723395885174,1.6253599034970965,-0.9085615364182812,0.5426103520111133,-1.62406807244347,1.2242804278716295,-1.0598168798534684,-0.4520629875634854,0.9846161013778146,0.5933864171419914,0.4466889196586305,0.554673827673317,0.25939465285191243
1992-03-07,-0.26985029730189597,-0.27471162020060375,0.43929849307323376,1.5030118246632267,-0.8445669035650228,0.31648155351517365,-1.7058494978121652,1.169721135529261,-0.9829924199390895,-0.7215442496926694,1.2698512887732494,0.537677364519632,0.45560893378896583,0.47632126095310723,-0.046649904290341986
1992-03-08,-0.3658489361928757,-0.09223279541810382,0.09568276085506774,1.3393056429488546,-0.1241773246303197,-0.03825096058680415,-1.3370526355937917,1.075287621023374,-0.8070509843459999,-0.6602932637454056,1.0848578697010187,0.4271857433424939,0.4739880885987994,0.41830846460511123,-0.3477444265399374
1992-03-09,-0.5803913407023736,-0.3083872174586017,-0.3855784927237257,1.1655260672396068,-0.1427116525988501,-0.31139114696593134,-1.4015389367869584,0.74582019265327,-0.8861361727298382,-0.252852585161782,0.805847699431423,0.32260674160576097,0.2578727293404473,0.5299224853273442,-0.45544577056272384
1992-03-10,-0.7737589323829147,-0.3674516211628424,-0.6085279348707753,0.8236310171868596,0.012045014220818223,-0.5357331535420032,-1.3147700040387957,0.305318805862881,-0.725514820554797,0.2514483919532487,0.8687011340803803,0.3819006152061828,0.10979715955276372,0.48322676072632076,-0.444835692554825
1992-03-11,-0.7658379181274397,-0.34568309863484753,-0.753311257824587,0.4626053316076906,-0.18734639682190965,-0.7552913135064949,-1.144387909032294,0.19825593401158265,-0.666154933646337,0.5778843087804296,0.6847086527039057,0.3542896757076009,0.36704005133148115,0.33138421019721165,-0.703422702655894
1992-03-12,-0.9227410406380697,0.06510092621642127,-0.8844979460557736,0.36019885987335915,-0.42414823147976616,-0.928858213866933,-0.7722883873980437,0.1004515297801083,-0.5786957964470453,0.7945007641025912,0.5598923711228994,0.367466445871095,0.4922257904751873,0.1057605323863272,-0.9703469700839717
1992-03-13,-0.863985939979842,-0.019301120183327653,-1.0358510207075586,0.14552686536912834,-0.4782908159325442,-0.9487382559914993,-0.2012375229549515,-0.31074357137276465,-0.6576649967023387,0.880683470703931,0.5114961516489865,0.401351759980964,0.5016020055872227,-0.2857746074550406,-1.6081644642558375
1992-03-14,-0.9901537782257763,-0.05639944898301249,-1.190331152369792,0.14387521009787277,-0.4268584132180613,-0.749778492310716,0.3452902629855833,-0.599326391029132,-0.47252080167161814,0.6639498662890464,0.549294372318732,0.19629999570124249,0.6066852895016349,-0.3501712658279372,-1.927551217939904
1992-03-15,-1.0433353205104328,-0.320869188519237,-1.4808714586593505,-0.19527537864764613,-0.3148137631974272,-0.5269085836336729,0.5640740205076574,-0.862468422405751,-0.5562367201510331,0.6803356802925051,0.7400364296139305,-0.2487235985127243,0.6359769278691437,-0.24653777558011916,-1.9999924585026145
1992-03-16,-0.9836237285210978,-0.4488838029249015,-1.836236307268572,-0.5880478163524457,-0.10215472852474196,-0.16709025981812775,0.8026132398810052,-0.9315281311967136,-0.50448658397022,0.7569573164328448,0.6026396117565097,-0.3694744869169407,0.40696951033065154,-0.01180525797866612,-1.971536211557907
1992-03-17,-0.8466396048544669,-0.6039149620871362,-1.9762652003343624,-0.8848476268578445,-0.16997932864024223,-0.27657525345822176,1.0155702731458864,-1.0523755189579707,-0.2911196157134055,0.8411933711662101,0.7380326627292833,-0.5748329061877016,0.09847221684615902,0.05733041282937032,-1.7409960860609313
1992-03-18,-0.7880360383511332,-0.4936452802282342,-2.3389589338807153,-0.9393253103875581,-0.033162164480241944,-0.11097833496150158,0.9636734451469736,-1.139955442533426,-0.02212673918871508,0.8458212497284949,0.9125438149586083,-0.882410125760556,-0.317137269909161,0.01386994871199421,-1.753599240909387
1992-03-19,-0.8213732906803884,-0.4295795686673152,-2.7664017488921058,-0.9647601784769094,0.3444269565962323,-0.10358042003761668,0.9346648919189671,-1.5028986101769597,-0.07438761357610066,0.35602805458077647,0.9887068377004363,-1.2479445871850778,-0.27841025298390704,0.16531121924436357,-1.9496025068387288
1992-03-20,-0.5736582002612772,-0.06499162379402602,-2.895053383343334,-1.0489967993090727,0.7867656159838262,0.19092706565713527,0.6089002965084562,-1.966437601832298,0.10516906929159618,-0.2245232874395709,0.7447978449802664,-1.4987497035197308,-0.4625731538429658,0.06407129198099376,-2.219468338383854
1992-03-21,-0.35907418645270883,0.05699943200521442,-2.98700192092368,-1.1676611895444142,0.8115783229160198,0.36275058900680407,-0.19942484828838472,-2.342322356226268,0.22063223410195443,-0.530571434062286,0.45348864469302264,-1.8240280073421455,-0.841572042540021,0.13504437718017462,-2.245092127840737
1992-03-22,-0.25696402283633885,0.15791011557705575,-2.715878279247496,-0.9377110851446776,0.9141195342092905,0.32497672770835795,-0.8535700425330672,-2.440086016276736,-0.16639329692982383,-0.7054671832799265,0.1668884518257213,-1.7160208732398403,-1.1525865197218268,0.055830820078454066,-2.385458105016159
1992-03-23,-0.2844288063572367,-0.05196075610111027,-2.2232818863983157,-0.8096515430279709,1.1406296760685974,0.015161001676798359,-0.8819195363364742,-2.5878093330914265,-0.4134585450174872,-1.1148734746986866,0.12767322202116083,-1.8507857005311557,-1.386865068118665,-0.018000434980433144,-2.6194564256933988
1992-03-24,-0.5656657156521095,0.09719028524953267,-2.0175867173251114,-0.77551982364038,1.3096662252178704,-0.07606113504766525,-0.7789575970057636,-2.7906897019035606,-0.3785922803689602,-1.411123899028034,0.07818225421326651,-1.8701532298728,-1.4443891850968111,-0.07985358863849827,-2.6793414199984924
1992-03-25,-0.8212888119409829,0.02811824839243892,-1.8071367562122964,-0.5810914274301178,1.160580677043458,-0.2039694420443432,-0.8482079561888681,-2.860867050730032,-0.49358429334133264,-1.5435553912796354,-0.31420267680232045,-1.7873260458278577,-1.2970240475729375,-0.1981149179362383,-2.2665852472774373
1992-03-26,-1.0038695154284127,0.020886624915166525,-1.7760298582354521,-0.5992712512780578,0.913080561607758,-0.4634906011441851,-0.8310828092482274,-2.999585484019301,-0.5653958795261955,-1.7420061377458396,-0.3209318374852478,-1.6657552880295674,-1.1886029812439465,-0.31717870921570857,-1.8868386097830354
1992-03-27,-1.2440171376628397,-0.2449891893212021,-1.5586113277969624,-0.7968757941289966,0.6216231977084586,-0.6731962123436517,-1.0269897256996727,-2.676867880960237,-0.8230971429728371,-1.5007995657713622,-0.5813090723784947,-1.6838591548490474,-1.1267435094395941,-0.23960419430747595,-1.3279371383659626
1992-03-28,-1.6227721744075947,-0.3171964592465808,-1.3195509032877748,-0.9633991391222182,0.15164316710030482,-0.9777146364980578,-1.5603782903063461,-2.8007543752344732,-1.0054278455071033,-1.5548185704877395,-0.824815422856944,-1.5404920021661241,-0.9529844069650298,-0.4918366706012119,-0.9366714396870078
1992-03-29,-1.9979720952083668,-0.2280445193351179,-1.277085247672702,-0.8767073690400842,0.01578007580973197,-1.2697495486831731,-1.6927278634423875,-2.777099017222318,-0.8636870383181429,-1.4386704728732038,-1.0955611900264994,-1.2258190650306067,-0.913834547676423,-0.6846557393629946,-0.5632419777851382
1992-03-30,-2.0567772431744613,-0.5312533523023221,-1.0228814352685809,-0.708179602191028,-0.18424000956153386,-1.65152642127558,-1.6200109709705282,-2.6112797499259157,-0.768993954257864,-1.4191669474475057,-1.377302218379981,-0.6678915196401106,-0.8311476320056274,-0.9743405377442649,-0.28634409863746657
1992-03-31,-2.0305316627965877,-0.8681913298658842,-0.8669454358376376,-0.7178098321340792,-0.31218491113442726,-1.9985756764695362,-1.3027147818342384,-2.4267116059932126,-0.8232321377842594,-1.3290641257975913,-1.4864525008921883,-0.5708542034489463,-0.7372326521645447,-1.2031306284637546,0.1230933530651011
1992-04-01,-2.0330046734848772,-1.0938236794029097,-0.7968972428347646,-1.046816274018176,-0.5832534452497804,-2.103536625683809,-1.0987166956357997,-2.1233785165180374,-0.7827763455544673,-1.183259218532074,-1.6992245658867582,-0.6706726774126217,-0.7718455666644785,-1.1263148617166905,0.3595396077950973
1992-04-02,-1.8569486560202246,-0.8824753563455698,-0.6409977394480679,-1.2577465347877776,-0.7932016246267233,-1.9810546449751971,-0.9272579012033841,-1.5789803977965344,-0.7467061993020332,-0.9177950331090097,-1.554526549537027,-0.5838530150610667,-0.7033440462854811,-1.1821790220057171,0.6661098689930413
1992-04-03,-1.5278617803549275,-1.078211560215725,-0.7601012298754611,-1.2812808751871823,-1.0093926827466875,-2.1654116947088426,-0.8315939853707737,-1.2725874808215123,-0.5113390293025503,-0.9572955312987501,-1.940739955127821,-0.5981101433987471,-0.3981549685561177,-1.2499883926662436,0.6488116659928947
1992-04-04,-1.3522325182258377,-1.2204808581298914,-1.179549053561702,-1.258903384272392,-1.1997907826227099,-2.258804780448451,-0.3803367191609231,-1.1180998501977366,-0.23313824255206225,-0.935904717833861,-2.0436216718794267,-0.4893397994061024,-0.42169564631681544,-1.271774850311461,0.5512798356733386
1992-04-05,-1.465506933883382,-1.25788905188139,-1.4989868859761335,-1.2200348709257824,-1.3455989575635932,-2.3209286284796233,-0.4244019426262632,-1.153661744211333,-0.28243632427415666,-1.1422843243611256,-2.00586742362411,-0.5341650585638255,-0.358934376017785,-0.9617315357696012,0.45907706776602525
1992-04-06,-1.4423379803985186,-1.2368982197433778,-1.5606857346430363,-1.0036670242749979,-1.4509335114073936,-1.9028149538195136,-0.4503609368221631,-0.7383558610692336,-0.27631152841369766,-1.260074183440086,-2.199038814615115,-0.5203987518305812,-0.3435146095744356,-0.5335532590036955,0.3434825760091223
1992-04-07,-1.417021866991867,-1.2001742944754878,-1.7209880828865247,-0.8686405291055,-1.390040775498222,-1.9192897495350887,-0.5209729432138369,-0.28871774703571396,-0.13248229712288714,-1.086459991033805,-2.2046505112012587,-0.2209101823807656,-0.11407158775748655,-0.5236144572450311,0.3982592148088481
