,1,2,3,4,5,6,7,8,9,10,11,12,13,14,15
1992-08-04,-0.17958127998176696,-0.17958127998176696,-0.17958127998176696,-0.17958127998176696,-0.17958127998176696,-0.17958127998176696,-0.17958127998176696,-0.17958127998176696,-0.17958127998176696,-0.17958127998176696,-0.17958127998176696,-0.17958127998176696,-0.17958127998176696,-0.17958127998176696,-0.17958127998176696
1992-08-05,-0.3418563353782715,-0.3418563353782715,-0.3418563353782715,-0.3418563353782715,-0.3418563353782715,-0.3418563353782715,-0.3418563353782715,-0.3418563353782715,-0.3418563353782715,-0.3418563353782715,-0.3418563353782715,-0.3418563353782715,-0.3418563353782715,-0.3418563353782715,-0.3418563353782715
1992-08-06,-0.21276070541332268,-0.21276070541332268,-0.21276070541332268,-0.21276070541332268,-0.21276070541332268,-0.21276070541332268,-0.21276070541332268,-0.21276070541332268,-0.21276070541332268,-0.21276070541332268,-0.21276070541332268,-0.21276070541332268,-0.21276070541332268,-0.21276070541332268,-0.21276070541332268
1992-08-07,-0.364013765291912,-0.364013765291912,-0.364013765291912,-0.364013765291912,-0.364013765291912,-0.364013765291912,-0.364013765291912,-0.364013765291912,-0.364013765291912,-0.364013765291912,-0.364013765291912,-0.364013765291912,-0.364013765291912,-0.364013765291912,-0.364013765291912
1992-08-08,-0.2519013341735944,-0.2519013341735944,-0.2519013341735944,-0.2519013341735944,-0.2519013341735944,-0.2519013341735944,-0.2519013341735944,-0.2519013341735944,-0.2519013341735944,-0.2519013341735944,-0.2519013341735944,-0.2519013341735944,-0.2519013341735944,-0.2519013341735944,-0.2519013341735944
1992-08-09,-0.182307665556063,-0.182307665556063,-0.182307665556063,-0.182307665556063,-0.182307665556063,-0.182307665556063,-0.182307665556063,-0.182307665556063,-0.182307665556063,-0.182307665556063,-0.182307665556063,-0.182307665556063,-0.182307665556063,-0.182307665556063,-0.182307665556063
1992-08-10,-0.26576753395928787,-0.26576753395928787,-0.26576753395928787,-0.26576753395928787,-0.26576753395928787,-0.26576753395928787,-0.26576753395928787,-0.26576753395928787,-0.26576753395928787,-0.26576753395928787,-0.26576753395928787,-0.26576753395928787,-0.26576753395928787,-0.26576753395928787,-0.26576753395928787
1992-08-11,-0.2449036841966615,-0.2449036841966615,-0.2449036841966615,-0.2449036841966615,-0.2449036841966615,-0.2449036841966615,-0.2449036841966615,-0.2449036841966615,-0.2449036841966615,-0.2449036841966615,-0.2449036841966615,-0.2449036841966615,-0.2449036841966615,-0.2449036841966615,-0.2449036841966615
1992-08-12,-0.008623375395845638,-0.008623375395845638,-0.008623375395845638,-0.008623375395845638,-0.008623375395845638,-0.008623375395845638,-0.008623375395845638,-0.008623375395845638,-0.008623375395845638,-0.008623375395845638,-0.008623375395845638,-0.008623375395845638,-0.008623375395845638,-0.008623375395845638,-0.008623375395845638
1992-08-13,0.2678111008827722,0.2678111008827722,0.2678111008827722,0.2678111008827722,0.2678111008827722,0.2678111008827722,0.2678111008827722,0.2678111008827722,0.2678111008827722,0.2678111008827722,0.2678111008827722,0.2678111008827722,0.2678111008827722,0.2678111008827722,0.2678111008827722
1992-08-14,0.6195309089280044,0.6195309089280044,0.6195309089280044,0.6195309089280044,0.6195309089280044,0.6195309089280044,0.6195309089280044,0.6195309089280044,0.6195309089280044,0.6195309089280044,0.6195309089280044,0.6195309089280044,0.6195309089280044,0.6195309089280044,0.6195309089280044
1992-08-15,0.6701364009201829,0.6701364009201829,0.6701364009201829,0.6701364009201829,0.6701364009201829,0.6701364009201829,0.6701364009201829,0.6701364009201829,0.6701364009201829,0.6701364009201829,0.6701364009201829,0.6701364009201829,0.6701364009201829,0.6701364009201829,0.6701364009201829
1992-08-16,1.163709976777469,1.163709976777469,1.163709976777469,1.163709976777469,1.163709976777469,1.163709976777469,1.163709976777469,1.163709976777469,1.163709976777469,1.163709976777469,1.163709976777469,1.163709976777469,1.163709976777469,1.163709976777469,1.163709976777469
1992-08-17,1.5404883169985903,1.5404883169985903,1.5404883169985903,1.5404883169985903,1.5404883169985903,1.5404883169985903,1.5404883169985903,1.5404883169985903,1.5404883169985903,1.5404883169985903,1.5404883169985903,1.5404883169985903,1.5404883169985903,1.5404883169985903,1.5404883169985903
1992-08-18,1.4621040714164135,1.4621040714164135,1.4621040714164135,1.4621040714164135,1.4621040714164135,1.4621040714164135,1.4621040714164135,1.4621040714164135,1.4621040714164135,1.4621040714164135,1.4621040714164135,1.4621040714164135,1.4621040714164135,1.4621040714164135,1.4621040714164135
1992-08-19,1.3934663493921338,1.3934663493921338,1.3934663493921338,1.3934663493921338,1.3934663493921338,1.3934663493921338,1.3934663493921338,1.3934663493921338,1.3934663493921338,1.3934663493921338,1.3934663493921338,1.3934663493921338,1.3934663493921338,1.3934663493921338,1.3934663493921338
1992-08-20,1.461402588907827,1.461402588907827,1.461402588907827,1.461402588907827,1.461402588907827,1.461402588907827,1.461402588907827,1.461402588907827,1.461402588907827,1.461402588907827,1.461402588907827,1.461402588907827,1.461402588907827,1.461402588907827,1.461402588907827
1992-08-21,1.199631146612971,1.199631146612971,1.199631146612971,1.199631146612971,1.199631146612971,1.199631146612971,1.199631146612971,1.199631146612971,1.199631146612971,1.199631146612971,1.199631146612971,1.199631146612971,1.199631146612971,1.199631146612971,1.199631146612971
1992-08-22,0.7223729925038843,0.7223729925038843,0.7223729925038843,0.7223729925038843,0.7223729925038843,0.7223729925038843,0.7223729925038843,0.7223729925038843,0.7223729925038843,0.7223729925038843,0.7223729925038843,0.7223729925038843,0.7223729925038843,0.7223729925038843,0.7223729925038843
1992-08-23,0.5934704526933293,0.5934704526933293,0.5934704526933293,0.5934704526933293,0.5934704526933293,0.5934704526933293,0.5934704526933293,0.5934704526933293,0.5934704526933293,0.5934704526933293,0.5934704526933293,0.5934704526933293,0.5934704526933293,0.5934704526933293,0.5934704526933293
1992-08-24,0.5479691850422628,0.5479691850422628,0.5479691850422628,0.5479691850422628,0.5479691850422628,0.5479691850422628,0.5479691850422628,0.5479691850422628,0.5479691850422628,0.5479691850422628,0.5479691850422628,0.5479691850422628,0.5479691850422628,0.5479691850422628,0.5479691850422628
1992-08-25,0.25836430607636657,0.25836430607636657,0.25836430607636657,0.25836430607636657,0.25836430607636657,0.25836430607636657,0.25836430607636657,0.25836430607636657,0.25836430607636657,0.25836430607636657,0.25836430607636657,0.25836430607636657,0.25836430607636657,0.25836430607636657,0.25836430607636657
1992-08-26,0.4950039588687617,0.4950039588687617,0.4950039588687617,0.4950039588687617,0.4950039588687617,0.4950039588687617,0.4950039588687617,0.4950039588687617,0.4950039588687617,0.4950039588687617,0.4950039588687617,0.4950039588687617,0.4950039588687617,0.4950039588687617,0.4950039588687617
1992-08-27,0.7826286189561696,0.7826286189561696,0.7826286189561696,0.7826286189561696,0.7826286189561696,0.7826286189561696,0.7826286189561696,0.7826286189561696,0.7826286189561696,0.7826286189561696,0.7826286189561696,0.7826286189561696,0.7826286189561696,0.7826286189561696,0.7826286189561696
1992-08-28,1.2303947602286367,1.2303947602286367,1.2303947602286367,1.2303947602286367,1.2303947602286367,1.2303947602286367,1.2303947602286367,1.2303947602286367,1.2303947602286367,1.2303947602286367,1.2303947602286367,1.2303947602286367,1.2303947602286367,1.2303947602286367,1.2303947602286367
1992-08-29,1.5010729558011422,1.5010729558011422,1.5010729558011422,1.5010729558011422,1.5010729558011422,1.5010729558011422,1.5010729558011422,1.5010729558011422,1.5010729558011422,1.5010729558011422,1.5010729558011422,1.5010729558011422,1.5010729558011422,1.5010729558011422,1.5010729558011422
1992-08-30,1.6996114584660844,1.6996114584660844,1.6996114584660844,1.6996114584660844,1.6996114584660844,1.6996114584660844,1.6996114584660844,1.6996114584660844,1.6996114584660844,1.6996114584660844,1.6996114584660844,1.6996114584660844,1.6996114584660844,1.6996114584660844,1.6996114584660844
1992-08-31,1.6621640611781736,1.6621640611781736,1.6621640611781736,1.6621640611781736,1.6621640611781736,1.6621640611781736,1.6621640611781736,1.6621640611781736,1.6621640611781736,1.6621640611781736,1.6621640611781736,1.6621640611781736,1.6621640611781736,1.6621640611781736,1.6621640611781736
1992-09-01,1.3494563983627,1.3494563983627,1.3494563983627,1.3494563983627,1.3494563983627,1.3494563983627,1.3494563983627,1.3494563983627,1.3494563983627,1.3494563983627,1.3494563983627,1.3494563983627,1.3494563983627,1.3494563983627,1.3494563983627
1992-09-02,1.1194922212689349,1.1194922212689349,1.1194922212689349,1.1194922212689349,1.1194922212689349,1.1194922212689349,1.1194922212689349,1.1194922212689349,1.1194922212689349,1.1194922212689349,1.1194922212689349,1.1194922212689349,1.1194922212689349,1.1194922212689349,1.1194922212689349
1992-09-03,0.9956194188025094,0.9956194188025094,0.9956194188025094,0.9956194188025094,0.9956194188025094,0.9956194188025094,0.9956194188025094,0.9956194188025094,0.9956194188025094,0.9956194188025094,0.9956194188025094,0.9956194188025094,0.9956194188025094,0.9956194188025094,0.9956194188025094
1992-09-04,1.0439168907427299,1.0439168907427299,1.0439168907427299,1.0439168907427299,1.0439168907427299,1.0439168907427299,1.0439168907427299,1.0439168907427299,1.0439168907427299,1.0439168907427299,1.0439168907427299,1.0439168907427299,1.0439168907427299,1.0439168907427299,1.0439168907427299
1992-09-05,0.7792371469052423,0.7792371469052423,0.7792371469052423,0.7792371469052423,0.7792371469052423,0.7792371469052423,0.7792371469052423,0.7792371469052423,0.7792371469052423,0.7792371469052423,0.7792371469052423,0.7792371469052423,0.7792371469052423,0.7792371469052423,0.7792371469052423
1992-09-06,0.18214700102855322,0.18214700102855322,0.18214700102855322,0.18214700102855322,0.18214700102855322,0.18214700102855322,0.18214700102855322,0.18214700102855322,0.18214700102855322,0.18214700102855322,0.18214700102855322,0.18214700102855322,0.18214700102855322,0.18214700102855322,0.18214700102855322
1992-09-07,-0.03770634361572586,-0.03770634361572586,-0.03770634361572586,-0.03770634361572586,-0.03770634361572586,-0.03770634361572586,-0.03770634361572586,-0.03770634361572586,-0.03770634361572586,-0.03770634361572586,-0.03770634361572586,-0.03770634361572586,-0.03770634361572586,-0.03770634361572586,-0.03770634361572586
1992-09-08,-0.111971869253024,-0.111971869253024,-0.111971869253024,-0.111971869253024,-0.111971869253024,-0.111971869253024,-0.111971869253024,-0.111971869253024,-0.111971869253024,-0.111971869253024,-0.111971869253024,-0.111971869253024,-0.111971869253024,-0.111971869253024,-0.111971869253024
1992-09-09,-0.31362550465714895,-0.31362550465714895,-0.31362550465714895,-0.31362550465714895,-0.31362550465714895,-0.31362550465714895,-0.31362550465714895,-0.31362550465714895,-0.31362550465714895,-0.31362550465714895,-0.31362550465714895,-0.31362550465714895,-0.31362550465714895,-0.31362550465714895,-0.31362550465714895
1992-09-10,-0.4464535730247254,-0.4464535730247254,-0.4464535730247254,-0.4464535730247254,-0.4464535730247254,-0.4464535730247254,-0.4464535730247254,-0.4464535730247254,-0.4464535730247254,-0.4464535730247254,-0.4464535730247254,-0.4464535730247254,-0.4464535730247254,-0.4464535730247254,-0.4464535730247254
1992-09-11,-0.5257108612000412,-0.5257108612000412,-0.5257108612000412,-0.5257108612000412,-0.5257108612000412,-0.5257108612000412,-0.5257108612000412,-0.5257108612000412,-0.5257108612000412,-0.5257108612000412,-0.5257108612000412,-0.5257108612000412,-0.5257108612000412,-0.5257108612000412,-0.5257108612000412
1992-09-12,-0.6799265793741408,-0.6799265793741408,-0.6799265793741408,-0.6799265793741408,-0.6799265793741408,-0.6799265793741408,-0.6799265793741408,-0.6799265793741408,-0.6799265793741408,-0.6799265793741408,-0.6799265793741408,-0.6799265793741408,-0.6799265793741408,-0.6799265793741408,-0.6799265793741408
1992-09-13,-0.7810566826874663,-0.7810566826874663,-0.7810566826874663,-0.7810566826874663,-0.7810566826874663,-0.7810566826874663,-0.7810566826874663,-0.7810566826874663,-0.7810566826874663,-0.7810566826874663,-0.7810566826874663,-0.7810566826874663,-0.7810566826874663,-0.7810566826874663,-0.7810566826874663
1992-09-14,-1.1483309175439134,-1.1483309175439134,-1.1483309175439134,-1.1483309175439134,-1.1483309175439134,-1.1483309175439134,-1.1483309175439134,-1.1483309175439134,-1.1483309175439134,-1.1483309175439134,-1.1483309175439134,-1.1483309175439134,-1.1483309175439134,-1.1483309175439134,-1.1483309175439134
1992-09-15,-1.1734977654614132,-1.1734977654614132,-1.1734977654614132,-1.1734977654614132,-1.1734977654614132,-1.1734977654614132,-1.1734977654614132,-1.1734977654614132,-1.1734977654614132,-1.1734977654614132,-1.1734977654614132,-1.1734977654614132,-1.1734977654614132,-1.1734977654614132,-1.1734977654614132
1992-09-16,-0.9888947433979025,-0.9888947433979025,-0.9888947433979025,-0.9888947433979025,-0.9888947433979025,-0.9888947433979025,-0.9888947433979025,-0.9888947433979025,-0.9888947433979025,-0.9888947433979025,-0.9888947433979025,-0.9888947433979025,-0.9888947433979025,-0.9888947433979025,-0.9888947433979025
1992-09-17,-1.0111287761596215,-1.0111287761596215,-1.0111287761596215,-1.0111287761596215,-1.0111287761596215,-1.0111287761596215,-1.0111287761596215,-1.0111287761596215,-1.0111287761596215,-1.0111287761596215,-1.0111287761596215,-1.0111287761596215,-1.0111287761596215,-1.0111287761596215,-1.0111287761596215
1992-09-18,-1.0227114458183924,-1.0227114458183924,-1.0227114458183924,-1.0227114458183924,-1.0227114458183924,-1.0227114458183924,-1.0227114458183924,-1.0227114458183924,-1.0227114458183924,-1.0227114458183924,-1.0227114458183924,-1.0227114458183924,-1.0227114458183924,-1.0227114458183924,-1.0227114458183924
1992-09-19,-1.0370766410625676,-1.0370766410625676,-1.0370766410625676,-1.0370766410625676,-1.0370766410625676,-1.0370766410625676,-1.0370766410625676,-1.0370766410625676,-1.0370766410625676,-1.0370766410625676,-1.0370766410625676,-1.0370766410625676,-1.0370766410625676,-1.0370766410625676,-1.0370766410625676
1992-09-20,-0.9924179594046848,-0.9924179594046848,-0.9924179594046848,-0.9924179594046848,-0.9924179594046848,-0.9924179594046848,-0.9924179594046848,-0.9924179594046848,-0.9924179594046848,-0.9924179594046848,-0.9924179594046848,-0.9924179594046848,-0.9924179594046848,-0.9924179594046848,-0.9924179594046848
1992-09-21,-0.8711775085768042,-0.8711775085768042,-0.8711775085768042,-0.8711775085768042,-0.8711775085768042,-0.8711775085768042,-0.8711775085768042,-0.8711775085768042,-0.8711775085768042,-0.8711775085768042,-0.8711775085768042,-0.8711775085768042,-0.8711775085768042,-0.8711775085768042,-0.8711775085768042
1992-09-22,-0.9352510658131424,-0.9352510658131424,-0.9352510658131424,-0.9352510658131424,-0.9352510658131424,-0.9352510658131424,-0.9352510658131424,-0.9352510658131424,-0.9352510658131424,-0.9352510658131424,-0.9352510658131424,-0.9352510658131424,-0.9352510658131424,-0.9352510658131424,-0.9352510658131424
1992-09-23,-0.9735435790291859,-0.9735435790291859,-0.9735435790291859,-0.9735435790291859,-0.9735435790291859,-0.9735435790291859,-0.9735435790291859,-0.9735435790291859,-0.9735435790291859,-0.9735435790291859,-0.9735435790291859,-0.9735435790291859,-0.9735435790291859,-0.9735435790291859,-0.9735435790291859
1992-09-24,-0.7192892869789359,-0.7192892869789359,-0.7192892869789359,-0.7192892869789359,-0.7192892869789359,-0.7192892869789359,-0.7192892869789359,-0.7192892869789359,-0.7192892869789359,-0.7192892869789359,-0.7192892869789359,-0.7192892869789359,-0.7192892869789359,-0.7192892869789359,-0.7192892869789359
1992-09-25,-0.7901296796123738,-0.7901296796123738,-0.7901296796123738,-0.7901296796123738,-0.7901296796123738,-0.7901296796123738,-0.7901296796123738,-0.7901296796123738,-0.7901296796123738,-0.7901296796123738,-0.7901296796123738,-0.7901296796123738,-0.7901296796123738,-0.7901296796123738,-0.7901296796123738
1992-09-26,-0.8871837473682272,-0.8871837473682272,-0.8871837473682272,-0.8871837473682272,-0.8871837473682272,-0.8871837473682272,-0.8871837473682272,-0.8871837473682272,-0.8871837473682272,-0.8871837473682272,-0.8871837473682272,-0.8871837473682272,-0.8871837473682272,-0.8871837473682272,-0.8871837473682272
1992-09-27,-0.9764258132897583,-0.9764258132897583,-0.9764258132897583,-0.9764258132897583,-0.9764258132897583,-0.9764258132897583,-0.9764258132897583,-0.9764258132897583,-0.9764258132897583,-0.9764258132897583,-0.9764258132897583,-0.9764258132897583,-0.9764258132897583,-0.9764258132897583,-0.9764258132897583
1992-09-28,-0.8123258644113407,-0.8123258644113407,-0.8123258644113407,-0.8123258644113407,-0.8123258644113407,-0.8123258644113407,-0.8123258644113407,-0.8123258644113407,-0.8123258644113407,-0.8123258644113407,-0.8123258644113407,-0.8123258644113407,-0.8123258644113407,-0.8123258644113407,-0.8123258644113407
1992-09-29,-0.6330452638488838,-0.6330452638488838,-0.6330452638488838,-0.6330452638488838,-0.6330452638488838,-0.6330452638488838,-0.6330452638488838,-0.6330452638488838,-0.6330452638488838,-0.6330452638488838,-0.6330452638488838,-0.6330452638488838,-0.6330452638488838,-0.6330452638488838,-0.6330452638488838
1992-09-30,-0.458507044113094,-0.458507044113094,-0.458507044113094,-0.458507044113094,-0.458507044113094,-0.458507044113094,-0.458507044113094,-0.458507044113094,-0.458507044113094,-0.458507044113094,-0.458507044113094,-0.458507044113094,-0.458507044113094,-0.458507044113094,-0.458507044113094
1992-10-01,-0.4999439582618845,-0.4999439582618845,-0.4999439582618845,-0.4999439582618845,-0.4999439582618845,-0.4999439582618845,-0.4999439582618845,-0.4999439582618845,-0.4999439582618845,-0.4999439582618845,-0.4999439582618845,-0.4999439582618845,-0.4999439582618845,-0.4999439582618845,-0.4999439582618845
1992-10-02,-0.8390417378451643,-0.8390417378451643,-0.8390417378451643,-0.8390417378451643,-0.8390417378451643,-0.8390417378451643,-0.8390417378451643,-0.8390417378451643,-0.8390417378451643,-0.8390417378451643,-0.8390417378451643,-0.8390417378451643,-0.8390417378451643,-0.8390417378451643,-0.8390417378451643
1992-10-03,-0.9508536765127534,-0.9508536765127534,-0.9508536765127534,-0.9508536765127534,-0.9508536765127534,-0.9508536765127534,-0.9508536765127534,-0.9508536765127534,-0.9508536765127534,-0.9508536765127534,-0.9508536765127534,-0.9508536765127534,-0.9508536765127534,-0.9508536765127534,-0.9508536765127534
1992-10-04,-0.8455116501049303,-0.8455116501049303,-0.8455116501049303,-0.8455116501049303,-0.8455116501049303,-0.8455116501049303,-0.8455116501049303,-0.8455116501049303,-0.8455116501049303,-0.8455116501049303,-0.8455116501049303,-0.8455116501049303,-0.8455116501049303,-0.8455116501049303,-0.8455116501049303
1992-10-05,-0.5613813235538427,-0.5613813235538427,-0.5613813235538427,-0.5613813235538427,-0.5613813235538427,-0.5613813235538427,-0.5613813235538427,-0.5613813235538427,-0.5613813235538427,-0.5613813235538427,-0.5613813235538427,-0.5613813235538427,-0.5613813235538427,-0.5613813235538427,-0.5613813235538427
1992-10-06,-0.25402651004944465,-0.25402651004944465,-0.25402651004944465,-0.25402651004944465,-0.25402651004944465,-0.25402651004944465,-0.25402651004944465,-0.25402651004944465,-0.25402651004944465,-0.25402651004944465,-0.25402651004944465,-0.25402651004944465,-0.25402651004944465,-0.25402651004944465,-0.25402651004944465
1992-10-07,-0.047797580851625235,-0.047797580851625235,-0.047797580851625235,-0.047797580851625235,-0.047797580851625235,-0.047797580851625235,-0.047797580851625235,-0.047797580851625235,-0.047797580851625235,-0.047797580851625235,-0.047797580851625235,-0.047797580851625235,-0.047797580851625235,-0.047797580851625235,-0.047797580851625235
1992-10-08,0.30552366354910043,0.30552366354910043,0.30552366354910043,0.30552366354910043,0.30552366354910043,0.30552366354910043,0.30552366354910043,0.30552366354910043,0.30552366354910043,0.30552366354910043,0.30552366354910043,0.30552366354910043,0.30552366354910043,0.30552366354910043,0.30552366354910043
1992-10-09,0.3879805113505272,0.3879805113505272,0.3879805113505272,0.3879805113505272,0.3879805113505272,0.3879805113505272,0.3879805113505272,0.3879805113505272,0.3879805113505272,0.3879805113505272,0.3879805113505272,0.3879805113505272,0.3879805113505272,0.3879805113505272,0.3879805113505272
1992-10-10,0.6061010075559544,0.6061010075559544,0.6061010075559544,0.6061010075559544,0.6061010075559544,0.6061010075559544,0.6061010075559544,0.6061010075559544,0.6061010075559544,0.6061010075559544,0.6061010075559544,0.6061010075559544,0.6061010075559544,0.6061010075559544,0.6061010075559544
1992-10-11,0.9865894335599713,0.9865894335599713,0.9865894335599713,0.9865894335599713,0.9865894335599713,0.9865894335599713,0.9865894335599713,0.9865894335599713,0.9865894335599713,0.9865894335599713,0.9865894335599713,0.9865894335599713,0.9865894335599713,0.9865894335599713,0.9865894335599713
1992-10-12,1.2699544111319405,1.2699544111319405,1.2699544111319405,1.2699544111319405,1.2699544111319405,1.2699544111319405,1.2699544111319405,1.2699544111319405,1.2699544111319405,1.2699544111319405,1.2699544111319405,1.2699544111319405,1.2699544111319405,1.2699544111319405,1.2699544111319405
1992-10-13,1.330152653126775,1.330152653126775,1.330152653126775,1.330152653126775,1.330152653126775,1.330152653126775,1.330152653126775,1.330152653126775,1.330152653126775,1.330152653126775,1.330152653126775,1.330152653126775,1.330152653126775,1.330152653126775,1.330152653126775
1992-10-14,1.2618462572843674,1.2618462572843674,1.2618462572843674,1.2618462572843674,1.2618462572843674,1.2618462572843674,1.2618462572843674,1.2618462572843674,1.2618462572843674,1.2618462572843674,1.2618462572843674,1.2618462572843674,1.2618462572843674,1.2618462572843674,1.2618462572843674
1992-10-15,1.3392507821600224,1.3392507821600224,1.3392507821600224,1.3392507821600224,1.3392507821600224,1.3392507821600224,1.3392507821600224,1.3392507821600224,1.3392507821600224,1.3392507821600224,1.3392507821600224,1.3392507821600224,1.3392507821600224,1.3392507821600224,1.3392507821600224
1992-10-16,1.4071558796273906,1.4071558796273906,1.4071558796273906,1.4071558796273906,1.4071558796273906,1.4071558796273906,1.4071558796273906,1.4071558796273906,1.4071558796273906,1.4071558796273906,1.4071558796273906,1.4071558796273906,1.4071558796273906,1.4071558796273906,1.4071558796273906
1992-10-17,1.5018249874212086,1.5018249874212086,1.5018249874212086,1.5018249874212086,1.5018249874212086,1.5018249874212086,1.5018249874212086,1.5018249874212086,1.5018249874212086,1.5018249874212086,1.5018249874212086,1.5018249874212086,1.5018249874212086,1.5018249874212086,1.5018249874212086
1992-10-18,1.411255898980296,1.411255898980296,1.411255898980296,1.411255898980296,1.411255898980296,1.411255898980296,1.411255898980296,1.411255898980296,1.411255898980296,1.411255898980296,1.411255898980296,1.411255898980296,1.411255898980296,1.411255898980296,1.411255898980296
1992-10-19,1.3902059187299232,1.3902059187299232,1.3902059187299232,1.3902059187299232,1.3902059187299232,1.3902059187299232,1.3902059187299232,1.3902059187299232,1.3902059187299232,1.3902059187299232,1.3902059187299232,1.3902059187299232,1.3902059187299232,1.3902059187299232,1.3902059187299232
1992-10-20,1.292589121694922,1.292589121694922,1.292589121694922,1.292589121694922,1.292589121694922,1.292589121694922,1.292589121694922,1.292589121694922,1.292589121694922,1.292589121694922,1.292589121694922,1.292589121694922,1.292589121694922,1.292589121694922,1.292589121694922
1992-10-21,1.3549773835932695,1.3549773835932695,1.3549773835932695,1.3549773835932695,1.3549773835932695,1.3549773835932695,1.3549773835932695,1.3549773835932695,1.3549773835932695,1.3549773835932695,1.3549773835932695,1.3549773835932695,1.3549773835932695,1.3549773835932695,1.3549773835932695
1992-10-22,1.4414921132677487,1.4414921132677487,1.4414921132677487,1.4414921132677487,1.4414921132677487,1.4414921132677487,1.4414921132677487,1.4414921132677487,1.4414921132677487,1.4414921132677487,1.4414921132677487,1.4414921132677487,1.4414921132677487,1.4414921132677487,1.4414921132677487
1992-10-23,1.4786176991929891,1.4786176991929891,1.4786176991929891,1.4786176991929891,1.4786176991929891,1.4786176991929891,1.4786176991929891,1.4786176991929891,1.4786176991929891,1.4786176991929891,1.4786176991929891,1.4786176991929891,1.4786176991929891,1.4786176991929891,1.4786176991929891
1992-10-24,1.2462981236708441,1.2462981236708441,1.2462981236708441,1.2462981236708441,1.2462981236708441,1.2462981236708441,1.2462981236708441,1.2462981236708441,1.2462981236708441,1.2462981236708441,1.2462981236708441,1.2462981236708441,1.2462981236708441,1.2462981236708441,1.2462981236708441
1992-10-25,0.9387050304099772,0.9387050304099772,0.9387050304099772,0.9387050304099772,0.9387050304099772,0.9387050304099772,0.9387050304099772,0.9387050304099772,0.9387050304099772,0.9387050304099772,0.9387050304099772,0.9387050304099772,0.9387050304099772,0.9387050304099772,0.9387050304099772
1992-10-26,0.6965628658715971,0.6965628658715971,0.6965628658715971,0.6965628658715971,0.6965628658715971,0.6965628658715971,0.6965628658715971,0.6965628658715971,0.6965628658715971,0.6965628658715971,0.6965628658715971,0.6965628658715971,0.6965628658715971,0.6965628658715971,0.6965628658715971
1992-10-27,0.6664178091317196,0.6664178091317196,0.6664178091317196,0.6664178091317196,0.6664178091317196,0.6664178091317196,0.6664178091317196,0.6664178091317196,0.6664178091317196,0.6664178091317196,0.6664178091317196,0.6664178091317196,0.6664178091317196,0.6664178091317196,0.6664178091317196
1992-10-28,0.5524503179023064,0.5524503179023064,0.5524503179023064,0.5524503179023064,0.5524503179023064,0.5524503179023064,0.5524503179023064,0.5524503179023064,0.5524503179023064,0.5524503179023064,0.5524503179023064,0.5524503179023064,0.5524503179023064,0.5524503179023064,0.5524503179023064
1992-10-29,0.34267572195559026,0.34267572195559026,0.34267572195559026,0.34267572195559026,0.34267572195559026,0.34267572195559026,0.34267572195559026,0.34267572195559026,0.34267572195559026,0.34267572195559026,0.34267572195559026,0.34267572195559026,0.34267572195559026,0.34267572195559026,0.34267572195559026
1992-10-30,0.2363700421106922,0.2363700421106922,0.2363700421106922,0.2363700421106922,0.2363700421106922,0.2363700421106922,0.2363700421106922,0.2363700421106922,0.2363700421106922,0.2363700421106922,0.2363700421106922,0.2363700421106922,0.2363700421106922,0.2363700421106922,0.2363700421106922
1992-10-31,0.1019005618322711,0.1019005618322711,0.1019005618322711,0.1019005618322711,0.1019005618322711,0.1019005618322711,0.1019005618322711,0.1019005618322711,0.1019005618322711,0.1019005618322711,0.1019005618322711,0.1019005618322711,0.1019005618322711,0.1019005618322711,0.1019005618322711
1992-11-01,0.1861716737602573,0.1861716737602573,0.1861716737602573,0.1861716737602573,0.1861716737602573,0.1861716737602573,0.1861716737602573,0.1861716737602573,0.1861716737602573,0.1861716737602573,0.1861716737602573,0.1861716737602573,0.1861716737602573,0.1861716737602573,0.1861716737602573
1992-11-02,-0.29881531691312824,-0.29881531691312824,-0.29881531691312824,-0.29881531691312824,-0.29881531691312824,-0.29881531691312824,-0.29881531691312824,-0.29881531691312824,-0.29881531691312824,-0.29881531691312824,-0.29881531691312824,-0.29881531691312824,-0.29881531691312824,-0.29881531691312824,-0.29881531691312824
1992-11-03,-0.4716320793482952,-0.4716320793482952,-0.4716320793482952,-0.4716320793482952,-0.4716320793482952,-0.4716320793482952,-0.4716320793482952,-0.4716320793482952,-0.4716320793482952,-0.4716320793482952,-0.4716320793482952,-0.4716320793482952,-0.4716320793482952,-0.4716320793482952,-0.4716320793482952
1992-11-04,-0.8468761637252403,-0.8468761637252403,-0.8468761637252403,-0.8468761637252403,-0.8468761637252403,-0.8468761637252403,-0.8468761637252403,-0.8468761637252403,-0.8468761637252403,-0.8468761637252403,-0.8468761637252403,-0.8468761637252403,-0.8468761637252403,-0.8468761637252403,-0.8468761637252403
1992-11-05,-1.0405471689431103,-1.0405471689431103,-1.0405471689431103,-1.0405471689431103,-1.0405471689431103,-1.0405471689431103,-1.0405471689431103,-1.0405471689431103,-1.0405471689431103,-1.0405471689431103,-1.0405471689431103,-1.0405471689431103,-1.0405471689431103,-1.0405471689431103,-1.0405471689431103
1992-11-06,-1.1644965809139258,-1.1644965809139258,-1.1644965809139258,-1.1644965809139258,-1.1644965809139258,-1.1644965809139258,-1.1644965809139258,-1.1644965809139258,-1.1644965809139258,-1.1644965809139258,-1.1644965809139258,-1.1644965809139258,-1.1644965809139258,-1.1644965809139258,-1.1644965809139258
1992-11-07,-1.196912874950844,-1.196912874950844,-1.196912874950844,-1.196912874950844,-1.196912874950844,-1.196912874950844,-1.196912874950844,-1.196912874950844,-1.196912874950844,-1.196912874950844,-1.196912874950844,-1.196912874950844,-1.196912874950844,-1.196912874950844,-1.196912874950844
1992-11-08,-0.9604038869115333,-0.9604038869115333,-0.9604038869115333,-0.9604038869115333,-0.9604038869115333,-0.9604038869115333,-0.9604038869115333,-0.9604038869115333,-0.9604038869115333,-0.9604038869115333,-0.9604038869115333,-0.9604038869115333,-0.9604038869115333,-0.9604038869115333,-0.9604038869115333
1992-11-09,-1.3907564630405722,-1.3907564630405722,-1.3907564630405722,-1.3907564630405722,-1.3907564630405722,-1.3907564630405722,-1.3907564630405722,-1.3907564630405722,-1.3907564630405722,-1.3907564630405722,-1.3907564630405722,-1.3907564630405722,-1.3907564630405722,-1.3907564630405722,-1.3907564630405722
1992-11-10,-1.6221963796375738,-1.6221963796375738,-1.6221963796375738,-1.6221963796375738,-1.6221963796375738,-1.6221963796375738,-1.6221963796375738,-1.6221963796375738,-1.6221963796375738,-1.6221963796375738,-1.6221963796375738,-1.6221963796375738,-1.6221963796375738,-1.6221963796375738,-1.6221963796375738
1992-11-11,-1.429085171110381,-1.429085171110381,-1.429085171110381,-1.429085171110381,-1.429085171110381,-1.429085171110381,-1.429085171110381,-1.429085171110381,-1.429085171110381,-1.429085171110381,-1.429085171110381,-1.429085171110381,-1.429085171110381,-1.429085171110381,-1.429085171110381
1992-11-12,-1.0052056180179825,-1.0052056180179825,-1.0052056180179825,-1.0052056180179825,-1.0052056180179825,-1.0052056180179825,-1.0052056180179825,-1.0052056180179825,-1.0052056180179825,-1.0052056180179825,-1.0052056180179825,-1.0052056180179825,-1.0052056180179825,-1.0052056180179825,-1.0052056180179825
1992-11-13,-0.8463951868782502,-0.8463951868782502,-0.8463951868782502,-0.8463951868782502,-0.8463951868782502,-0.8463951868782502,-0.8463951868782502,-0.8463951868782502,-0.8463951868782502,-0.8463951868782502,-0.8463951868782502,-0.8463951868782502,-0.8463951868782502,-0.8463951868782502,-0.8463951868782502
1992-11-14,-0.7099653773010591,-0.7099653773010591,-0.7099653773010591,-0.7099653773010591,-0.7099653773010591,-0.7099653773010591,-0.7099653773010591,-0.7099653773010591,-0.7099653773010591,-0.7099653773010591,-0.7099653773010591,-0.7099653773010591,-0.7099653773010591,-0.7099653773010591,-0.7099653773010591
1992-11-15,-0.3988566686369789,-0.3988566686369789,-0.3988566686369789,-0.3988566686369789,-0.3988566686369789,-0.3988566686369789,-0.3988566686369789,-0.3988566686369789,-0.3988566686369789,-0.3988566686369789,-0.3988566686369789,-0.3988566686369789,-0.3988566686369789,-0.3988566686369789,-0.3988566686369789
1992-11-16,-0.39768199258039927,-0.39768199258039927,-0.39768199258039927,-0.39768199258039927,-0.39768199258039927,-0.39768199258039927,-0.39768199258039927,-0.39768199258039927,-0.39768199258039927,-0.39768199258039927,-0.39768199258039927,-0.39768199258039927,-0.39768199258039927,-0.39768199258039927,-0.39768199258039927
1992-11-17,-0.24528969838228853,-0.24528969838228853,-0.24528969838228853,-0.24528969838228853,-0.24528969838228853,-0.24528969838228853,-0.24528969838228853,-0.24528969838228853,-0.24528969838228853,-0.24528969838228853,-0.24528969838228853,-0.24528969838228853,-0.24528969838228853,-0.24528969838228853,-0.24528969838228853
1992-11-18,-0.030027019146292418,-0.030027019146292418,-0.030027019146292418,-0.030027019146292418,-0.030027019146292418,-0.030027019146292418,-0.030027019146292418,-0.030027019146292418,-0.030027019146292418,-0.030027019146292418,-0.030027019146292418,-0.030027019146292418,-0.030027019146292418,-0.030027019146292418,-0.030027019146292418
1992-11-19,-0.1872737204492643,-0.1872737204492643,-0.1872737204492643,-0.1872737204492643,-0.1872737204492643,-0.1872737204492643,-0.1872737204492643,-0.1872737204492643,-0.1872737204492643,-0.1872737204492643,-0.1872737204492643,-0.1872737204492643,-0.1872737204492643,-0.1872737204492643,-0.1872737204492643
1992-11-20,-0.14240324899052353,-0.14240324899052353,-0.14240324899052353,-0.14240324899052353,-0.14240324899052353,-0.14240324899052353,-0.14240324899052353,-0.14240324899052353,-0.14240324899052353,-0.14240324899052353,-0.14240324899052353,-0.14240324899052353,-0.14240324899052353,-0.14240324899052353,-0.14240324899052353
1992-11-21,-0.5184869348706379,-0.5184869348706379,-0.5184869348706379,-0.5184869348706379,-0.5184869348706379,-0.5184869348706379,-0.5184869348706379,-0.5184869348706379,-0.5184869348706379,-0.5184869348706379,-0.5184869348706379,-0.5184869348706379,-0.5184869348706379,-0.5184869348706379,-0.5184869348706379
1992-11-22,-0.5253350746431142,-0.5253350746431142,-0.5253350746431142,-0.5253350746431142,-0.5253350746431142,-0.5253350746431142,-0.5253350746431142,-0.5253350746431142,-0.5253350746431142,-0.5253350746431142,-0.5253350746431142,-0.5253350746431142,-0.5253350746431142,-0.5253350746431142,-0.5253350746431142
1992-11-23,-0.8355066021325434,-0.8355066021325434,-0.8355066021325434,-0.8355066021325434,-0.8355066021325434,-0.8355066021325434,-0.8355066021325434,-0.8355066021325434,-0.8355066021325434,-0.8355066021325434,-0.8355066021325434,-0.8355066021325434,-0.8355066021325434,-0.8355066021325434,-0.8355066021325434
1992-11-24,-1.112283833687904,-1.112283833687904,-1.112283833687904,-1.112283833687904,-1.112283833687904,-1.112283833687904,-1.112283833687904,-1.112283833687904,-1.112283833687904,-1.112283833687904,-1.112283833687904,-1.112283833687904,-1.112283833687904,-1.112283833687904,-1.112283833687904
1992-11-25,-0.86833204737804,-0.86833204737804,-0.86833204737804,-0.86833204737804,-0.86833204737804,-0.86833204737804,-0.86833204737804,-0.86833204737804,-0.86833204737804,-0.86833204737804,-0.86833204737804,-0.86833204737804,-0.86833204737804,-0.86833204737804,-0.86833204737804
1992-11-26,-0.759841543496317,-0.759841543496317,-0.759841543496317,-0.759841543496317,-0.759841543496317,-0.759841543496317,-0.759841543496317,-0.759841543496317,-0.759841543496317,-0.759841543496317,-0.759841543496317,-0.759841543496317,-0.759841543496317,-0.759841543496317,-0.759841543496317
1992-11-27,-0.8222189092647813,-0.8222189092647813,-0.8222189092647813,-0.8222189092647813,-0.8222189092647813,-0.8222189092647813,-0.8222189092647813,-0.8222189092647813,-0.8222189092647813,-0.8222189092647813,-0.8222189092647813,-0.8222189092647813,-0.8222189092647813,-0.8222189092647813,-0.8222189092647813
1992-11-28,-1.2123204156046685,-1.2123204156046685,-1.2123204156046685,-1.2123204156046685,-1.2123204156046685,-1.2123204156046685,-1.2123204156046685,-1.2123204156046685,-1.2123204156046685,-1.2123204156046685,-1.2123204156046685,-1.2123204156046685,-1.2123204156046685,-1.2123204156046685,-1.2123204156046685
1992-11-29,-1.6100500038642813,-1.6100500038642813,-1.6100500038642813,-1.6100500038642813,-1.6100500038642813,-1.6100500038642813,-1.6100500038642813,-1.6100500038642813,-1.6100500038642813,-1.6100500038642813,-1.6100500038642813,-1.6100500038642813,-1.6100500038642813,-1.6100500038642813,-1.6100500038642813
1992-11-30,-1.4474159435846905,-1.4474159435846905,-1.4474159435846905,-1.4474159435846905,-1.4474159435846905,-1.4474159435846905,-1.4474159435846905,-1.4474159435846905,-1.4474159435846905,-1.4474159435846905,-1.4474159435846905,-1.4474159435846905,-1.4474159435846905,-1.4474159435846905,-1.4474159435846905
1992-12-01,-1.3146853764001722,-1.3146853764001722,-1.3146853764001722,-1.3146853764001722,-1.3146853764001722,-1.3146853764001722,-1.3146853764001722,-1.3146853764001722,-1.3146853764001722,-1.3146853764001722,-1.3146853764001722,-1.3146853764001722,-1.3146853764001722,-1.3146853764001722,-1.3146853764001722
1992-12-02,-1.5040519093101448,-1.3671268887994086,-1.4156037591191475,-1.552079813048387,-1.3886285840998436,-1.472031860499521,-1.396262986606919,-1.4946668136551615,-1.5651832245503376,-1.3313447986729459,-1.3460110263118432,-1.6341311631341735,-1.5014685324530272,-1.4932379432013951,-1.5843550240619781
1992-12-03,-1.1839534551057969,-1.1687067281158066,-1.140827247819036,-1.3868463574871597,-1.0151327006804896,-0.9859583223337974,-1.2980694247057685,-1.2370125568711015,-1.3703060405978458,-1.1234302737055373,-0.9262788173142084,-1.4190329553068648,-1.434016071278654,-1.2020227742635834,-1.2562661450550268
1992-12-04,-1.1204678176338,-0.9433104823492509,-1.1793223669791826,-1.140492312610026,-0.6754612366382806,-0.8545361842585438,-1.123260117820531,-1.4469072298317782,-1.3331298414772565,-0.9043926227428193,-0.770332089967568,-1.3984484937831965,-1.3932109694421566,-1.1033376793081748,-1.174064525419814
1992-12-05,-0.9755043803368956,-0.9319018057601225,-1.1791890049149234,-0.8857575771607784,-0.44829257979417136,-0.6607333443794097,-1.1524447585179376,-1.097779094831215,-1.1554628182832518,-0.659320903468405,-0.558775617134564,-1.1963481971224097,-1.0885071783384879,-1.0628734102216602,-1.1299508679199146
1992-12-06,-0.8097855673552101,-0.7197181044962226,-0.9001800834037968,-0.5644650903951749,-0.2463459003932819,-0.6125256808986692,-0.9277582921595414,-0.8148190102347573,-1.0366030606573604,-0.6259230747943226,-0.5114518122336676,-1.063523975061016,-0.8549442436352331,-0.9781654005323799,-0.9160982497046379
1992-12-07,-0.7675008371602502,-0.7257976250256579,-0.8159133672464206,-0.8005652107898978,-0.3375944105218939,-0.44664521776558075,-0.983915509811116,-0.47372681233994723,-0.907371736942224,-0.5424809986436219,-0.5911773329944583,-0.8910248777962444,-0.7568847859737373,-0.7541324445844125,-0.7420755989421612
1992-12-08,-0.5737353552431977,-0.6102435873731258,-0.5715217649407544,-0.6029291201136296,-0.29497033514464477,-0.27877298209527895,-0.721244689853206,-0.3701624301462102,-0.8717066525985175,-0.2922730227269328,-0.5026550987506155,-0.7265643006989032,-0.4511458610180741,-0.5875743386884467,-0.3274823373167151
1992-12-09,-0.5582990392010266,-0.5442624533597709,-0.3139699962579019,-0.7481284329185407,-0.2241686868122151,-0.43712052704143944,-0.4036295800339855,-0.43910753063382135,-0.6849759237313778,-0.20660648062761008,-0.6827174020841704,-0.6066813759660086,-0.5000965667741498,-0.45313530608288155,-0.3512761362126661
1992-12-10,-0.7523163173862565,-0.3518865754855585,-0.3917473849373501,-0.49701057700918455,-0.6704620150655377,-0.5647430331248547,-0.46720420145420083,-0.8496589379388307,-0.9101987254287424,-0.4000183481696131,-0.9418876809303204,-0.46378592405140456,-0.5657037055135602,-0.36013867198414934,-0.43550381455452586
1992-12-11,-0.7906675963790422,-0.2375787688995972,-0.5601085129998368,-0.45596309705026616,-0.9180180363611806,-0.6382044893679141,-0.20339123515534618,-0.8764661329608371,-1.130785952106432,-0.496638651302187,-1.1573310726573547,-0.4303067101035493,-0.6229456997160492,-0.41772155892707447,-0.6718959348371679
1992-12-12,-0.8164461711209288,-0.212426935952797,-0.4939201723888329,-0.4204203247566034,-1.0205762152482645,-0.6074204246299136,-0.11071402049446019,-1.0180242048750423,-1.2972226175080024,-0.9919874150692776,-1.4174338784669347,-0.37452507096017473,-0.7836398258294761,-0.3998655498204427,-0.7460908964046105
1992-12-13,-0.7897238223279436,-0.38168356818444693,-0.5402575868707862,-0.6529420475835996,-0.9226592091860328,-0.4912931353059655,-0.004604983747090252,-1.055900525460999,-1.5116729154117352,-1.1053118670680386,-1.4462850449935016,-0.6548737632988428,-0.9500206525287258,-0.5514580398556688,-0.7986066863421601
1992-12-14,-0.7333896818644681,-0.6626204865327705,-0.831941749039926,-0.7824208352451697,-0.8205549166375453,-0.5992036359628865,-0.05220688326580322,-1.0298174669882303,-1.3572872519757813,-1.104881022674889,-1.2817676644803149,-0.6207813714457667,-0.9518364373122846,-0.9143027993864975,-0.7456126287985961
1992-12-15,-0.8103073817382853,-1.0966255156646203,-0.9595887185619913,-1.105243319789062,-0.9461925359644834,-0.8262288182153172,-0.13765900488812735,-0.8604396239196298,-1.0964323963222757,-1.3080113906112385,-0.8383198924444684,-0.5269202831730536,-0.9769567716867834,-1.220385086495933,-0.8987152431686617
1992-12-16,-0.7632072603286137,-1.077348232684882,-0.8396634696284142,-0.935515716435782,-0.9840872518705918,-0.6250728417508165,-0.1505762043118368,-0.5072641798661613,-0.9087430324061825,-0.9590861098429134,-0.6041581887605855,-0.3317321791566614,-1.3013716437530534,-1.3005406075205155,-1.0061439596615218
1992-12-17,-0.4895454402397054,-1.173613780206389,-0.8275368594059779,-0.8562919487137622,-0.8791335905308301,-0.352056046385504,0.06534608211889768,0.02993422287099855,-0.5962069253324526,-0.47896789645323534,-0.39239794254870786,-0.35372323865303923,-1.216559405391049,-1.5020183384330492,-0.9688278311605772
1992-12-18,-0.4673199624515324,-1.4286042245185313,-0.9008032458681751,-0.6349891784675878,-0.7512538510964849,-0.2753910660231314,-0.021773571146550937,0.34391270367164034,-0.680035409318428,-0.41542408772926814,-0.22229787284722596,-0.5057175498385161,-1.347293961369422,-1.6885404995899496,-0.9838421648622953
1992-12-19,-0.6224925222427923,-1.3745521118634458,-1.1092250443744565,-0.5080403647553213,-1.0757571611689245,-0.33070794423448735,-0.35488476775047645,0.6012314563304257,-0.9254694292755801,-0.4394637714891482,-0.14246363862738487,-0.6563911905296943,-1.5435565758384948,-1.872653356321761,-0.8103953974226015
1992-12-20,-0.6481630236728135,-1.495520813429637,-1.1331193972111497,-0.7859853034317922,-1.453801858015569,-0.4148988868945323,-0.5696032097162631,0.4433069867959448,-1.0129226980930244,-0.5028075749867139,0.02558769141805611,-0.8185313452559115,-1.5389451125312965,-1.8343921272609232,-0.4926734434920667
1992-12-21,-0.43716346726240685,-1.5550613777266855,-0.9532334636660507,-0.882159853704316,-1.5349106169460616,-0.22503123361680338,-1.001517139874989,0.5342641179499259,-0.5122438085958368,-0.10672916112524196,-0.08308615974056696,-1.0072834891943296,-1.7911021724724094,-2.1239809309244504,-0.4512241925347946
1992-12-22,-0.2592294262292289,-1.4949368230481814,-0.7417409879867886,-0.8341682286382779,-1.2528069258150982,-0.12515878227012267,-1.2417527844008986,0.6048495875666514,-0.2681350289157538,0.21236598436849138,-0.06856585595227967,-1.1926647614346868,-1.9934408200704001,-2.0386951602325025,-0.3422911434490583
1992-12-23,-0.12609898103012,-1.3544301516407593,-0.5955121745944129,-0.8596673729813039,-1.1713674769855413,-0.21087441728531267,-1.4085502683820232,0.08289479136438471,-0.2583205471586257,0.430254296039269,-0.4160562939640527,-1.215829728448311,-2.032479827982006,-1.7506496345471527,-0.0951194368776201
1992-12-24,-0.054789104629084116,-1.3061921543200956,-0.4804950021601751,-1.0323645194106617,-1.170185183753543,-0.12047977149472237,-1.6025360813371157,-0.3959528999684973,-0.14852991904073715,0.3046261650462273,-0.8403898733554673,-1.1576552067673673,-2.043694475443954,-1.7411463885554779,-0.3538338851321631
1992-12-25,0.08043981007192097,-1.2961346689394506,-0.504211442489677,-1.3038162512631402,-1.1304660064764174,-0.030099287123257455,-1.8013710183628169,-0.5913982246911292,-0.45014726244964887,-0.04594260938139375,-1.080116833505212,-1.0175953358128607,-2.1471028038504665,-1.5541553704254674,-0.4277445008743482
1992-12-26,-0.03631291099942188,-1.6991899911423316,-0.6843775406544138,-1.3411683983907687,-1.1211851221224836,-0.10882966310970464,-1.9791832788552077,-0.5128616541339157,-0.5532126260311069,-0.2652922612105344,-1.2620559085220653,-0.6905804750975479,-2.159420556987319,-1.3251744125650202,-0.6980711352866071
1992-12-27,-0.4375635329689376,-1.9767890342446754,-1.318773279182231,-1.1763384475099778,-1.1949745915848484,-0.05543107072326552,-2.0099689781865795,-0.7091580963780884,-1.090453973533406,-0.3459156621516009,-1.3507261109253061,-0.4616083215080467,-2.3202726162663696,-1.1140033466067325,-0.7151546789922398
1992-12-28,-0.8596016076766277,-2.1096559588036388,-1.7808825875365748,-0.9960754834886847,-0.8593513580693769,0.01907349927203773,-2.032175121471727,-1.0824271307563524,-1.4881514329667835,-0.7111663372123032,-1.5262849984742068,-0.5218085270781242,-2.4681926766157223,-1.0165165204283604,-0.5331049634111926
1992-12-29,-0.8261953701406713,-2.006999240816745,-2.1684218431465476,-1.033470335258202,-0.8402573466661802,0.2661520862754613,-1.9457058392025013,-1.0611570805611774,-1.6349356785274356,-1.1563682325051998,-1.7539875170144188,-0.6160172872997761,-2.613258505714359,-0.8182982036349679,-0.3721751333839096
1992-12-30,-0.8024518655783979,-1.9674996608965232,-2.1585600608498416,-1.204533563812886,-0.7937946513079106,0.18640618949516058,-1.75254507198288,-0.8330116264490177,-1.6546356603931212,-1.4989638665243252,-1.7622944782466132,-0.3108360545472753,-2.4819565897421563,-0.5554257963249016,-0.033609339342169565
1992-12-31,-0.7918612725454586,-1.8258491940647399,-2.383589130522401,-1.075676331428229,-0.9869721463554355,-0.08257347178180147,-1.4222470215146092,-0.9833471962134231,-1.4375345735547993,-1.7655449009501425,-1.5334307634146183,-0.23344016729927564,-2.1670063748326545,-0.2934106942613913,0.050046486959157234
1993-01-01,-0.656579999273955,-1.5391492105402285,-2.309625155662763,-1.4222143574545643,-1.0461863027451355,-0.15492954636638182,-1.1895674151867195,-0.9545381323113736,-1.2685432205559704,-1.6889783374485907,-1.231175301078352,-0.43311545994766865,-1.7747229079066316,-0.2276479515094403,0.0213956316275021
1993-01-02,-0.5107965909631339,-1.7028833026914028,-2.031394524414382,-1.6188230320084147,-0.9599974538459352,-0.3465928174194895,-0.9094241362462184,-0.7149177094147575,-1.1233028058769077,-1.3844047975318325,-0.9487171872300139,-0.7094676901496374,-1.5126774143335484,-0.24566735378875187,-0.007740886003594936
1993-01-03,-0.3035703878257432,-2.2708459705334896,-2.0730184888402703,-1.8187946691654364,-0.7953995355832296,-0.4025910424441644,-0.8436733796289552,-0.4698896429239898,-0.8851085756669648,-1.1702128571744967,-0.7414668226585938,-0.7640836150611483,-1.0251698328157504,-0.03503913513542327,-0.6794538750822363
1993-01-04,-0.07119490666153003,-2.1440371616021694,-2.1201307596416377,-1.600475405752913,-0.7059748666451289,-0.35374664903106695,-0.5333357303782339,-0.464105895196405,-0.6435308112558238,-1.1311536710199814,-0.6341317407984361,-0.8944601824349326,-0.2039330829012996,0.10020488106428056,-1.0377582749959886
1993-01-05,0.01887429473264926,-1.6060611988305817,-2.052092692260262,-1.324068361879211,-0.9058328256542617,-0.42761236121975793,-0.09441191253886388,-0.3738575453967906,-0.47458646077494415,-0.8830382598174122,-0.6100190639403453,-0.8420979008880765,0.257122532753058,0.530811230742089,-1.3247495901788033
1993-01-06,-0.033084408210683224,-1.2354699505250324,-1.8040494235175513,-0.708739001879084,-0.7578043128104562,-0.5499674098646908,-0.240871908041151,0.05685886161521031,-0.3645972362756746,-0.6903839654258129,-0.4802457801690828,-0.6226725217843703,0.36688186786945337,0.598302333079973,-1.4557977455298532
1993-01-07,0.11993630288329821,-0.761956797854169,-1.5276582840059958,-0.25542097183794266,-0.6854312494827983,-0.5936510012103368,-0.42259994335152945,0.17415438719167195,-0.15841567913820262,-0.44162025507926167,-0.4235187883607061,-0.4486317326096691,0.5997241743056316,0.9367396937636234,-1.4452169746485106
1993-01-08,0.24559316831282454,-0.41621845648330075,-1.0884196592357591,-0.204931654275509,-0.7701028862216966,-0.46672526533862996,-0.6474512689567375,-0.1142028767880787,-0.061639829795516625,-0.49851535615135273,-0.17613981325262276,-0.18831857903368113,0.3975854073431709,0.9289008890100334,-1.472986121135229
1993-01-09,0.3290408095404011,-0.26003854319824804,-0.6597340278354841,0.005737100635736156,-0.8907923979169027,-0.4316589157077422,-0.8522521103146499,-0.1701900970389498,-0.4919053686255505,-0.4894886418023524,0.0074370808934505275,-0.2495735649993977,0.47863088691933264,0.6050768233733507,-1.2208992538486425
1993-01-10,0.4132563001726149,-0.5479577855376585,-0.47805574440523496,0.20217497428327055,-1.0664597652603909,-0.4368597053399516,-0.9385731723892601,-0.21344942606537506,-0.6178101496493045,-0.8383982701872442,0.12482638816207985,-0.24291107574386922,0.7940283749527953,0.3606824424667251,-0.8241203881954032
1993-01-11,0.5721702435319929,-0.7442142809018079,-0.11252359386558193,0.05674909278439624,-0.9129967531164487,-0.6485825323852694,-0.796963262846389,-0.021578570493622305,-0.6479760984114908,-0.9298356041700074,-0.02327474529377478,0.05044275305219041,0.8594620035945709,0.12826104636946978,-0.6224700930638989
1993-01-12,0.5242451968108905,-0.563614226668739,0.1712795274330871,-0.2501942805938952,-0.5547790910808689,-0.6878057361932445,-0.7481420068119273,-0.10256749802230038,-0.5472148118760204,-1.3683926095539982,-0.06960870943785194,0.2956274347773941,0.6708710694613552,0.020991889323916404,-0.3154199613388561
1993-01-13,0.5300019096140022,-0.41111381436942906,0.30391247698852863,-0.6617458716540846,-0.44971201705398084,-0.5663885229545405,-0.699113565117358,-0.02240521753203687,-0.6866255493201917,-1.763842012069149,-0.08395410650712967,0.6129421063252265,0.8643135330969771,-0.5047025562791739,-0.058001231482815045
1993-01-14,0.4985994743909972,-0.22966447979755306,0.46005890936404564,-0.9170403440928964,-0.3040054843684502,-0.2657299545666914,-0.7881568971877679,0.14828602077374728,-0.7284081833393996,-2.0488474486406787,-0.22653223364681488,0.7560667845418148,1.0492091902997496,-0.8013713563559803,0.4122559318776969
1993-01-15,0.19425749064420084,0.10274696474317994,0.5291125350194288,-1.2751947515779585,-0.2096298557220896,0.1432203100700944,-0.5758656975095274,0.5200406377016249,-0.7328969696196046,-2.2932439610120032,-0.25979590586078755,0.73148899849842,1.8167719347285098,-0.7241143367806511,0.2699979796112394
1993-01-16,-0.027818347953946256,0.1453620950606251,0.7512827927112223,-1.6584175344589285,-0.27264026304863376,0.09553282464188691,-0.44010138097911466,0.6697850100495979,-0.6620385099562633,-1.9293399721381965,-0.2997982583338124,0.6326106912794563,2.004264294285857,-0.8947835521695762,0.3193691260733361
1993-01-17,0.026803234543877622,0.11625731482896584,1.0445145682152648,-1.6463899356086589,-0.2103114282199249,0.24742593726888396,-0.21892700069886728,0.9767710878833838,-0.45443023034487173,-1.6336595102066351,-0.42868105213691726,0.7303867050382807,1.7375703440837649,-0.6825893051581823,0.1313199958317885
1993-01-18,0.17351372789432928,0.21255387034263154,1.2016183870202746,-1.6245086670579618,0.007369421996645502,0.4169538267990087,0.05741249897768594,0.9615435918700432,-0.36007761393073906,-1.2054994638486076,-0.45641657395618535,0.7709887844594137,1.6034938740339073,-0.30759507230795685,-0.06749485071944514
1993-01-19,0.237921891383791,0.11729437196168259,1.2203447913282666,-2.1167153429692127,-0.15969627118263596,0.7703137569025015,0.30531256824077635,1.1025511146302756,-0.28408996214932064,-0.9337704131980338,-0.5271819444957158,0.5738751830959626,1.5149118926542768,-0.16753110338876187,0.15904502152120342
1993-01-20,0.09447758104433021,0.04594121704883352,1.0205944529706519,-2.1532788526651694,-0.11644933189136046,0.7521613459465327,0.285841240076532,0.9325386534888437,-0.5654723491802721,-0.6052055968183904,-0.5981470838437491,0.5776967563339596,1.0827789639950296,-0.18047224438907158,0.5729348092824226
1993-01-21,-0.13979912904121305,0.2056250299984403,0.9782064391881,-1.8373652252802295,0.20366553354652575,0.6990921739078592,0.47996958358404795,0.7210661831054032,-0.4154292262293162,-0.14944484361278837,-0.645361962431281,0.19606522469287754,0.5817238042060164,-0.26111007276046894,0.9034613664841424
1993-01-22,0.050412233406355464,0.1935342672588176,1.0262782116099942,-1.0768537789468962,0.4998432715451561,0.7927723028518648,0.2950990202836858,0.5680830173096216,-0.24750496297713087,0.4993270385902542,-0.8381051815245366,0.048324545324723925,0.30913600873079633,-0.8237530572039586,1.2375049032105039
1993-01-23,0.2938004211261822,0.1780354999172137,1.1647584071273231,-0.4841733146698741,0.8857807396086335,0.8259845977376358,0.3491555568307895,0.6167070073695443,-0.4155041056373987,0.6013847640694803,-0.7206559249233238,-0.16291936124849293,-0.17935644182456228,-1.000647930153594,1.4878136090328082
1993-01-24,0.3565007629880521,0.3704368335660513,1.329752692844434,0.31118916332543334,0.7624211355982023,0.906780159898112,0.13968225607668527,0.763840621158569,-0.409490995091646,0.5911265874415674,-0.5209139331729561,-0.536180666206987,-0.35245534593143246,-1.114317117530389,1.789540237326025
1993-01-25,0.4746031208593444,0.30539336652105875,1.5371189328287143,1.0272551937886707,0.5986656053705222,1.0549900036366657,0.25200115460656514,1.0006472078623394,-0.20713636945083122,0.8978436408650449,-0.5888136598593755,-0.5695628362570831,-0.13635271869028645,-1.298901035100554,1.8255894494031077
1993-01-26,0.561777182145024,0.33737418228102917,1.436622255038068,1.4167689746432974,0.8671777147011087,1.1546819070392447,0.3353910593550499,1.515868589705434,0.05412889893689532,1.2646791253055591,-0.3948245781568256,-0.3626427218779212,0.2251347759983158,-1.0887644238505867,1.8183688129747548
1993-01-27,0.46936756358507503,0.28064324085684217,1.3054437685726064,1.9812181854318203,0.7155517664914309,1.254354717130653,0.47743363789948257,1.6587022109842273,0.3652395327516404,1.2711305258371624,-0.3168255047662779,-0.10670082429222304,0.4219047353789233,-0.6616950173783468,1.9822098892663393
1993-01-28,0.2196421210969111,0.019016007403106147,1.2588431896232268,2.216606289464927,0.744777481875492,1.3461403323506589,0.6875183654220677,1.2534578616235352,0.6619209318135689,1.1776750353818888,-0.36187388786908403,0.16195200997092965,0.4559575914552118,-0.25116218574211346,1.9183051292243816
1993-01-29,0.21936953883856822,-0.2244202108834959,1.1161572458894349,2.074097117645684,0.5847555319339108,1.3591710120630711,0.5739914228963158,1.0370203187072184,1.0028412295373326,0.8936414684328196,-0.2977065664769901,0.33985516189175946,0.5621396783106467,-0.13387148648085342,1.5082782813487712
1993-01-30,0.3838997427801753,-0.09596607042971701,1.087794976477844,1.8906311191071572,0.2575360333042038,1.3682220533404348,0.598734000799178,0.9511931976614503,1.0786865700214223,0.7830603877555362,-0.1922270036786695,-0.15235896016716413,0.7581888642815221,0.2613830097369651,1.19652314277937
1993-01-31,0.3717851224781527,-0.08646320473332378,1.2135982457973344,2.1190116506010988,-0.2134368830009717,1.041961937571713,0.8066575750621992,0.976660313066025,1.5017846245108801,0.8469505403634054,-0.4628258978243942,-0.5927473819231097,0.7650202696149495,0.4925833950625411,0.872180357654174
