,1,2,3,4,5,6,7,8,9,10,11,12,13,14,15
1995-09-16,-0.9974374901174325,-0.9974374901174325,-0.9974374901174325,-0.9974374901174325,-0.9974374901174325,-0.9974374901174325,-0.9974374901174325,-0.9974374901174325,-0.9974374901174325,-0.9974374901174325,-0.9974374901174325,-0.9974374901174325,-0.9974374901174325,-0.9974374901174325,-0.9974374901174325
1995-09-17,-0.8220059146475301,-0.8220059146475301,-0.8220059146475301,-0.8220059146475301,-0.8220059146475301,-0.8220059146475301,-0.8220059146475301,-0.8220059146475301,-0.8220059146475301,-0.8220059146475301,-0.8220059146475301,-0.8220059146475301,-0.8220059146475301,-0.8220059146475301,-0.8220059146475301
1995-09-18,-0.6638253179799921,-0.6638253179799921,-0.6638253179799921,-0.6638253179799921,-0.6638253179799921,-0.6638253179799921,-0.6638253179799921,-0.6638253179799921,-0.6638253179799921,-0.6638253179799921,-0.6638253179799921,-0.6638253179799921,-0.6638253179799921,-0.6638253179799921,-0.6638253179799921
1995-09-19,-0.21972526063000233,-0.21972526063000233,-0.21972526063000233,-0.21972526063000233,-0.21972526063000233,-0.21972526063000233,-0.21972526063000233,-0.21972526063000233,-0.21972526063000233,-0.21972526063000233,-0.21972526063000233,-0.21972526063000233,-0.21972526063000233,-0.21972526063000233,-0.21972526063000233
1995-09-20,0.028673957438807515,0.028673957438807515,0.028673957438807515,0.028673957438807515,0.028673957438807515,0.028673957438807515,0.028673957438807515,0.028673957438807515,0.028673957438807515,0.028673957438807515,0.028673957438807515,0.028673957438807515,0.028673957438807515,0.028673957438807515,0.028673957438807515
1995-09-21,0.3308065825443826,0.3308065825443826,0.3308065825443826,0.3308065825443826,0.3308065825443826,0.3308065825443826,0.3308065825443826,0.3308065825443826,0.3308065825443826,0.3308065825443826,0.3308065825443826,0.3308065825443826,0.3308065825443826,0.3308065825443826,0.3308065825443826
1995-09-22,0.24086817952157982,0.24086817952157982,0.24086817952157982,0.24086817952157982,0.24086817952157982,0.24086817952157982,0.24086817952157982,0.24086817952157982,0.24086817952157982,0.24086817952157982,0.24086817952157982,0.24086817952157982,0.24086817952157982,0.24086817952157982,0.24086817952157982
1995-09-23,0.4494687278014651,0.4494687278014651,0.4494687278014651,0.4494687278014651,0.4494687278014651,0.4494687278014651,0.4494687278014651,0.4494687278014651,0.4494687278014651,0.4494687278014651,0.4494687278014651,0.4494687278014651,0.4494687278014651,0.4494687278014651,0.4494687278014651
1995-09-24,0.2060561304537445,0.2060561304537445,0.2060561304537445,0.2060561304537445,0.2060561304537445,0.2060561304537445,0.2060561304537445,0.2060561304537445,0.2060561304537445,0.2060561304537445,0.2060561304537445,0.2060561304537445,0.2060561304537445,0.2060561304537445,0.2060561304537445
1995-09-25,-0.12962028596684994,-0.12962028596684994,-0.12962028596684994,-0.12962028596684994,-0.12962028596684994,-0.12962028596684994,-0.12962028596684994,-0.12962028596684994,-0.12962028596684994,-0.12962028596684994,-0.12962028596684994,-0.12962028596684994,-0.12962028596684994,-0.12962028596684994,-0.12962028596684994
1995-09-26,-0.2874166632924242,-0.2874166632924242,-0.2874166632924242,-0.2874166632924242,-0.2874166632924242,-0.2874166632924242,-0.2874166632924242,-0.2874166632924242,-0.2874166632924242,-0.2874166632924242,-0.2874166632924242,-0.2874166632924242,-0.2874166632924242,-0.2874166632924242,-0.2874166632924242
1995-09-27,-0.4860532547277055,-0.4860532547277055,-0.4860532547277055,-0.4860532547277055,-0.4860532547277055,-0.4860532547277055,-0.4860532547277055,-0.4860532547277055,-0.4860532547277055,-0.4860532547277055,-0.4860532547277055,-0.4860532547277055,-0.4860532547277055,-0.4860532547277055,-0.4860532547277055
1995-09-28,-0.6114248478476447,-0.6114248478476447,-0.6114248478476447,-0.6114248478476447,-0.6114248478476447,-0.6114248478476447,-0.6114248478476447,-0.6114248478476447,-0.6114248478476447,-0.6114248478476447,-0.6114248478476447,-0.6114248478476447,-0.6114248478476447,-0.6114248478476447,-0.6114248478476447
1995-09-29,-0.7366353415225961,-0.7366353415225961,-0.7366353415225961,-0.7366353415225961,-0.7366353415225961,-0.7366353415225961,-0.7366353415225961,-0.7366353415225961,-0.7366353415225961,-0.7366353415225961,-0.7366353415225961,-0.7366353415225961,-0.7366353415225961,-0.7366353415225961,-0.7366353415225961
1995-09-30,-1.0182936977342507,-1.0182936977342507,-1.0182936977342507,-1.0182936977342507,-1.0182936977342507,-1.0182936977342507,-1.0182936977342507,-1.0182936977342507,-1.0182936977342507,-1.0182936977342507,-1.0182936977342507,-1.0182936977342507,-1.0182936977342507,-1.0182936977342507,-1.0182936977342507
1995-10-01,-1.1332192432860175,-1.1332192432860175,-1.1332192432860175,-1.1332192432860175,-1.1332192432860175,-1.1332192432860175,-1.1332192432860175,-1.1332192432860175,-1.1332192432860175,-1.1332192432860175,-1.1332192432860175,-1.1332192432860175,-1.1332192432860175,-1.1332192432860175,-1.1332192432860175
1995-10-02,-0.894108347166048,-0.894108347166048,-0.894108347166048,-0.894108347166048,-0.894108347166048,-0.894108347166048,-0.894108347166048,-0.894108347166048,-0.894108347166048,-0.894108347166048,-0.894108347166048,-0.894108347166048,-0.894108347166048,-0.894108347166048,-0.894108347166048
1995-10-03,-0.6068431073700777,-0.6068431073700777,-0.6068431073700777,-0.6068431073700777,-0.6068431073700777,-0.6068431073700777,-0.6068431073700777,-0.6068431073700777,-0.6068431073700777,-0.6068431073700777,-0.6068431073700777,-0.6068431073700777,-0.6068431073700777,-0.6068431073700777,-0.6068431073700777
1995-10-04,-0.6770270167875652,-0.6770270167875652,-0.6770270167875652,-0.6770270167875652,-0.6770270167875652,-0.6770270167875652,-0.6770270167875652,-0.6770270167875652,-0.6770270167875652,-0.6770270167875652,-0.6770270167875652,-0.6770270167875652,-0.6770270167875652,-0.6770270167875652,-0.6770270167875652
1995-10-05,-0.42055672063198646,-0.42055672063198646,-0.42055672063198646,-0.42055672063198646,-0.42055672063198646,-0.42055672063198646,-0.42055672063198646,-0.42055672063198646,-0.42055672063198646,-0.42055672063198646,-0.42055672063198646,-0.42055672063198646,-0.42055672063198646,-0.42055672063198646,-0.42055672063198646
1995-10-06,-0.2859503956574762,-0.2859503956574762,-0.2859503956574762,-0.2859503956574762,-0.2859503956574762,-0.2859503956574762,-0.2859503956574762,-0.2859503956574762,-0.2859503956574762,-0.2859503956574762,-0.2859503956574762,-0.2859503956574762,-0.2859503956574762,-0.2859503956574762,-0.2859503956574762
1995-10-07,-0.15962936181952683,-0.15962936181952683,-0.15962936181952683,-0.15962936181952683,-0.15962936181952683,-0.15962936181952683,-0.15962936181952683,-0.15962936181952683,-0.15962936181952683,-0.15962936181952683,-0.15962936181952683,-0.15962936181952683,-0.15962936181952683,-0.15962936181952683,-0.15962936181952683
1995-10-08,0.039643893582979275,0.039643893582979275,0.039643893582979275,0.039643893582979275,0.039643893582979275,0.039643893582979275,0.039643893582979275,0.039643893582979275,0.039643893582979275,0.039643893582979275,0.039643893582979275,0.039643893582979275,0.039643893582979275,0.039643893582979275,0.039643893582979275
1995-10-09,0.1826133984756332,0.1826133984756332,0.1826133984756332,0.1826133984756332,0.1826133984756332,0.1826133984756332,0.1826133984756332,0.1826133984756332,0.1826133984756332,0.1826133984756332,0.1826133984756332,0.1826133984756332,0.1826133984756332,0.1826133984756332,0.1826133984756332
1995-10-10,0.0713687979351138,0.0713687979351138,0.0713687979351138,0.0713687979351138,0.0713687979351138,0.0713687979351138,0.0713687979351138,0.0713687979351138,0.0713687979351138,0.0713687979351138,0.0713687979351138,0.0713687979351138,0.0713687979351138,0.0713687979351138,0.0713687979351138
1995-10-11,-0.19994126410624583,-0.19994126410624583,-0.19994126410624583,-0.19994126410624583,-0.19994126410624583,-0.19994126410624583,-0.19994126410624583,-0.19994126410624583,-0.19994126410624583,-0.19994126410624583,-0.19994126410624583,-0.19994126410624583,-0.19994126410624583,-0.19994126410624583,-0.19994126410624583
1995-10-12,-0.31041053992734796,-0.31041053992734796,-0.31041053992734796,-0.31041053992734796,-0.31041053992734796,-0.31041053992734796,-0.31041053992734796,-0.31041053992734796,-0.31041053992734796,-0.31041053992734796,-0.31041053992734796,-0.31041053992734796,-0.31041053992734796,-0.31041053992734796,-0.31041053992734796
1995-10-13,-0.277501047095871,-0.277501047095871,-0.277501047095871,-0.277501047095871,-0.277501047095871,-0.277501047095871,-0.277501047095871,-0.277501047095871,-0.277501047095871,-0.277501047095871,-0.277501047095871,-0.277501047095871,-0.277501047095871,-0.277501047095871,-0.277501047095871
1995-10-14,-0.4490259120184432,-0.4490259120184432,-0.4490259120184432,-0.4490259120184432,-0.4490259120184432,-0.4490259120184432,-0.4490259120184432,-0.4490259120184432,-0.4490259120184432,-0.4490259120184432,-0.4490259120184432,-0.4490259120184432,-0.4490259120184432,-0.4490259120184432,-0.4490259120184432
1995-10-15,-0.61764761739064,-0.61764761739064,-0.61764761739064,-0.61764761739064,-0.61764761739064,-0.61764761739064,-0.61764761739064,-0.61764761739064,-0.61764761739064,-0.61764761739064,-0.61764761739064,-0.61764761739064,-0.61764761739064,-0.61764761739064,-0.61764761739064
1995-10-16,-0.6864325939027541,-0.6864325939027541,-0.6864325939027541,-0.6864325939027541,-0.6864325939027541,-0.6864325939027541,-0.6864325939027541,-0.6864325939027541,-0.6864325939027541,-0.6864325939027541,-0.6864325939027541,-0.6864325939027541,-0.6864325939027541,-0.6864325939027541,-0.6864325939027541
1995-10-17,-0.8899280868685344,-0.8899280868685344,-0.8899280868685344,-0.8899280868685344,-0.8899280868685344,-0.8899280868685344,-0.8899280868685344,-0.8899280868685344,-0.8899280868685344,-0.8899280868685344,-0.8899280868685344,-0.8899280868685344,-0.8899280868685344,-0.8899280868685344,-0.8899280868685344
1995-10-18,-0.942044898394378,-0.942044898394378,-0.942044898394378,-0.942044898394378,-0.942044898394378,-0.942044898394378,-0.942044898394378,-0.942044898394378,-0.942044898394378,-0.942044898394378,-0.942044898394378,-0.942044898394378,-0.942044898394378,-0.942044898394378,-0.942044898394378
1995-10-19,-0.7910301400297265,-0.7910301400297265,-0.7910301400297265,-0.7910301400297265,-0.7910301400297265,-0.7910301400297265,-0.7910301400297265,-0.7910301400297265,-0.7910301400297265,-0.7910301400297265,-0.7910301400297265,-0.7910301400297265,-0.7910301400297265,-0.7910301400297265,-0.7910301400297265
1995-10-20,-0.7227797118522227,-0.7227797118522227,-0.7227797118522227,-0.7227797118522227,-0.7227797118522227,-0.7227797118522227,-0.7227797118522227,-0.7227797118522227,-0.7227797118522227,-0.7227797118522227,-0.7227797118522227,-0.7227797118522227,-0.7227797118522227,-0.7227797118522227,-0.7227797118522227
1995-10-21,-0.6371590259328304,-0.6371590259328304,-0.6371590259328304,-0.6371590259328304,-0.6371590259328304,-0.6371590259328304,-0.6371590259328304,-0.6371590259328304,-0.6371590259328304,-0.6371590259328304,-0.6371590259328304,-0.6371590259328304,-0.6371590259328304,-0.6371590259328304,-0.6371590259328304
1995-10-22,-0.49302159810315205,-0.49302159810315205,-0.49302159810315205,-0.49302159810315205,-0.49302159810315205,-0.49302159810315205,-0.49302159810315205,-0.49302159810315205,-0.49302159810315205,-0.49302159810315205,-0.49302159810315205,-0.49302159810315205,-0.49302159810315205,-0.49302159810315205,-0.49302159810315205
1995-10-23,-0.3139226539000793,-0.3139226539000793,-0.3139226539000793,-0.3139226539000793,-0.3139226539000793,-0.3139226539000793,-0.3139226539000793,-0.3139226539000793,-0.3139226539000793,-0.3139226539000793,-0.3139226539000793,-0.3139226539000793,-0.3139226539000793,-0.3139226539000793,-0.3139226539000793
1995-10-24,-0.31079430074946507,-0.31079430074946507,-0.31079430074946507,-0.31079430074946507,-0.31079430074946507,-0.31079430074946507,-0.31079430074946507,-0.31079430074946507,-0.31079430074946507,-0.31079430074946507,-0.31079430074946507,-0.31079430074946507,-0.31079430074946507,-0.31079430074946507,-0.31079430074946507
1995-10-25,-0.3779432068024447,-0.3779432068024447,-0.3779432068024447,-0.3779432068024447,-0.3779432068024447,-0.3779432068024447,-0.3779432068024447,-0.3779432068024447,-0.3779432068024447,-0.3779432068024447,-0.3779432068024447,-0.3779432068024447,-0.3779432068024447,-0.3779432068024447,-0.3779432068024447
1995-10-26,-0.579738126952172,-0.579738126952172,-0.579738126952172,-0.579738126952172,-0.579738126952172,-0.579738126952172,-0.579738126952172,-0.579738126952172,-0.579738126952172,-0.579738126952172,-0.579738126952172,-0.579738126952172,-0.579738126952172,-0.579738126952172,-0.579738126952172
1995-10-27,-0.7460031221882715,-0.7460031221882715,-0.7460031221882715,-0.7460031221882715,-0.7460031221882715,-0.7460031221882715,-0.7460031221882715,-0.7460031221882715,-0.7460031221882715,-0.7460031221882715,-0.7460031221882715,-0.7460031221882715,-0.7460031221882715,-0.7460031221882715,-0.7460031221882715
1995-10-28,-0.7341597972806856,-0.7341597972806856,-0.7341597972806856,-0.7341597972806856,-0.7341597972806856,-0.7341597972806856,-0.7341597972806856,-0.7341597972806856,-0.7341597972806856,-0.7341597972806856,-0.7341597972806856,-0.7341597972806856,-0.7341597972806856,-0.7341597972806856,-0.7341597972806856
1995-10-29,-0.8763740006486741,-0.8763740006486741,-0.8763740006486741,-0.8763740006486741,-0.8763740006486741,-0.8763740006486741,-0.8763740006486741,-0.8763740006486741,-0.8763740006486741,-0.8763740006486741,-0.8763740006486741,-0.8763740006486741,-0.8763740006486741,-0.8763740006486741,-0.8763740006486741
1995-10-30,-0.9905101592698279,-0.9905101592698279,-0.9905101592698279,-0.9905101592698279,-0.9905101592698279,-0.9905101592698279,-0.9905101592698279,-0.9905101592698279,-0.9905101592698279,-0.9905101592698279,-0.9905101592698279,-0.9905101592698279,-0.9905101592698279,-0.9905101592698279,-0.9905101592698279
1995-10-31,-0.9249868346182305,-0.9249868346182305,-0.9249868346182305,-0.9249868346182305,-0.9249868346182305,-0.9249868346182305,-0.9249868346182305,-0.9249868346182305,-0.9249868346182305,-0.9249868346182305,-0.9249868346182305,-0.9249868346182305,-0.9249868346182305,-0.9249868346182305,-0.9249868346182305
1995-11-01,-0.6594537878869599,-0.6594537878869599,-0.6594537878869599,-0.6594537878869599,-0.6594537878869599,-0.6594537878869599,-0.6594537878869599,-0.6594537878869599,-0.6594537878869599,-0.6594537878869599,-0.6594537878869599,-0.6594537878869599,-0.6594537878869599,-0.6594537878869599,-0.6594537878869599
1995-11-02,-0.48737725826289235,-0.48737725826289235,-0.48737725826289235,-0.48737725826289235,-0.48737725826289235,-0.48737725826289235,-0.48737725826289235,-0.48737725826289235,-0.48737725826289235,-0.48737725826289235,-0.48737725826289235,-0.48737725826289235,-0.48737725826289235,-0.48737725826289235,-0.48737725826289235
1995-11-03,-0.16557113623945868,-0.16557113623945868,-0.16557113623945868,-0.16557113623945868,-0.16557113623945868,-0.16557113623945868,-0.16557113623945868,-0.16557113623945868,-0.16557113623945868,-0.16557113623945868,-0.16557113623945868,-0.16557113623945868,-0.16557113623945868,-0.16557113623945868,-0.16557113623945868
1995-11-04,-0.1442862170714284,-0.1442862170714284,-0.1442862170714284,-0.1442862170714284,-0.1442862170714284,-0.1442862170714284,-0.1442862170714284,-0.1442862170714284,-0.1442862170714284,-0.1442862170714284,-0.1442862170714284,-0.1442862170714284,-0.1442862170714284,-0.1442862170714284,-0.1442862170714284
1995-11-05,-0.1423278882029745,-0.1423278882029745,-0.1423278882029745,-0.1423278882029745,-0.1423278882029745,-0.1423278882029745,-0.1423278882029745,-0.1423278882029745,-0.1423278882029745,-0.1423278882029745,-0.1423278882029745,-0.1423278882029745,-0.1423278882029745,-0.1423278882029745,-0.1423278882029745
1995-11-06,-0.05717143700205581,-0.05717143700205581,-0.05717143700205581,-0.05717143700205581,-0.05717143700205581,-0.05717143700205581,-0.05717143700205581,-0.05717143700205581,-0.05717143700205581,-0.05717143700205581,-0.05717143700205581,-0.05717143700205581,-0.05717143700205581,-0.05717143700205581,-0.05717143700205581
1995-11-07,-0.254126899015957,-0.254126899015957,-0.254126899015957,-0.254126899015957,-0.254126899015957,-0.254126899015957,-0.254126899015957,-0.254126899015957,-0.254126899015957,-0.254126899015957,-0.254126899015957,-0.254126899015957,-0.254126899015957,-0.254126899015957,-0.254126899015957
1995-11-08,-0.5971045253785422,-0.5971045253785422,-0.5971045253785422,-0.5971045253785422,-0.5971045253785422,-0.5971045253785422,-0.5971045253785422,-0.5971045253785422,-0.5971045253785422,-0.5971045253785422,-0.5971045253785422,-0.5971045253785422,-0.5971045253785422,-0.5971045253785422,-0.5971045253785422
1995-11-09,-0.6223716565254421,-0.6223716565254421,-0.6223716565254421,-0.6223716565254421,-0.6223716565254421,-0.6223716565254421,-0.6223716565254421,-0.6223716565254421,-0.6223716565254421,-0.6223716565254421,-0.6223716565254421,-0.6223716565254421,-0.6223716565254421,-0.6223716565254421,-0.6223716565254421
1995-11-10,-0.7294957676332193,-0.7294957676332193,-0.7294957676332193,-0.7294957676332193,-0.7294957676332193,-0.7294957676332193,-0.7294957676332193,-0.7294957676332193,-0.7294957676332193,-0.7294957676332193,-0.7294957676332193,-0.7294957676332193,-0.7294957676332193,-0.7294957676332193,-0.7294957676332193
1995-11-11,-0.7810747117666234,-0.7810747117666234,-0.7810747117666234,-0.7810747117666234,-0.7810747117666234,-0.7810747117666234,-0.7810747117666234,-0.7810747117666234,-0.7810747117666234,-0.7810747117666234,-0.7810747117666234,-0.7810747117666234,-0.7810747117666234,-0.7810747117666234,-0.7810747117666234
1995-11-12,-0.6600358692473245,-0.6600358692473245,-0.6600358692473245,-0.6600358692473245,-0.6600358692473245,-0.6600358692473245,-0.6600358692473245,-0.6600358692473245,-0.6600358692473245,-0.6600358692473245,-0.6600358692473245,-0.6600358692473245,-0.6600358692473245,-0.6600358692473245,-0.6600358692473245
1995-11-13,-0.4746043686182473,-0.4746043686182473,-0.4746043686182473,-0.4746043686182473,-0.4746043686182473,-0.4746043686182473,-0.4746043686182473,-0.4746043686182473,-0.4746043686182473,-0.4746043686182473,-0.4746043686182473,-0.4746043686182473,-0.4746043686182473,-0.4746043686182473,-0.4746043686182473
1995-11-14,-0.17633354069136944,-0.17633354069136944,-0.17633354069136944,-0.17633354069136944,-0.17633354069136944,-0.17633354069136944,-0.17633354069136944,-0.17633354069136944,-0.17633354069136944,-0.17633354069136944,-0.17633354069136944,-0.17633354069136944,-0.17633354069136944,-0.17633354069136944,-0.17633354069136944
1995-11-15,-0.33369320176450545,-0.33369320176450545,-0.33369320176450545,-0.33369320176450545,-0.33369320176450545,-0.33369320176450545,-0.33369320176450545,-0.33369320176450545,-0.33369320176450545,-0.33369320176450545,-0.33369320176450545,-0.33369320176450545,-0.33369320176450545,-0.33369320176450545,-0.33369320176450545
1995-11-16,-0.7282885835408263,-0.7282885835408263,-0.7282885835408263,-0.7282885835408263,-0.7282885835408263,-0.7282885835408263,-0.7282885835408263,-0.7282885835408263,-0.7282885835408263,-0.7282885835408263,-0.7282885835408263,-0.7282885835408263,-0.7282885835408263,-0.7282885835408263,-0.7282885835408263
1995-11-17,-0.5724035537639751,-0.5724035537639751,-0.5724035537639751,-0.5724035537639751,-0.5724035537639751,-0.5724035537639751,-0.5724035537639751,-0.5724035537639751,-0.5724035537639751,-0.5724035537639751,-0.5724035537639751,-0.5724035537639751,-0.5724035537639751,-0.5724035537639751,-0.5724035537639751
1995-11-18,-0.3768803363814387,-0.3768803363814387,-0.3768803363814387,-0.3768803363814387,-0.3768803363814387,-0.3768803363814387,-0.3768803363814387,-0.3768803363814387,-0.3768803363814387,-0.3768803363814387,-0.3768803363814387,-0.3768803363814387,-0.3768803363814387,-0.3768803363814387,-0.3768803363814387
1995-11-19,-0.2993929804785489,-0.2993929804785489,-0.2993929804785489,-0.2993929804785489,-0.2993929804785489,-0.2993929804785489,-0.2993929804785489,-0.2993929804785489,-0.2993929804785489,-0.2993929804785489,-0.2993929804785489,-0.2993929804785489,-0.2993929804785489,-0.2993929804785489,-0.2993929804785489
1995-11-20,-0.4485004296958257,-0.4485004296958257,-0.4485004296958257,-0.4485004296958257,-0.4485004296958257,-0.4485004296958257,-0.4485004296958257,-0.4485004296958257,-0.4485004296958257,-0.4485004296958257,-0.4485004296958257,-0.4485004296958257,-0.4485004296958257,-0.4485004296958257,-0.4485004296958257
1995-11-21,-0.22046747002499198,-0.22046747002499198,-0.22046747002499198,-0.22046747002499198,-0.22046747002499198,-0.22046747002499198,-0.22046747002499198,-0.22046747002499198,-0.22046747002499198,-0.22046747002499198,-0.22046747002499198,-0.22046747002499198,-0.22046747002499198,-0.22046747002499198,-0.22046747002499198
1995-11-22,0.09765392511352813,0.09765392511352813,0.09765392511352813,0.09765392511352813,0.09765392511352813,0.09765392511352813,0.09765392511352813,0.09765392511352813,0.09765392511352813,0.09765392511352813,0.09765392511352813,0.09765392511352813,0.09765392511352813,0.09765392511352813,0.09765392511352813
1995-11-23,0.5568520178855123,0.5568520178855123,0.5568520178855123,0.5568520178855123,0.5568520178855123,0.5568520178855123,0.5568520178855123,0.5568520178855123,0.5568520178855123,0.5568520178855123,0.5568520178855123,0.5568520178855123,0.5568520178855123,0.5568520178855123,0.5568520178855123
1995-11-24,0.6712937154618649,0.6712937154618649,0.6712937154618649,0.6712937154618649,0.6712937154618649,0.6712937154618649,0.6712937154618649,0.6712937154618649,0.6712937154618649,0.6712937154618649,0.6712937154618649,0.6712937154618649,0.6712937154618649,0.6712937154618649,0.6712937154618649
1995-11-25,0.7396349581222758,0.7396349581222758,0.7396349581222758,0.7396349581222758,0.7396349581222758,0.7396349581222758,0.7396349581222758,0.7396349581222758,0.7396349581222758,0.7396349581222758,0.7396349581222758,0.7396349581222758,0.7396349581222758,0.7396349581222758,0.7396349581222758
1995-11-26,0.82312588667895,0.82312588667895,0.82312588667895,0.82312588667895,0.82312588667895,0.82312588667895,0.82312588667895,0.82312588667895,0.82312588667895,0.82312588667895,0.82312588667895,0.82312588667895,0.82312588667895,0.82312588667895,0.82312588667895
1995-11-27,0.9961246385764689,0.9961246385764689,0.9961246385764689,0.9961246385764689,0.9961246385764689,0.9961246385764689,0.9961246385764689,0.9961246385764689,0.9961246385764689,0.9961246385764689,0.9961246385764689,0.9961246385764689,0.9961246385764689,0.9961246385764689,0.9961246385764689
1995-11-28,0.9954434708710778,0.9954434708710778,0.9954434708710778,0.9954434708710778,0.9954434708710778,0.9954434708710778,0.9954434708710778,0.9954434708710778,0.9954434708710778,0.9954434708710778,0.9954434708710778,0.9954434708710778,0.9954434708710778,0.9954434708710778,0.9954434708710778
1995-11-29,0.8639945650049976,0.8639945650049976,0.8639945650049976,0.8639945650049976,0.8639945650049976,0.8639945650049976,0.8639945650049976,0.8639945650049976,0.8639945650049976,0.8639945650049976,0.8639945650049976,0.8639945650049976,0.8639945650049976,0.8639945650049976,0.8639945650049976
1995-11-30,1.2087155843778388,1.2087155843778388,1.2087155843778388,1.2087155843778388,1.2087155843778388,1.2087155843778388,1.2087155843778388,1.2087155843778388,1.2087155843778388,1.2087155843778388,1.2087155843778388,1.2087155843778388,1.2087155843778388,1.2087155843778388,1.2087155843778388
1995-12-01,1.134803635203631,1.134803635203631,1.134803635203631,1.134803635203631,1.134803635203631,1.134803635203631,1.134803635203631,1.134803635203631,1.134803635203631,1.134803635203631,1.134803635203631,1.134803635203631,1.134803635203631,1.134803635203631,1.134803635203631
1995-12-02,0.9920622209513174,0.9920622209513174,0.9920622209513174,0.9920622209513174,0.9920622209513174,0.9920622209513174,0.9920622209513174,0.9920622209513174,0.9920622209513174,0.9920622209513174,0.9920622209513174,0.9920622209513174,0.9920622209513174,0.9920622209513174,0.9920622209513174
1995-12-03,0.824673477841548,0.824673477841548,0.824673477841548,0.824673477841548,0.824673477841548,0.824673477841548,0.824673477841548,0.824673477841548,0.824673477841548,0.824673477841548,0.824673477841548,0.824673477841548,0.824673477841548,0.824673477841548,0.824673477841548
1995-12-04,0.679428538211566,0.679428538211566,0.679428538211566,0.679428538211566,0.679428538211566,0.679428538211566,0.679428538211566,0.679428538211566,0.679428538211566,0.679428538211566,0.679428538211566,0.679428538211566,0.679428538211566,0.679428538211566,0.679428538211566
1995-12-05,0.7680803416777799,0.7680803416777799,0.7680803416777799,0.7680803416777799,0.7680803416777799,0.7680803416777799,0.7680803416777799,0.7680803416777799,0.7680803416777799,0.7680803416777799,0.7680803416777799,0.7680803416777799,0.7680803416777799,0.7680803416777799,0.7680803416777799
1995-12-06,0.7534634227209462,0.7534634227209462,0.7534634227209462,0.7534634227209462,0.7534634227209462,0.7534634227209462,0.7534634227209462,0.7534634227209462,0.7534634227209462,0.7534634227209462,0.7534634227209462,0.7534634227209462,0.7534634227209462,0.7534634227209462,0.7534634227209462
1995-12-07,0.7756990176284253,0.7756990176284253,0.7756990176284253,0.7756990176284253,0.7756990176284253,0.7756990176284253,0.7756990176284253,0.7756990176284253,0.7756990176284253,0.7756990176284253,0.7756990176284253,0.7756990176284253,0.7756990176284253,0.7756990176284253,0.7756990176284253
1995-12-08,1.0709019928226196,1.0709019928226196,1.0709019928226196,1.0709019928226196,1.0709019928226196,1.0709019928226196,1.0709019928226196,1.0709019928226196,1.0709019928226196,1.0709019928226196,1.0709019928226196,1.0709019928226196,1.0709019928226196,1.0709019928226196,1.0709019928226196
1995-12-09,1.5016493933122153,1.5016493933122153,1.5016493933122153,1.5016493933122153,1.5016493933122153,1.5016493933122153,1.5016493933122153,1.5016493933122153,1.5016493933122153,1.5016493933122153,1.5016493933122153,1.5016493933122153,1.5016493933122153,1.5016493933122153,1.5016493933122153
1995-12-10,1.7253780826417402,1.7253780826417402,1.7253780826417402,1.7253780826417402,1.7253780826417402,1.7253780826417402,1.7253780826417402,1.7253780826417402,1.7253780826417402,1.7253780826417402,1.7253780826417402,1.7253780826417402,1.7253780826417402,1.7253780826417402,1.7253780826417402
1995-12-11,1.6419976439791704,1.6419976439791704,1.6419976439791704,1.6419976439791704,1.6419976439791704,1.6419976439791704,1.6419976439791704,1.6419976439791704,1.6419976439791704,1.6419976439791704,1.6419976439791704,1.6419976439791704,1.6419976439791704,1.6419976439791704,1.6419976439791704
1995-12-12,1.7105765448460637,1.7105765448460637,1.7105765448460637,1.7105765448460637,1.7105765448460637,1.7105765448460637,1.7105765448460637,1.7105765448460637,1.7105765448460637,1.7105765448460637,1.7105765448460637,1.7105765448460637,1.7105765448460637,1.7105765448460637,1.7105765448460637
1995-12-13,1.287689696204837,1.287689696204837,1.287689696204837,1.287689696204837,1.287689696204837,1.287689696204837,1.287689696204837,1.287689696204837,1.287689696204837,1.287689696204837,1.287689696204837,1.287689696204837,1.287689696204837,1.287689696204837,1.287689696204837
1995-12-14,1.2857603198332372,1.2857603198332372,1.2857603198332372,1.2857603198332372,1.2857603198332372,1.2857603198332372,1.2857603198332372,1.2857603198332372,1.2857603198332372,1.2857603198332372,1.2857603198332372,1.2857603198332372,1.2857603198332372,1.2857603198332372,1.2857603198332372
1995-12-15,1.3992432995724076,1.3992432995724076,1.3992432995724076,1.3992432995724076,1.3992432995724076,1.3992432995724076,1.3992432995724076,1.3992432995724076,1.3992432995724076,1.3992432995724076,1.3992432995724076,1.3992432995724076,1.3992432995724076,1.3992432995724076,1.3992432995724076
1995-12-16,1.4286401439865908,1.4286401439865908,1.4286401439865908,1.4286401439865908,1.4286401439865908,1.4286401439865908,1.4286401439865908,1.4286401439865908,1.4286401439865908,1.4286401439865908,1.4286401439865908,1.4286401439865908,1.4286401439865908,1.4286401439865908,1.4286401439865908
1995-12-17,1.2023380253091212,1.2023380253091212,1.2023380253091212,1.2023380253091212,1.2023380253091212,1.2023380253091212,1.2023380253091212,1.2023380253091212,1.2023380253091212,1.2023380253091212,1.2023380253091212,1.2023380253091212,1.2023380253091212,1.2023380253091212,1.2023380253091212
1995-12-18,1.2218846448651348,1.2218846448651348,1.2218846448651348,1.2218846448651348,1.2218846448651348,1.2218846448651348,1.2218846448651348,1.2218846448651348,1.2218846448651348,1.2218846448651348,1.2218846448651348,1.2218846448651348,1.2218846448651348,1.2218846448651348,1.2218846448651348
1995-12-19,1.2264991092536752,1.2264991092536752,1.2264991092536752,1.2264991092536752,1.2264991092536752,1.2264991092536752,1.2264991092536752,1.2264991092536752,1.2264991092536752,1.2264991092536752,1.2264991092536752,1.2264991092536752,1.2264991092536752,1.2264991092536752,1.2264991092536752
1995-12-20,1.045751056646693,1.045751056646693,1.045751056646693,1.045751056646693,1.045751056646693,1.045751056646693,1.045751056646693,1.045751056646693,1.045751056646693,1.045751056646693,1.045751056646693,1.045751056646693,1.045751056646693,1.045751056646693,1.045751056646693
1995-12-21,0.8816188153469717,0.8816188153469717,0.8816188153469717,0.8816188153469717,0.8816188153469717,0.8816188153469717,0.8816188153469717,0.8816188153469717,0.8816188153469717,0.8816188153469717,0.8816188153469717,0.8816188153469717,0.8816188153469717,0.8816188153469717,0.8816188153469717
1995-12-22,0.5416151710798641,0.5416151710798641,0.5416151710798641,0.5416151710798641,0.5416151710798641,0.5416151710798641,0.5416151710798641,0.5416151710798641,0.5416151710798641,0.5416151710798641,0.5416151710798641,0.5416151710798641,0.5416151710798641,0.5416151710798641,0.5416151710798641
1995-12-23,0.34591115279967416,0.34591115279967416,0.34591115279967416,0.34591115279967416,0.34591115279967416,0.34591115279967416,0.34591115279967416,0.34591115279967416,0.34591115279967416,0.34591115279967416,0.34591115279967416,0.34591115279967416,0.34591115279967416,0.34591115279967416,0.34591115279967416
1995-12-24,0.4139744824121435,0.4139744824121435,0.4139744824121435,0.4139744824121435,0.4139744824121435,0.4139744824121435,0.4139744824121435,0.4139744824121435,0.4139744824121435,0.4139744824121435,0.4139744824121435,0.4139744824121435,0.4139744824121435,0.4139744824121435,0.4139744824121435
1995-12-25,0.2126710297764793,0.2126710297764793,0.2126710297764793,0.2126710297764793,0.2126710297764793,0.2126710297764793,0.2126710297764793,0.2126710297764793,0.2126710297764793,0.2126710297764793,0.2126710297764793,0.2126710297764793,0.2126710297764793,0.2126710297764793,0.2126710297764793
1995-12-26,0.05146340127375004,0.05146340127375004,0.05146340127375004,0.05146340127375004,0.05146340127375004,0.05146340127375004,0.05146340127375004,0.05146340127375004,0.05146340127375004,0.05146340127375004,0.05146340127375004,0.05146340127375004,0.05146340127375004,0.05146340127375004,0.05146340127375004
1995-12-27,-0.2742739281001676,-0.2742739281001676,-0.2742739281001676,-0.2742739281001676,-0.2742739281001676,-0.2742739281001676,-0.2742739281001676,-0.2742739281001676,-0.2742739281001676,-0.2742739281001676,-0.2742739281001676,-0.2742739281001676,-0.2742739281001676,-0.2742739281001676,-0.2742739281001676
1995-12-28,-0.24171164387764413,-0.24171164387764413,-0.24171164387764413,-0.24171164387764413,-0.24171164387764413,-0.24171164387764413,-0.24171164387764413,-0.24171164387764413,-0.24171164387764413,-0.24171164387764413,-0.24171164387764413,-0.24171164387764413,-0.24171164387764413,-0.24171164387764413,-0.24171164387764413
1995-12-29,-0.2108788651270587,-0.2108788651270587,-0.2108788651270587,-0.2108788651270587,-0.2108788651270587,-0.2108788651270587,-0.2108788651270587,-0.2108788651270587,-0.2108788651270587,-0.2108788651270587,-0.2108788651270587,-0.2108788651270587,-0.2108788651270587,-0.2108788651270587,-0.2108788651270587
1995-12-30,-0.35131811073248165,-0.35131811073248165,-0.35131811073248165,-0.35131811073248165,-0.35131811073248165,-0.35131811073248165,-0.35131811073248165,-0.35131811073248165,-0.35131811073248165,-0.35131811073248165,-0.35131811073248165,-0.35131811073248165,-0.35131811073248165,-0.35131811073248165,-0.35131811073248165
1995-12-31,-0.19349981439204986,-0.19349981439204986,-0.19349981439204986,-0.19349981439204986,-0.19349981439204986,-0.19349981439204986,-0.19349981439204986,-0.19349981439204986,-0.19349981439204986,-0.19349981439204986,-0.19349981439204986,-0.19349981439204986,-0.19349981439204986,-0.19349981439204986,-0.19349981439204986
1996-01-01,0.18298765164731876,0.18298765164731876,0.18298765164731876,0.18298765164731876,0.18298765164731876,0.18298765164731876,0.18298765164731876,0.18298765164731876,0.18298765164731876,0.18298765164731876,0.18298765164731876,0.18298765164731876,0.18298765164731876,0.18298765164731876,0.18298765164731876
1996-01-02,0.3116483913202826,0.3116483913202826,0.3116483913202826,0.3116483913202826,0.3116483913202826,0.3116483913202826,0.3116483913202826,0.3116483913202826,0.3116483913202826,0.3116483913202826,0.3116483913202826,0.3116483913202826,0.3116483913202826,0.3116483913202826,0.3116483913202826
1996-01-03,0.28309858803887983,0.28309858803887983,0.28309858803887983,0.28309858803887983,0.28309858803887983,0.28309858803887983,0.28309858803887983,0.28309858803887983,0.28309858803887983,0.28309858803887983,0.28309858803887983,0.28309858803887983,0.28309858803887983,0.28309858803887983,0.28309858803887983
1996-01-04,0.2592812129019909,0.2592812129019909,0.2592812129019909,0.2592812129019909,0.2592812129019909,0.2592812129019909,0.2592812129019909,0.2592812129019909,0.2592812129019909,0.2592812129019909,0.2592812129019909,0.2592812129019909,0.2592812129019909,0.2592812129019909,0.2592812129019909
1996-01-05,0.10500811597022766,0.10500811597022766,0.10500811597022766,0.10500811597022766,0.10500811597022766,0.10500811597022766,0.10500811597022766,0.10500811597022766,0.10500811597022766,0.10500811597022766,0.10500811597022766,0.10500811597022766,0.10500811597022766,0.10500811597022766,0.10500811597022766
1996-01-06,0.006810566934138602,0.006810566934138602,0.006810566934138602,0.006810566934138602,0.006810566934138602,0.006810566934138602,0.006810566934138602,0.006810566934138602,0.006810566934138602,0.006810566934138602,0.006810566934138602,0.006810566934138602,0.006810566934138602,0.006810566934138602,0.006810566934138602
1996-01-07,-0.19495167479724756,-0.19495167479724756,-0.19495167479724756,-0.19495167479724756,-0.19495167479724756,-0.19495167479724756,-0.19495167479724756,-0.19495167479724756,-0.19495167479724756,-0.19495167479724756,-0.19495167479724756,-0.19495167479724756,-0.19495167479724756,-0.19495167479724756,-0.19495167479724756
1996-01-08,-0.3387649225592415,-0.3387649225592415,-0.3387649225592415,-0.3387649225592415,-0.3387649225592415,-0.3387649225592415,-0.3387649225592415,-0.3387649225592415,-0.3387649225592415,-0.3387649225592415,-0.3387649225592415,-0.3387649225592415,-0.3387649225592415,-0.3387649225592415,-0.3387649225592415
1996-01-09,-0.4914318875290698,-0.4914318875290698,-0.4914318875290698,-0.4914318875290698,-0.4914318875290698,-0.4914318875290698,-0.4914318875290698,-0.4914318875290698,-0.4914318875290698,-0.4914318875290698,-0.4914318875290698,-0.4914318875290698,-0.4914318875290698,-0.4914318875290698,-0.4914318875290698
1996-01-10,-0.5355113455279912,-0.5355113455279912,-0.5355113455279912,-0.5355113455279912,-0.5355113455279912,-0.5355113455279912,-0.5355113455279912,-0.5355113455279912,-0.5355113455279912,-0.5355113455279912,-0.5355113455279912,-0.5355113455279912,-0.5355113455279912,-0.5355113455279912,-0.5355113455279912
1996-01-11,-0.3655008311826613,-0.3655008311826613,-0.3655008311826613,-0.3655008311826613,-0.3655008311826613,-0.3655008311826613,-0.3655008311826613,-0.3655008311826613,-0.3655008311826613,-0.3655008311826613,-0.3655008311826613,-0.3655008311826613,-0.3655008311826613,-0.3655008311826613,-0.3655008311826613
1996-01-12,-0.6250160686213138,-0.6250160686213138,-0.6250160686213138,-0.6250160686213138,-0.6250160686213138,-0.6250160686213138,-0.6250160686213138,-0.6250160686213138,-0.6250160686213138,-0.6250160686213138,-0.6250160686213138,-0.6250160686213138,-0.6250160686213138,-0.6250160686213138,-0.6250160686213138
1996-01-13,-0.6819196827656202,-0.6819196827656202,-0.6819196827656202,-0.6819196827656202,-0.6819196827656202,-0.6819196827656202,-0.6819196827656202,-0.6819196827656202,-0.6819196827656202,-0.6819196827656202,-0.6819196827656202,-0.6819196827656202,-0.6819196827656202,-0.6819196827656202,-0.6819196827656202
1996-01-14,-0.8311216584405205,-0.7943541832850074,-0.8440563647205246,-0.8780177845002631,-0.8143723154864014,-0.8538209591517347,-0.8138629772652897,-0.8146126639920876,-0.8760894227278785,-0.8889036441707548,-0.9102016988479298,-0.8945961474581028,-0.838123299968176,-0.8787729779665674,-0.8885547961617608
1996-01-15,-1.0117985084997325,-0.8522551828238816,-1.103094380090197,-0.9108015982946807,-0.9467514124947024,-0.9224153853795826,-0.8148970087511321,-0.9570133639846012,-1.0036623307951145,-1.010519730615224,-0.9946730176605483,-1.0212919275591965,-1.2450679836682188,-0.8803341516910451,-0.8697020655885963
1996-01-16,-1.1652733363739984,-0.7754095343248215,-1.2774468779027999,-1.2808764060782365,-1.097238060894158,-0.9223403545311819,-1.0290219773407718,-1.0274252534353798,-1.170583652607552,-1.003671441079327,-1.3383165004768958,-1.1182318942110243,-1.2063112923750288,-1.0337349106280318,-0.9137402848542953
1996-01-17,-1.404534173912413,-0.9203901213893585,-1.5810789714743338,-1.5526228231395716,-1.5477301114164144,-1.1124281046687614,-1.545357469986019,-1.3517136917110428,-1.442765027320183,-1.1850034308244168,-1.576048151084012,-1.3423880237932595,-1.422656804491752,-1.315483142043202,-1.1832683729968696
1996-01-18,-1.436818220621597,-0.9764083726623023,-1.6600091528336278,-1.5949087639567254,-1.7685196328562116,-1.2235808490368836,-1.630459411435608,-1.187344300146641,-1.7528639421915548,-1.2787787587818573,-1.6170890963737556,-1.4309262169073045,-1.285134264287195,-1.3166661631022696,-1.148960762975933
1996-01-19,-1.387569914147855,-0.9080353733567613,-1.5053458510190438,-1.4538283736451758,-1.6472081908929261,-1.1311346922006418,-1.5656101495557841,-1.1271937473121423,-1.5091888627795291,-1.3560991475338509,-1.339065260665751,-1.3201233787157198,-1.036636923460349,-1.2107305356591485,-1.0774769610217756
1996-01-20,-1.2941804666001313,-0.6648117749857988,-1.097910858888561,-1.1819167956404169,-1.4870409267982627,-0.9032348544852081,-1.434749390706922,-1.125832927496592,-1.3128866437246387,-1.4527855420757372,-1.1404566571402357,-1.2229996135198016,-0.9511703810364581,-1.1512039172927804,-1.2084019818763174
1996-01-21,-1.1033800172765282,-0.4873614207843028,-0.7052627486071747,-1.1235106408610345,-0.9768723516026228,-0.5865423478609046,-1.3966399749111298,-1.1083004643730718,-1.4905427148154147,-1.1856609776973475,-1.0587527576840223,-1.1395468480878785,-0.624171324798341,-0.7655378452158075,-1.0972083047056607
1996-01-22,-1.0709701270020564,-0.4802357625053475,-0.48080245478540323,-0.8385304662880092,-0.925312068451296,-0.30662489629177336,-1.2865723869439991,-1.158717175645759,-1.4009995588528525,-0.8509718449900744,-1.2661871616610958,-1.1724789207072432,-0.5982587745030445,-0.6780838168438027,-1.1924977495279339
1996-01-23,-1.0811349385217413,-0.7190021358191275,-0.1553835457501594,-0.5928282731759191,-0.6830311207795039,-0.21971950126879103,-1.0819493521899957,-1.4064658541032287,-1.1398908221030903,-0.5800907902702886,-1.3232206303038756,-0.9919157698449221,-0.3023923499763999,-0.5351372991114285,-0.9014047046899087
1996-01-24,-1.3562598545472357,-0.9026321136839189,-0.12958029615068398,-0.4843294589088922,-0.45397656275289017,-0.020264350965496298,-0.9248342668130651,-1.6534926017292393,-1.0677603686956638,-0.6006362437692155,-1.2418102277683616,-1.1255019463004599,-0.22409116633272347,-0.6558446312431623,-1.2152805905944808
1996-01-25,-1.6969842392897105,-1.2086893521518602,0.046265903994629355,-0.7358260014212028,-0.5235965342779586,0.038858950848736785,-0.5953483108415454,-1.8933693546799624,-0.5748016328277555,-0.47210318877000257,-1.1155089513912826,-1.209696831458651,-0.5121155543598593,-0.6644745480527368,-1.2024231662898663
1996-01-26,-1.7025040279884662,-1.276668783382553,0.03416144838488981,-0.7158093286583935,-0.4096715286274161,0.2756702594463185,-0.4887152597451402,-2.0530264388438826,-0.2757593315180352,-0.6109378675704721,-0.9343017272222802,-1.2809126094066074,-0.6822414194764909,-0.7757855724370216,-1.194476876957518
1996-01-27,-1.6247409373340231,-1.0357113210297104,0.0023800533777744025,-0.6484813980735717,-0.2307103269003035,0.1563673503011098,-0.07339640490308211,-1.8003721979704648,-0.008805057224452635,-0.7703153773185571,-0.8136651695283303,-1.2154668693384412,-0.8311570086537025,-0.40147843226097074,-1.272980845369964
1996-01-28,-1.300574358590265,-0.9224770495788706,0.4029118305568483,-0.2493502047421339,-0.22824789214906716,0.251733297265561,0.24139393776357326,-1.659513337664381,-0.07679778097155561,-0.6788393103218063,-0.742483972000109,-1.2862813653081582,-0.8215408333693786,-0.06022983180427915,-0.8359328645525735
1996-01-29,-1.2370223253669124,-1.2818665503805002,0.4009086226197059,-0.033886586774859326,-0.5636557727512242,0.26086002997784885,-0.041143863239298854,-1.8942975612013089,-0.07361810191954582,-0.7832047251067958,-0.8291221396100954,-1.0416171232889657,-0.7491225457298635,0.26425682353819907,-0.959428139569765
1996-01-30,-1.326714255458799,-1.5125864941923441,0.5295814555279674,0.24668206973504953,-0.934857859340122,0.12612018603163877,-0.2981462846092209,-2.123900769540243,0.38638199482005636,-1.0299026059248868,-0.981159216017864,-1.1122017640208468,-0.89242600230241,0.48319175237492645,-0.867757925090106
1996-01-31,-1.6464190117979152,-1.640744920153395,0.3142041997133153,0.43194992723039655,-1.2197579122079587,-0.06951977026331395,-0.680110811969192,-1.991061616853351,0.5157149950745287,-1.2815972487301963,-1.4799915346685475,-0.9385048852308095,-1.0878610042256418,0.4916157109664911,-0.7025491472329108
1996-02-01,-1.7226837506861192,-1.636336020890639,0.0857165691678781,0.5118775034808615,-0.966140994211622,-0.23308441714152267,-0.6435702232326747,-1.8497829424938637,0.07988439336194919,-1.4566120647852911,-1.6481007824376932,-0.5067593095991386,-1.6010114603202645,0.3226193354670607,-0.5734917582189294
1996-02-02,-1.7039486822836003,-1.418777012337458,0.01548597080183686,0.3067327609709124,-0.8170606513487813,-0.21896465587950886,-0.5740063895901795,-1.5778150557146688,0.07452377726711772,-1.1203292076068168,-1.4272899380177666,-0.31973311858739695,-1.5664185509924153,0.5179839098857508,-0.38542577781163845
1996-02-03,-1.38950267801458,-1.1806052693618123,-0.07993790506845518,0.1278386180320769,-0.7924636733176529,-0.19860344284227763,-0.7727277284157958,-1.300643014746157,0.20913918289789882,-1.2191776224790087,-1.3448206726487704,-0.191920077125008,-1.5952535895447093,0.6118653877243472,-0.16796261979747779
1996-02-04,-1.0674828225003732,-1.154502161093922,-0.3607329456130516,0.11963114932634718,-0.6659725407570724,0.026060788355856786,-0.6258414135559338,-1.073408773303696,0.2822502107705954,-1.4376702867717073,-1.3663106793356665,-0.6853143079592754,-1.5595964725666012,0.3514611740581801,-0.011095460436077372
1996-02-05,-1.0785360866920821,-1.1787162146339532,-0.14762414935373772,0.2940587160267711,-0.7574991936077762,0.28477030346693405,-1.0001289310840826,-0.9450592515993959,0.23899407789202412,-1.4469057530236396,-1.3674109676162074,-0.8848662038440918,-1.3701341369305544,0.16764682116161655,0.1473582348928119
1996-02-06,-1.0482260874006144,-1.216774268380692,0.1771935822726159,0.2247285926339066,-0.8007307149660989,0.5297526839529195,-0.9396266894546996,-0.7802439877135658,0.03295627364747863,-1.1995088050930307,-1.5688650581178047,-0.5221582018935602,-1.122175558850322,0.06531020463872951,0.20763928701940398
1996-02-07,-0.9994109810519033,-0.9084613064942207,0.32241985486152597,-0.1513263785504747,-0.7097401869581206,0.6337292106983426,-0.7240789722899884,-0.3736370138636582,-0.10735765367341718,-0.9432356583524352,-1.4473232926505084,-0.43137223134057245,-0.93796617882915,0.1151574645439845,0.10523959007627921
1996-02-08,-0.8139410062297278,-0.8044574984484975,0.4992933476572005,-0.27427364133606597,-0.7658395789607709,0.3791383379951922,-0.7062791143508461,0.15271479339229904,0.10588868258585495,-1.0761753118984017,-1.1038829829202514,-0.29997413089645164,-0.5480943889941058,0.05740776148019872,-0.09393072557321056
1996-02-09,-0.19440034369078354,-0.6043854482031499,1.0271990146119343,-0.6122651686981531,-0.705140108706517,-0.010835686191546129,-0.6119895553649018,0.3616511757124642,0.06180454641383677,-0.7577105880708318,-1.035388671592543,-0.3107321516127733,-0.32805067041791586,-0.16826147176026743,-0.22009840924394117
1996-02-10,0.33477337525875905,-0.3332286927438931,1.6936098972397031,-0.9801155076948628,-0.6357614597645497,-0.07380031447090152,-0.8764799873803735,0.3825148661075473,0.1458331181778061,-0.7605362291125265,-0.8322458902210111,-0.4301168520691662,-0.05210188076308426,-0.2626292988406804,-0.6178229910944972
1996-02-11,0.5048546598306574,-0.2607407989952179,2.140363976065649,-1.4929163986488077,-0.7433302223690074,-0.07736985818677747,-1.0194176799933157,0.5188797265091295,0.10655130473268548,-0.958028068449167,-0.7224305667857365,0.01726352566562904,-0.16234145717859377,-0.27773024280787967,-0.5497294427096155
1996-02-12,0.5311311730567971,-0.22105711867831535,2.507191582856645,-1.8622366821164729,-0.7679634054378993,0.06893615482565424,-0.8302764290069946,0.4327777673867282,0.2630255975040941,-1.1194907993056193,-0.6747708669147384,0.45468816590813466,-0.33488216069948623,0.09459001208158115,-0.664724787115081
1996-02-13,0.4650168259347067,0.16345452562814744,2.379771408575829,-2.0465789824065737,-0.690071022799105,0.11665227733844379,-0.5245651611764524,0.19385119633604408,-0.25248552187735696,-1.287585399169175,-0.3615932212058568,0.8258985657376777,-0.5838573638244084,0.5969015894103369,-0.738880819871876
1996-02-14,0.21330066813566895,0.7109205974140417,2.0764686461021604,-2.0391555888664508,-0.8568943825563899,0.08703573411593482,-0.32986610611314326,0.19655877788732248,-0.5214684146701873,-1.2826265091705271,-0.14907481941171624,0.9070714907229527,-0.42243947660784437,0.6933729163036867,-0.8666531319166414
1996-02-15,0.08124884753434791,0.921375472543439,1.826269027838342,-2.2603672365555285,-1.02716467772435,-0.2762481670426128,-0.24202157599448101,-0.09981946769288648,-0.8143194858276185,-1.2348357288083236,0.31590841803082265,0.8588665029768068,-0.13079939584588884,0.626359042158342,-0.7246180614143337
1996-02-16,0.11694608219740563,1.0841204043452923,1.4198590629323107,-2.2416441342211506,-0.8276342482528555,-0.5786183285882298,-0.20301441198615902,-0.19250184351526373,-1.1751802544581167,-1.0977976429267338,0.6235936389858487,1.1703445352344046,0.1270650895105555,0.801399470132304,-0.7842791860227195
1996-02-17,0.09027506305002277,1.1347155021260726,1.2364922586194138,-2.312989845841468,-0.5790438585995945,-0.6034031118327676,-0.004784629031703987,-0.2599018596799527,-1.258032162892835,-0.589977410881401,1.0706168293081437,1.1801504721330909,0.33559514866655366,0.8406422575303015,-0.6391234014257666
1996-02-18,0.18216462974253,0.8041748047633688,1.1533674870410413,-2.3512004146947465,-0.13318382506259654,-0.4289988589967972,0.11447464984605804,0.015997399676438765,-1.795712319857879,-0.5606305992673446,1.2273501902229291,0.8248560131761999,0.5196640700377941,0.5360918807363798,-0.6900733457136342
1996-02-19,0.2627456421729418,0.6010319827506049,0.7071433251595785,-2.472251492718995,0.16303879670888527,-0.11168334545143858,-0.5535740395313025,0.4344561453512767,-2.2933890427530588,-0.8955319813322137,1.2686331498674748,0.4779466450228682,0.3686506352764417,0.21659429680958103,-0.8865418354121928
1996-02-20,0.28551416856474676,0.6112869005113023,0.06604967548804305,-2.575529638277381,0.4895093744929414,-0.1867556340001026,-1.1141909061125004,0.6769049097553864,-2.591220533286191,-0.873116141308537,1.0005708651296294,0.12078903991098952,-0.0420635412230434,-0.06593913319458242,-0.9369863116461364
1996-02-21,0.2982330233185601,0.5381736624061153,-0.3887456740030151,-2.5561688751262186,1.0076854775911597,-0.45051996350774043,-1.395044871809121,1.1349227885457944,-2.8453343014111825,-0.8501956880676212,0.7173720425611201,-0.1405361708560908,-0.24064228697311313,-0.44959387253901145,-1.334492154523478
1996-02-22,0.10261799759626096,0.24996922389210788,-0.5829729742898037,-2.640388244188088,1.1800537058497043,-0.6717630672116244,-1.5361191571344928,1.2742871956844668,-2.8100302907745873,-0.9705693997268576,0.5480623028482262,-0.4267101461252777,-0.30191859842489294,-0.5378984631283903,-1.4524294268538793
1996-02-23,-0.03978738651453463,0.439936781547405,-0.9006035592625352,-2.401620460486754,1.139686173187201,-0.4903404635154752,-1.8056658683793951,1.5808335080845006,-2.8913279344054894,-1.101888954597353,0.3556985187086467,-0.41762564242536293,-0.32586196928487543,-0.7155799035187462,-1.7122901434870403
1996-02-24,-0.011561931804780504,0.4870102138133383,-0.9134755815703021,-2.406635668928233,0.8859327664040415,-0.3377670146393078,-1.7278477776561214,1.7014404271691044,-2.644664561764853,-0.7574365912000942,0.3684415528020834,-0.5062262101880294,-0.008415836693984071,-0.9259664860335054,-2.037574977811275
1996-02-25,0.013898741096960071,0.06531462757855082,-1.0311214486142568,-2.214611938953514,0.8360974740164122,-0.5146145272891351,-1.6231846945351907,1.7368059563604563,-2.4033464695228988,-0.8644344460783838,0.34811185541793593,-0.566629606887733,0.33018071362006074,-0.8171063591428384,-2.1594906299509606
1996-02-26,-0.08847607212037377,-0.32486158588296377,-1.1535376904385692,-2.105712185609282,0.6616604433093846,-0.7406788598700149,-1.5874213068527185,1.121100108678958,-2.2728755632806728,-1.2553295466158174,0.34846435646066515,-0.5187014136461211,0.48182869095649705,-0.6794741556724138,-2.1851319978007413
1996-02-27,-0.23043471699892332,-0.592606005590327,-1.4259402338944984,-2.329801552716803,0.3632566450279924,-0.57916354475387,-1.3752930896454978,0.6143937661582131,-2.0009192491945105,-1.599760390219214,0.40522623200079905,-0.34936303671086166,0.5737296226556474,-0.2912369668849535,-2.6210957544596662
1996-02-28,-0.6680660408506556,-0.7125492707732568,-1.6600117381801283,-2.0428290367346316,0.24470333693615848,0.15885712493272616,-1.1670109921136105,0.7200482385019219,-1.8886265748838797,-1.8265668324700144,0.09506966459403632,-0.36828394462816866,0.3272170721681014,-0.2573106288064199,-2.769190128031545
1996-02-29,-0.9693113231795398,-0.6532114661852543,-1.6739502324965376,-1.6076115571090168,-0.019504681416074268,0.6636246814276706,-1.2120302659410866,0.83151319301724,-1.5708002974418187,-1.9788061048603482,-0.3010359593433786,-0.3818088097893796,-0.11509479058687355,-0.006937424705741702,-2.9015700811777996
1996-03-01,-0.9192552360347729,-0.8396356318046767,-1.9161175786706781,-1.5485936147143586,-0.27393148935418943,0.8792990577724965,-1.22049351557109,0.3210432221897318,-1.2766740582909806,-2.383003787929046,-0.3250380523305178,-0.45368418957965995,-0.2912356281057416,0.060872472462033984,-3.040082246760765
1996-03-02,-0.6751554576501498,-0.9277799148485445,-1.9384501488421142,-1.7207875214119648,-0.44165189664681037,1.018982599257859,-1.3868377837531463,-0.13498917222526888,-0.9590967853387775,-2.6306595835844293,-0.637827015386514,-0.6560191906845101,-0.3095447702300077,-0.4999633754800053,-3.0398760797981828
1996-03-03,-0.639005899430249,-0.5949105972781196,-2.060021229322323,-1.8450051228750934,-0.39288680079614446,1.0412707768766698,-1.4040358877763983,-0.46254150154490775,-0.7582380248506542,-2.5726874357437244,-0.5434009994105468,-0.6835364727017943,-0.22976049024145404,-0.7065032336616447,-3.010681392250285
1996-03-04,-0.5702614494074157,-0.5133244547909038,-1.6641000526280707,-1.8349396196858614,-0.8173313182753755,1.0646732109445525,-1.458824029888517,-0.4181476180612155,-0.735744854222671,-2.3848598074170977,-0.4266110564866169,-0.6227352262492433,-0.18353016463985228,-0.6646840635094804,-2.9037603993562837
1996-03-05,-0.6784390296818371,-0.5708060684191398,-1.8277444799053535,-1.691180684819768,-0.852437749626987,0.6853520635311171,-1.1373718573725933,-0.3979887336669166,-0.6384612886673936,-1.9582410761153246,-0.40679168499444784,-0.6554256798166072,-0.5841205119199612,-0.5588812292069639,-2.8374496497814734
1996-03-06,-0.8166551863802989,-0.31441085227437393,-1.9045542608111332,-1.5733388753407669,-0.6619165481838718,0.6252267687832207,-0.8085125945446455,0.07612106822682924,-0.2942161572937331,-1.5900749614892078,-0.3051302258804437,-0.9723471219676533,-0.992033219691592,-0.8742172247066106,-2.685590368405587
1996-03-07,-0.8639375011124041,-0.19185318619271965,-1.6049384287304247,-1.3697784269574018,-0.4615566847580423,0.7199483234474623,-0.941420588461646,0.4941727434649462,-0.06802807951668731,-1.0177183081827472,-0.2491076703432976,-1.0567958755726887,-1.3782682682182654,-1.092722748049769,-2.5155743369439727
1996-03-08,-1.0266789602060222,-0.15077352572494063,-1.2054033474587085,-1.2372583979618044,-0.533802367319111,0.5760344361516638,-1.2927645033933728,0.7523397582955166,0.13641278871657345,-0.8034448130470291,-0.21164391023343623,-0.8380227885039303,-1.5052233874212144,-1.122788202865524,-2.604651476222251
1996-03-09,-0.9805726526588923,0.11815296033582011,-0.7169473004294485,-1.3803105568653267,-0.2993876762075649,0.6147633329702574,-1.3623865395851948,0.4043294334936479,-0.05400455031292799,-0.5803013514488865,-0.1619651451951895,-0.8452494742771036,-1.478111091445186,-1.377787468010079,-2.5886721052164745
1996-03-10,-0.8935433891242378,0.30454162994919115,-0.5614835276217868,-1.6234041687318168,0.0615352033312599,0.4961006428380195,-1.549773060977633,0.39994869723723264,0.06550996877660539,-0.7690299016786564,0.0711349306394877,-0.9271781872180951,-1.1086955100342695,-1.315226032498613,-2.624561652645973
1996-03-11,-0.8018895151070117,0.5700121826945632,-0.49260258211746,-1.2857982395068264,0.25996345668063353,0.5031324433716161,-1.8145815644972754,0.57056753914795,0.2800015894297498,-0.8228858307416881,0.3214015119769732,-0.9320475451069119,-0.7244008708974505,-1.282977030963755,-2.353172308395212
1996-03-12,-0.6757695463920541,0.7725892091373763,-0.4436978501700774,-0.7805254751796793,0.5148471788966519,0.5467974926612783,-1.796346458457056,0.8039519020839713,0.4162813247672705,-0.3092638705928593,0.2931506495135181,-0.9501140143196649,-0.14406476488441242,-1.2085547241707295,-2.399724119230367
1996-03-13,-0.6640322003383,0.8925068907202397,-0.34129627668320006,-0.3848278491008744,0.7272292633510448,0.6983890525425267,-1.7077730154003758,0.6676039490623216,0.40414150994499737,0.25805141319845304,0.46675133327889967,-0.768504505772547,0.3638183620177806,-1.083823539459543,-2.135884215019841
1996-03-14,-0.49461642248256255,0.9791062298193312,-0.28755355761121343,0.18293812359326764,0.7738740435295988,0.5005222997012851,-1.0524220170993157,0.5072026609316327,0.3118701469232006,0.8430230792340775,0.9349995809833437,-0.7783927814302409,0.937710449171314,-1.0933560693910507,-1.964759024791154
