,1,2,3,4,5,6,7,8,9,10,11,12,13,14,15
1996-09-15,-0.17411331924651682,-0.17411331924651682,-0.17411331924651682,-0.17411331924651682,-0.17411331924651682,-0.17411331924651682,-0.17411331924651682,-0.17411331924651682,-0.17411331924651682,-0.17411331924651682,-0.17411331924651682,-0.17411331924651682,-0.17411331924651682,-0.17411331924651682,-0.17411331924651682
1996-09-16,-0.32915127869208133,-0.32915127869208133,-0.32915127869208133,-0.32915127869208133,-0.32915127869208133,-0.32915127869208133,-0.32915127869208133,-0.32915127869208133,-0.32915127869208133,-0.32915127869208133,-0.32915127869208133,-0.32915127869208133,-0.32915127869208133,-0.32915127869208133,-0.32915127869208133
1996-09-17,-0.2721424470557632,-0.2721424470557632,-0.2721424470557632,-0.2721424470557632,-0.2721424470557632,-0.2721424470557632,-0.2721424470557632,-0.2721424470557632,-0.2721424470557632,-0.2721424470557632,-0.2721424470557632,-0.2721424470557632,-0.2721424470557632,-0.2721424470557632,-0.2721424470557632
1996-09-18,-0.4201884522193807,-0.4201884522193807,-0.4201884522193807,-0.4201884522193807,-0.4201884522193807,-0.4201884522193807,-0.4201884522193807,-0.4201884522193807,-0.4201884522193807,-0.4201884522193807,-0.4201884522193807,-0.4201884522193807,-0.4201884522193807,-0.4201884522193807,-0.4201884522193807
1996-09-19,-0.32049637395341674,-0.32049637395341674,-0.32049637395341674,-0.32049637395341674,-0.32049637395341674,-0.32049637395341674,-0.32049637395341674,-0.32049637395341674,-0.32049637395341674,-0.32049637395341674,-0.32049637395341674,-0.32049637395341674,-0.32049637395341674,-0.32049637395341674,-0.32049637395341674
1996-09-20,0.23653272477336282,0.23653272477336282,0.23653272477336282,0.23653272477336282,0.23653272477336282,0.23653272477336282,0.23653272477336282,0.23653272477336282,0.23653272477336282,0.23653272477336282,0.23653272477336282,0.23653272477336282,0.23653272477336282,0.23653272477336282,0.23653272477336282
1996-09-21,0.4384928115634511,0.4384928115634511,0.4384928115634511,0.4384928115634511,0.4384928115634511,0.4384928115634511,0.4384928115634511,0.4384928115634511,0.4384928115634511,0.4384928115634511,0.4384928115634511,0.4384928115634511,0.4384928115634511,0.4384928115634511,0.4384928115634511
1996-09-22,0.31068116881347513,0.31068116881347513,0.31068116881347513,0.31068116881347513,0.31068116881347513,0.31068116881347513,0.31068116881347513,0.31068116881347513,0.31068116881347513,0.31068116881347513,0.31068116881347513,0.31068116881347513,0.31068116881347513,0.31068116881347513,0.31068116881347513
1996-09-23,0.21660920021804958,0.21660920021804958,0.21660920021804958,0.21660920021804958,0.21660920021804958,0.21660920021804958,0.21660920021804958,0.21660920021804958,0.21660920021804958,0.21660920021804958,0.21660920021804958,0.21660920021804958,0.21660920021804958,0.21660920021804958,0.21660920021804958
1996-09-24,0.13727338693967886,0.13727338693967886,0.13727338693967886,0.13727338693967886,0.13727338693967886,0.13727338693967886,0.13727338693967886,0.13727338693967886,0.13727338693967886,0.13727338693967886,0.13727338693967886,0.13727338693967886,0.13727338693967886,0.13727338693967886,0.13727338693967886
1996-09-25,0.37602973990743127,0.37602973990743127,0.37602973990743127,0.37602973990743127,0.37602973990743127,0.37602973990743127,0.37602973990743127,0.37602973990743127,0.37602973990743127,0.37602973990743127,0.37602973990743127,0.37602973990743127,0.37602973990743127,0.37602973990743127,0.37602973990743127
1996-09-26,0.30411400071222094,0.30411400071222094,0.30411400071222094,0.30411400071222094,0.30411400071222094,0.30411400071222094,0.30411400071222094,0.30411400071222094,0.30411400071222094,0.30411400071222094,0.30411400071222094,0.30411400071222094,0.30411400071222094,0.30411400071222094,0.30411400071222094
1996-09-27,-0.16372593424196852,-0.16372593424196852,-0.16372593424196852,-0.16372593424196852,-0.16372593424196852,-0.16372593424196852,-0.16372593424196852,-0.16372593424196852,-0.16372593424196852,-0.16372593424196852,-0.16372593424196852,-0.16372593424196852,-0.16372593424196852,-0.16372593424196852,-0.16372593424196852
1996-09-28,-0.4521065148825135,-0.4521065148825135,-0.4521065148825135,-0.4521065148825135,-0.4521065148825135,-0.4521065148825135,-0.4521065148825135,-0.4521065148825135,-0.4521065148825135,-0.4521065148825135,-0.4521065148825135,-0.4521065148825135,-0.4521065148825135,-0.4521065148825135,-0.4521065148825135
1996-09-29,-0.5504643614851495,-0.5504643614851495,-0.5504643614851495,-0.5504643614851495,-0.5504643614851495,-0.5504643614851495,-0.5504643614851495,-0.5504643614851495,-0.5504643614851495,-0.5504643614851495,-0.5504643614851495,-0.5504643614851495,-0.5504643614851495,-0.5504643614851495,-0.5504643614851495
1996-09-30,-0.7181154675945103,-0.7181154675945103,-0.7181154675945103,-0.7181154675945103,-0.7181154675945103,-0.7181154675945103,-0.7181154675945103,-0.7181154675945103,-0.7181154675945103,-0.7181154675945103,-0.7181154675945103,-0.7181154675945103,-0.7181154675945103,-0.7181154675945103,-0.7181154675945103
1996-10-01,-0.7859469773335601,-0.7859469773335601,-0.7859469773335601,-0.7859469773335601,-0.7859469773335601,-0.7859469773335601,-0.7859469773335601,-0.7859469773335601,-0.7859469773335601,-0.7859469773335601,-0.7859469773335601,-0.7859469773335601,-0.7859469773335601,-0.7859469773335601,-0.7859469773335601
1996-10-02,-0.9798446793987036,-0.9798446793987036,-0.9798446793987036,-0.9798446793987036,-0.9798446793987036,-0.9798446793987036,-0.9798446793987036,-0.9798446793987036,-0.9798446793987036,-0.9798446793987036,-0.9798446793987036,-0.9798446793987036,-0.9798446793987036,-0.9798446793987036,-0.9798446793987036
1996-10-03,-1.0932653894479172,-1.0932653894479172,-1.0932653894479172,-1.0932653894479172,-1.0932653894479172,-1.0932653894479172,-1.0932653894479172,-1.0932653894479172,-1.0932653894479172,-1.0932653894479172,-1.0932653894479172,-1.0932653894479172,-1.0932653894479172,-1.0932653894479172,-1.0932653894479172
1996-10-04,-1.1022796669203934,-1.1022796669203934,-1.1022796669203934,-1.1022796669203934,-1.1022796669203934,-1.1022796669203934,-1.1022796669203934,-1.1022796669203934,-1.1022796669203934,-1.1022796669203934,-1.1022796669203934,-1.1022796669203934,-1.1022796669203934,-1.1022796669203934,-1.1022796669203934
1996-10-05,-1.1809640192167001,-1.1809640192167001,-1.1809640192167001,-1.1809640192167001,-1.1809640192167001,-1.1809640192167001,-1.1809640192167001,-1.1809640192167001,-1.1809640192167001,-1.1809640192167001,-1.1809640192167001,-1.1809640192167001,-1.1809640192167001,-1.1809640192167001,-1.1809640192167001
1996-10-06,-1.4727016016131342,-1.4727016016131342,-1.4727016016131342,-1.4727016016131342,-1.4727016016131342,-1.4727016016131342,-1.4727016016131342,-1.4727016016131342,-1.4727016016131342,-1.4727016016131342,-1.4727016016131342,-1.4727016016131342,-1.4727016016131342,-1.4727016016131342,-1.4727016016131342
1996-10-07,-1.5162017179781435,-1.5162017179781435,-1.5162017179781435,-1.5162017179781435,-1.5162017179781435,-1.5162017179781435,-1.5162017179781435,-1.5162017179781435,-1.5162017179781435,-1.5162017179781435,-1.5162017179781435,-1.5162017179781435,-1.5162017179781435,-1.5162017179781435,-1.5162017179781435
1996-10-08,-1.2926126425461744,-1.2926126425461744,-1.2926126425461744,-1.2926126425461744,-1.2926126425461744,-1.2926126425461744,-1.2926126425461744,-1.2926126425461744,-1.2926126425461744,-1.2926126425461744,-1.2926126425461744,-1.2926126425461744,-1.2926126425461744,-1.2926126425461744,-1.2926126425461744
1996-10-09,-0.8760079348577292,-0.8760079348577292,-0.8760079348577292,-0.8760079348577292,-0.8760079348577292,-0.8760079348577292,-0.8760079348577292,-0.8760079348577292,-0.8760079348577292,-0.8760079348577292,-0.8760079348577292,-0.8760079348577292,-0.8760079348577292,-0.8760079348577292,-0.8760079348577292
1996-10-10,-0.8252939059221096,-0.8252939059221096,-0.8252939059221096,-0.8252939059221096,-0.8252939059221096,-0.8252939059221096,-0.8252939059221096,-0.8252939059221096,-0.8252939059221096,-0.8252939059221096,-0.8252939059221096,-0.8252939059221096,-0.8252939059221096,-0.8252939059221096,-0.8252939059221096
1996-10-11,-0.7258097362456092,-0.7258097362456092,-0.7258097362456092,-0.7258097362456092,-0.7258097362456092,-0.7258097362456092,-0.7258097362456092,-0.7258097362456092,-0.7258097362456092,-0.7258097362456092,-0.7258097362456092,-0.7258097362456092,-0.7258097362456092,-0.7258097362456092,-0.7258097362456092
1996-10-12,-0.7951013891698019,-0.7951013891698019,-0.7951013891698019,-0.7951013891698019,-0.7951013891698019,-0.7951013891698019,-0.7951013891698019,-0.7951013891698019,-0.7951013891698019,-0.7951013891698019,-0.7951013891698019,-0.7951013891698019,-0.7951013891698019,-0.7951013891698019,-0.7951013891698019
1996-10-13,-0.7545987504475109,-0.7545987504475109,-0.7545987504475109,-0.7545987504475109,-0.7545987504475109,-0.7545987504475109,-0.7545987504475109,-0.7545987504475109,-0.7545987504475109,-0.7545987504475109,-0.7545987504475109,-0.7545987504475109,-0.7545987504475109,-0.7545987504475109,-0.7545987504475109
1996-10-14,-0.7419322417635188,-0.7419322417635188,-0.7419322417635188,-0.7419322417635188,-0.7419322417635188,-0.7419322417635188,-0.7419322417635188,-0.7419322417635188,-0.7419322417635188,-0.7419322417635188,-0.7419322417635188,-0.7419322417635188,-0.7419322417635188,-0.7419322417635188,-0.7419322417635188
1996-10-15,-0.8433641893844228,-0.8433641893844228,-0.8433641893844228,-0.8433641893844228,-0.8433641893844228,-0.8433641893844228,-0.8433641893844228,-0.8433641893844228,-0.8433641893844228,-0.8433641893844228,-0.8433641893844228,-0.8433641893844228,-0.8433641893844228,-0.8433641893844228,-0.8433641893844228
1996-10-16,-0.9244676483877525,-0.9244676483877525,-0.9244676483877525,-0.9244676483877525,-0.9244676483877525,-0.9244676483877525,-0.9244676483877525,-0.9244676483877525,-0.9244676483877525,-0.9244676483877525,-0.9244676483877525,-0.9244676483877525,-0.9244676483877525,-0.9244676483877525,-0.9244676483877525
1996-10-17,-1.162888711740176,-1.162888711740176,-1.162888711740176,-1.162888711740176,-1.162888711740176,-1.162888711740176,-1.162888711740176,-1.162888711740176,-1.162888711740176,-1.162888711740176,-1.162888711740176,-1.162888711740176,-1.162888711740176,-1.162888711740176,-1.162888711740176
1996-10-18,-1.0640864701653228,-1.0640864701653228,-1.0640864701653228,-1.0640864701653228,-1.0640864701653228,-1.0640864701653228,-1.0640864701653228,-1.0640864701653228,-1.0640864701653228,-1.0640864701653228,-1.0640864701653228,-1.0640864701653228,-1.0640864701653228,-1.0640864701653228,-1.0640864701653228
1996-10-19,-1.2636105756300113,-1.2636105756300113,-1.2636105756300113,-1.2636105756300113,-1.2636105756300113,-1.2636105756300113,-1.2636105756300113,-1.2636105756300113,-1.2636105756300113,-1.2636105756300113,-1.2636105756300113,-1.2636105756300113,-1.2636105756300113,-1.2636105756300113,-1.2636105756300113
1996-10-20,-1.217045092539136,-1.217045092539136,-1.217045092539136,-1.217045092539136,-1.217045092539136,-1.217045092539136,-1.217045092539136,-1.217045092539136,-1.217045092539136,-1.217045092539136,-1.217045092539136,-1.217045092539136,-1.217045092539136,-1.217045092539136,-1.217045092539136
1996-10-21,-1.2774345251408832,-1.2774345251408832,-1.2774345251408832,-1.2774345251408832,-1.2774345251408832,-1.2774345251408832,-1.2774345251408832,-1.2774345251408832,-1.2774345251408832,-1.2774345251408832,-1.2774345251408832,-1.2774345251408832,-1.2774345251408832,-1.2774345251408832,-1.2774345251408832
1996-10-22,-1.1476509177760923,-1.1476509177760923,-1.1476509177760923,-1.1476509177760923,-1.1476509177760923,-1.1476509177760923,-1.1476509177760923,-1.1476509177760923,-1.1476509177760923,-1.1476509177760923,-1.1476509177760923,-1.1476509177760923,-1.1476509177760923,-1.1476509177760923,-1.1476509177760923
1996-10-23,-0.7815986132627918,-0.7815986132627918,-0.7815986132627918,-0.7815986132627918,-0.7815986132627918,-0.7815986132627918,-0.7815986132627918,-0.7815986132627918,-0.7815986132627918,-0.7815986132627918,-0.7815986132627918,-0.7815986132627918,-0.7815986132627918,-0.7815986132627918,-0.7815986132627918
1996-10-24,-0.6991432796279969,-0.6991432796279969,-0.6991432796279969,-0.6991432796279969,-0.6991432796279969,-0.6991432796279969,-0.6991432796279969,-0.6991432796279969,-0.6991432796279969,-0.6991432796279969,-0.6991432796279969,-0.6991432796279969,-0.6991432796279969,-0.6991432796279969,-0.6991432796279969
1996-10-25,-0.8897938995123172,-0.8897938995123172,-0.8897938995123172,-0.8897938995123172,-0.8897938995123172,-0.8897938995123172,-0.8897938995123172,-0.8897938995123172,-0.8897938995123172,-0.8897938995123172,-0.8897938995123172,-0.8897938995123172,-0.8897938995123172,-0.8897938995123172,-0.8897938995123172
1996-10-26,-0.8436272604096794,-0.8436272604096794,-0.8436272604096794,-0.8436272604096794,-0.8436272604096794,-0.8436272604096794,-0.8436272604096794,-0.8436272604096794,-0.8436272604096794,-0.8436272604096794,-0.8436272604096794,-0.8436272604096794,-0.8436272604096794,-0.8436272604096794,-0.8436272604096794
1996-10-27,-0.6099143095193301,-0.6099143095193301,-0.6099143095193301,-0.6099143095193301,-0.6099143095193301,-0.6099143095193301,-0.6099143095193301,-0.6099143095193301,-0.6099143095193301,-0.6099143095193301,-0.6099143095193301,-0.6099143095193301,-0.6099143095193301,-0.6099143095193301,-0.6099143095193301
1996-10-28,-0.3974203939304289,-0.3974203939304289,-0.3974203939304289,-0.3974203939304289,-0.3974203939304289,-0.3974203939304289,-0.3974203939304289,-0.3974203939304289,-0.3974203939304289,-0.3974203939304289,-0.3974203939304289,-0.3974203939304289,-0.3974203939304289,-0.3974203939304289,-0.3974203939304289
1996-10-29,-0.05047058779691855,-0.05047058779691855,-0.05047058779691855,-0.05047058779691855,-0.05047058779691855,-0.05047058779691855,-0.05047058779691855,-0.05047058779691855,-0.05047058779691855,-0.05047058779691855,-0.05047058779691855,-0.05047058779691855,-0.05047058779691855,-0.05047058779691855,-0.05047058779691855
1996-10-30,0.5118659580690899,0.5118659580690899,0.5118659580690899,0.5118659580690899,0.5118659580690899,0.5118659580690899,0.5118659580690899,0.5118659580690899,0.5118659580690899,0.5118659580690899,0.5118659580690899,0.5118659580690899,0.5118659580690899,0.5118659580690899,0.5118659580690899
1996-10-31,0.6543922861039647,0.6543922861039647,0.6543922861039647,0.6543922861039647,0.6543922861039647,0.6543922861039647,0.6543922861039647,0.6543922861039647,0.6543922861039647,0.6543922861039647,0.6543922861039647,0.6543922861039647,0.6543922861039647,0.6543922861039647,0.6543922861039647
1996-11-01,0.748667891550145,0.748667891550145,0.748667891550145,0.748667891550145,0.748667891550145,0.748667891550145,0.748667891550145,0.748667891550145,0.748667891550145,0.748667891550145,0.748667891550145,0.748667891550145,0.748667891550145,0.748667891550145,0.748667891550145
1996-11-02,0.7163972480588712,0.7163972480588712,0.7163972480588712,0.7163972480588712,0.7163972480588712,0.7163972480588712,0.7163972480588712,0.7163972480588712,0.7163972480588712,0.7163972480588712,0.7163972480588712,0.7163972480588712,0.7163972480588712,0.7163972480588712,0.7163972480588712
1996-11-03,0.6207427222108436,0.6207427222108436,0.6207427222108436,0.6207427222108436,0.6207427222108436,0.6207427222108436,0.6207427222108436,0.6207427222108436,0.6207427222108436,0.6207427222108436,0.6207427222108436,0.6207427222108436,0.6207427222108436,0.6207427222108436,0.6207427222108436
1996-11-04,0.5622521245581824,0.5622521245581824,0.5622521245581824,0.5622521245581824,0.5622521245581824,0.5622521245581824,0.5622521245581824,0.5622521245581824,0.5622521245581824,0.5622521245581824,0.5622521245581824,0.5622521245581824,0.5622521245581824,0.5622521245581824,0.5622521245581824
1996-11-05,0.6502318496603867,0.6502318496603867,0.6502318496603867,0.6502318496603867,0.6502318496603867,0.6502318496603867,0.6502318496603867,0.6502318496603867,0.6502318496603867,0.6502318496603867,0.6502318496603867,0.6502318496603867,0.6502318496603867,0.6502318496603867,0.6502318496603867
1996-11-06,0.9023675504407397,0.9023675504407397,0.9023675504407397,0.9023675504407397,0.9023675504407397,0.9023675504407397,0.9023675504407397,0.9023675504407397,0.9023675504407397,0.9023675504407397,0.9023675504407397,0.9023675504407397,0.9023675504407397,0.9023675504407397,0.9023675504407397
1996-11-07,1.1334696072315824,1.1334696072315824,1.1334696072315824,1.1334696072315824,1.1334696072315824,1.1334696072315824,1.1334696072315824,1.1334696072315824,1.1334696072315824,1.1334696072315824,1.1334696072315824,1.1334696072315824,1.1334696072315824,1.1334696072315824,1.1334696072315824
1996-11-08,1.6347110999848384,1.6347110999848384,1.6347110999848384,1.6347110999848384,1.6347110999848384,1.6347110999848384,1.6347110999848384,1.6347110999848384,1.6347110999848384,1.6347110999848384,1.6347110999848384,1.6347110999848384,1.6347110999848384,1.6347110999848384,1.6347110999848384
1996-11-09,1.9601430158697377,1.9601430158697377,1.9601430158697377,1.9601430158697377,1.9601430158697377,1.9601430158697377,1.9601430158697377,1.9601430158697377,1.9601430158697377,1.9601430158697377,1.9601430158697377,1.9601430158697377,1.9601430158697377,1.9601430158697377,1.9601430158697377
1996-11-10,2.3084063290117682,2.3084063290117682,2.3084063290117682,2.3084063290117682,2.3084063290117682,2.3084063290117682,2.3084063290117682,2.3084063290117682,2.3084063290117682,2.3084063290117682,2.3084063290117682,2.3084063290117682,2.3084063290117682,2.3084063290117682,2.3084063290117682
1996-11-11,2.290158552912381,2.290158552912381,2.290158552912381,2.290158552912381,2.290158552912381,2.290158552912381,2.290158552912381,2.290158552912381,2.290158552912381,2.290158552912381,2.290158552912381,2.290158552912381,2.290158552912381,2.290158552912381,2.290158552912381
1996-11-12,2.2541211830507657,2.2541211830507657,2.2541211830507657,2.2541211830507657,2.2541211830507657,2.2541211830507657,2.2541211830507657,2.2541211830507657,2.2541211830507657,2.2541211830507657,2.2541211830507657,2.2541211830507657,2.2541211830507657,2.2541211830507657,2.2541211830507657
1996-11-13,2.091766000739989,2.091766000739989,2.091766000739989,2.091766000739989,2.091766000739989,2.091766000739989,2.091766000739989,2.091766000739989,2.091766000739989,2.091766000739989,2.091766000739989,2.091766000739989,2.091766000739989,2.091766000739989,2.091766000739989
1996-11-14,1.5381979835995108,1.5381979835995108,1.5381979835995108,1.5381979835995108,1.5381979835995108,1.5381979835995108,1.5381979835995108,1.5381979835995108,1.5381979835995108,1.5381979835995108,1.5381979835995108,1.5381979835995108,1.5381979835995108,1.5381979835995108,1.5381979835995108
1996-11-15,1.2156549935963996,1.2156549935963996,1.2156549935963996,1.2156549935963996,1.2156549935963996,1.2156549935963996,1.2156549935963996,1.2156549935963996,1.2156549935963996,1.2156549935963996,1.2156549935963996,1.2156549935963996,1.2156549935963996,1.2156549935963996,1.2156549935963996
1996-11-16,0.8651082474112043,0.8651082474112043,0.8651082474112043,0.8651082474112043,0.8651082474112043,0.8651082474112043,0.8651082474112043,0.8651082474112043,0.8651082474112043,0.8651082474112043,0.8651082474112043,0.8651082474112043,0.8651082474112043,0.8651082474112043,0.8651082474112043
1996-11-17,0.3639056227241003,0.3639056227241003,0.3639056227241003,0.3639056227241003,0.3639056227241003,0.3639056227241003,0.3639056227241003,0.3639056227241003,0.3639056227241003,0.3639056227241003,0.3639056227241003,0.3639056227241003,0.3639056227241003,0.3639056227241003,0.3639056227241003
1996-11-18,0.1139399159744109,0.1139399159744109,0.1139399159744109,0.1139399159744109,0.1139399159744109,0.1139399159744109,0.1139399159744109,0.1139399159744109,0.1139399159744109,0.1139399159744109,0.1139399159744109,0.1139399159744109,0.1139399159744109,0.1139399159744109,0.1139399159744109
1996-11-19,-0.19224364079286657,-0.19224364079286657,-0.19224364079286657,-0.19224364079286657,-0.19224364079286657,-0.19224364079286657,-0.19224364079286657,-0.19224364079286657,-0.19224364079286657,-0.19224364079286657,-0.19224364079286657,-0.19224364079286657,-0.19224364079286657,-0.19224364079286657,-0.19224364079286657
1996-11-20,-0.6809719881000611,-0.6809719881000611,-0.6809719881000611,-0.6809719881000611,-0.6809719881000611,-0.6809719881000611,-0.6809719881000611,-0.6809719881000611,-0.6809719881000611,-0.6809719881000611,-0.6809719881000611,-0.6809719881000611,-0.6809719881000611,-0.6809719881000611,-0.6809719881000611
1996-11-21,-0.8779802747876997,-0.8779802747876997,-0.8779802747876997,-0.8779802747876997,-0.8779802747876997,-0.8779802747876997,-0.8779802747876997,-0.8779802747876997,-0.8779802747876997,-0.8779802747876997,-0.8779802747876997,-0.8779802747876997,-0.8779802747876997,-0.8779802747876997,-0.8779802747876997
1996-11-22,-1.1779773258857114,-1.1779773258857114,-1.1779773258857114,-1.1779773258857114,-1.1779773258857114,-1.1779773258857114,-1.1779773258857114,-1.1779773258857114,-1.1779773258857114,-1.1779773258857114,-1.1779773258857114,-1.1779773258857114,-1.1779773258857114,-1.1779773258857114,-1.1779773258857114
1996-11-23,-1.1657075158784722,-1.1657075158784722,-1.1657075158784722,-1.1657075158784722,-1.1657075158784722,-1.1657075158784722,-1.1657075158784722,-1.1657075158784722,-1.1657075158784722,-1.1657075158784722,-1.1657075158784722,-1.1657075158784722,-1.1657075158784722,-1.1657075158784722,-1.1657075158784722
1996-11-24,-1.1258641558449172,-1.1258641558449172,-1.1258641558449172,-1.1258641558449172,-1.1258641558449172,-1.1258641558449172,-1.1258641558449172,-1.1258641558449172,-1.1258641558449172,-1.1258641558449172,-1.1258641558449172,-1.1258641558449172,-1.1258641558449172,-1.1258641558449172,-1.1258641558449172
1996-11-25,-1.0248982250632426,-1.0248982250632426,-1.0248982250632426,-1.0248982250632426,-1.0248982250632426,-1.0248982250632426,-1.0248982250632426,-1.0248982250632426,-1.0248982250632426,-1.0248982250632426,-1.0248982250632426,-1.0248982250632426,-1.0248982250632426,-1.0248982250632426,-1.0248982250632426
1996-11-26,-0.9880232551243935,-0.9880232551243935,-0.9880232551243935,-0.9880232551243935,-0.9880232551243935,-0.9880232551243935,-0.9880232551243935,-0.9880232551243935,-0.9880232551243935,-0.9880232551243935,-0.9880232551243935,-0.9880232551243935,-0.9880232551243935,-0.9880232551243935,-0.9880232551243935
1996-11-27,-0.8279018124367831,-0.8279018124367831,-0.8279018124367831,-0.8279018124367831,-0.8279018124367831,-0.8279018124367831,-0.8279018124367831,-0.8279018124367831,-0.8279018124367831,-0.8279018124367831,-0.8279018124367831,-0.8279018124367831,-0.8279018124367831,-0.8279018124367831,-0.8279018124367831
1996-11-28,-0.7497539912280395,-0.7497539912280395,-0.7497539912280395,-0.7497539912280395,-0.7497539912280395,-0.7497539912280395,-0.7497539912280395,-0.7497539912280395,-0.7497539912280395,-0.7497539912280395,-0.7497539912280395,-0.7497539912280395,-0.7497539912280395,-0.7497539912280395,-0.7497539912280395
1996-11-29,-0.8260856280369173,-0.8260856280369173,-0.8260856280369173,-0.8260856280369173,-0.8260856280369173,-0.8260856280369173,-0.8260856280369173,-0.8260856280369173,-0.8260856280369173,-0.8260856280369173,-0.8260856280369173,-0.8260856280369173,-0.8260856280369173,-0.8260856280369173,-0.8260856280369173
1996-11-30,-0.6809538863751969,-0.6809538863751969,-0.6809538863751969,-0.6809538863751969,-0.6809538863751969,-0.6809538863751969,-0.6809538863751969,-0.6809538863751969,-0.6809538863751969,-0.6809538863751969,-0.6809538863751969,-0.6809538863751969,-0.6809538863751969,-0.6809538863751969,-0.6809538863751969
1996-12-01,-0.7600651628265437,-0.7600651628265437,-0.7600651628265437,-0.7600651628265437,-0.7600651628265437,-0.7600651628265437,-0.7600651628265437,-0.7600651628265437,-0.7600651628265437,-0.7600651628265437,-0.7600651628265437,-0.7600651628265437,-0.7600651628265437,-0.7600651628265437,-0.7600651628265437
1996-12-02,-0.9765521797284183,-0.9765521797284183,-0.9765521797284183,-0.9765521797284183,-0.9765521797284183,-0.9765521797284183,-0.9765521797284183,-0.9765521797284183,-0.9765521797284183,-0.9765521797284183,-0.9765521797284183,-0.9765521797284183,-0.9765521797284183,-0.9765521797284183,-0.9765521797284183
1996-12-03,-1.0669242998204382,-1.0669242998204382,-1.0669242998204382,-1.0669242998204382,-1.0669242998204382,-1.0669242998204382,-1.0669242998204382,-1.0669242998204382,-1.0669242998204382,-1.0669242998204382,-1.0669242998204382,-1.0669242998204382,-1.0669242998204382,-1.0669242998204382,-1.0669242998204382
1996-12-04,-1.261330404418014,-1.261330404418014,-1.261330404418014,-1.261330404418014,-1.261330404418014,-1.261330404418014,-1.261330404418014,-1.261330404418014,-1.261330404418014,-1.261330404418014,-1.261330404418014,-1.261330404418014,-1.261330404418014,-1.261330404418014,-1.261330404418014
1996-12-05,-1.4642620083587747,-1.4642620083587747,-1.4642620083587747,-1.4642620083587747,-1.4642620083587747,-1.4642620083587747,-1.4642620083587747,-1.4642620083587747,-1.4642620083587747,-1.4642620083587747,-1.4642620083587747,-1.4642620083587747,-1.4642620083587747,-1.4642620083587747,-1.4642620083587747
1996-12-06,-1.5149573144694435,-1.5149573144694435,-1.5149573144694435,-1.5149573144694435,-1.5149573144694435,-1.5149573144694435,-1.5149573144694435,-1.5149573144694435,-1.5149573144694435,-1.5149573144694435,-1.5149573144694435,-1.5149573144694435,-1.5149573144694435,-1.5149573144694435,-1.5149573144694435
1996-12-07,-1.3440883330702698,-1.3440883330702698,-1.3440883330702698,-1.3440883330702698,-1.3440883330702698,-1.3440883330702698,-1.3440883330702698,-1.3440883330702698,-1.3440883330702698,-1.3440883330702698,-1.3440883330702698,-1.3440883330702698,-1.3440883330702698,-1.3440883330702698,-1.3440883330702698
1996-12-08,-1.5322016182093632,-1.5322016182093632,-1.5322016182093632,-1.5322016182093632,-1.5322016182093632,-1.5322016182093632,-1.5322016182093632,-1.5322016182093632,-1.5322016182093632,-1.5322016182093632,-1.5322016182093632,-1.5322016182093632,-1.5322016182093632,-1.5322016182093632,-1.5322016182093632
1996-12-09,-1.902009208119824,-1.902009208119824,-1.902009208119824,-1.902009208119824,-1.902009208119824,-1.902009208119824,-1.902009208119824,-1.902009208119824,-1.902009208119824,-1.902009208119824,-1.902009208119824,-1.902009208119824,-1.902009208119824,-1.902009208119824,-1.902009208119824
1996-12-10,-2.2838208596191816,-2.2838208596191816,-2.2838208596191816,-2.2838208596191816,-2.2838208596191816,-2.2838208596191816,-2.2838208596191816,-2.2838208596191816,-2.2838208596191816,-2.2838208596191816,-2.2838208596191816,-2.2838208596191816,-2.2838208596191816,-2.2838208596191816,-2.2838208596191816
1996-12-11,-2.2258850599442757,-2.2258850599442757,-2.2258850599442757,-2.2258850599442757,-2.2258850599442757,-2.2258850599442757,-2.2258850599442757,-2.2258850599442757,-2.2258850599442757,-2.2258850599442757,-2.2258850599442757,-2.2258850599442757,-2.2258850599442757,-2.2258850599442757,-2.2258850599442757
1996-12-12,-2.0478934189982256,-2.0478934189982256,-2.0478934189982256,-2.0478934189982256,-2.0478934189982256,-2.0478934189982256,-2.0478934189982256,-2.0478934189982256,-2.0478934189982256,-2.0478934189982256,-2.0478934189982256,-2.0478934189982256,-2.0478934189982256,-2.0478934189982256,-2.0478934189982256
1996-12-13,-1.5964556022381273,-1.5964556022381273,-1.5964556022381273,-1.5964556022381273,-1.5964556022381273,-1.5964556022381273,-1.5964556022381273,-1.5964556022381273,-1.5964556022381273,-1.5964556022381273,-1.5964556022381273,-1.5964556022381273,-1.5964556022381273,-1.5964556022381273,-1.5964556022381273
1996-12-14,-1.1083897561022895,-1.1083897561022895,-1.1083897561022895,-1.1083897561022895,-1.1083897561022895,-1.1083897561022895,-1.1083897561022895,-1.1083897561022895,-1.1083897561022895,-1.1083897561022895,-1.1083897561022895,-1.1083897561022895,-1.1083897561022895,-1.1083897561022895,-1.1083897561022895
1996-12-15,-0.673561544704893,-0.673561544704893,-0.673561544704893,-0.673561544704893,-0.673561544704893,-0.673561544704893,-0.673561544704893,-0.673561544704893,-0.673561544704893,-0.673561544704893,-0.673561544704893,-0.673561544704893,-0.673561544704893,-0.673561544704893,-0.673561544704893
1996-12-16,-0.139828148365615,-0.139828148365615,-0.139828148365615,-0.139828148365615,-0.139828148365615,-0.139828148365615,-0.139828148365615,-0.139828148365615,-0.139828148365615,-0.139828148365615,-0.139828148365615,-0.139828148365615,-0.139828148365615,-0.139828148365615,-0.139828148365615
1996-12-17,0.09605638233501382,0.09605638233501382,0.09605638233501382,0.09605638233501382,0.09605638233501382,0.09605638233501382,0.09605638233501382,0.09605638233501382,0.09605638233501382,0.09605638233501382,0.09605638233501382,0.09605638233501382,0.09605638233501382,0.09605638233501382,0.09605638233501382
1996-12-18,0.21906820981307487,0.21906820981307487,0.21906820981307487,0.21906820981307487,0.21906820981307487,0.21906820981307487,0.21906820981307487,0.21906820981307487,0.21906820981307487,0.21906820981307487,0.21906820981307487,0.21906820981307487,0.21906820981307487,0.21906820981307487,0.21906820981307487
1996-12-19,0.6608347707015768,0.6608347707015768,0.6608347707015768,0.6608347707015768,0.6608347707015768,0.6608347707015768,0.6608347707015768,0.6608347707015768,0.6608347707015768,0.6608347707015768,0.6608347707015768,0.6608347707015768,0.6608347707015768,0.6608347707015768,0.6608347707015768
1996-12-20,0.8774338414886735,0.8774338414886735,0.8774338414886735,0.8774338414886735,0.8774338414886735,0.8774338414886735,0.8774338414886735,0.8774338414886735,0.8774338414886735,0.8774338414886735,0.8774338414886735,0.8774338414886735,0.8774338414886735,0.8774338414886735,0.8774338414886735
1996-12-21,1.0599583985967855,1.0599583985967855,1.0599583985967855,1.0599583985967855,1.0599583985967855,1.0599583985967855,1.0599583985967855,1.0599583985967855,1.0599583985967855,1.0599583985967855,1.0599583985967855,1.0599583985967855,1.0599583985967855,1.0599583985967855,1.0599583985967855
1996-12-22,1.5210844779559358,1.5210844779559358,1.5210844779559358,1.5210844779559358,1.5210844779559358,1.5210844779559358,1.5210844779559358,1.5210844779559358,1.5210844779559358,1.5210844779559358,1.5210844779559358,1.5210844779559358,1.5210844779559358,1.5210844779559358,1.5210844779559358
1996-12-23,2.0360960236508334,2.0360960236508334,2.0360960236508334,2.0360960236508334,2.0360960236508334,2.0360960236508334,2.0360960236508334,2.0360960236508334,2.0360960236508334,2.0360960236508334,2.0360960236508334,2.0360960236508334,2.0360960236508334,2.0360960236508334,2.0360960236508334
1996-12-24,2.4309016645974273,2.4309016645974273,2.4309016645974273,2.4309016645974273,2.4309016645974273,2.4309016645974273,2.4309016645974273,2.4309016645974273,2.4309016645974273,2.4309016645974273,2.4309016645974273,2.4309016645974273,2.4309016645974273,2.4309016645974273,2.4309016645974273
1996-12-25,2.9102212891710946,2.9102212891710946,2.9102212891710946,2.9102212891710946,2.9102212891710946,2.9102212891710946,2.9102212891710946,2.9102212891710946,2.9102212891710946,2.9102212891710946,2.9102212891710946,2.9102212891710946,2.9102212891710946,2.9102212891710946,2.9102212891710946
1996-12-26,3.3336198832778736,3.3336198832778736,3.3336198832778736,3.3336198832778736,3.3336198832778736,3.3336198832778736,3.3336198832778736,3.3336198832778736,3.3336198832778736,3.3336198832778736,3.3336198832778736,3.3336198832778736,3.3336198832778736,3.3336198832778736,3.3336198832778736
1996-12-27,3.30721489835675,3.30721489835675,3.30721489835675,3.30721489835675,3.30721489835675,3.30721489835675,3.30721489835675,3.30721489835675,3.30721489835675,3.30721489835675,3.30721489835675,3.30721489835675,3.30721489835675,3.30721489835675,3.30721489835675
1996-12-28,3.466958490749112,3.466958490749112,3.466958490749112,3.466958490749112,3.466958490749112,3.466958490749112,3.466958490749112,3.466958490749112,3.466958490749112,3.466958490749112,3.466958490749112,3.466958490749112,3.466958490749112,3.466958490749112,3.466958490749112
1996-12-29,3.4554984334753125,3.4554984334753125,3.4554984334753125,3.4554984334753125,3.4554984334753125,3.4554984334753125,3.4554984334753125,3.4554984334753125,3.4554984334753125,3.4554984334753125,3.4554984334753125,3.4554984334753125,3.4554984334753125,3.4554984334753125,3.4554984334753125
1996-12-30,3.188614301827604,3.188614301827604,3.188614301827604,3.188614301827604,3.188614301827604,3.188614301827604,3.188614301827604,3.188614301827604,3.188614301827604,3.188614301827604,3.188614301827604,3.188614301827604,3.188614301827604,3.188614301827604,3.188614301827604
1996-12-31,2.389256971146609,2.389256971146609,2.389256971146609,2.389256971146609,2.389256971146609,2.389256971146609,2.389256971146609,2.389256971146609,2.389256971146609,2.389256971146609,2.389256971146609,2.389256971146609,2.389256971146609,2.389256971146609,2.389256971146609
1997-01-01,2.0569856671799944,2.0569856671799944,2.0569856671799944,2.0569856671799944,2.0569856671799944,2.0569856671799944,2.0569856671799944,2.0569856671799944,2.0569856671799944,2.0569856671799944,2.0569856671799944,2.0569856671799944,2.0569856671799944,2.0569856671799944,2.0569856671799944
1997-01-02,1.497346091195052,1.497346091195052,1.497346091195052,1.497346091195052,1.497346091195052,1.497346091195052,1.497346091195052,1.497346091195052,1.497346091195052,1.497346091195052,1.497346091195052,1.497346091195052,1.497346091195052,1.497346091195052,1.497346091195052
1997-01-03,0.7984683249255637,0.7984683249255637,0.7984683249255637,0.7984683249255637,0.7984683249255637,0.7984683249255637,0.7984683249255637,0.7984683249255637,0.7984683249255637,0.7984683249255637,0.7984683249255637,0.7984683249255637,0.7984683249255637,0.7984683249255637,0.7984683249255637
1997-01-04,0.6465758518700021,0.6465758518700021,0.6465758518700021,0.6465758518700021,0.6465758518700021,0.6465758518700021,0.6465758518700021,0.6465758518700021,0.6465758518700021,0.6465758518700021,0.6465758518700021,0.6465758518700021,0.6465758518700021,0.6465758518700021,0.6465758518700021
1997-01-05,0.8267463659633995,0.8267463659633995,0.8267463659633995,0.8267463659633995,0.8267463659633995,0.8267463659633995,0.8267463659633995,0.8267463659633995,0.8267463659633995,0.8267463659633995,0.8267463659633995,0.8267463659633995,0.8267463659633995,0.8267463659633995,0.8267463659633995
1997-01-06,0.7630136527777814,0.7630136527777814,0.7630136527777814,0.7630136527777814,0.7630136527777814,0.7630136527777814,0.7630136527777814,0.7630136527777814,0.7630136527777814,0.7630136527777814,0.7630136527777814,0.7630136527777814,0.7630136527777814,0.7630136527777814,0.7630136527777814
1997-01-07,0.7007952072017282,0.7007952072017282,0.7007952072017282,0.7007952072017282,0.7007952072017282,0.7007952072017282,0.7007952072017282,0.7007952072017282,0.7007952072017282,0.7007952072017282,0.7007952072017282,0.7007952072017282,0.7007952072017282,0.7007952072017282,0.7007952072017282
1997-01-08,0.4287425937470883,0.4287425937470883,0.4287425937470883,0.4287425937470883,0.4287425937470883,0.4287425937470883,0.4287425937470883,0.4287425937470883,0.4287425937470883,0.4287425937470883,0.4287425937470883,0.4287425937470883,0.4287425937470883,0.4287425937470883,0.4287425937470883
1997-01-09,0.07150782640428703,0.07150782640428703,0.07150782640428703,0.07150782640428703,0.07150782640428703,0.07150782640428703,0.07150782640428703,0.07150782640428703,0.07150782640428703,0.07150782640428703,0.07150782640428703,0.07150782640428703,0.07150782640428703,0.07150782640428703,0.07150782640428703
1997-01-10,-0.33120510412073134,-0.33120510412073134,-0.33120510412073134,-0.33120510412073134,-0.33120510412073134,-0.33120510412073134,-0.33120510412073134,-0.33120510412073134,-0.33120510412073134,-0.33120510412073134,-0.33120510412073134,-0.33120510412073134,-0.33120510412073134,-0.33120510412073134,-0.33120510412073134
1997-01-11,-0.6358598343708587,-0.6358598343708587,-0.6358598343708587,-0.6358598343708587,-0.6358598343708587,-0.6358598343708587,-0.6358598343708587,-0.6358598343708587,-0.6358598343708587,-0.6358598343708587,-0.6358598343708587,-0.6358598343708587,-0.6358598343708587,-0.6358598343708587,-0.6358598343708587
1997-01-12,-1.0123567096402897,-1.0123567096402897,-1.0123567096402897,-1.0123567096402897,-1.0123567096402897,-1.0123567096402897,-1.0123567096402897,-1.0123567096402897,-1.0123567096402897,-1.0123567096402897,-1.0123567096402897,-1.0123567096402897,-1.0123567096402897,-1.0123567096402897,-1.0123567096402897
1997-01-13,-1.279292892301406,-1.2942494569031717,-1.3040422758459835,-1.3913881959159162,-1.319275002979904,-1.3732478973653355,-1.3817399984109258,-1.3216526869018252,-1.3644919466597958,-1.3244297314914042,-1.2873361753031423,-1.4973586202853268,-1.2812587815346135,-1.42751689881247,-1.361146843790075
1997-01-14,-1.2369880257963233,-1.3896675027219447,-1.4041280561378153,-1.212861705090024,-1.135822562397508,-1.333725402991441,-1.4762014336952758,-1.1019739110016729,-1.1761173175134227,-1.0492822887387265,-1.228672435753049,-1.3920768217738955,-1.167453923634856,-1.3263125760684513,-1.1611842093749847
1997-01-15,-0.9687934178472895,-1.0365576371653913,-1.1400360619636691,-0.9558537597976192,-0.8966040989562357,-0.9198163455671816,-1.2604431490034909,-0.7768765303304195,-0.8603004531174216,-0.7716156426388415,-0.8934849367335583,-1.090842370470435,-0.9720070329471451,-0.9611724127161546,-0.7663269871038191
1997-01-16,-0.8581558477576984,-0.7735668951045463,-1.228738798098483,-0.8011915822205761,-0.6064841783390824,-0.9349406420502405,-1.053805722943732,-0.5869257404656661,-0.8018960989515506,-0.7302520924389567,-0.764268618894078,-1.1597494913495672,-0.7408363642787235,-0.6947052962530903,-0.5709222528972726
1997-01-17,-0.7821236585159999,-0.48837925356578027,-1.1461396868454639,-0.602699872384731,-0.2785235693415054,-0.8212592439740338,-0.8252213368913782,-0.5502554614879721,-0.6471490292765686,-0.580906731633659,-0.48711066394103825,-1.149213790626754,-0.7015717844640088,-0.5850687771005312,-0.4515373846325644
1997-01-18,-0.7529026838397196,-0.3203003252174171,-1.2263875886603246,-0.42438642233774765,-0.3338355193070107,-0.4075436468544892,-0.43162478877075755,-0.4090425191926283,-0.4542003974203233,-0.4212058514082099,-0.46395112656100423,-0.9755069020340499,-0.6572358265332525,-0.30594435800368236,-0.36610773613787495
1997-01-19,-0.7741022498308566,-0.17424856943208875,-1.2071812521309293,-0.4625053873980635,-0.3094814773552114,-0.15222157925535365,-0.2274706430492834,-0.46555187808807413,-0.40033746736925113,-0.43464158808616815,-0.16031592818711837,-0.7174904641899477,-0.4439166939286235,-0.10580768805872436,-0.10680249501537464
1997-01-20,-0.6533402427717064,-0.07239879518516112,-1.0939244544272206,-0.38077313557900366,-0.24591305559385232,-0.2507944564155433,0.01781350037779481,-0.5842969976745084,-0.4612282379757819,-0.6073345055573898,-0.09622512753085095,-1.0504826508522072,-0.49903820498087464,-0.02131228125821533,0.04074046336310406
1997-01-21,-0.5436523772612787,0.019049775130895244,-0.8141500641494316,-0.5674271619900354,-0.33739001978509314,-0.20499753841249269,-0.11184330248250014,-0.6269760943457996,-0.21434222419745932,-0.6048214929079995,0.18006830870889776,-1.1889773159840236,-0.6774209443392117,0.12094603676155675,0.38781509526529667
1997-01-22,-0.369494756971288,0.23503188993462898,-0.8206464231361167,-0.5722164919857742,-0.5128787120790876,0.03590374999972639,-0.3105361648053139,-0.7018857717175523,0.11740414279273932,-0.49514832316896135,0.4372768533730751,-1.0216499089547273,-0.7655449777952712,0.028560222456160148,0.5425252453612773
1997-01-23,-0.4196654815352711,0.37377457434187455,-0.7587912863236409,-0.6125653658445872,-0.21945727586853617,-0.025581875011426603,-0.30858488137553114,-0.5220649931606929,0.22190196673159998,-0.3717446101600117,0.7746457025569587,-0.7366263864756237,-0.9279147660318479,-0.055448053071851265,0.48602904208106684
1997-01-24,-0.4398020388461594,0.2362768104536756,-0.721893757375575,-0.8341627832498415,0.08480808194061017,0.06636219436681168,-0.47385076997032305,-0.6551895227288701,0.32619563759910525,-0.23832235563033421,0.7863097147841615,-0.5374046091973691,-0.637939478883003,-0.03400026865840102,0.10155122980446163
1997-01-25,-0.4100569747608785,0.1411079348582226,-0.8694995496252119,-0.7685908538764212,0.0721632509946499,0.056375234876116224,-0.8505375514120885,-0.9351077057009677,0.23788125137372498,-0.25520969502123647,0.8688069679275735,-0.3138382446555014,-0.5846539311841462,0.25154323964542696,-0.19252361743613058
1997-01-26,-0.3615059735728832,0.019685732567188433,-0.7998824185296165,-0.8094690433009247,-0.024360447526186255,0.19543358138643993,-1.1061580610343555,-1.1388110257628463,0.2939683298530973,0.060795476659051134,0.962719247115696,-0.07050898215742517,-0.3399050845615501,0.35285301828858184,-0.15392395377279772
1997-01-27,-0.30967371413813194,-0.14599417425413558,-1.2102265483795,-0.3967088560226045,0.2321760867369441,0.07944775968181712,-1.1055381680513403,-1.542142498499751,0.39415456994654813,0.12626384249896663,0.7227489745044622,0.4473999970594673,-0.13329312701286175,0.4890486101469548,-0.3433957793562288
1997-01-28,-0.26631227420846554,-0.3268689375874044,-1.3381258225932477,-0.15670680524508773,0.4748991793061266,-0.34613306953719114,-1.1575336401957514,-1.7168166866972074,0.7102924914802091,-0.15241035556689478,0.15852878639112347,0.4764955094618741,-0.09694359231472474,0.5734803500787689,-0.46226641965841286
1997-01-29,-0.610537320210497,-0.31706741218210305,-1.4905203597445424,-0.3632070874894231,0.4637578492832265,-0.4665800254932386,-1.3198746147122788,-2.1755312211870277,0.5728583937324441,-0.36721124637064756,-0.6059117021307049,0.18175081455005687,-0.06028602067805596,0.611363480868362,-0.5633072493169042
1997-01-30,-0.8428413833442342,-0.3781252650357383,-1.7794524770909663,-0.4288053826389255,0.397204232290777,-0.487527966981599,-1.6039945606774828,-2.4403602121915267,0.3698392952135553,-0.4325164808980411,-0.6595907305785399,-0.05283621388140798,0.008719825121735615,0.3435484877158689,-0.4750972378863918
1997-01-31,-1.0758186857130179,-0.6007333607668424,-1.7728159271971737,-0.5418793725321619,0.23246263230459974,-0.5405041285321538,-1.6996204513989803,-2.581240855623504,0.0018707913917331161,-0.34010596905035717,-0.7938669091587667,-0.3395636038730863,-0.033133256512038654,0.2695569081962914,-0.3841053316302853
1997-02-01,-1.1219804985111963,-0.837471842576739,-2.02128958730993,-0.44487992428127016,0.003731188656276958,-0.2298535044322842,-1.6469678848639406,-2.6173318778600674,-0.22975489775305835,-0.4976657719358706,-0.4629293374726821,-0.7769495037950395,-0.053351077563668886,0.23238005575085371,-0.3603433639393918
1997-02-02,-1.1544885629600503,-0.7930585164363911,-1.8920345140834696,-0.3799834346186183,-0.139403149444751,-0.09633959754081173,-1.3508001218304524,-2.3408525952760955,-0.7927266495055643,-0.3470800208459925,-0.67807241085232,-0.7849317786217799,-0.11488711321561718,0.3471868588394255,-0.47022610968312883
1997-02-03,-1.315756037590126,-1.0570812522479738,-1.9209547079912588,-0.3769527894782204,-0.15207374381638714,-0.009920281247164603,-0.9061692161778244,-2.0350415362142766,-0.942505604813199,-0.2865711462563624,-0.6939523921375411,-0.7177575134782583,-0.021930812560318428,0.45846141837891186,-0.34535364177956546
1997-02-04,-1.3894926358446138,-0.876143120166013,-1.7041192420719464,-0.23259663614824103,-0.5762908943930855,0.18112077607728086,-0.6404745753402704,-1.8738233257176578,-0.6781021124010905,-0.26479445428863246,-0.7546664142650505,-0.6333766705194781,-0.19646889634825934,0.5770942306067529,-0.4218338890449968
1997-02-05,-1.239845930071927,-0.6772103452691935,-1.444318716222921,0.3520865921579248,-0.7854032041403586,-0.1130675017299021,-0.6175589738116989,-1.773811793945015,-0.7111970404250346,-0.03918625901805322,-0.4310456355694592,-0.9038286261273476,-0.4713986659527338,0.4341744823111118,-0.3368744675625136
1997-02-06,-1.1036856200481389,-0.5397898197960769,-1.5724144010510166,0.24955887120897982,-0.4945626777966083,0.11779721884665818,-0.6667487345089651,-1.7066486668768523,-0.8589183854761946,0.0026026787508486937,-0.0686034695806461,-1.2785694581471232,-0.4878208104556833,0.3463727388979125,-0.23369213531986913
1997-02-07,-0.9639485415887096,-0.2729578006072435,-1.5951156556398005,-0.31694962538654,-0.4970540325600954,0.35297662058997054,-0.5907424880630109,-1.6560707796486818,-0.7769867062480506,-0.09614698765014197,-0.010776898674794831,-1.2069939609626794,-0.9047246295693154,-0.061125102570600824,-0.35863189468079865
1997-02-08,-1.107528694014518,-0.14655832693827614,-1.502326614874798,-0.6494672966280967,-0.4189220673743517,0.6449449293473674,-0.8004059437476155,-1.342322571321798,-0.7146405668284486,-0.25369564040248643,-0.17471090592443358,-0.9866250931954766,-1.5799900743015125,-0.36351432027644087,-0.7071150533415342
1997-02-09,-0.9844219535049344,-0.21424579956975456,-1.5952796242369263,-0.6232120419255024,-0.1269485142310767,0.7468017505522017,-0.5315177292991916,-1.2051863558052427,-0.9670733744049588,-0.4803983596453299,-0.3238409474765644,-0.8348623857385384,-2.045073526667711,-0.2805931366035649,-1.0094724690900407
1997-02-10,-0.6406644382847937,-0.4528246125651004,-1.3656958588883263,-0.5872773054827226,0.14022759666912968,0.5842656090477016,-0.4150718115505213,-0.9573745870171269,-1.2173701997851476,-0.8432618214963571,-0.01204044011230272,-0.6967304393061743,-2.4679043456283503,-0.18355125455360244,-0.7014433261427172
1997-02-11,-0.17246753533319165,-0.6081211956601101,-0.9949591268137506,-0.6640027968313591,0.33715911844889673,0.2661467040674914,-0.22516361335111468,-1.0923847162699447,-1.2217845348636922,-1.0240064598200342,0.2514529875969842,-0.4395523745913075,-2.4784491679613163,-0.24352559797465875,-0.12692732599127624
1997-02-12,0.061458615997568966,-0.598050847925985,-0.9334468160417031,-0.5769391849718666,0.6398105605690116,-0.08052725629939703,-0.17634471577007985,-0.7799858696503525,-1.2384172248733565,-1.2916722620903276,0.035693527796676526,-0.40686657015705713,-2.2980872171358344,-0.2618264265588298,-0.04345149777966166
1997-02-13,0.3071484600953657,-0.6013815567912907,-1.0902026217742375,-0.5948348006971637,0.9257306814779394,-0.32219954112098304,-0.044869082434032356,-0.8549523403393197,-1.5559764858271685,-1.352786047582692,-0.5692616091725698,-0.3429337937358334,-2.1159270603879325,-0.305894515575292,0.28538358531421165
1997-02-14,0.7466718678349615,-0.6894977833373214,-1.1613349860018352,-0.512640622723171,0.9312120316204534,-0.6319799099680208,0.231266982896725,-0.1976939501649496,-1.6442011128219798,-1.5593923087350874,-0.3416832487569237,-0.2662334643903967,-1.8270110358268459,-0.22256470718044136,0.42303612492336173
1997-02-15,0.7681377612439618,-0.6523294577752693,-1.1300117410726482,-0.37975921440527627,0.5968752608979502,-0.7478470204416591,0.6145274284987835,0.3882514976635249,-1.4565598960771147,-1.6308498143047008,-0.1272063010120785,-0.03418073790562618,-1.5265481922866646,-0.18842300360311293,0.7289028070373493
1997-02-16,0.6455972621624876,-0.40037817432214334,-1.0246584008943331,-0.22482371057255027,0.5120853308938295,-0.793209328343486,0.7883764103097096,1.0110821827124448,-1.3005368559273052,-1.3672644574537827,0.15819712618765477,-0.0107239435311682,-1.0781156442155262,-0.3089060508337295,0.6638879135494143
1997-02-17,0.37546413908753684,-0.1933543890816291,-0.9527830950017784,-0.02060981778224998,0.302235698666058,-0.7285018830613317,1.03503498202451,1.363889542412646,-1.2822836831443687,-1.0406075003509117,0.3067424086560531,0.07938938031862779,-0.5966388918133401,-0.21721452057688725,0.7321357733904065
1997-02-18,0.26521950960351165,-0.08915791586842299,-1.1257021268200318,0.04998319559253971,0.17789574950216439,-0.829326016649676,1.1498295621199275,0.9970688899717235,-0.9983457217669781,-0.6029350899725976,0.34386773414410005,0.39502522541653545,0.0727644597569287,-0.3874215299774019,1.3892522540483352
1997-02-19,0.29799696078218757,-0.39799905898435667,-1.022349384109772,0.12778353934735104,0.10562382748672997,-0.9580845848055399,1.2538421012003265,0.6291410704999202,-0.9394393887863911,-0.3485093987394628,0.49448339550575887,0.685210592952045,0.6015686449483718,-0.6321350092960913,1.729693965077327
1997-02-20,0.22934190679393773,-0.41361652895351314,-1.0799864518785363,0.3070547842392674,0.33829279834787124,-0.7366432999439666,1.3295518766431618,0.4640902192217762,-0.7441532309780309,-0.37948530936579405,0.689110782189492,1.0996725683120752,0.5270320049007198,-1.0486413054486958,1.6789427655750266
1997-02-21,0.10785036596048744,-0.4190968667173191,-1.0392798377210788,0.6268097699993382,0.7040867522599771,-0.8285100111488232,1.4244249005276102,0.43741218127728504,-0.6375825322332769,-0.42263374587727115,0.7862438883158964,1.6836953825262087,0.47932721747221346,-1.1754256864668253,1.5837620551755518
1997-02-22,0.14089409769511588,-0.43320838664383765,-1.0593427960472865,1.1619382678177976,0.7441146628549492,-0.86601988017251,1.4668141226968476,0.18650596485961118,-0.4746691669286291,-0.7699026591138587,0.7205595811023898,1.7904416596838713,0.5075470724833933,-1.4908995756031496,1.4409120785614267
1997-02-23,0.27181313971320936,-0.3876978677590595,-0.9006580620918695,1.5545973975118212,0.7378026093296112,-0.5442073081542024,1.2414138474230278,-0.19893184140567965,-0.3562688663933453,-1.3413283061080554,0.8137449784826379,1.6470893065601375,0.6132016482303697,-1.6578407687000825,1.3863217495817908
1997-02-24,0.23979616432696224,-0.5320531376941566,-0.748080731264916,1.9202949106640177,0.8804197127134616,-0.15912362394374,1.40480914270277,-0.7940194956106362,0.023628010221457316,-1.6551588854100636,1.4515779342159727,1.5016318634235186,0.49823515245351746,-1.5150614215465563,1.16421708279538
1997-02-25,0.15061471680752966,-0.14669184154257367,-0.6033299715294073,2.0860960511758644,1.5096108639757713,0.12590760092990072,1.7233132516409355,-1.126737853336161,0.5365684299575806,-1.7735529450014056,2.1050945272053583,1.2295310442491472,0.4824969252005874,-1.3711775670942947,1.1412843051377615
1997-02-26,0.05122524914308717,0.05060445454621169,-0.7789237823864913,2.3964581897473383,1.9400055832957412,0.6451575595755271,1.8105443015378573,-1.3172563242022275,0.9635258252140325,-1.8626332982942932,2.544350559269409,0.9094815857583205,0.4090163656205702,-1.0954827042946034,0.8454321108128793
1997-02-27,-0.12670041741549232,0.14126637480747156,-0.6735202909442184,2.4682655214079356,1.708797387228036,1.1044166861881022,1.939117493622143,-1.2938767923198358,1.2346898342214407,-1.8997994802552194,2.744819729642188,0.710045159238418,0.26851334351980854,-0.9594331885320387,0.5253027800511072
1997-02-28,-0.20649534128861008,0.31473331409155153,-0.563368251964413,2.557468492187971,1.6092666897235615,1.4798765387043238,1.8817822728970897,-1.3696266714254832,1.4486347952780048,-1.74788159265892,2.6702313780541007,0.7731483991224529,0.13979747533382986,-0.9630579146803941,0.40740587396147504
1997-03-01,-0.2743543988142034,0.23633208317358825,-0.5016778695657934,2.64349535570177,1.4488647938576993,1.988663239760818,1.7740629290505612,-1.3829824349154585,1.759689586811933,-1.6974972914204085,2.8174292285695812,0.5947899979964462,0.060991215276388094,-0.8239447970754848,0.6153771759225626
1997-03-02,0.010786742243415741,0.4774378609902497,-0.5660710195879515,2.7169596382991337,1.0002896268900514,1.85537165900258,1.45838449964621,-1.323441868653911,1.9313771402370081,-1.476190874003068,2.9348787445577194,0.3059655758635345,-0.22851609763601216,-0.7560719424374608,0.6699201540987412
1997-03-03,0.34946229961230607,0.25751772250453403,-0.4899473620923136,2.7356637973186726,0.8927543208886553,1.7117258787228429,1.445068622446222,-1.0650958038148046,2.2074840243818716,-1.0175908949449437,3.138421151915426,-0.009815773228300944,-0.06669171044756728,-0.48681048211903766,0.340076840254496
1997-03-04,0.42515870622442675,-0.016563960232253205,-0.29475403028351527,2.7154439454607253,0.7043469230429418,1.537349531810499,1.5639374233029146,-0.7234195984079754,2.4642588434641923,-0.6406602194068497,2.7361976305348303,0.0026485007347227304,0.005328559394397394,-0.23030212871300307,0.11922193775977882
1997-03-05,0.3882359745824831,0.04842486765863253,-0.09026991439922297,2.3370486226388376,0.36534643659675375,1.4488259123730833,1.5439369651039518,-0.49937268779172944,2.4696979635932497,-0.3521015635584187,2.5959107552239984,0.0686325068367201,0.23483851969632458,-0.40740458087802917,0.10972924987033507
1997-03-06,0.2238623587747545,0.32721738663249295,-0.05022745414693028,1.6391050389416097,-0.18107916599488283,1.0861381034545552,1.6837089005395613,-0.013395109773646482,2.2863599654871214,-0.374649027322977,2.5722291286331767,0.47190228912202925,0.17378834335693394,-0.8237317967382894,0.468138504377906
1997-03-07,0.10826946002852716,0.45947201720377107,0.15717073732345843,1.175972556129018,-0.8707637583842665,1.2767920860757391,1.7755049549913542,0.686514417086653,1.5585898097903828,-0.35099419296248835,2.573039208083889,0.7089921962536957,0.1393159248483996,-1.4314569686359895,0.8733111833581955
1997-03-08,0.04894061433919816,0.36715521551715674,0.4197681898772406,0.7233700310209538,-1.0907644296452823,1.539570286069123,1.9099520688168805,0.8020164103107861,1.3112176276259955,0.23564363066971294,2.5128931957264014,0.6865505345687469,0.006963115247265919,-1.687856117443788,0.9483998725184377
1997-03-09,0.34238914657290115,0.2533219289341044,0.49758832462839536,0.6253416100624327,-0.8882095686700912,1.5251972858835463,2.1675462137687926,0.9713799759381199,0.8101460391550401,0.7800517364933524,2.5279884198305496,0.6867174192247443,-0.4049086861239658,-1.639395231928906,1.1206660526716856
1997-03-10,0.6454380132667148,0.6163218005748715,0.31535490229156427,0.40346676027862693,-0.5626896776838898,1.4638942956871646,2.685680699603174,1.0665404438938821,0.321016876733562,1.3439203136409488,2.617758747019388,0.8453120533517903,-0.4939033573624147,-1.6198131249450582,1.0941099402464785
1997-03-11,0.7624274139581728,0.9069719084157503,0.2393713758868539,0.019203572319947165,-0.16206132726191805,1.439464824203352,2.9145511956595067,1.1400066637808897,0.062424846753903106,1.6479946892583757,2.4174458445346185,1.0528194538026596,-0.20840434530798999,-1.678370773624045,1.0456141408328687
1997-03-12,0.8016162329045902,1.1085070229072185,0.15264701080272225,-0.39941893873955314,0.1734976358790417,1.6608987898137764,3.0642941859146755,1.1755336782617425,-0.2500632627743636,1.6486148876518194,1.9535790714021914,1.1227335210913905,-0.031656752594587265,-1.1941294901002006,1.1015460497896126
1997-03-13,1.0987755525237828,1.230417526741984,0.5503087317517593,-0.484707864073824,0.5286251699771735,1.4469273472337947,2.901384508862441,1.4812667957410648,-0.5251366730951079,1.728178259219189,1.758051318616944,1.0816040197367094,0.008794720777968196,-0.6960934376425044,1.0695920693630776
1997-03-14,1.420377396551868,1.60415150410633,0.8607635549506804,-0.7182567395555254,0.5978245856041555,1.2201886259901675,2.5308555577165444,1.6968935101158955,-0.6753053686672189,1.7735679872379326,1.681431019125458,0.9237028665018154,-0.03556635657992887,-0.18045929334967528,1.0893011550495117
