,1,2,3,4,5,6,7,8,9,10,11,12,13,14,15
2005-09-08,2.03965856683345,2.03965856683345,2.03965856683345,2.03965856683345,2.03965856683345,2.03965856683345,2.03965856683345,2.03965856683345,2.03965856683345,2.03965856683345,2.03965856683345,2.03965856683345,2.03965856683345,2.03965856683345,2.03965856683345
2005-09-09,1.973926928449968,1.973926928449968,1.973926928449968,1.973926928449968,1.973926928449968,1.973926928449968,1.973926928449968,1.973926928449968,1.973926928449968,1.973926928449968,1.973926928449968,1.973926928449968,1.973926928449968,1.973926928449968,1.973926928449968
2005-09-10,1.763688468151207,1.763688468151207,1.763688468151207,1.763688468151207,1.763688468151207,1.763688468151207,1.763688468151207,1.763688468151207,1.763688468151207,1.763688468151207,1.763688468151207,1.763688468151207,1.763688468151207,1.763688468151207,1.763688468151207
2005-09-11,1.6287631801316023,1.6287631801316023,1.6287631801316023,1.6287631801316023,1.6287631801316023,1.6287631801316023,1.6287631801316023,1.6287631801316023,1.6287631801316023,1.6287631801316023,1.6287631801316023,1.6287631801316023,1.6287631801316023,1.6287631801316023,1.6287631801316023
2005-09-12,1.5629076896592848,1.5629076896592848,1.5629076896592848,1.5629076896592848,1.5629076896592848,1.5629076896592848,1.5629076896592848,1.5629076896592848,1.5629076896592848,1.5629076896592848,1.5629076896592848,1.5629076896592848,1.5629076896592848,1.5629076896592848,1.5629076896592848
2005-09-13,1.6135480926790382,1.6135480926790382,1.6135480926790382,1.6135480926790382,1.6135480926790382,1.6135480926790382,1.6135480926790382,1.6135480926790382,1.6135480926790382,1.6135480926790382,1.6135480926790382,1.6135480926790382,1.6135480926790382,1.6135480926790382,1.6135480926790382
2005-09-14,1.5655856913986939,1.5655856913986939,1.5655856913986939,1.5655856913986939,1.5655856913986939,1.5655856913986939,1.5655856913986939,1.5655856913986939,1.5655856913986939,1.5655856913986939,1.5655856913986939,1.5655856913986939,1.5655856913986939,1.5655856913986939,1.5655856913986939
2005-09-15,1.446763587111088,1.446763587111088,1.446763587111088,1.446763587111088,1.446763587111088,1.446763587111088,1.446763587111088,1.446763587111088,1.446763587111088,1.446763587111088,1.446763587111088,1.446763587111088,1.446763587111088,1.446763587111088,1.446763587111088
2005-09-16,1.246503392793373,1.246503392793373,1.246503392793373,1.246503392793373,1.246503392793373,1.246503392793373,1.246503392793373,1.246503392793373,1.246503392793373,1.246503392793373,1.246503392793373,1.246503392793373,1.246503392793373,1.246503392793373,1.246503392793373
2005-09-17,0.7024822918341184,0.7024822918341184,0.7024822918341184,0.7024822918341184,0.7024822918341184,0.7024822918341184,0.7024822918341184,0.7024822918341184,0.7024822918341184,0.7024822918341184,0.7024822918341184,0.7024822918341184,0.7024822918341184,0.7024822918341184,0.7024822918341184
2005-09-18,0.2273422813919915,0.2273422813919915,0.2273422813919915,0.2273422813919915,0.2273422813919915,0.2273422813919915,0.2273422813919915,0.2273422813919915,0.2273422813919915,0.2273422813919915,0.2273422813919915,0.2273422813919915,0.2273422813919915,0.2273422813919915,0.2273422813919915
2005-09-19,-0.183279572224102,-0.183279572224102,-0.183279572224102,-0.183279572224102,-0.183279572224102,-0.183279572224102,-0.183279572224102,-0.183279572224102,-0.183279572224102,-0.183279572224102,-0.183279572224102,-0.183279572224102,-0.183279572224102,-0.183279572224102,-0.183279572224102
2005-09-20,-0.6407910235199705,-0.6407910235199705,-0.6407910235199705,-0.6407910235199705,-0.6407910235199705,-0.6407910235199705,-0.6407910235199705,-0.6407910235199705,-0.6407910235199705,-0.6407910235199705,-0.6407910235199705,-0.6407910235199705,-0.6407910235199705,-0.6407910235199705,-0.6407910235199705
2005-09-21,-1.1039618474941664,-1.1039618474941664,-1.1039618474941664,-1.1039618474941664,-1.1039618474941664,-1.1039618474941664,-1.1039618474941664,-1.1039618474941664,-1.1039618474941664,-1.1039618474941664,-1.1039618474941664,-1.1039618474941664,-1.1039618474941664,-1.1039618474941664,-1.1039618474941664
2005-09-22,-1.428415140871034,-1.428415140871034,-1.428415140871034,-1.428415140871034,-1.428415140871034,-1.428415140871034,-1.428415140871034,-1.428415140871034,-1.428415140871034,-1.428415140871034,-1.428415140871034,-1.428415140871034,-1.428415140871034,-1.428415140871034,-1.428415140871034
2005-09-23,-1.4355296152908075,-1.4355296152908075,-1.4355296152908075,-1.4355296152908075,-1.4355296152908075,-1.4355296152908075,-1.4355296152908075,-1.4355296152908075,-1.4355296152908075,-1.4355296152908075,-1.4355296152908075,-1.4355296152908075,-1.4355296152908075,-1.4355296152908075,-1.4355296152908075
2005-09-24,-1.2536348501805696,-1.2536348501805696,-1.2536348501805696,-1.2536348501805696,-1.2536348501805696,-1.2536348501805696,-1.2536348501805696,-1.2536348501805696,-1.2536348501805696,-1.2536348501805696,-1.2536348501805696,-1.2536348501805696,-1.2536348501805696,-1.2536348501805696,-1.2536348501805696
2005-09-25,-1.0307060804884358,-1.0307060804884358,-1.0307060804884358,-1.0307060804884358,-1.0307060804884358,-1.0307060804884358,-1.0307060804884358,-1.0307060804884358,-1.0307060804884358,-1.0307060804884358,-1.0307060804884358,-1.0307060804884358,-1.0307060804884358,-1.0307060804884358,-1.0307060804884358
2005-09-26,-1.0530879863721456,-1.0530879863721456,-1.0530879863721456,-1.0530879863721456,-1.0530879863721456,-1.0530879863721456,-1.0530879863721456,-1.0530879863721456,-1.0530879863721456,-1.0530879863721456,-1.0530879863721456,-1.0530879863721456,-1.0530879863721456,-1.0530879863721456,-1.0530879863721456
2005-09-27,-0.9627551903655276,-0.9627551903655276,-0.9627551903655276,-0.9627551903655276,-0.9627551903655276,-0.9627551903655276,-0.9627551903655276,-0.9627551903655276,-0.9627551903655276,-0.9627551903655276,-0.9627551903655276,-0.9627551903655276,-0.9627551903655276,-0.9627551903655276,-0.9627551903655276
2005-09-28,-0.8643536509322116,-0.8643536509322116,-0.8643536509322116,-0.8643536509322116,-0.8643536509322116,-0.8643536509322116,-0.8643536509322116,-0.8643536509322116,-0.8643536509322116,-0.8643536509322116,-0.8643536509322116,-0.8643536509322116,-0.8643536509322116,-0.8643536509322116,-0.8643536509322116
2005-09-29,-0.8513912904582785,-0.8513912904582785,-0.8513912904582785,-0.8513912904582785,-0.8513912904582785,-0.8513912904582785,-0.8513912904582785,-0.8513912904582785,-0.8513912904582785,-0.8513912904582785,-0.8513912904582785,-0.8513912904582785,-0.8513912904582785,-0.8513912904582785,-0.8513912904582785
2005-09-30,-0.8726748906938362,-0.8726748906938362,-0.8726748906938362,-0.8726748906938362,-0.8726748906938362,-0.8726748906938362,-0.8726748906938362,-0.8726748906938362,-0.8726748906938362,-0.8726748906938362,-0.8726748906938362,-0.8726748906938362,-0.8726748906938362,-0.8726748906938362,-0.8726748906938362
2005-10-01,-1.0088630122639322,-1.0088630122639322,-1.0088630122639322,-1.0088630122639322,-1.0088630122639322,-1.0088630122639322,-1.0088630122639322,-1.0088630122639322,-1.0088630122639322,-1.0088630122639322,-1.0088630122639322,-1.0088630122639322,-1.0088630122639322,-1.0088630122639322,-1.0088630122639322
2005-10-02,-0.9790426618743538,-0.9790426618743538,-0.9790426618743538,-0.9790426618743538,-0.9790426618743538,-0.9790426618743538,-0.9790426618743538,-0.9790426618743538,-0.9790426618743538,-0.9790426618743538,-0.9790426618743538,-0.9790426618743538,-0.9790426618743538,-0.9790426618743538,-0.9790426618743538
2005-10-03,-0.8969740469851502,-0.8969740469851502,-0.8969740469851502,-0.8969740469851502,-0.8969740469851502,-0.8969740469851502,-0.8969740469851502,-0.8969740469851502,-0.8969740469851502,-0.8969740469851502,-0.8969740469851502,-0.8969740469851502,-0.8969740469851502,-0.8969740469851502,-0.8969740469851502
2005-10-04,-1.0397500220990987,-1.0397500220990987,-1.0397500220990987,-1.0397500220990987,-1.0397500220990987,-1.0397500220990987,-1.0397500220990987,-1.0397500220990987,-1.0397500220990987,-1.0397500220990987,-1.0397500220990987,-1.0397500220990987,-1.0397500220990987,-1.0397500220990987,-1.0397500220990987
2005-10-05,-1.4396827971310928,-1.4396827971310928,-1.4396827971310928,-1.4396827971310928,-1.4396827971310928,-1.4396827971310928,-1.4396827971310928,-1.4396827971310928,-1.4396827971310928,-1.4396827971310928,-1.4396827971310928,-1.4396827971310928,-1.4396827971310928,-1.4396827971310928,-1.4396827971310928
2005-10-06,-1.6410073234300802,-1.6410073234300802,-1.6410073234300802,-1.6410073234300802,-1.6410073234300802,-1.6410073234300802,-1.6410073234300802,-1.6410073234300802,-1.6410073234300802,-1.6410073234300802,-1.6410073234300802,-1.6410073234300802,-1.6410073234300802,-1.6410073234300802,-1.6410073234300802
2005-10-07,-1.584587876453644,-1.584587876453644,-1.584587876453644,-1.584587876453644,-1.584587876453644,-1.584587876453644,-1.584587876453644,-1.584587876453644,-1.584587876453644,-1.584587876453644,-1.584587876453644,-1.584587876453644,-1.584587876453644,-1.584587876453644,-1.584587876453644
2005-10-08,-1.451151387350458,-1.451151387350458,-1.451151387350458,-1.451151387350458,-1.451151387350458,-1.451151387350458,-1.451151387350458,-1.451151387350458,-1.451151387350458,-1.451151387350458,-1.451151387350458,-1.451151387350458,-1.451151387350458,-1.451151387350458,-1.451151387350458
2005-10-09,-1.3190802462855464,-1.3190802462855464,-1.3190802462855464,-1.3190802462855464,-1.3190802462855464,-1.3190802462855464,-1.3190802462855464,-1.3190802462855464,-1.3190802462855464,-1.3190802462855464,-1.3190802462855464,-1.3190802462855464,-1.3190802462855464,-1.3190802462855464,-1.3190802462855464
2005-10-10,-1.0899365798256544,-1.0899365798256544,-1.0899365798256544,-1.0899365798256544,-1.0899365798256544,-1.0899365798256544,-1.0899365798256544,-1.0899365798256544,-1.0899365798256544,-1.0899365798256544,-1.0899365798256544,-1.0899365798256544,-1.0899365798256544,-1.0899365798256544,-1.0899365798256544
2005-10-11,-0.904616073917189,-0.904616073917189,-0.904616073917189,-0.904616073917189,-0.904616073917189,-0.904616073917189,-0.904616073917189,-0.904616073917189,-0.904616073917189,-0.904616073917189,-0.904616073917189,-0.904616073917189,-0.904616073917189,-0.904616073917189,-0.904616073917189
2005-10-12,-0.7422493898954208,-0.7422493898954208,-0.7422493898954208,-0.7422493898954208,-0.7422493898954208,-0.7422493898954208,-0.7422493898954208,-0.7422493898954208,-0.7422493898954208,-0.7422493898954208,-0.7422493898954208,-0.7422493898954208,-0.7422493898954208,-0.7422493898954208,-0.7422493898954208
2005-10-13,-0.4153902218308241,-0.4153902218308241,-0.4153902218308241,-0.4153902218308241,-0.4153902218308241,-0.4153902218308241,-0.4153902218308241,-0.4153902218308241,-0.4153902218308241,-0.4153902218308241,-0.4153902218308241,-0.4153902218308241,-0.4153902218308241,-0.4153902218308241,-0.4153902218308241
2005-10-14,0.11472079417504448,0.11472079417504448,0.11472079417504448,0.11472079417504448,0.11472079417504448,0.11472079417504448,0.11472079417504448,0.11472079417504448,0.11472079417504448,0.11472079417504448,0.11472079417504448,0.11472079417504448,0.11472079417504448,0.11472079417504448,0.11472079417504448
2005-10-15,0.745859808174551,0.745859808174551,0.745859808174551,0.745859808174551,0.745859808174551,0.745859808174551,0.745859808174551,0.745859808174551,0.745859808174551,0.745859808174551,0.745859808174551,0.745859808174551,0.745859808174551,0.745859808174551,0.745859808174551
2005-10-16,1.0312079202095235,1.0312079202095235,1.0312079202095235,1.0312079202095235,1.0312079202095235,1.0312079202095235,1.0312079202095235,1.0312079202095235,1.0312079202095235,1.0312079202095235,1.0312079202095235,1.0312079202095235,1.0312079202095235,1.0312079202095235,1.0312079202095235
2005-10-17,0.9732972736799179,0.9732972736799179,0.9732972736799179,0.9732972736799179,0.9732972736799179,0.9732972736799179,0.9732972736799179,0.9732972736799179,0.9732972736799179,0.9732972736799179,0.9732972736799179,0.9732972736799179,0.9732972736799179,0.9732972736799179,0.9732972736799179
2005-10-18,1.0725227087317784,1.0725227087317784,1.0725227087317784,1.0725227087317784,1.0725227087317784,1.0725227087317784,1.0725227087317784,1.0725227087317784,1.0725227087317784,1.0725227087317784,1.0725227087317784,1.0725227087317784,1.0725227087317784,1.0725227087317784,1.0725227087317784
2005-10-19,1.1384206401980654,1.1384206401980654,1.1384206401980654,1.1384206401980654,1.1384206401980654,1.1384206401980654,1.1384206401980654,1.1384206401980654,1.1384206401980654,1.1384206401980654,1.1384206401980654,1.1384206401980654,1.1384206401980654,1.1384206401980654,1.1384206401980654
2005-10-20,1.0550128203655051,1.0550128203655051,1.0550128203655051,1.0550128203655051,1.0550128203655051,1.0550128203655051,1.0550128203655051,1.0550128203655051,1.0550128203655051,1.0550128203655051,1.0550128203655051,1.0550128203655051,1.0550128203655051,1.0550128203655051,1.0550128203655051
2005-10-21,0.6545383433210632,0.6545383433210632,0.6545383433210632,0.6545383433210632,0.6545383433210632,0.6545383433210632,0.6545383433210632,0.6545383433210632,0.6545383433210632,0.6545383433210632,0.6545383433210632,0.6545383433210632,0.6545383433210632,0.6545383433210632,0.6545383433210632
2005-10-22,0.4286711414845447,0.4286711414845447,0.4286711414845447,0.4286711414845447,0.4286711414845447,0.4286711414845447,0.4286711414845447,0.4286711414845447,0.4286711414845447,0.4286711414845447,0.4286711414845447,0.4286711414845447,0.4286711414845447,0.4286711414845447,0.4286711414845447
2005-10-23,0.2965909366267502,0.2965909366267502,0.2965909366267502,0.2965909366267502,0.2965909366267502,0.2965909366267502,0.2965909366267502,0.2965909366267502,0.2965909366267502,0.2965909366267502,0.2965909366267502,0.2965909366267502,0.2965909366267502,0.2965909366267502,0.2965909366267502
2005-10-24,0.19169528967311014,0.19169528967311014,0.19169528967311014,0.19169528967311014,0.19169528967311014,0.19169528967311014,0.19169528967311014,0.19169528967311014,0.19169528967311014,0.19169528967311014,0.19169528967311014,0.19169528967311014,0.19169528967311014,0.19169528967311014,0.19169528967311014
2005-10-25,0.36125377007957427,0.36125377007957427,0.36125377007957427,0.36125377007957427,0.36125377007957427,0.36125377007957427,0.36125377007957427,0.36125377007957427,0.36125377007957427,0.36125377007957427,0.36125377007957427,0.36125377007957427,0.36125377007957427,0.36125377007957427,0.36125377007957427
2005-10-26,0.6613412555950318,0.6613412555950318,0.6613412555950318,0.6613412555950318,0.6613412555950318,0.6613412555950318,0.6613412555950318,0.6613412555950318,0.6613412555950318,0.6613412555950318,0.6613412555950318,0.6613412555950318,0.6613412555950318,0.6613412555950318,0.6613412555950318
2005-10-27,0.8400429397916079,0.8400429397916079,0.8400429397916079,0.8400429397916079,0.8400429397916079,0.8400429397916079,0.8400429397916079,0.8400429397916079,0.8400429397916079,0.8400429397916079,0.8400429397916079,0.8400429397916079,0.8400429397916079,0.8400429397916079,0.8400429397916079
2005-10-28,0.9666634976854236,0.9666634976854236,0.9666634976854236,0.9666634976854236,0.9666634976854236,0.9666634976854236,0.9666634976854236,0.9666634976854236,0.9666634976854236,0.9666634976854236,0.9666634976854236,0.9666634976854236,0.9666634976854236,0.9666634976854236,0.9666634976854236
2005-10-29,1.3293103987195245,1.3293103987195245,1.3293103987195245,1.3293103987195245,1.3293103987195245,1.3293103987195245,1.3293103987195245,1.3293103987195245,1.3293103987195245,1.3293103987195245,1.3293103987195245,1.3293103987195245,1.3293103987195245,1.3293103987195245,1.3293103987195245
2005-10-30,1.6428416244712543,1.6428416244712543,1.6428416244712543,1.6428416244712543,1.6428416244712543,1.6428416244712543,1.6428416244712543,1.6428416244712543,1.6428416244712543,1.6428416244712543,1.6428416244712543,1.6428416244712543,1.6428416244712543,1.6428416244712543,1.6428416244712543
2005-10-31,1.6137397872574675,1.6137397872574675,1.6137397872574675,1.6137397872574675,1.6137397872574675,1.6137397872574675,1.6137397872574675,1.6137397872574675,1.6137397872574675,1.6137397872574675,1.6137397872574675,1.6137397872574675,1.6137397872574675,1.6137397872574675,1.6137397872574675
2005-11-01,1.479727733881979,1.479727733881979,1.479727733881979,1.479727733881979,1.479727733881979,1.479727733881979,1.479727733881979,1.479727733881979,1.479727733881979,1.479727733881979,1.479727733881979,1.479727733881979,1.479727733881979,1.479727733881979,1.479727733881979
2005-11-02,1.505710483866544,1.505710483866544,1.505710483866544,1.505710483866544,1.505710483866544,1.505710483866544,1.505710483866544,1.505710483866544,1.505710483866544,1.505710483866544,1.505710483866544,1.505710483866544,1.505710483866544,1.505710483866544,1.505710483866544
2005-11-03,1.2451636401743273,1.2451636401743273,1.2451636401743273,1.2451636401743273,1.2451636401743273,1.2451636401743273,1.2451636401743273,1.2451636401743273,1.2451636401743273,1.2451636401743273,1.2451636401743273,1.2451636401743273,1.2451636401743273,1.2451636401743273,1.2451636401743273
2005-11-04,0.9315241823889584,0.9315241823889584,0.9315241823889584,0.9315241823889584,0.9315241823889584,0.9315241823889584,0.9315241823889584,0.9315241823889584,0.9315241823889584,0.9315241823889584,0.9315241823889584,0.9315241823889584,0.9315241823889584,0.9315241823889584,0.9315241823889584
2005-11-05,0.8899022704734247,0.8899022704734247,0.8899022704734247,0.8899022704734247,0.8899022704734247,0.8899022704734247,0.8899022704734247,0.8899022704734247,0.8899022704734247,0.8899022704734247,0.8899022704734247,0.8899022704734247,0.8899022704734247,0.8899022704734247,0.8899022704734247
2005-11-06,0.8141816945258352,0.8141816945258352,0.8141816945258352,0.8141816945258352,0.8141816945258352,0.8141816945258352,0.8141816945258352,0.8141816945258352,0.8141816945258352,0.8141816945258352,0.8141816945258352,0.8141816945258352,0.8141816945258352,0.8141816945258352,0.8141816945258352
2005-11-07,0.6677828516870498,0.6677828516870498,0.6677828516870498,0.6677828516870498,0.6677828516870498,0.6677828516870498,0.6677828516870498,0.6677828516870498,0.6677828516870498,0.6677828516870498,0.6677828516870498,0.6677828516870498,0.6677828516870498,0.6677828516870498,0.6677828516870498
2005-11-08,0.5784424101125176,0.5784424101125176,0.5784424101125176,0.5784424101125176,0.5784424101125176,0.5784424101125176,0.5784424101125176,0.5784424101125176,0.5784424101125176,0.5784424101125176,0.5784424101125176,0.5784424101125176,0.5784424101125176,0.5784424101125176,0.5784424101125176
2005-11-09,0.4001367155246559,0.4001367155246559,0.4001367155246559,0.4001367155246559,0.4001367155246559,0.4001367155246559,0.4001367155246559,0.4001367155246559,0.4001367155246559,0.4001367155246559,0.4001367155246559,0.4001367155246559,0.4001367155246559,0.4001367155246559,0.4001367155246559
2005-11-10,0.44102995792866767,0.44102995792866767,0.44102995792866767,0.44102995792866767,0.44102995792866767,0.44102995792866767,0.44102995792866767,0.44102995792866767,0.44102995792866767,0.44102995792866767,0.44102995792866767,0.44102995792866767,0.44102995792866767,0.44102995792866767,0.44102995792866767
2005-11-11,0.6211286930984764,0.6211286930984764,0.6211286930984764,0.6211286930984764,0.6211286930984764,0.6211286930984764,0.6211286930984764,0.6211286930984764,0.6211286930984764,0.6211286930984764,0.6211286930984764,0.6211286930984764,0.6211286930984764,0.6211286930984764,0.6211286930984764
2005-11-12,0.5119058358872207,0.5119058358872207,0.5119058358872207,0.5119058358872207,0.5119058358872207,0.5119058358872207,0.5119058358872207,0.5119058358872207,0.5119058358872207,0.5119058358872207,0.5119058358872207,0.5119058358872207,0.5119058358872207,0.5119058358872207,0.5119058358872207
2005-11-13,0.44484796048203024,0.44484796048203024,0.44484796048203024,0.44484796048203024,0.44484796048203024,0.44484796048203024,0.44484796048203024,0.44484796048203024,0.44484796048203024,0.44484796048203024,0.44484796048203024,0.44484796048203024,0.44484796048203024,0.44484796048203024,0.44484796048203024
2005-11-14,0.38519305833739836,0.38519305833739836,0.38519305833739836,0.38519305833739836,0.38519305833739836,0.38519305833739836,0.38519305833739836,0.38519305833739836,0.38519305833739836,0.38519305833739836,0.38519305833739836,0.38519305833739836,0.38519305833739836,0.38519305833739836,0.38519305833739836
2005-11-15,0.3204404657239046,0.3204404657239046,0.3204404657239046,0.3204404657239046,0.3204404657239046,0.3204404657239046,0.3204404657239046,0.3204404657239046,0.3204404657239046,0.3204404657239046,0.3204404657239046,0.3204404657239046,0.3204404657239046,0.3204404657239046,0.3204404657239046
2005-11-16,-0.14243117136220607,-0.14243117136220607,-0.14243117136220607,-0.14243117136220607,-0.14243117136220607,-0.14243117136220607,-0.14243117136220607,-0.14243117136220607,-0.14243117136220607,-0.14243117136220607,-0.14243117136220607,-0.14243117136220607,-0.14243117136220607,-0.14243117136220607,-0.14243117136220607
2005-11-17,-0.635705292989594,-0.635705292989594,-0.635705292989594,-0.635705292989594,-0.635705292989594,-0.635705292989594,-0.635705292989594,-0.635705292989594,-0.635705292989594,-0.635705292989594,-0.635705292989594,-0.635705292989594,-0.635705292989594,-0.635705292989594,-0.635705292989594
2005-11-18,-0.7340447134163935,-0.7340447134163935,-0.7340447134163935,-0.7340447134163935,-0.7340447134163935,-0.7340447134163935,-0.7340447134163935,-0.7340447134163935,-0.7340447134163935,-0.7340447134163935,-0.7340447134163935,-0.7340447134163935,-0.7340447134163935,-0.7340447134163935,-0.7340447134163935
2005-11-19,-0.9371069616630954,-0.9371069616630954,-0.9371069616630954,-0.9371069616630954,-0.9371069616630954,-0.9371069616630954,-0.9371069616630954,-0.9371069616630954,-0.9371069616630954,-0.9371069616630954,-0.9371069616630954,-0.9371069616630954,-0.9371069616630954,-0.9371069616630954,-0.9371069616630954
2005-11-20,-1.24108391620901,-1.24108391620901,-1.24108391620901,-1.24108391620901,-1.24108391620901,-1.24108391620901,-1.24108391620901,-1.24108391620901,-1.24108391620901,-1.24108391620901,-1.24108391620901,-1.24108391620901,-1.24108391620901,-1.24108391620901,-1.24108391620901
2005-11-21,-1.3589115300325536,-1.3589115300325536,-1.3589115300325536,-1.3589115300325536,-1.3589115300325536,-1.3589115300325536,-1.3589115300325536,-1.3589115300325536,-1.3589115300325536,-1.3589115300325536,-1.3589115300325536,-1.3589115300325536,-1.3589115300325536,-1.3589115300325536,-1.3589115300325536
2005-11-22,-1.444877049277763,-1.444877049277763,-1.444877049277763,-1.444877049277763,-1.444877049277763,-1.444877049277763,-1.444877049277763,-1.444877049277763,-1.444877049277763,-1.444877049277763,-1.444877049277763,-1.444877049277763,-1.444877049277763,-1.444877049277763,-1.444877049277763
2005-11-23,-1.3037502824954803,-1.3037502824954803,-1.3037502824954803,-1.3037502824954803,-1.3037502824954803,-1.3037502824954803,-1.3037502824954803,-1.3037502824954803,-1.3037502824954803,-1.3037502824954803,-1.3037502824954803,-1.3037502824954803,-1.3037502824954803,-1.3037502824954803,-1.3037502824954803
2005-11-24,-0.8809977183568058,-0.8809977183568058,-0.8809977183568058,-0.8809977183568058,-0.8809977183568058,-0.8809977183568058,-0.8809977183568058,-0.8809977183568058,-0.8809977183568058,-0.8809977183568058,-0.8809977183568058,-0.8809977183568058,-0.8809977183568058,-0.8809977183568058,-0.8809977183568058
2005-11-25,-0.5955281880717443,-0.5955281880717443,-0.5955281880717443,-0.5955281880717443,-0.5955281880717443,-0.5955281880717443,-0.5955281880717443,-0.5955281880717443,-0.5955281880717443,-0.5955281880717443,-0.5955281880717443,-0.5955281880717443,-0.5955281880717443,-0.5955281880717443,-0.5955281880717443
2005-11-26,-0.39618883720809706,-0.39618883720809706,-0.39618883720809706,-0.39618883720809706,-0.39618883720809706,-0.39618883720809706,-0.39618883720809706,-0.39618883720809706,-0.39618883720809706,-0.39618883720809706,-0.39618883720809706,-0.39618883720809706,-0.39618883720809706,-0.39618883720809706,-0.39618883720809706
2005-11-27,-0.22254279209032798,-0.22254279209032798,-0.22254279209032798,-0.22254279209032798,-0.22254279209032798,-0.22254279209032798,-0.22254279209032798,-0.22254279209032798,-0.22254279209032798,-0.22254279209032798,-0.22254279209032798,-0.22254279209032798,-0.22254279209032798,-0.22254279209032798,-0.22254279209032798
2005-11-28,-0.2641076868651253,-0.2641076868651253,-0.2641076868651253,-0.2641076868651253,-0.2641076868651253,-0.2641076868651253,-0.2641076868651253,-0.2641076868651253,-0.2641076868651253,-0.2641076868651253,-0.2641076868651253,-0.2641076868651253,-0.2641076868651253,-0.2641076868651253,-0.2641076868651253
2005-11-29,-0.015676274291408648,-0.015676274291408648,-0.015676274291408648,-0.015676274291408648,-0.015676274291408648,-0.015676274291408648,-0.015676274291408648,-0.015676274291408648,-0.015676274291408648,-0.015676274291408648,-0.015676274291408648,-0.015676274291408648,-0.015676274291408648,-0.015676274291408648,-0.015676274291408648
2005-11-30,0.18091590453826417,0.18091590453826417,0.18091590453826417,0.18091590453826417,0.18091590453826417,0.18091590453826417,0.18091590453826417,0.18091590453826417,0.18091590453826417,0.18091590453826417,0.18091590453826417,0.18091590453826417,0.18091590453826417,0.18091590453826417,0.18091590453826417
2005-12-01,0.10476805888887394,0.10476805888887394,0.10476805888887394,0.10476805888887394,0.10476805888887394,0.10476805888887394,0.10476805888887394,0.10476805888887394,0.10476805888887394,0.10476805888887394,0.10476805888887394,0.10476805888887394,0.10476805888887394,0.10476805888887394,0.10476805888887394
2005-12-02,-0.21742177733178608,-0.21742177733178608,-0.21742177733178608,-0.21742177733178608,-0.21742177733178608,-0.21742177733178608,-0.21742177733178608,-0.21742177733178608,-0.21742177733178608,-0.21742177733178608,-0.21742177733178608,-0.21742177733178608,-0.21742177733178608,-0.21742177733178608,-0.21742177733178608
2005-12-03,-0.41836714785727974,-0.41836714785727974,-0.41836714785727974,-0.41836714785727974,-0.41836714785727974,-0.41836714785727974,-0.41836714785727974,-0.41836714785727974,-0.41836714785727974,-0.41836714785727974,-0.41836714785727974,-0.41836714785727974,-0.41836714785727974,-0.41836714785727974,-0.41836714785727974
2005-12-04,-0.737035314526295,-0.737035314526295,-0.737035314526295,-0.737035314526295,-0.737035314526295,-0.737035314526295,-0.737035314526295,-0.737035314526295,-0.737035314526295,-0.737035314526295,-0.737035314526295,-0.737035314526295,-0.737035314526295,-0.737035314526295,-0.737035314526295
2005-12-05,-0.8035844992176534,-0.8035844992176534,-0.8035844992176534,-0.8035844992176534,-0.8035844992176534,-0.8035844992176534,-0.8035844992176534,-0.8035844992176534,-0.8035844992176534,-0.8035844992176534,-0.8035844992176534,-0.8035844992176534,-0.8035844992176534,-0.8035844992176534,-0.8035844992176534
2005-12-06,-0.316403742668029,-0.316403742668029,-0.316403742668029,-0.316403742668029,-0.316403742668029,-0.316403742668029,-0.316403742668029,-0.316403742668029,-0.316403742668029,-0.316403742668029,-0.316403742668029,-0.316403742668029,-0.316403742668029,-0.316403742668029,-0.316403742668029
2005-12-07,-0.33970676591575777,-0.33970676591575777,-0.33970676591575777,-0.33970676591575777,-0.33970676591575777,-0.33970676591575777,-0.33970676591575777,-0.33970676591575777,-0.33970676591575777,-0.33970676591575777,-0.33970676591575777,-0.33970676591575777,-0.33970676591575777,-0.33970676591575777,-0.33970676591575777
2005-12-08,-0.40897609465712836,-0.40897609465712836,-0.40897609465712836,-0.40897609465712836,-0.40897609465712836,-0.40897609465712836,-0.40897609465712836,-0.40897609465712836,-0.40897609465712836,-0.40897609465712836,-0.40897609465712836,-0.40897609465712836,-0.40897609465712836,-0.40897609465712836,-0.40897609465712836
2005-12-09,0.02945802617987463,0.02945802617987463,0.02945802617987463,0.02945802617987463,0.02945802617987463,0.02945802617987463,0.02945802617987463,0.02945802617987463,0.02945802617987463,0.02945802617987463,0.02945802617987463,0.02945802617987463,0.02945802617987463,0.02945802617987463,0.02945802617987463
2005-12-10,0.4425521269544668,0.4425521269544668,0.4425521269544668,0.4425521269544668,0.4425521269544668,0.4425521269544668,0.4425521269544668,0.4425521269544668,0.4425521269544668,0.4425521269544668,0.4425521269544668,0.4425521269544668,0.4425521269544668,0.4425521269544668,0.4425521269544668
2005-12-11,0.5318678836958382,0.5318678836958382,0.5318678836958382,0.5318678836958382,0.5318678836958382,0.5318678836958382,0.5318678836958382,0.5318678836958382,0.5318678836958382,0.5318678836958382,0.5318678836958382,0.5318678836958382,0.5318678836958382,0.5318678836958382,0.5318678836958382
2005-12-12,0.09654940973532117,0.09654940973532117,0.09654940973532117,0.09654940973532117,0.09654940973532117,0.09654940973532117,0.09654940973532117,0.09654940973532117,0.09654940973532117,0.09654940973532117,0.09654940973532117,0.09654940973532117,0.09654940973532117,0.09654940973532117,0.09654940973532117
2005-12-13,0.009162281369649307,0.009162281369649307,0.009162281369649307,0.009162281369649307,0.009162281369649307,0.009162281369649307,0.009162281369649307,0.009162281369649307,0.009162281369649307,0.009162281369649307,0.009162281369649307,0.009162281369649307,0.009162281369649307,0.009162281369649307,0.009162281369649307
2005-12-14,-0.03275117077461455,-0.03275117077461455,-0.03275117077461455,-0.03275117077461455,-0.03275117077461455,-0.03275117077461455,-0.03275117077461455,-0.03275117077461455,-0.03275117077461455,-0.03275117077461455,-0.03275117077461455,-0.03275117077461455,-0.03275117077461455,-0.03275117077461455,-0.03275117077461455
2005-12-15,-0.29070304651349704,-0.29070304651349704,-0.29070304651349704,-0.29070304651349704,-0.29070304651349704,-0.29070304651349704,-0.29070304651349704,-0.29070304651349704,-0.29070304651349704,-0.29070304651349704,-0.29070304651349704,-0.29070304651349704,-0.29070304651349704,-0.29070304651349704,-0.29070304651349704
2005-12-16,-0.43633459222134935,-0.43633459222134935,-0.43633459222134935,-0.43633459222134935,-0.43633459222134935,-0.43633459222134935,-0.43633459222134935,-0.43633459222134935,-0.43633459222134935,-0.43633459222134935,-0.43633459222134935,-0.43633459222134935,-0.43633459222134935,-0.43633459222134935,-0.43633459222134935
2005-12-17,0.019185497761970767,0.019185497761970767,0.019185497761970767,0.019185497761970767,0.019185497761970767,0.019185497761970767,0.019185497761970767,0.019185497761970767,0.019185497761970767,0.019185497761970767,0.019185497761970767,0.019185497761970767,0.019185497761970767,0.019185497761970767,0.019185497761970767
2005-12-18,0.2587706732821989,0.2587706732821989,0.2587706732821989,0.2587706732821989,0.2587706732821989,0.2587706732821989,0.2587706732821989,0.2587706732821989,0.2587706732821989,0.2587706732821989,0.2587706732821989,0.2587706732821989,0.2587706732821989,0.2587706732821989,0.2587706732821989
2005-12-19,0.6502189274159768,0.6502189274159768,0.6502189274159768,0.6502189274159768,0.6502189274159768,0.6502189274159768,0.6502189274159768,0.6502189274159768,0.6502189274159768,0.6502189274159768,0.6502189274159768,0.6502189274159768,0.6502189274159768,0.6502189274159768,0.6502189274159768
2005-12-20,0.890790762085136,0.890790762085136,0.890790762085136,0.890790762085136,0.890790762085136,0.890790762085136,0.890790762085136,0.890790762085136,0.890790762085136,0.890790762085136,0.890790762085136,0.890790762085136,0.890790762085136,0.890790762085136,0.890790762085136
2005-12-21,0.8969630162033433,0.8969630162033433,0.8969630162033433,0.8969630162033433,0.8969630162033433,0.8969630162033433,0.8969630162033433,0.8969630162033433,0.8969630162033433,0.8969630162033433,0.8969630162033433,0.8969630162033433,0.8969630162033433,0.8969630162033433,0.8969630162033433
2005-12-22,0.6639593249553636,0.6639593249553636,0.6639593249553636,0.6639593249553636,0.6639593249553636,0.6639593249553636,0.6639593249553636,0.6639593249553636,0.6639593249553636,0.6639593249553636,0.6639593249553636,0.6639593249553636,0.6639593249553636,0.6639593249553636,0.6639593249553636
2005-12-23,0.5450347132549006,0.5450347132549006,0.5450347132549006,0.5450347132549006,0.5450347132549006,0.5450347132549006,0.5450347132549006,0.5450347132549006,0.5450347132549006,0.5450347132549006,0.5450347132549006,0.5450347132549006,0.5450347132549006,0.5450347132549006,0.5450347132549006
2005-12-24,0.17358498851271428,0.17358498851271428,0.17358498851271428,0.17358498851271428,0.17358498851271428,0.17358498851271428,0.17358498851271428,0.17358498851271428,0.17358498851271428,0.17358498851271428,0.17358498851271428,0.17358498851271428,0.17358498851271428,0.17358498851271428,0.17358498851271428
2005-12-25,-0.33720275473571737,-0.33720275473571737,-0.33720275473571737,-0.33720275473571737,-0.33720275473571737,-0.33720275473571737,-0.33720275473571737,-0.33720275473571737,-0.33720275473571737,-0.33720275473571737,-0.33720275473571737,-0.33720275473571737,-0.33720275473571737,-0.33720275473571737,-0.33720275473571737
2005-12-26,-0.4466464815253753,-0.4466464815253753,-0.4466464815253753,-0.4466464815253753,-0.4466464815253753,-0.4466464815253753,-0.4466464815253753,-0.4466464815253753,-0.4466464815253753,-0.4466464815253753,-0.4466464815253753,-0.4466464815253753,-0.4466464815253753,-0.4466464815253753,-0.4466464815253753
2005-12-27,-0.22764548122749878,-0.22764548122749878,-0.22764548122749878,-0.22764548122749878,-0.22764548122749878,-0.22764548122749878,-0.22764548122749878,-0.22764548122749878,-0.22764548122749878,-0.22764548122749878,-0.22764548122749878,-0.22764548122749878,-0.22764548122749878,-0.22764548122749878,-0.22764548122749878
2005-12-28,-0.40826279295307016,-0.40826279295307016,-0.40826279295307016,-0.40826279295307016,-0.40826279295307016,-0.40826279295307016,-0.40826279295307016,-0.40826279295307016,-0.40826279295307016,-0.40826279295307016,-0.40826279295307016,-0.40826279295307016,-0.40826279295307016,-0.40826279295307016,-0.40826279295307016
2005-12-29,-0.224584232355273,-0.224584232355273,-0.224584232355273,-0.224584232355273,-0.224584232355273,-0.224584232355273,-0.224584232355273,-0.224584232355273,-0.224584232355273,-0.224584232355273,-0.224584232355273,-0.224584232355273,-0.224584232355273,-0.224584232355273,-0.224584232355273
2005-12-30,-0.5071052825075009,-0.5071052825075009,-0.5071052825075009,-0.5071052825075009,-0.5071052825075009,-0.5071052825075009,-0.5071052825075009,-0.5071052825075009,-0.5071052825075009,-0.5071052825075009,-0.5071052825075009,-0.5071052825075009,-0.5071052825075009,-0.5071052825075009,-0.5071052825075009
2005-12-31,-1.0224896109915245,-1.0224896109915245,-1.0224896109915245,-1.0224896109915245,-1.0224896109915245,-1.0224896109915245,-1.0224896109915245,-1.0224896109915245,-1.0224896109915245,-1.0224896109915245,-1.0224896109915245,-1.0224896109915245,-1.0224896109915245,-1.0224896109915245,-1.0224896109915245
2006-01-01,-1.1309992980941348,-1.1309992980941348,-1.1309992980941348,-1.1309992980941348,-1.1309992980941348,-1.1309992980941348,-1.1309992980941348,-1.1309992980941348,-1.1309992980941348,-1.1309992980941348,-1.1309992980941348,-1.1309992980941348,-1.1309992980941348,-1.1309992980941348,-1.1309992980941348
2006-01-02,-1.150290441146346,-1.150290441146346,-1.150290441146346,-1.150290441146346,-1.150290441146346,-1.150290441146346,-1.150290441146346,-1.150290441146346,-1.150290441146346,-1.150290441146346,-1.150290441146346,-1.150290441146346,-1.150290441146346,-1.150290441146346,-1.150290441146346
2006-01-03,-0.9397569781248449,-0.9397569781248449,-0.9397569781248449,-0.9397569781248449,-0.9397569781248449,-0.9397569781248449,-0.9397569781248449,-0.9397569781248449,-0.9397569781248449,-0.9397569781248449,-0.9397569781248449,-0.9397569781248449,-0.9397569781248449,-0.9397569781248449,-0.9397569781248449
2006-01-04,-0.8576679716926245,-0.8576679716926245,-0.8576679716926245,-0.8576679716926245,-0.8576679716926245,-0.8576679716926245,-0.8576679716926245,-0.8576679716926245,-0.8576679716926245,-0.8576679716926245,-0.8576679716926245,-0.8576679716926245,-0.8576679716926245,-0.8576679716926245,-0.8576679716926245
2006-01-05,-0.6382125520148535,-0.6382125520148535,-0.6382125520148535,-0.6382125520148535,-0.6382125520148535,-0.6382125520148535,-0.6382125520148535,-0.6382125520148535,-0.6382125520148535,-0.6382125520148535,-0.6382125520148535,-0.6382125520148535,-0.6382125520148535,-0.6382125520148535,-0.6382125520148535
2006-01-06,-0.5614869274274008,-0.5706069167603333,-0.5138444520931524,-0.4775704077856185,-0.435771820919883,-0.5830819331323797,-0.4767538297100491,-0.538611133719723,-0.5496779282728229,-0.5115364408561812,-0.507486571961978,-0.5249022449647984,-0.4582284212745218,-0.5303695596450716,-0.45914314849991517
2006-01-07,-0.152508519341933,-0.0921317828769221,-0.09457229770358408,0.007007213152796307,-0.09683217834957857,-0.15091023666080516,-0.17696712232623255,-0.08451276467115876,-0.17237362801332803,-0.11271103668249745,-0.004902570012977407,-0.11508903015055211,-0.13264041951679068,0.0034491556189453444,-0.10916590876172957
2006-01-08,-0.16820922032476393,-0.08339749810038229,0.030328988123392315,-0.11853677007179615,-0.1314827781410841,-0.2512652012863527,-0.1855243137651023,-0.07852008703740289,-0.14411537180142592,-0.09573435050818978,-0.2959935375605748,0.09264208668658572,-0.1829274739674681,-0.1432378416025016,-0.03986108678231902
2006-01-09,-0.1421685692782752,-0.29853197828849654,0.04302008744784801,-0.05903411511335248,-0.0017784034451455888,-0.4641726340593233,-0.038760039913609344,-0.1657307254259235,-0.12871828964427734,-0.09558406226485675,-0.39725227787170714,0.07315866676943018,-0.2986925256851591,0.01874354321566923,-0.24618151270688782
2006-01-10,-0.21605893570406903,-0.44677700466762427,-0.09128018259024905,0.07077397783701832,-0.16032909961361264,-0.6074109277640397,-0.06071928042743592,-0.12624077409098344,-0.05512818452603062,0.05765383629418182,-0.5493060096841172,0.010553858075116135,-0.22289303323032428,0.05746919364365166,-0.34238932110140574
2006-01-11,-0.03394656025317449,-0.4730212684275431,-0.15126790959612113,0.15295758432308146,0.1158872444672169,-0.42703349065573404,0.3633336952728202,0.16029710110511391,0.1444579361487526,0.3479559932841012,-0.33434216327526567,0.034122939113703954,-0.021590858760677966,0.07632469765432034,-0.20303864424199766
2006-01-12,0.302715999384453,-0.03642090961261372,-0.007758270954119962,0.7189696828204388,0.24932153174980104,0.05941057609080114,0.8339202797043442,0.3184479252663392,0.49227589308954345,0.736754858518009,-0.19463441633135556,0.5285786543346314,-0.023253157020393184,0.44655935792572365,0.06729256582974581
2006-01-13,0.8886769973277683,0.42531640406345866,0.18038376579184753,1.2986957734657774,0.6771849248006073,0.5425863658125821,1.258875377690472,0.7409125496395839,1.009862237498092,1.1747742898214544,0.36945186195104984,1.0099848699492322,0.38671494386674365,0.7630173410080334,0.5329278932294237
2006-01-14,1.1673428117354459,0.8997845873172764,0.28668640735557926,1.563780243784647,1.042866467263765,0.7327133912623723,1.2679818062340542,1.0742442552772749,1.0610715082047524,1.2041606074072018,0.6011021802836825,1.3810183584235667,0.45483704171511485,0.8800442777626883,0.9330092404405638
2006-01-15,0.9597819629981027,0.8388516448143283,0.2288891403425244,1.438306860176485,1.1260754634638293,0.7452445632728412,1.3422500777920532,1.2641939204506858,0.9462509766062867,0.8954275343593029,0.968521608386375,1.1312548133978053,0.42600167177036086,0.946243223550913,0.978404362122066
2006-01-16,0.9841344947909666,0.8601783313922108,0.145361339074606,1.3847104251887936,1.4753609505498737,0.7407452960532601,1.059393742309772,1.2303501724016095,0.969441464579728,0.7486778478723033,1.3326376450776456,1.1571988170790606,0.5505564761058883,0.999318991808813,0.9765003628071823
2006-01-17,1.2281665576283733,0.8817088049990688,0.49847932193630673,1.180196561376546,1.757694623112236,1.0069776334491702,1.4019404762968246,1.3232774423416995,0.8496310799229777,0.8970471852299816,1.611291974028581,1.1343065902030671,0.8715494357907572,1.5790505247329523,1.213261699140902
2006-01-18,1.3340828724562337,0.8368295746747046,1.1854508613520105,1.2571791910670156,1.912675023142277,1.3998394492626427,1.473687053064854,1.46332195731351,1.1234347639726143,1.3181354695256235,1.76784901199254,1.2439357014714232,0.6952676466452661,1.8758816845312138,1.3612410244044073
2006-01-19,1.4866493516468358,0.6017987569352026,1.8126727206133308,1.1756204977092044,1.918026550211539,1.297156340442813,1.2297737447470471,1.7332227026945115,1.4708166473868263,1.0253750553012793,1.6694399125498196,1.1046299162246882,0.5457953606124172,2.299590372820167,1.1315288643109922
2006-01-20,1.4817762690383323,0.44965038795985635,2.104984059264638,1.0558462011763439,1.7710640834910865,1.3743801718108295,1.18243545572572,1.7517447615603878,1.6735067652766997,1.0336727170496,1.4590050963895727,0.8364262748426469,0.6013170038499844,2.553862355526994,0.6996069940034926
2006-01-21,1.4086714138033796,0.6952033337155249,1.9977309006781248,1.172119787097419,1.6041836634405595,1.3501584616567943,0.9881261724007223,1.7202887753977532,1.548027889137483,0.8837349181943598,1.347707269050513,0.6529316818273757,0.5130967355622218,2.7489217547252207,0.2191558967421134
2006-01-22,1.1806264226558227,0.9191420472672394,2.035822863471576,1.37964583171905,1.0613040132601177,1.1427826630811333,0.8288814342995948,1.8965228748786123,1.2255317347632755,0.5889751642829819,1.0675683875724478,0.5006462363128255,0.05560139987570886,2.553615906596009,-0.4696834094675328
2006-01-23,0.8605189585491215,0.8736320654165375,1.4856656666436914,1.2049349611615692,0.9089865940894222,0.9334567058367159,0.7985714170207681,1.8126124094241343,0.9811130615654144,0.2380512359739746,0.5040849331507996,0.056339383505040815,-0.36719664946302205,2.3527685468786967,-0.8293610279608039
2006-01-24,0.3855140591080098,0.6721998042246681,1.024016845772533,1.100606985076328,1.0832789303846762,0.6766062860642722,0.6982149165015531,1.8583197404115905,0.5094189624494878,0.006877033436162752,-0.11493197664340916,-0.03864629189792276,-0.24989866250800247,1.9174242860393313,-1.0793027944583296
2006-01-25,-0.05852262561685122,0.38708931029033633,0.4784594656327493,0.7878672083223904,1.0877852332065059,0.2947370560001472,0.6667737364918686,1.6014916084258746,0.1880934399123326,-0.2309860865575478,-0.5914511472704936,0.19236208549641803,0.05143730977011675,1.5077899700975335,-1.06429593128983
2006-01-26,-0.8663056796295985,-0.05805121899745941,0.338402267989693,0.2645946628160686,0.8306877911820788,-0.4830978640083044,0.20467672164229664,1.185798079241296,0.18523401119358113,-0.5100925191974575,-0.8630655228225685,0.29951133416974,0.11641714983253054,0.8960251153060526,-1.0620764654331558
2006-01-27,-1.397066926895614,-0.5792375373295596,-0.09117210006234668,0.31215670304665094,0.7975625994940296,-1.0748929970243915,-0.40586723751323245,0.7511324054835278,0.191636065750062,-0.9096140979102292,-0.9997143801162329,-0.005546697319844993,-0.02222536542918829,0.23940185073223633,-1.3497465545732026
2006-01-28,-1.6898951381831433,-0.8606874226221215,-0.504597505958481,0.3710344570096564,0.4900708541680996,-1.3717061029543651,-0.9680611036521508,0.42789214226827127,0.6156247943454833,-1.2035170746055752,-1.1387677479631462,-0.15844332651630516,-0.04847709159580522,-0.748786779293351,-1.3257763171258319
2006-01-29,-1.5705856192747838,-0.4561948176715247,-0.8240818147456532,0.13544837396964976,0.0491774484060313,-1.3135913906378316,-1.3101631740282043,0.30370779065666004,0.8559794448576666,-1.3673047935747347,-1.1517505380280972,-0.02579325323317294,-0.3671016832222955,-1.6704642366099451,-1.1244864090910698
2006-01-30,-1.227157997900945,-0.36522540444067525,-0.9780985940960153,-0.14249012329893443,-0.23079576457694398,-0.9884104484473928,-1.336568159169536,0.24448473672432208,0.6437534067223979,-1.4785582916524687,-0.9989627001672686,-0.21692234093389728,-0.6233361517298767,-2.015977956790874,-1.2130211425085486
2006-01-31,-1.0654476501472725,-0.5881405818842812,-1.2029676984932491,-0.22888401440261819,-0.44570551825160004,-0.5299281179210027,-1.5937371091003534,0.5896102112483744,0.3523929219942063,-1.7562027491745793,-0.8184622468414299,-0.6689159884133086,-0.675913006896585,-2.2362685308644012,-1.1943151883788035
2006-02-01,-0.8542690266841988,-0.3723392211594182,-1.539606026750699,-0.25433178394256495,-0.487139878244098,-0.5615771665150923,-1.65632931236828,0.49923943239720775,-0.4826579790150508,-2.2555098609298168,-0.6800183765360935,-1.0743142751042294,-0.7503383506489721,-2.658805537448457,-0.6509962984593138
2006-02-02,-1.1253888564999135,0.21653348164174127,-1.8725771678418466,-0.2940569875713245,-0.7119350192436028,-0.7279020817953333,-1.709426354792028,0.11028137179005412,-1.0711464269215163,-2.3344604140115366,-0.5508124175532492,-1.4829029854112332,-0.8734569352702847,-2.4163367986351827,-0.524862974859327
2006-02-03,-1.1584372868838215,0.5818003558818245,-2.0662765696467513,-0.1441510413421806,-0.6015143327774066,-0.5950047120272042,-1.825751531619778,-0.28251355496457015,-1.3329875788369805,-2.7214568407714714,-0.6440934564938583,-1.8760179580044352,-0.5633098913641953,-2.0734786223429955,-0.8026538007486559
2006-02-04,-1.287655060071669,0.5278097491414155,-1.928666442875601,0.0013308734561767676,-0.09645132936781003,-0.6230519309039158,-2.2009531513552916,-0.5324160619698348,-1.673973716969247,-3.1848809808367156,-0.9390380924768145,-1.9283893246606019,-0.24382653439926932,-2.306181676883422,-0.822953125753218
2006-02-05,-1.5880308773925684,-0.0173260301057726,-1.7823125412445744,-0.004272273376302438,-0.07162581194156763,-0.8686851874222609,-2.1487746099740503,-0.7720611130875245,-1.7959289048826075,-3.20511531854128,-0.755922077317863,-1.6369646263842745,-0.17402117031153647,-2.558674960284475,-0.42947357019971744
2006-02-06,-2.0032283926978582,-0.3406573446551838,-1.8344537737003872,-0.08719158602129586,-0.05876429903214944,-1.0093039644073258,-1.9540500573824477,-1.0140525115679624,-1.842914017132448,-2.8561272182780417,-0.8767937234503769,-1.7040976246048092,-0.4897550691849056,-2.6526744312856727,-0.2563445198718505
2006-02-07,-1.8544490459973024,-0.6884718085123428,-1.8920824084538401,-0.12678354945252335,-0.28443365995790215,-1.006069566518729,-1.7962684073934627,-1.0163508549427136,-2.463909814169565,-2.8495634337635023,-1.384510616522595,-2.0477421082979235,-0.5588813240858521,-2.441361543785992,-0.021669832842232808
2006-02-08,-1.3336821055751138,-0.3834875700318775,-1.597988539235048,-0.09866987272057175,-0.3681767905937244,-1.2010234029536724,-1.7751018181187588,-1.0011360658157689,-2.8376967865622538,-2.7322343837592387,-1.4213471891502796,-2.2775102257517004,-0.5246582282860784,-2.197209806081809,-0.05971035438916739
2006-02-09,-1.0145281747555979,-0.16610475351508144,-1.611261356353363,0.11878284936763463,-0.6547605073718725,-1.5058165873790184,-1.7954319807332835,-0.7414144409550784,-3.1707544817149715,-2.6496080077968096,-1.2321153302267929,-2.656784150614345,-0.38034837947832506,-2.157026855865023,-0.22567895584034275
2006-02-10,-0.7614668890035708,-0.09509000374236763,-1.8173708497701035,-0.13921594712541296,-1.0500298082740065,-1.3002076249307568,-1.5644204143135196,-0.46676817822857347,-3.2210703260670233,-2.648685629746706,-1.2103192602760633,-2.8324112996614206,-0.43233368688718177,-1.625204287093837,-0.2477232181913294
2006-02-11,-0.870953763712003,-0.2014914832418293,-1.6658983486998062,-0.08068293581617869,-1.3019163579476656,-1.200200377488344,-1.2090002780234477,-0.0055730656481435955,-2.9754612232301834,-2.377526739256792,-1.0825968494174185,-2.9751224196013997,-0.5913441757680368,-1.2549917416800107,-0.362927968615129
2006-02-12,-1.1318890204785481,-0.34074547932175664,-1.4725169451290017,0.04087072066777059,-1.7149333916960643,-1.051421256762084,-1.1321692763129985,0.35854713606540023,-2.5989960480832712,-2.1190249270367367,-0.7957712776504577,-2.9385298189007,-0.5677014797930664,-1.023182166201983,-0.5285704762342651
2006-02-13,-1.178552376167127,-0.681676719070549,-1.5467130761802512,0.046421097232186986,-1.6597917231512558,-0.5419916838488807,-1.078183719686632,0.7005154241476891,-2.189622629697298,-1.9426066723748714,-0.6967969026878377,-2.485413164278659,-0.6889620635771626,-0.9491583034840537,-0.7677005745333367
2006-02-14,-1.142799339383041,-1.0325106189103594,-1.601366698647179,-0.19339459276432278,-1.533627690168834,0.0888830648102902,-1.2740112404108113,0.6952799142641674,-2.4456358849488735,-1.705238091789362,-0.36522860117438505,-2.0775969598085586,-0.95370236766588,-0.7642624533520146,-1.1258706601279145
2006-02-15,-1.1386348312096186,-1.6209311168395788,-1.3837081978269177,-0.37588991795876214,-1.2420014197885723,0.3521967692713232,-1.4005971919350984,0.8423479606133945,-2.8460124188122817,-1.3532055496717939,-0.17552761726125854,-1.6400059084026548,-1.0259991028460844,-0.790135989479577,-1.1243120744914357
2006-02-16,-1.2096418087739151,-1.959099920961396,-1.079489795597309,-0.6546282406502554,-0.9159502071423627,0.25536192349354697,-1.5142349221236362,1.0428770606597177,-2.8606316423287828,-1.0731038729276121,-0.037498255885711484,-1.589008802489988,-1.4913881872050656,-0.9599679180522717,-1.1294819414471327
2006-02-17,-0.9535075308984178,-1.681022738715186,-0.9504742628723345,-0.9443349351411621,-0.9750343431020321,-0.19150035748820235,-1.5373580545114314,1.0080429712422438,-2.6002193664716375,-0.8601737843049329,0.013685707073517546,-1.800061999219005,-1.8710296341766581,-1.1503963036943883,-1.0235084188386838
2006-02-18,-0.6109532602892703,-1.4524627866161843,-0.7989203321495093,-1.1969690337303063,-1.3132620729108442,-0.5797014360330114,-1.5211227786453254,0.8324707918728149,-2.678343094780834,-1.1197978303076985,-0.12169008967815916,-1.995890661476423,-2.0633075715488998,-0.9946387497781943,-1.5613680506797099
2006-02-19,-0.49886370749182735,-1.0813556793457462,-0.7932798480072517,-1.0924242687814965,-1.1864426106325017,-1.2460186676605831,-1.6902712889320484,0.6846360188483678,-2.59286191026164,-1.6243434801765193,-0.22428093152618592,-1.9415720166151118,-1.9165255575796636,-0.6823459515119714,-1.9449812584928485
2006-02-20,-0.3704205570170594,-1.1347759360611755,-0.7872836483829054,-0.47885968604555834,-1.3328789866708979,-1.7160686088226698,-1.679830753447094,0.5999509167584709,-2.5627590703113996,-1.8361904120578474,-0.32160614537913396,-2.058208629525106,-2.2299814648277603,-0.30603492571582086,-1.9685756336500215
2006-02-21,-0.16346074462676066,-0.9042728789596866,-0.8705888674761665,0.007085297723679784,-1.4910129452585983,-2.1207697406201644,-1.3962476579846055,0.1977032841507322,-2.229716903257419,-1.679518999384062,-0.3862736175544922,-1.8255045505477998,-2.6822075596129906,-0.072457726816394,-1.8008880529883675
2006-02-22,-0.04552595543760805,-0.8281574387169949,-0.6938641524018118,0.31123955536845543,-1.5849170513085875,-2.1397767105515344,-1.3102893473732968,-0.3147305627714454,-2.141034785019222,-1.5920040193865177,0.004696345701794108,-1.5041427946377603,-2.6811164407704777,-0.08562305885521575,-1.610289608111485
2006-02-23,0.04892762649306223,-0.6034039879355272,-0.28067239889175527,0.2240062023169377,-1.966856219929117,-2.023974299991372,-0.9290034758267287,-0.5068057178641714,-2.147106074981787,-1.5619210888183577,0.19213474803767586,-0.9381474503453818,-2.599749974229529,0.036674330350312374,-1.0777942513607224
2006-02-24,0.34069226574961614,-0.3690220021468252,-0.15231368812989352,0.45646251216016437,-1.9015464995075075,-1.9426025190716942,-0.8479903216901374,-0.6270966699392285,-2.2788791474341092,-1.1429437077158295,0.2043724499670248,-0.38889276104824555,-2.349034973321903,-0.18593480894231554,-0.6936361270833256
2006-02-25,0.2742910183928333,-0.27694126006030373,0.019105323556398126,0.3652661769612899,-1.7014913076983438,-1.7869007233404666,-0.6333796491397924,-0.9444827128988086,-2.3315328396644524,-1.2327831340666493,0.2880304105936066,0.05482855410059638,-2.1245952624414475,-0.4160445592934931,-0.44071319447074186
2006-02-26,0.05241382259454347,-0.05522685212410179,0.1338612964142184,0.36484211181925424,-1.3170900136300594,-1.0970518316711817,-0.18539013051066588,-1.66089685428072,-2.1472794253778518,-1.2192739736006222,0.40349583231882175,0.6815414259984823,-2.2540834366667366,-0.6102199001085447,-0.19547498005973524
2006-02-27,-0.032156249545652216,0.13671480171523145,0.13773759111902747,0.2177128251055445,-0.8699727099910574,-0.29381137038011396,0.10777067866910527,-1.9949639232373833,-1.8497473304921013,-0.887532426716985,0.6218344184298187,0.8729361450592716,-2.083818168474563,-0.659707266665386,0.10946250953680968
2006-02-28,-0.06198153375417251,0.1399710912874489,0.059543904141306135,0.07506713314471128,-0.7710671439959971,0.40344897350196834,0.011392377129694497,-1.8786342168123424,-1.825110638582064,-0.7411011291250761,0.587317733341393,0.8932548812043618,-1.5428679951348754,-0.49295931633126533,0.14565707255769805
2006-03-01,-0.04519301728225158,0.24729689820743475,0.333725245654175,0.26419458188704303,-0.8408721601127128,0.6500104602520016,0.2747249879001573,-1.5221108271709196,-1.7635712199875468,-0.5524572757144374,0.2914681562889982,0.5251043817150163,-0.7354423201500355,0.014495420411968331,0.048457532549490916
2006-03-02,0.35800474543701216,0.16905804524603782,0.48011413433315697,0.09598345652266782,-0.8496514557400152,0.7641732431865448,0.4793222239432713,-1.2464320742500758,-1.496374181200368,-0.6012701620227862,0.13503196133542325,0.13671645492648032,0.06982435408423313,-0.022323666871150786,0.12083713023908499
2006-03-03,0.7624826217931279,0.00932632601366563,1.0713184455328826,-0.13717924956138752,-0.6103268075617052,0.7451842479466884,0.35647619710896,-0.8221471984237458,-1.1233073378425869,-0.3562316775043095,-0.3289642773766789,0.0284824936144021,0.6946093374238025,0.023235820254868884,0.20575447975021371
2006-03-04,1.2130148257685962,0.1485320628113652,1.389945961692272,-0.25464695408385263,-0.2889462293401108,0.4938598821292667,0.2861049296521962,-0.31018896243936817,-0.7164773453474043,-0.04922081500195117,-0.40528923664559735,0.07457914283277131,0.9671525220145462,0.45666346616870396,0.14508992669103335
2006-03-05,1.2200137328037215,0.2412177988778976,1.5010667001394797,-0.535302404849417,0.4142927947063869,0.7870373450539503,0.11742003653971604,0.11568800348478947,-0.4424437151358553,0.47996155252276446,-0.3690260648733564,-0.17994929645384822,1.2770340832972698,0.7898721461564483,-0.10269478110939337
2006-03-06,0.9713604689014549,0.01394042494248077,1.574346221893787,-0.732206925205779,0.7587751604548849,1.5431576973564212,0.14429974142553406,0.42082163415748025,-0.4656991420773362,0.7044310000275477,-0.5514164424861571,-0.6103436165040406,1.1461414593708403,1.0825995436954192,0.28651802707400714
2006-03-07,0.9283160544480487,-0.18164167229087366,1.9438831409806092,-0.7452787363119017,0.9352658836468957,1.8395768015508394,0.24740153148703364,0.5375175073964994,-0.8247206730790531,0.7367268308143556,-0.7629161299573844,-0.6360426282307868,1.0051145036785496,1.27632509268705,0.6402848794866101
