,1,2,3,4,5,6,7,8,9,10,11,12,13,14,15
2005-09-08,-0.0987802031008991,-0.0987802031008991,-0.0987802031008991,-0.0987802031008991,-0.0987802031008991,-0.0987802031008991,-0.0987802031008991,-0.0987802031008991,-0.0987802031008991,-0.0987802031008991,-0.0987802031008991,-0.0987802031008991,-0.0987802031008991,-0.0987802031008991,-0.0987802031008991
2005-09-09,0.3325998420400607,0.3325998420400607,0.3325998420400607,0.3325998420400607,0.3325998420400607,0.3325998420400607,0.3325998420400607,0.3325998420400607,0.3325998420400607,0.3325998420400607,0.3325998420400607,0.3325998420400607,0.3325998420400607,0.3325998420400607,0.3325998420400607
2005-09-10,0.7224570012621535,0.7224570012621535,0.7224570012621535,0.7224570012621535,0.7224570012621535,0.7224570012621535,0.7224570012621535,0.7224570012621535,0.7224570012621535,0.7224570012621535,0.7224570012621535,0.7224570012621535,0.7224570012621535,0.7224570012621535,0.7224570012621535
2005-09-11,0.8382962241115453,0.8382962241115453,0.8382962241115453,0.8382962241115453,0.8382962241115453,0.8382962241115453,0.8382962241115453,0.8382962241115453,0.8382962241115453,0.8382962241115453,0.8382962241115453,0.8382962241115453,0.8382962241115453,0.8382962241115453,0.8382962241115453
2005-09-12,0.37394730018675154,0.37394730018675154,0.37394730018675154,0.37394730018675154,0.37394730018675154,0.37394730018675154,0.37394730018675154,0.37394730018675154,0.37394730018675154,0.37394730018675154,0.37394730018675154,0.37394730018675154,0.37394730018675154,0.37394730018675154,0.37394730018675154
2005-09-13,0.07575400808421842,0.07575400808421842,0.07575400808421842,0.07575400808421842,0.07575400808421842,0.07575400808421842,0.07575400808421842,0.07575400808421842,0.07575400808421842,0.07575400808421842,0.07575400808421842,0.07575400808421842,0.07575400808421842,0.07575400808421842,0.07575400808421842
2005-09-14,-0.045967946106077795,-0.045967946106077795,-0.045967946106077795,-0.045967946106077795,-0.045967946106077795,-0.045967946106077795,-0.045967946106077795,-0.045967946106077795,-0.045967946106077795,-0.045967946106077795,-0.045967946106077795,-0.045967946106077795,-0.045967946106077795,-0.045967946106077795,-0.045967946106077795
2005-09-15,-0.018233563925974774,-0.018233563925974774,-0.018233563925974774,-0.018233563925974774,-0.018233563925974774,-0.018233563925974774,-0.018233563925974774,-0.018233563925974774,-0.018233563925974774,-0.018233563925974774,-0.018233563925974774,-0.018233563925974774,-0.018233563925974774,-0.018233563925974774,-0.018233563925974774
2005-09-16,0.4196324732335344,0.4196324732335344,0.4196324732335344,0.4196324732335344,0.4196324732335344,0.4196324732335344,0.4196324732335344,0.4196324732335344,0.4196324732335344,0.4196324732335344,0.4196324732335344,0.4196324732335344,0.4196324732335344,0.4196324732335344,0.4196324732335344
2005-09-17,0.8120412324158612,0.8120412324158612,0.8120412324158612,0.8120412324158612,0.8120412324158612,0.8120412324158612,0.8120412324158612,0.8120412324158612,0.8120412324158612,0.8120412324158612,0.8120412324158612,0.8120412324158612,0.8120412324158612,0.8120412324158612,0.8120412324158612
2005-09-18,1.0002273565950839,1.0002273565950839,1.0002273565950839,1.0002273565950839,1.0002273565950839,1.0002273565950839,1.0002273565950839,1.0002273565950839,1.0002273565950839,1.0002273565950839,1.0002273565950839,1.0002273565950839,1.0002273565950839,1.0002273565950839,1.0002273565950839
2005-09-19,1.0596945289862343,1.0596945289862343,1.0596945289862343,1.0596945289862343,1.0596945289862343,1.0596945289862343,1.0596945289862343,1.0596945289862343,1.0596945289862343,1.0596945289862343,1.0596945289862343,1.0596945289862343,1.0596945289862343,1.0596945289862343,1.0596945289862343
2005-09-20,1.0791089716180022,1.0791089716180022,1.0791089716180022,1.0791089716180022,1.0791089716180022,1.0791089716180022,1.0791089716180022,1.0791089716180022,1.0791089716180022,1.0791089716180022,1.0791089716180022,1.0791089716180022,1.0791089716180022,1.0791089716180022,1.0791089716180022
2005-09-21,0.9542672774672225,0.9542672774672225,0.9542672774672225,0.9542672774672225,0.9542672774672225,0.9542672774672225,0.9542672774672225,0.9542672774672225,0.9542672774672225,0.9542672774672225,0.9542672774672225,0.9542672774672225,0.9542672774672225,0.9542672774672225,0.9542672774672225
2005-09-22,0.6953306227686881,0.6953306227686881,0.6953306227686881,0.6953306227686881,0.6953306227686881,0.6953306227686881,0.6953306227686881,0.6953306227686881,0.6953306227686881,0.6953306227686881,0.6953306227686881,0.6953306227686881,0.6953306227686881,0.6953306227686881,0.6953306227686881
2005-09-23,0.7729847955263037,0.7729847955263037,0.7729847955263037,0.7729847955263037,0.7729847955263037,0.7729847955263037,0.7729847955263037,0.7729847955263037,0.7729847955263037,0.7729847955263037,0.7729847955263037,0.7729847955263037,0.7729847955263037,0.7729847955263037,0.7729847955263037
2005-09-24,0.821049082775882,0.821049082775882,0.821049082775882,0.821049082775882,0.821049082775882,0.821049082775882,0.821049082775882,0.821049082775882,0.821049082775882,0.821049082775882,0.821049082775882,0.821049082775882,0.821049082775882,0.821049082775882,0.821049082775882
2005-09-25,0.7415558260876154,0.7415558260876154,0.7415558260876154,0.7415558260876154,0.7415558260876154,0.7415558260876154,0.7415558260876154,0.7415558260876154,0.7415558260876154,0.7415558260876154,0.7415558260876154,0.7415558260876154,0.7415558260876154,0.7415558260876154,0.7415558260876154
2005-09-26,0.32109705861155224,0.32109705861155224,0.32109705861155224,0.32109705861155224,0.32109705861155224,0.32109705861155224,0.32109705861155224,0.32109705861155224,0.32109705861155224,0.32109705861155224,0.32109705861155224,0.32109705861155224,0.32109705861155224,0.32109705861155224,0.32109705861155224
2005-09-27,0.30607477945695555,0.30607477945695555,0.30607477945695555,0.30607477945695555,0.30607477945695555,0.30607477945695555,0.30607477945695555,0.30607477945695555,0.30607477945695555,0.30607477945695555,0.30607477945695555,0.30607477945695555,0.30607477945695555,0.30607477945695555,0.30607477945695555
2005-09-28,0.18673011281990473,0.18673011281990473,0.18673011281990473,0.18673011281990473,0.18673011281990473,0.18673011281990473,0.18673011281990473,0.18673011281990473,0.18673011281990473,0.18673011281990473,0.18673011281990473,0.18673011281990473,0.18673011281990473,0.18673011281990473,0.18673011281990473
2005-09-29,0.32529310058325833,0.32529310058325833,0.32529310058325833,0.32529310058325833,0.32529310058325833,0.32529310058325833,0.32529310058325833,0.32529310058325833,0.32529310058325833,0.32529310058325833,0.32529310058325833,0.32529310058325833,0.32529310058325833,0.32529310058325833,0.32529310058325833
2005-09-30,0.4108599429798957,0.4108599429798957,0.4108599429798957,0.4108599429798957,0.4108599429798957,0.4108599429798957,0.4108599429798957,0.4108599429798957,0.4108599429798957,0.4108599429798957,0.4108599429798957,0.4108599429798957,0.4108599429798957,0.4108599429798957,0.4108599429798957
2005-10-01,0.5484005070523534,0.5484005070523534,0.5484005070523534,0.5484005070523534,0.5484005070523534,0.5484005070523534,0.5484005070523534,0.5484005070523534,0.5484005070523534,0.5484005070523534,0.5484005070523534,0.5484005070523534,0.5484005070523534,0.5484005070523534,0.5484005070523534
2005-10-02,0.15779745046235844,0.15779745046235844,0.15779745046235844,0.15779745046235844,0.15779745046235844,0.15779745046235844,0.15779745046235844,0.15779745046235844,0.15779745046235844,0.15779745046235844,0.15779745046235844,0.15779745046235844,0.15779745046235844,0.15779745046235844,0.15779745046235844
2005-10-03,-0.2586253763475071,-0.2586253763475071,-0.2586253763475071,-0.2586253763475071,-0.2586253763475071,-0.2586253763475071,-0.2586253763475071,-0.2586253763475071,-0.2586253763475071,-0.2586253763475071,-0.2586253763475071,-0.2586253763475071,-0.2586253763475071,-0.2586253763475071,-0.2586253763475071
2005-10-04,-0.7252617820655185,-0.7252617820655185,-0.7252617820655185,-0.7252617820655185,-0.7252617820655185,-0.7252617820655185,-0.7252617820655185,-0.7252617820655185,-0.7252617820655185,-0.7252617820655185,-0.7252617820655185,-0.7252617820655185,-0.7252617820655185,-0.7252617820655185,-0.7252617820655185
2005-10-05,-0.5939163649685223,-0.5939163649685223,-0.5939163649685223,-0.5939163649685223,-0.5939163649685223,-0.5939163649685223,-0.5939163649685223,-0.5939163649685223,-0.5939163649685223,-0.5939163649685223,-0.5939163649685223,-0.5939163649685223,-0.5939163649685223,-0.5939163649685223,-0.5939163649685223
2005-10-06,-0.6491636291737878,-0.6491636291737878,-0.6491636291737878,-0.6491636291737878,-0.6491636291737878,-0.6491636291737878,-0.6491636291737878,-0.6491636291737878,-0.6491636291737878,-0.6491636291737878,-0.6491636291737878,-0.6491636291737878,-0.6491636291737878,-0.6491636291737878,-0.6491636291737878
2005-10-07,-0.5052842738078873,-0.5052842738078873,-0.5052842738078873,-0.5052842738078873,-0.5052842738078873,-0.5052842738078873,-0.5052842738078873,-0.5052842738078873,-0.5052842738078873,-0.5052842738078873,-0.5052842738078873,-0.5052842738078873,-0.5052842738078873,-0.5052842738078873,-0.5052842738078873
2005-10-08,-0.7155552344916966,-0.7155552344916966,-0.7155552344916966,-0.7155552344916966,-0.7155552344916966,-0.7155552344916966,-0.7155552344916966,-0.7155552344916966,-0.7155552344916966,-0.7155552344916966,-0.7155552344916966,-0.7155552344916966,-0.7155552344916966,-0.7155552344916966,-0.7155552344916966
2005-10-09,-1.3061168388589264,-1.3061168388589264,-1.3061168388589264,-1.3061168388589264,-1.3061168388589264,-1.3061168388589264,-1.3061168388589264,-1.3061168388589264,-1.3061168388589264,-1.3061168388589264,-1.3061168388589264,-1.3061168388589264,-1.3061168388589264,-1.3061168388589264,-1.3061168388589264
2005-10-10,-1.6044572135221957,-1.6044572135221957,-1.6044572135221957,-1.6044572135221957,-1.6044572135221957,-1.6044572135221957,-1.6044572135221957,-1.6044572135221957,-1.6044572135221957,-1.6044572135221957,-1.6044572135221957,-1.6044572135221957,-1.6044572135221957,-1.6044572135221957,-1.6044572135221957
2005-10-11,-1.647851712526351,-1.647851712526351,-1.647851712526351,-1.647851712526351,-1.647851712526351,-1.647851712526351,-1.647851712526351,-1.647851712526351,-1.647851712526351,-1.647851712526351,-1.647851712526351,-1.647851712526351,-1.647851712526351,-1.647851712526351,-1.647851712526351
2005-10-12,-1.4533060040464083,-1.4533060040464083,-1.4533060040464083,-1.4533060040464083,-1.4533060040464083,-1.4533060040464083,-1.4533060040464083,-1.4533060040464083,-1.4533060040464083,-1.4533060040464083,-1.4533060040464083,-1.4533060040464083,-1.4533060040464083,-1.4533060040464083,-1.4533060040464083
2005-10-13,-1.245796631416163,-1.245796631416163,-1.245796631416163,-1.245796631416163,-1.245796631416163,-1.245796631416163,-1.245796631416163,-1.245796631416163,-1.245796631416163,-1.245796631416163,-1.245796631416163,-1.245796631416163,-1.245796631416163,-1.245796631416163,-1.245796631416163
2005-10-14,-1.2030980960921431,-1.2030980960921431,-1.2030980960921431,-1.2030980960921431,-1.2030980960921431,-1.2030980960921431,-1.2030980960921431,-1.2030980960921431,-1.2030980960921431,-1.2030980960921431,-1.2030980960921431,-1.2030980960921431,-1.2030980960921431,-1.2030980960921431,-1.2030980960921431
2005-10-15,-0.9101506752344667,-0.9101506752344667,-0.9101506752344667,-0.9101506752344667,-0.9101506752344667,-0.9101506752344667,-0.9101506752344667,-0.9101506752344667,-0.9101506752344667,-0.9101506752344667,-0.9101506752344667,-0.9101506752344667,-0.9101506752344667,-0.9101506752344667,-0.9101506752344667
2005-10-16,-0.7105459338902486,-0.7105459338902486,-0.7105459338902486,-0.7105459338902486,-0.7105459338902486,-0.7105459338902486,-0.7105459338902486,-0.7105459338902486,-0.7105459338902486,-0.7105459338902486,-0.7105459338902486,-0.7105459338902486,-0.7105459338902486,-0.7105459338902486,-0.7105459338902486
2005-10-17,-0.29649680655147465,-0.29649680655147465,-0.29649680655147465,-0.29649680655147465,-0.29649680655147465,-0.29649680655147465,-0.29649680655147465,-0.29649680655147465,-0.29649680655147465,-0.29649680655147465,-0.29649680655147465,-0.29649680655147465,-0.29649680655147465,-0.29649680655147465,-0.29649680655147465
2005-10-18,0.16277904453559364,0.16277904453559364,0.16277904453559364,0.16277904453559364,0.16277904453559364,0.16277904453559364,0.16277904453559364,0.16277904453559364,0.16277904453559364,0.16277904453559364,0.16277904453559364,0.16277904453559364,0.16277904453559364,0.16277904453559364,0.16277904453559364
2005-10-19,0.2934582790928332,0.2934582790928332,0.2934582790928332,0.2934582790928332,0.2934582790928332,0.2934582790928332,0.2934582790928332,0.2934582790928332,0.2934582790928332,0.2934582790928332,0.2934582790928332,0.2934582790928332,0.2934582790928332,0.2934582790928332,0.2934582790928332
2005-10-20,0.3575380798342564,0.3575380798342564,0.3575380798342564,0.3575380798342564,0.3575380798342564,0.3575380798342564,0.3575380798342564,0.3575380798342564,0.3575380798342564,0.3575380798342564,0.3575380798342564,0.3575380798342564,0.3575380798342564,0.3575380798342564,0.3575380798342564
2005-10-21,0.31687153777153526,0.31687153777153526,0.31687153777153526,0.31687153777153526,0.31687153777153526,0.31687153777153526,0.31687153777153526,0.31687153777153526,0.31687153777153526,0.31687153777153526,0.31687153777153526,0.31687153777153526,0.31687153777153526,0.31687153777153526,0.31687153777153526
2005-10-22,0.23570753120375035,0.23570753120375035,0.23570753120375035,0.23570753120375035,0.23570753120375035,0.23570753120375035,0.23570753120375035,0.23570753120375035,0.23570753120375035,0.23570753120375035,0.23570753120375035,0.23570753120375035,0.23570753120375035,0.23570753120375035,0.23570753120375035
2005-10-23,0.0048204698874705085,0.0048204698874705085,0.0048204698874705085,0.0048204698874705085,0.0048204698874705085,0.0048204698874705085,0.0048204698874705085,0.0048204698874705085,0.0048204698874705085,0.0048204698874705085,0.0048204698874705085,0.0048204698874705085,0.0048204698874705085,0.0048204698874705085,0.0048204698874705085
2005-10-24,-0.24704667921315182,-0.24704667921315182,-0.24704667921315182,-0.24704667921315182,-0.24704667921315182,-0.24704667921315182,-0.24704667921315182,-0.24704667921315182,-0.24704667921315182,-0.24704667921315182,-0.24704667921315182,-0.24704667921315182,-0.24704667921315182,-0.24704667921315182,-0.24704667921315182
2005-10-25,-0.2740117401569112,-0.2740117401569112,-0.2740117401569112,-0.2740117401569112,-0.2740117401569112,-0.2740117401569112,-0.2740117401569112,-0.2740117401569112,-0.2740117401569112,-0.2740117401569112,-0.2740117401569112,-0.2740117401569112,-0.2740117401569112,-0.2740117401569112,-0.2740117401569112
2005-10-26,-0.300402742316996,-0.300402742316996,-0.300402742316996,-0.300402742316996,-0.300402742316996,-0.300402742316996,-0.300402742316996,-0.300402742316996,-0.300402742316996,-0.300402742316996,-0.300402742316996,-0.300402742316996,-0.300402742316996,-0.300402742316996,-0.300402742316996
2005-10-27,-0.39583826593384946,-0.39583826593384946,-0.39583826593384946,-0.39583826593384946,-0.39583826593384946,-0.39583826593384946,-0.39583826593384946,-0.39583826593384946,-0.39583826593384946,-0.39583826593384946,-0.39583826593384946,-0.39583826593384946,-0.39583826593384946,-0.39583826593384946,-0.39583826593384946
2005-10-28,-0.552728058002447,-0.552728058002447,-0.552728058002447,-0.552728058002447,-0.552728058002447,-0.552728058002447,-0.552728058002447,-0.552728058002447,-0.552728058002447,-0.552728058002447,-0.552728058002447,-0.552728058002447,-0.552728058002447,-0.552728058002447,-0.552728058002447
2005-10-29,-0.4326407308545858,-0.4326407308545858,-0.4326407308545858,-0.4326407308545858,-0.4326407308545858,-0.4326407308545858,-0.4326407308545858,-0.4326407308545858,-0.4326407308545858,-0.4326407308545858,-0.4326407308545858,-0.4326407308545858,-0.4326407308545858,-0.4326407308545858,-0.4326407308545858
2005-10-30,-0.4413487009634582,-0.4413487009634582,-0.4413487009634582,-0.4413487009634582,-0.4413487009634582,-0.4413487009634582,-0.4413487009634582,-0.4413487009634582,-0.4413487009634582,-0.4413487009634582,-0.4413487009634582,-0.4413487009634582,-0.4413487009634582,-0.4413487009634582,-0.4413487009634582
2005-10-31,-0.3481106214216877,-0.3481106214216877,-0.3481106214216877,-0.3481106214216877,-0.3481106214216877,-0.3481106214216877,-0.3481106214216877,-0.3481106214216877,-0.3481106214216877,-0.3481106214216877,-0.3481106214216877,-0.3481106214216877,-0.3481106214216877,-0.3481106214216877,-0.3481106214216877
2005-11-01,-0.2087142600152756,-0.2087142600152756,-0.2087142600152756,-0.2087142600152756,-0.2087142600152756,-0.2087142600152756,-0.2087142600152756,-0.2087142600152756,-0.2087142600152756,-0.2087142600152756,-0.2087142600152756,-0.2087142600152756,-0.2087142600152756,-0.2087142600152756,-0.2087142600152756
2005-11-02,-0.16250674523841874,-0.16250674523841874,-0.16250674523841874,-0.16250674523841874,-0.16250674523841874,-0.16250674523841874,-0.16250674523841874,-0.16250674523841874,-0.16250674523841874,-0.16250674523841874,-0.16250674523841874,-0.16250674523841874,-0.16250674523841874,-0.16250674523841874,-0.16250674523841874
2005-11-03,-0.13858636766045743,-0.13858636766045743,-0.13858636766045743,-0.13858636766045743,-0.13858636766045743,-0.13858636766045743,-0.13858636766045743,-0.13858636766045743,-0.13858636766045743,-0.13858636766045743,-0.13858636766045743,-0.13858636766045743,-0.13858636766045743,-0.13858636766045743,-0.13858636766045743
2005-11-04,0.019599631414075072,0.019599631414075072,0.019599631414075072,0.019599631414075072,0.019599631414075072,0.019599631414075072,0.019599631414075072,0.019599631414075072,0.019599631414075072,0.019599631414075072,0.019599631414075072,0.019599631414075072,0.019599631414075072,0.019599631414075072,0.019599631414075072
2005-11-05,0.21655407698609705,0.21655407698609705,0.21655407698609705,0.21655407698609705,0.21655407698609705,0.21655407698609705,0.21655407698609705,0.21655407698609705,0.21655407698609705,0.21655407698609705,0.21655407698609705,0.21655407698609705,0.21655407698609705,0.21655407698609705,0.21655407698609705
2005-11-06,0.46339568686897425,0.46339568686897425,0.46339568686897425,0.46339568686897425,0.46339568686897425,0.46339568686897425,0.46339568686897425,0.46339568686897425,0.46339568686897425,0.46339568686897425,0.46339568686897425,0.46339568686897425,0.46339568686897425,0.46339568686897425,0.46339568686897425
2005-11-07,0.42658576569754303,0.42658576569754303,0.42658576569754303,0.42658576569754303,0.42658576569754303,0.42658576569754303,0.42658576569754303,0.42658576569754303,0.42658576569754303,0.42658576569754303,0.42658576569754303,0.42658576569754303,0.42658576569754303,0.42658576569754303,0.42658576569754303
2005-11-08,0.82503025862908,0.82503025862908,0.82503025862908,0.82503025862908,0.82503025862908,0.82503025862908,0.82503025862908,0.82503025862908,0.82503025862908,0.82503025862908,0.82503025862908,0.82503025862908,0.82503025862908,0.82503025862908,0.82503025862908
2005-11-09,0.9606773354440185,0.9606773354440185,0.9606773354440185,0.9606773354440185,0.9606773354440185,0.9606773354440185,0.9606773354440185,0.9606773354440185,0.9606773354440185,0.9606773354440185,0.9606773354440185,0.9606773354440185,0.9606773354440185,0.9606773354440185,0.9606773354440185
2005-11-10,1.1090607296970332,1.1090607296970332,1.1090607296970332,1.1090607296970332,1.1090607296970332,1.1090607296970332,1.1090607296970332,1.1090607296970332,1.1090607296970332,1.1090607296970332,1.1090607296970332,1.1090607296970332,1.1090607296970332,1.1090607296970332,1.1090607296970332
2005-11-11,1.0277346126137095,1.0277346126137095,1.0277346126137095,1.0277346126137095,1.0277346126137095,1.0277346126137095,1.0277346126137095,1.0277346126137095,1.0277346126137095,1.0277346126137095,1.0277346126137095,1.0277346126137095,1.0277346126137095,1.0277346126137095,1.0277346126137095
2005-11-12,0.8389476111072128,0.8389476111072128,0.8389476111072128,0.8389476111072128,0.8389476111072128,0.8389476111072128,0.8389476111072128,0.8389476111072128,0.8389476111072128,0.8389476111072128,0.8389476111072128,0.8389476111072128,0.8389476111072128,0.8389476111072128,0.8389476111072128
2005-11-13,0.7343222065150904,0.7343222065150904,0.7343222065150904,0.7343222065150904,0.7343222065150904,0.7343222065150904,0.7343222065150904,0.7343222065150904,0.7343222065150904,0.7343222065150904,0.7343222065150904,0.7343222065150904,0.7343222065150904,0.7343222065150904,0.7343222065150904
2005-11-14,0.7489812081059246,0.7489812081059246,0.7489812081059246,0.7489812081059246,0.7489812081059246,0.7489812081059246,0.7489812081059246,0.7489812081059246,0.7489812081059246,0.7489812081059246,0.7489812081059246,0.7489812081059246,0.7489812081059246,0.7489812081059246,0.7489812081059246
2005-11-15,0.916756445906206,0.916756445906206,0.916756445906206,0.916756445906206,0.916756445906206,0.916756445906206,0.916756445906206,0.916756445906206,0.916756445906206,0.916756445906206,0.916756445906206,0.916756445906206,0.916756445906206,0.916756445906206,0.916756445906206
2005-11-16,0.8244167295785804,0.8244167295785804,0.8244167295785804,0.8244167295785804,0.8244167295785804,0.8244167295785804,0.8244167295785804,0.8244167295785804,0.8244167295785804,0.8244167295785804,0.8244167295785804,0.8244167295785804,0.8244167295785804,0.8244167295785804,0.8244167295785804
2005-11-17,0.7951118796586089,0.7951118796586089,0.7951118796586089,0.7951118796586089,0.7951118796586089,0.7951118796586089,0.7951118796586089,0.7951118796586089,0.7951118796586089,0.7951118796586089,0.7951118796586089,0.7951118796586089,0.7951118796586089,0.7951118796586089,0.7951118796586089
2005-11-18,0.8058047292443922,0.8058047292443922,0.8058047292443922,0.8058047292443922,0.8058047292443922,0.8058047292443922,0.8058047292443922,0.8058047292443922,0.8058047292443922,0.8058047292443922,0.8058047292443922,0.8058047292443922,0.8058047292443922,0.8058047292443922,0.8058047292443922
2005-11-19,0.7112176233046985,0.7112176233046985,0.7112176233046985,0.7112176233046985,0.7112176233046985,0.7112176233046985,0.7112176233046985,0.7112176233046985,0.7112176233046985,0.7112176233046985,0.7112176233046985,0.7112176233046985,0.7112176233046985,0.7112176233046985,0.7112176233046985
2005-11-20,0.56463161953899,0.56463161953899,0.56463161953899,0.56463161953899,0.56463161953899,0.56463161953899,0.56463161953899,0.56463161953899,0.56463161953899,0.56463161953899,0.56463161953899,0.56463161953899,0.56463161953899,0.56463161953899,0.56463161953899
2005-11-21,0.3811285471793905,0.3811285471793905,0.3811285471793905,0.3811285471793905,0.3811285471793905,0.3811285471793905,0.3811285471793905,0.3811285471793905,0.3811285471793905,0.3811285471793905,0.3811285471793905,0.3811285471793905,0.3811285471793905,0.3811285471793905,0.3811285471793905
2005-11-22,0.2503858007496046,0.2503858007496046,0.2503858007496046,0.2503858007496046,0.2503858007496046,0.2503858007496046,0.2503858007496046,0.2503858007496046,0.2503858007496046,0.2503858007496046,0.2503858007496046,0.2503858007496046,0.2503858007496046,0.2503858007496046,0.2503858007496046
2005-11-23,-0.12737690673423416,-0.12737690673423416,-0.12737690673423416,-0.12737690673423416,-0.12737690673423416,-0.12737690673423416,-0.12737690673423416,-0.12737690673423416,-0.12737690673423416,-0.12737690673423416,-0.12737690673423416,-0.12737690673423416,-0.12737690673423416,-0.12737690673423416,-0.12737690673423416
2005-11-24,-0.12423107444456007,-0.12423107444456007,-0.12423107444456007,-0.12423107444456007,-0.12423107444456007,-0.12423107444456007,-0.12423107444456007,-0.12423107444456007,-0.12423107444456007,-0.12423107444456007,-0.12423107444456007,-0.12423107444456007,-0.12423107444456007,-0.12423107444456007,-0.12423107444456007
2005-11-25,-0.325955618095971,-0.325955618095971,-0.325955618095971,-0.325955618095971,-0.325955618095971,-0.325955618095971,-0.325955618095971,-0.325955618095971,-0.325955618095971,-0.325955618095971,-0.325955618095971,-0.325955618095971,-0.325955618095971,-0.325955618095971,-0.325955618095971
2005-11-26,-0.5099652476238851,-0.5099652476238851,-0.5099652476238851,-0.5099652476238851,-0.5099652476238851,-0.5099652476238851,-0.5099652476238851,-0.5099652476238851,-0.5099652476238851,-0.5099652476238851,-0.5099652476238851,-0.5099652476238851,-0.5099652476238851,-0.5099652476238851,-0.5099652476238851
2005-11-27,-0.37530532505811015,-0.37530532505811015,-0.37530532505811015,-0.37530532505811015,-0.37530532505811015,-0.37530532505811015,-0.37530532505811015,-0.37530532505811015,-0.37530532505811015,-0.37530532505811015,-0.37530532505811015,-0.37530532505811015,-0.37530532505811015,-0.37530532505811015,-0.37530532505811015
2005-11-28,-0.029837395205555384,-0.029837395205555384,-0.029837395205555384,-0.029837395205555384,-0.029837395205555384,-0.029837395205555384,-0.029837395205555384,-0.029837395205555384,-0.029837395205555384,-0.029837395205555384,-0.029837395205555384,-0.029837395205555384,-0.029837395205555384,-0.029837395205555384,-0.029837395205555384
2005-11-29,0.0877081188071128,0.0877081188071128,0.0877081188071128,0.0877081188071128,0.0877081188071128,0.0877081188071128,0.0877081188071128,0.0877081188071128,0.0877081188071128,0.0877081188071128,0.0877081188071128,0.0877081188071128,0.0877081188071128,0.0877081188071128,0.0877081188071128
2005-11-30,0.18301319929565965,0.18301319929565965,0.18301319929565965,0.18301319929565965,0.18301319929565965,0.18301319929565965,0.18301319929565965,0.18301319929565965,0.18301319929565965,0.18301319929565965,0.18301319929565965,0.18301319929565965,0.18301319929565965,0.18301319929565965,0.18301319929565965
2005-12-01,0.03809895374745771,0.03809895374745771,0.03809895374745771,0.03809895374745771,0.03809895374745771,0.03809895374745771,0.03809895374745771,0.03809895374745771,0.03809895374745771,0.03809895374745771,0.03809895374745771,0.03809895374745771,0.03809895374745771,0.03809895374745771,0.03809895374745771
2005-12-02,-0.07446498649293798,-0.07446498649293798,-0.07446498649293798,-0.07446498649293798,-0.07446498649293798,-0.07446498649293798,-0.07446498649293798,-0.07446498649293798,-0.07446498649293798,-0.07446498649293798,-0.07446498649293798,-0.07446498649293798,-0.07446498649293798,-0.07446498649293798,-0.07446498649293798
2005-12-03,-0.16829244340005461,-0.16829244340005461,-0.16829244340005461,-0.16829244340005461,-0.16829244340005461,-0.16829244340005461,-0.16829244340005461,-0.16829244340005461,-0.16829244340005461,-0.16829244340005461,-0.16829244340005461,-0.16829244340005461,-0.16829244340005461,-0.16829244340005461,-0.16829244340005461
2005-12-04,-0.3332830126933929,-0.3332830126933929,-0.3332830126933929,-0.3332830126933929,-0.3332830126933929,-0.3332830126933929,-0.3332830126933929,-0.3332830126933929,-0.3332830126933929,-0.3332830126933929,-0.3332830126933929,-0.3332830126933929,-0.3332830126933929,-0.3332830126933929,-0.3332830126933929
2005-12-05,-0.546813998633759,-0.546813998633759,-0.546813998633759,-0.546813998633759,-0.546813998633759,-0.546813998633759,-0.546813998633759,-0.546813998633759,-0.546813998633759,-0.546813998633759,-0.546813998633759,-0.546813998633759,-0.546813998633759,-0.546813998633759,-0.546813998633759
2005-12-06,-0.12911532111532809,-0.12911532111532809,-0.12911532111532809,-0.12911532111532809,-0.12911532111532809,-0.12911532111532809,-0.12911532111532809,-0.12911532111532809,-0.12911532111532809,-0.12911532111532809,-0.12911532111532809,-0.12911532111532809,-0.12911532111532809,-0.12911532111532809,-0.12911532111532809
2005-12-07,-0.3626197836048441,-0.3626197836048441,-0.3626197836048441,-0.3626197836048441,-0.3626197836048441,-0.3626197836048441,-0.3626197836048441,-0.3626197836048441,-0.3626197836048441,-0.3626197836048441,-0.3626197836048441,-0.3626197836048441,-0.3626197836048441,-0.3626197836048441,-0.3626197836048441
2005-12-08,-0.6620768935504414,-0.6620768935504414,-0.6620768935504414,-0.6620768935504414,-0.6620768935504414,-0.6620768935504414,-0.6620768935504414,-0.6620768935504414,-0.6620768935504414,-0.6620768935504414,-0.6620768935504414,-0.6620768935504414,-0.6620768935504414,-0.6620768935504414,-0.6620768935504414
2005-12-09,-0.903587298770701,-0.903587298770701,-0.903587298770701,-0.903587298770701,-0.903587298770701,-0.903587298770701,-0.903587298770701,-0.903587298770701,-0.903587298770701,-0.903587298770701,-0.903587298770701,-0.903587298770701,-0.903587298770701,-0.903587298770701,-0.903587298770701
2005-12-10,-0.8938016123103651,-0.8938016123103651,-0.8938016123103651,-0.8938016123103651,-0.8938016123103651,-0.8938016123103651,-0.8938016123103651,-0.8938016123103651,-0.8938016123103651,-0.8938016123103651,-0.8938016123103651,-0.8938016123103651,-0.8938016123103651,-0.8938016123103651,-0.8938016123103651
2005-12-11,-0.6516057308326957,-0.6516057308326957,-0.6516057308326957,-0.6516057308326957,-0.6516057308326957,-0.6516057308326957,-0.6516057308326957,-0.6516057308326957,-0.6516057308326957,-0.6516057308326957,-0.6516057308326957,-0.6516057308326957,-0.6516057308326957,-0.6516057308326957,-0.6516057308326957
2005-12-12,-0.7238446139029446,-0.7238446139029446,-0.7238446139029446,-0.7238446139029446,-0.7238446139029446,-0.7238446139029446,-0.7238446139029446,-0.7238446139029446,-0.7238446139029446,-0.7238446139029446,-0.7238446139029446,-0.7238446139029446,-0.7238446139029446,-0.7238446139029446,-0.7238446139029446
2005-12-13,-0.5887723178435776,-0.5887723178435776,-0.5887723178435776,-0.5887723178435776,-0.5887723178435776,-0.5887723178435776,-0.5887723178435776,-0.5887723178435776,-0.5887723178435776,-0.5887723178435776,-0.5887723178435776,-0.5887723178435776,-0.5887723178435776,-0.5887723178435776,-0.5887723178435776
2005-12-14,-0.4288309393549562,-0.4288309393549562,-0.4288309393549562,-0.4288309393549562,-0.4288309393549562,-0.4288309393549562,-0.4288309393549562,-0.4288309393549562,-0.4288309393549562,-0.4288309393549562,-0.4288309393549562,-0.4288309393549562,-0.4288309393549562,-0.4288309393549562,-0.4288309393549562
2005-12-15,-0.5504453186277039,-0.5504453186277039,-0.5504453186277039,-0.5504453186277039,-0.5504453186277039,-0.5504453186277039,-0.5504453186277039,-0.5504453186277039,-0.5504453186277039,-0.5504453186277039,-0.5504453186277039,-0.5504453186277039,-0.5504453186277039,-0.5504453186277039,-0.5504453186277039
2005-12-16,-0.43679173929925846,-0.43679173929925846,-0.43679173929925846,-0.43679173929925846,-0.43679173929925846,-0.43679173929925846,-0.43679173929925846,-0.43679173929925846,-0.43679173929925846,-0.43679173929925846,-0.43679173929925846,-0.43679173929925846,-0.43679173929925846,-0.43679173929925846,-0.43679173929925846
2005-12-17,-0.3135361470996066,-0.3135361470996066,-0.3135361470996066,-0.3135361470996066,-0.3135361470996066,-0.3135361470996066,-0.3135361470996066,-0.3135361470996066,-0.3135361470996066,-0.3135361470996066,-0.3135361470996066,-0.3135361470996066,-0.3135361470996066,-0.3135361470996066,-0.3135361470996066
2005-12-18,-0.3517032357929621,-0.3517032357929621,-0.3517032357929621,-0.3517032357929621,-0.3517032357929621,-0.3517032357929621,-0.3517032357929621,-0.3517032357929621,-0.3517032357929621,-0.3517032357929621,-0.3517032357929621,-0.3517032357929621,-0.3517032357929621,-0.3517032357929621,-0.3517032357929621
2005-12-19,-0.39467708493062975,-0.39467708493062975,-0.39467708493062975,-0.39467708493062975,-0.39467708493062975,-0.39467708493062975,-0.39467708493062975,-0.39467708493062975,-0.39467708493062975,-0.39467708493062975,-0.39467708493062975,-0.39467708493062975,-0.39467708493062975,-0.39467708493062975,-0.39467708493062975
2005-12-20,-0.5776374381273126,-0.5776374381273126,-0.5776374381273126,-0.5776374381273126,-0.5776374381273126,-0.5776374381273126,-0.5776374381273126,-0.5776374381273126,-0.5776374381273126,-0.5776374381273126,-0.5776374381273126,-0.5776374381273126,-0.5776374381273126,-0.5776374381273126,-0.5776374381273126
2005-12-21,-0.20479517480077836,-0.20479517480077836,-0.20479517480077836,-0.20479517480077836,-0.20479517480077836,-0.20479517480077836,-0.20479517480077836,-0.20479517480077836,-0.20479517480077836,-0.20479517480077836,-0.20479517480077836,-0.20479517480077836,-0.20479517480077836,-0.20479517480077836,-0.20479517480077836
2005-12-22,0.06837025894609046,0.06837025894609046,0.06837025894609046,0.06837025894609046,0.06837025894609046,0.06837025894609046,0.06837025894609046,0.06837025894609046,0.06837025894609046,0.06837025894609046,0.06837025894609046,0.06837025894609046,0.06837025894609046,0.06837025894609046,0.06837025894609046
2005-12-23,-0.027508899650389773,-0.027508899650389773,-0.027508899650389773,-0.027508899650389773,-0.027508899650389773,-0.027508899650389773,-0.027508899650389773,-0.027508899650389773,-0.027508899650389773,-0.027508899650389773,-0.027508899650389773,-0.027508899650389773,-0.027508899650389773,-0.027508899650389773,-0.027508899650389773
2005-12-24,0.2347525139428628,0.2347525139428628,0.2347525139428628,0.2347525139428628,0.2347525139428628,0.2347525139428628,0.2347525139428628,0.2347525139428628,0.2347525139428628,0.2347525139428628,0.2347525139428628,0.2347525139428628,0.2347525139428628,0.2347525139428628,0.2347525139428628
2005-12-25,0.22456125615528247,0.22456125615528247,0.22456125615528247,0.22456125615528247,0.22456125615528247,0.22456125615528247,0.22456125615528247,0.22456125615528247,0.22456125615528247,0.22456125615528247,0.22456125615528247,0.22456125615528247,0.22456125615528247,0.22456125615528247,0.22456125615528247
2005-12-26,-0.044937713143647307,-0.044937713143647307,-0.044937713143647307,-0.044937713143647307,-0.044937713143647307,-0.044937713143647307,-0.044937713143647307,-0.044937713143647307,-0.044937713143647307,-0.044937713143647307,-0.044937713143647307,-0.044937713143647307,-0.044937713143647307,-0.044937713143647307,-0.044937713143647307
2005-12-27,-0.18656950360808636,-0.18656950360808636,-0.18656950360808636,-0.18656950360808636,-0.18656950360808636,-0.18656950360808636,-0.18656950360808636,-0.18656950360808636,-0.18656950360808636,-0.18656950360808636,-0.18656950360808636,-0.18656950360808636,-0.18656950360808636,-0.18656950360808636,-0.18656950360808636
2005-12-28,-0.18716038259151632,-0.18716038259151632,-0.18716038259151632,-0.18716038259151632,-0.18716038259151632,-0.18716038259151632,-0.18716038259151632,-0.18716038259151632,-0.18716038259151632,-0.18716038259151632,-0.18716038259151632,-0.18716038259151632,-0.18716038259151632,-0.18716038259151632,-0.18716038259151632
2005-12-29,0.3482596194421248,0.3482596194421248,0.3482596194421248,0.3482596194421248,0.3482596194421248,0.3482596194421248,0.3482596194421248,0.3482596194421248,0.3482596194421248,0.3482596194421248,0.3482596194421248,0.3482596194421248,0.3482596194421248,0.3482596194421248,0.3482596194421248
2005-12-30,0.7936100554073173,0.7936100554073173,0.7936100554073173,0.7936100554073173,0.7936100554073173,0.7936100554073173,0.7936100554073173,0.7936100554073173,0.7936100554073173,0.7936100554073173,0.7936100554073173,0.7936100554073173,0.7936100554073173,0.7936100554073173,0.7936100554073173
2005-12-31,0.27024657483516984,0.27024657483516984,0.27024657483516984,0.27024657483516984,0.27024657483516984,0.27024657483516984,0.27024657483516984,0.27024657483516984,0.27024657483516984,0.27024657483516984,0.27024657483516984,0.27024657483516984,0.27024657483516984,0.27024657483516984,0.27024657483516984
2006-01-01,0.4022802955559332,0.4022802955559332,0.4022802955559332,0.4022802955559332,0.4022802955559332,0.4022802955559332,0.4022802955559332,0.4022802955559332,0.4022802955559332,0.4022802955559332,0.4022802955559332,0.4022802955559332,0.4022802955559332,0.4022802955559332,0.4022802955559332
2006-01-02,0.13714258849274513,0.13714258849274513,0.13714258849274513,0.13714258849274513,0.13714258849274513,0.13714258849274513,0.13714258849274513,0.13714258849274513,0.13714258849274513,0.13714258849274513,0.13714258849274513,0.13714258849274513,0.13714258849274513,0.13714258849274513,0.13714258849274513
2006-01-03,-0.3585749522927494,-0.3585749522927494,-0.3585749522927494,-0.3585749522927494,-0.3585749522927494,-0.3585749522927494,-0.3585749522927494,-0.3585749522927494,-0.3585749522927494,-0.3585749522927494,-0.3585749522927494,-0.3585749522927494,-0.3585749522927494,-0.3585749522927494,-0.3585749522927494
2006-01-04,-0.6500990627814155,-0.6500990627814155,-0.6500990627814155,-0.6500990627814155,-0.6500990627814155,-0.6500990627814155,-0.6500990627814155,-0.6500990627814155,-0.6500990627814155,-0.6500990627814155,-0.6500990627814155,-0.6500990627814155,-0.6500990627814155,-0.6500990627814155,-0.6500990627814155
2006-01-05,-0.6420459305335121,-0.6420459305335121,-0.6420459305335121,-0.6420459305335121,-0.6420459305335121,-0.6420459305335121,-0.6420459305335121,-0.6420459305335121,-0.6420459305335121,-0.6420459305335121,-0.6420459305335121,-0.6420459305335121,-0.6420459305335121,-0.6420459305335121,-0.6420459305335121
2006-01-06,-0.7623704252746568,-0.7279129137681523,-0.8155096611827707,-0.7914120677760045,-0.7133437622570764,-0.8033348566492597,-0.8007102604378283,-0.8529888012116539,-0.7603902855034842,-0.8211718821437575,-0.7859225525661611,-0.7499747742768095,-0.8757192736654182,-0.7421585789197273,-0.77594037458199
2006-01-07,-0.934495389155624,-0.7088126377614264,-1.0518565349407252,-0.9719854897921985,-0.7973026683759757,-0.903867848928738,-0.9493480662207219,-0.9883391501346669,-1.0350665824479124,-0.9427973074164541,-0.9034616158073651,-0.8482514828106206,-0.9995665784156703,-0.8737883970108606,-0.986827232022099
2006-01-08,-1.0309164642565336,-0.7621521040562488,-1.0633342792513154,-1.075155443536527,-0.7806274745836619,-0.9297478377407782,-0.9101185245390914,-1.0614473212506204,-1.092602501677121,-0.9198183986462489,-0.7935027291258435,-0.8660331759246405,-0.9564261140426116,-1.1099927043268223,-0.8248772683037676
2006-01-09,-1.2496825310948343,-1.1121465400086183,-1.1684426138938255,-1.3429054255201114,-1.069821644871258,-1.149323149943046,-1.1962712064717962,-1.2962687646184023,-1.3492894102812596,-1.2221012667453304,-1.123319080552902,-0.9534184166422949,-1.139748815135429,-1.3640082437194323,-1.114483908753088
2006-01-10,-1.3383398742498411,-1.249526513495303,-0.9292506566336681,-1.2759435855968013,-1.1142263603597635,-1.2576680785833572,-1.2223405435633352,-1.1780080803675734,-1.548470767704062,-1.1339056533812784,-1.2029715847668008,-1.0296666386288078,-1.097393328270117,-1.3555487149525969,-1.0154323455608412
2006-01-11,-1.1143444989120996,-1.0658226008632983,-0.8107133291000657,-1.309036374858249,-1.0656542344821893,-1.040548278946788,-1.1905365392489569,-1.0773925254621683,-1.3536159174096185,-0.8886122219494533,-1.0834424485138576,-1.0976025671372802,-0.9805695352027148,-0.9576107191543747,-0.6508799663212073
2006-01-12,-0.9668596492098834,-0.6828575464694325,-0.7938557269649864,-1.2685796521680408,-1.0507454202137456,-0.9343507577262129,-1.0021075033885376,-1.1345172052712265,-1.0904137522061945,-0.5700931018073296,-1.0132503071767953,-0.9654645311680284,-0.8489249388648799,-0.7051272359133729,-0.34477187711343377
2006-01-13,-0.9941038718248134,-0.5314388037794376,-0.8437518380814132,-1.233826137955551,-0.6160396297842015,-0.739639528268001,-0.6950868626874317,-1.0797060361178032,-0.9598502996474099,-0.51314471393841,-0.9781915461758598,-0.6894033800285888,-0.955274120185754,-0.6785722407595095,-0.154622646455731
2006-01-14,-1.0042877669392452,-0.5996798568020613,-0.9566443500070756,-1.156836286530147,-0.46622250291968653,-0.8280677781391435,-0.5463020329553219,-1.0825040902747647,-0.8418209394424732,-0.2913450170702209,-0.9885648497287253,-0.5420259269562809,-0.8700829435471116,-0.9340800133171228,-0.22107221165085453
2006-01-15,-1.027626706379631,-0.4984188346257978,-1.0172309994613,-1.0322859655475998,-0.22092508692686455,-0.565058123526258,-0.2565791173117802,-0.969931215028455,-0.6907225024521972,0.20403983054238894,-1.0517028414293317,-0.3744233483526593,-0.8157670938636122,-0.942421385876772,0.07795786565655144
2006-01-16,-0.8087662713372756,-0.29940145888112707,-1.2281343037381316,-0.7854642821707195,-0.21370596008019113,-0.08224791463057061,-0.26402679877982393,-1.0046916091681166,-0.4935798820544803,0.6924293074402941,-0.7254874693938327,0.09191307708091392,-0.499442988790452,-1.223943143303186,0.759265425275309
2006-01-17,-0.490162959377766,-0.20221592591113824,-1.5287780738462637,-0.5824151150429113,-0.24041899056184765,-0.007370092184985679,0.03866608874025782,-0.9543499535437887,-0.3088190925485217,1.056703939789138,-0.7163913604491932,0.595156042311299,-0.16724749808582015,-1.4778630774365151,1.2869457701388367
2006-01-18,-0.016620120551550634,0.18776939084323302,-1.8277192661374335,-0.1109753017211221,0.20201625029171025,0.10078340558251105,0.7210261698780865,-0.7365899538775672,0.3538869426117267,1.4039146054033405,-0.6918507410660854,1.0513883283720786,0.1441775265707202,-1.3016209259890277,1.579486328271803
2006-01-19,0.6642284490459228,0.49885845864290973,-1.5811997801109452,0.5862474988998617,0.8609885048024851,0.06398447610750706,0.9414390601542215,-0.2674185450054248,0.7157198929378653,1.6651163879991135,-0.4118832150012765,1.5018632768820663,0.17732200633939443,-0.8711931418555234,1.9862832128317836
2006-01-20,1.3525108163510275,0.847833660519892,-0.6809134128268673,1.2221104547285164,1.4996743579311707,0.03780918543418606,1.1029186479990587,-0.29947647379143,1.0618469833639195,1.7976998265993962,0.031027064870976447,1.834764430698491,0.08648111650647317,0.078657293305957,2.257748775126361
2006-01-21,1.714537689225006,0.9272423488123492,0.09051186496947333,1.4448542051792554,2.1190932695267093,0.30858275595767903,1.261539635453359,-0.28384821200006816,1.362050574090766,1.8709493495205332,0.9354958320396991,2.5171089823375286,0.11405300363199618,0.8025213281531851,2.2391538103584403
2006-01-22,2.1711167976220813,0.9136723779406503,0.9994545526886806,1.2653775566097578,2.189497690103687,0.8776690479123875,1.479167388005802,0.1423790104956998,1.4832641147690746,1.7080422386311656,1.572869657073942,2.8554839765929456,0.40136360642593444,1.1208175153045992,2.180292839056534
2006-01-23,1.9751941932059536,1.0340012186417116,1.4817088675063292,1.082961402515939,2.2561310948713236,1.3349539587868617,1.4501223180948968,0.3319093265920709,1.6303783607744218,2.156270329472638,2.0214896740619124,3.068298393581975,1.1136492933591775,1.1837539391510723,2.4557089850969436
2006-01-24,2.0550048318053524,0.9765559664701473,2.1783474435655807,1.070294651538923,2.1089847189360245,1.4726075827327063,1.629998812012323,0.7430392276263684,1.8886224386784036,2.580280551945076,2.149745327909311,3.0940179457858425,1.4996953324036286,1.5230343171748562,2.8303468405612207
2006-01-25,2.285634923350248,0.845748667240431,2.653072715229724,1.6359236298968496,2.080565032631215,1.3261379110754623,1.685458012365031,1.0715621291967736,2.1581896297737195,2.96569078900613,2.1088470246326945,3.0073309843227296,1.6043958132254401,1.83108091829502,2.982257893145532
2006-01-26,2.5980906527842547,0.7455226554238673,2.811733547295813,2.173013797547296,1.9985658082418256,1.3000397962002372,1.5884062724910135,1.0501421788976304,1.898816030851732,3.050915718485013,2.0487771836107846,3.11969309411821,1.8276008659853944,2.0342263943133156,2.665195870570248
2006-01-27,2.6749105150116996,0.7878296902657554,2.787729558111804,2.4647352711623505,1.7002839677666077,0.8336738321192224,1.7807761553208392,1.280600548360952,1.7524366341070907,2.9082019656281113,1.991478717063426,3.2259718273915325,2.27163505439219,1.7658248386196802,2.4529809599349326
2006-01-28,2.6204910792885308,0.9301467416613586,2.4405179869097395,2.470435374911089,1.3574710588150956,0.60069570729548,2.2605808486089694,1.0644901977169756,1.9358390741758296,3.056831730240381,2.3268101733684254,3.4979282881403773,1.9004326852082012,1.6409205703810767,1.9817589777943474
2006-01-29,2.3708478465907477,0.978323455361147,2.153786079354957,2.276161600342018,1.4073875255079702,0.48171722360463215,2.706650640605247,0.6360744955140512,2.230659450169655,3.2295179441978314,2.4150979351885065,3.568823734789746,1.5925734297931389,1.441661745291817,1.7096125184619972
2006-01-30,2.0491151096805376,0.479616373117146,1.8705309434438835,2.1758663818131754,1.3754590858036877,0.5095753093537246,2.5738774293544293,0.3861595855560197,2.4753669377973613,3.2199169999323685,2.343960969747712,3.441709471505985,1.2917670336765323,1.589064506640583,1.604033018965402
2006-01-31,1.9088579605812612,0.3182124946511975,1.9838930923402978,2.144714646969501,1.8319664188754272,0.4133677869086823,2.356236942788467,0.2022646781060168,2.739968700426354,2.8603182825410762,1.9494738553350817,3.577904535054283,1.2502387660169394,1.586895081452192,1.4818477882947618
2006-02-01,1.7351519698820905,0.255600253447415,1.8541048508909175,2.210648587052436,2.0438195415042295,0.4596861999651517,2.37997607356353,0.17761787729423678,3.119925135817084,2.7935626944620697,1.4866344885707754,3.2867805840910096,1.0683541779563581,1.6958303688679606,1.5055951377366252
2006-02-02,1.344577956957232,0.42212498868357357,1.9530071109196887,2.227243404289352,2.063241695559092,0.6064668472506909,2.608186647338858,0.09838827593388799,3.342108921726479,2.7016716256682294,0.9011288256447655,3.245995564191874,0.8411982263549831,1.6092511165806833,1.3036751821021708
2006-02-03,1.0080646011431311,0.26458328032263934,2.1440947149144676,2.1901233173619765,1.7568643088175704,0.8994171139579913,2.4013474225258102,0.05497122332623675,2.9751637787124974,2.6206308747388585,0.6384334771819656,3.48530173490029,0.9993730678527742,1.4280131396219544,1.5008058899189411
2006-02-04,0.5966372207406588,-0.21010250265637326,2.07939161838982,2.0186289243452684,1.604476382902694,0.7718206312650415,2.1057850852399005,0.20257735824461845,2.7551167856874357,2.3652463604510334,0.4650762063589545,3.6828106746051943,0.6817917338824331,1.2348638891491142,1.4866375912946441
2006-02-05,0.1509651223206824,-0.5380906711906128,2.0337114295195295,1.9098695762490614,1.4165352318290363,1.00454732385555,1.9188155232244064,-0.05640386085222132,2.5893623579093683,2.270856913248765,0.3906808558010918,3.6361333414503245,0.3346567081818364,1.0146334534826003,1.5595594850119716
2006-02-06,0.07177042703207166,-0.8519707738327554,2.104879531942749,1.7492858711183739,1.0534280149830624,1.1785681876166874,1.9584188311432484,-0.41847969158558707,2.7509803451110098,2.1494045067218703,0.06164332065395756,3.320558590776056,0.19611853384145114,0.712902072650117,1.6394582837046103
2006-02-07,0.3285161605226314,-1.017310110189506,1.7785046042852615,1.4489392546759825,0.634375540486475,1.2566342569989304,1.968973397460416,-0.5308918455146182,2.803155199627912,1.7951433573011402,-0.23376214662304176,3.195320747759981,0.31927681985457823,0.30724796863731507,1.7410781269635747
2006-02-08,0.3930538336669377,-0.9212733468138085,1.568695425963436,1.4357199458068852,0.5037488091846183,1.4961245809505983,1.585948563533905,-0.26887536816456714,2.6210859629293317,1.4968403690169019,-0.5173411197799256,3.0890975046675475,0.4364692146330397,-0.33457590556140543,1.6871568561597794
2006-02-09,0.283261686089217,-0.6115873535167144,1.4315544803918776,1.3443658412521216,0.18847513027070295,1.5196028380662672,1.1180248004274709,-0.3782181835120744,2.1102709075017256,1.5877828931017386,-0.7087748747904011,2.7763198023590183,0.671652480245094,-0.5874213355885542,1.6971681870237545
2006-02-10,0.051810580997083334,-0.44476770291026324,1.2038200837296833,1.3524347380549047,0.10328266424707803,1.2043829301790099,0.7696445549686312,-0.17376927269566217,1.795992168141341,1.547465828255637,-0.8223329232135833,2.4530912017152047,0.9705870399490067,-0.3002345050328963,1.5551606921758951
2006-02-11,-0.16131277570807426,-0.5830389839127763,0.9992710731259193,1.0756290678731875,0.1338774242101273,1.195275549621855,0.5481203965639146,0.03919562136182021,1.6052706318828822,1.4422220432858186,-0.5754952217024809,2.169511560687273,1.1168912364279742,-0.17493759476129866,1.474513744198745
2006-02-12,-0.5001224259717183,-0.5378048057114729,1.4330002612292034,0.9680917922386431,-0.19174431573627093,1.0014637563064406,0.18282869004179422,0.679410515293691,1.619387174696638,1.6405485860852373,-0.4611226360194237,1.8010602416639312,1.040888331811874,-0.009023955560610652,1.3274148299576172
2006-02-13,-1.1992768407926853,-0.6612522453126043,1.491837236117422,1.0907290787181596,-0.2910204402749764,0.8073125365900017,-0.11880376317675388,1.0715852635371887,1.3955651172592471,1.6922278046065764,-0.5281053819540781,1.3534082511362495,1.3620810203815708,0.4230732976655333,1.0645481084622401
2006-02-14,-1.647854723792491,-0.6985152112097093,1.1776099297651463,0.8102184173562332,-0.16725338551708321,0.7522790761871285,-0.37410397786700017,1.1507543873327954,1.2594271390089102,1.433852683915526,-0.7607617066050057,1.0915874876653622,1.4611583632668272,0.9191535444038165,0.47845050762668445
2006-02-15,-1.72503041781583,-0.8734537198798116,0.8985385884023477,0.3834514588254599,0.24433887365679194,0.6517955660994122,-0.5142967390232441,1.338290603318,0.8690656371224775,1.5049253264380453,-0.2802977869158806,0.4856890932278921,1.386895618616977,0.9114641164355404,0.08372517288978965
2006-02-16,-1.6237369614234067,-1.0312795741942666,0.7900042983575345,0.03856759218276275,0.44182606118973244,0.7911444554101429,-0.30107876461988314,1.73708228044513,0.7407558579353044,1.430880990266463,0.4641030588430085,-0.177920650653954,0.9287027610362037,0.7865786727719756,-0.5760811241185899
2006-02-17,-1.4859999542332367,-0.6364665082015418,0.9162560865292028,-0.08298763375631425,0.5330304647846918,0.832413510588846,-0.31723240683994014,1.7432315677500128,0.8798201774606659,1.1678570482073078,0.868175982487488,-0.8160034685327603,0.9239284877445307,0.8803698812209763,-0.95263907781943
2006-02-18,-1.6016253683729558,-0.5175616638242795,1.0032982589289312,-0.16347334379376688,1.0836990678161973,0.49079530590193193,-0.5552917908568205,1.5446120915840034,0.865024362972627,0.6933770855375602,0.949270068063238,-1.0049976065460502,1.0386238844427873,0.8110566391895279,-1.3694344280225894
2006-02-19,-1.8134459363244764,-0.5293578773958775,0.8941590238400612,-0.6311858298888446,1.2833441299768367,0.32901059630918705,-0.4011961936730805,1.3958105465707982,0.6366592020188,0.47334632315424163,0.7450821690181658,-0.9824955211987146,0.8060919968857316,0.7210018112534421,-1.4637742940076433
2006-02-20,-2.1207038068007145,-0.5182062308420244,0.5083751320656034,-0.5469410222066103,1.1229678799179217,0.21654249613625393,-0.5565160803124882,1.4951525128094667,0.39880554608116286,0.37173528265794475,0.3613252658795655,-1.067712574415695,0.5825388474114045,0.3890759437647158,-1.478760435079274
2006-02-21,-2.565151555218772,-0.41716770851184787,0.09933084627916255,-0.16900547791846865,0.9953578642389097,0.24240731495612738,-0.5227990535653829,1.2628448726988315,0.5026783748270187,0.10142122159434068,0.46671246542844047,-0.9883359686710185,0.663175452260589,0.34784346095867763,-1.6930129726055996
2006-02-22,-2.6047658577525605,0.06394098798194012,-0.23247474662582188,0.374975193059014,1.0094298207448125,-0.006529290529281869,-0.5027747329379797,0.9971118244457405,0.5414449795912863,-0.15872060011122047,0.5307881376615636,-1.3643758652369,0.4300843687012853,0.4427087898150147,-1.8605629336726641
2006-02-23,-2.341181648043435,0.541246142577253,-0.2155171086735309,0.27075414310543783,0.6722146870199607,-0.38399769594870115,-0.7857915539479687,1.09066324499286,0.3757485057597704,-0.18993345354166266,0.356654825814672,-1.9620239851796364,0.23298636108940068,0.6373134530307423,-1.7059452704289526
2006-02-24,-2.522962030899776,0.7435678105090513,-0.3451759936693109,-0.01995017204258831,0.3722305817742229,-0.6152022431629499,-0.6995404809405316,0.8834321387019688,0.01755038948043551,-0.350424065288422,-0.2007046375766781,-2.3441409163857783,0.24831594732947607,0.7446013336139057,-1.872678177292386
2006-02-25,-2.742771183620059,0.7329994642281584,-0.3463610791309518,-0.37717909387546006,0.06833188867500985,-0.5082577729777819,-0.8646689340652893,0.9363367158998691,-0.06553912436086237,-0.9304521760388716,-0.036733212513059624,-2.9953887834824635,0.1670776242126062,0.44403175077924933,-1.8871992930921326
2006-02-26,-2.880394618487819,0.9185176157827637,-0.35884238141330094,-0.31658881481845136,-0.16144108035873936,-0.4130963116440982,-0.8210316523243393,0.9877718664723176,0.055062681432949005,-1.4664103248900922,0.08112608862674849,-2.988007450497766,0.08926736619196529,0.09547396219268536,-1.848424521479876
2006-02-27,-2.9951427534775203,1.1853471847102095,-0.4529197439101747,-0.3452072961885281,-0.3283947121515573,-0.3348188436795308,-0.9536970580348352,0.79630131534316,0.5158756184057713,-1.9947783826072396,0.026222307472457875,-2.921154438107881,-0.2305579972386195,-0.4215292571656002,-1.4681306365745272
2006-02-28,-2.464372407848493,1.089995316119839,-0.8339516225053086,-0.24572064016755737,-0.2661760896870376,-0.37827781726303644,-0.8987395312501071,0.5785061919107672,0.4950386085353084,-2.365386626380259,-0.03162464237542676,-2.7113025106097104,-0.2648082523494896,-0.7191964478454687,-1.3696934979801048
2006-03-01,-1.9161240574894105,0.6852230767873936,-0.8731084442687659,-0.3878034598292374,-0.4964450447557243,-0.7032553275467956,-1.194117759823546,0.44845507336300033,0.2084047668477101,-2.668147024169766,0.056137937554193065,-2.8404346343990787,-0.2300231704882814,-0.8014269366082997,-1.3116808482492377
2006-03-02,-1.4713970717647433,0.8600913258143367,-0.8939745281552272,-0.4698027483072073,-0.6851556141162157,-0.8364582472988726,-1.3020685909192529,0.5383594926497034,-0.16775098640582684,-2.7528757760562987,0.3111498321699125,-2.8519189042541986,-0.16217085611899648,-0.7220936620424246,-0.9833216702994276
2006-03-03,-1.155730709336093,0.9502391781041901,-1.2131333804111664,-0.5250210666305779,-0.6695826549174109,-0.9896006786467895,-1.5745068282351649,0.22323947845130118,-0.3528288703284476,-2.9733739277085665,0.607624424419398,-2.599880097045041,-0.2749045452837862,-0.911020874994278,-0.748129184840761
2006-03-04,-0.8630161746434677,0.9942997719100823,-1.255841067737773,-0.7799234949222656,-0.8488979761295797,-0.9327929051096636,-1.4599874129517714,-0.02871817534827964,-0.6682835509509991,-2.8282198037108954,0.7650184264619266,-2.545247247409014,-0.2658884891921039,-1.299966223447733,-0.6287587406454024
2006-03-05,-0.6875565843802552,1.1240181159965716,-1.3112964441686255,-0.8283999911462995,-0.8855855047475714,-1.1667706073100104,-1.485678534689892,-0.27427783109689735,-0.6510076877902837,-2.672264930328187,0.8230345513915318,-2.2406123200505084,-0.2289628924088175,-1.3820351433813578,-0.8561205787419196
2006-03-06,-0.3117852535927663,1.226346778937624,-1.4918807731297261,-0.7249828962967214,-0.9095878954316446,-1.0720498780132122,-1.585136965289552,-0.19425045367312802,-0.6256432531581376,-2.6651536157087174,1.1545190970865695,-1.967822305208452,-0.16241504535751297,-1.2170499779626003,-1.2975349420312823
2006-03-07,-0.34393423250207683,1.6383972727730662,-1.5002030984353247,-0.9277617878538124,-0.6685461592739578,-1.0060396804530751,-1.9069387683739247,-0.22969703732083568,-0.7765174693435634,-2.6332361347954,1.2265086377849117,-1.7504561711421553,-0.008253886938593092,-0.958530659302466,-1.71171876352994
