,1,2,3,4,5,6,7,8,9,10,11,12,13,14,15
2010-10-02,-1.27321513943143,-1.27321513943143,-1.27321513943143,-1.27321513943143,-1.27321513943143,-1.27321513943143,-1.27321513943143,-1.27321513943143,-1.27321513943143,-1.27321513943143,-1.27321513943143,-1.27321513943143,-1.27321513943143,-1.27321513943143,-1.27321513943143
2010-10-03,-1.1116439284865824,-1.1116439284865824,-1.1116439284865824,-1.1116439284865824,-1.1116439284865824,-1.1116439284865824,-1.1116439284865824,-1.1116439284865824,-1.1116439284865824,-1.1116439284865824,-1.1116439284865824,-1.1116439284865824,-1.1116439284865824,-1.1116439284865824,-1.1116439284865824
2010-10-04,-0.7746714175434879,-0.7746714175434879,-0.7746714175434879,-0.7746714175434879,-0.7746714175434879,-0.7746714175434879,-0.7746714175434879,-0.7746714175434879,-0.7746714175434879,-0.7746714175434879,-0.7746714175434879,-0.7746714175434879,-0.7746714175434879,-0.7746714175434879,-0.7746714175434879
2010-10-05,-0.33430228819906743,-0.33430228819906743,-0.33430228819906743,-0.33430228819906743,-0.33430228819906743,-0.33430228819906743,-0.33430228819906743,-0.33430228819906743,-0.33430228819906743,-0.33430228819906743,-0.33430228819906743,-0.33430228819906743,-0.33430228819906743,-0.33430228819906743,-0.33430228819906743
2010-10-06,0.4378109773845023,0.4378109773845023,0.4378109773845023,0.4378109773845023,0.4378109773845023,0.4378109773845023,0.4378109773845023,0.4378109773845023,0.4378109773845023,0.4378109773845023,0.4378109773845023,0.4378109773845023,0.4378109773845023,0.4378109773845023,0.4378109773845023
2010-10-07,1.0857106762017072,1.0857106762017072,1.0857106762017072,1.0857106762017072,1.0857106762017072,1.0857106762017072,1.0857106762017072,1.0857106762017072,1.0857106762017072,1.0857106762017072,1.0857106762017072,1.0857106762017072,1.0857106762017072,1.0857106762017072,1.0857106762017072
2010-10-08,1.6436970628365395,1.6436970628365395,1.6436970628365395,1.6436970628365395,1.6436970628365395,1.6436970628365395,1.6436970628365395,1.6436970628365395,1.6436970628365395,1.6436970628365395,1.6436970628365395,1.6436970628365395,1.6436970628365395,1.6436970628365395,1.6436970628365395
2010-10-09,2.2927575475405613,2.2927575475405613,2.2927575475405613,2.2927575475405613,2.2927575475405613,2.2927575475405613,2.2927575475405613,2.2927575475405613,2.2927575475405613,2.2927575475405613,2.2927575475405613,2.2927575475405613,2.2927575475405613,2.2927575475405613,2.2927575475405613
2010-10-10,2.137711527798543,2.137711527798543,2.137711527798543,2.137711527798543,2.137711527798543,2.137711527798543,2.137711527798543,2.137711527798543,2.137711527798543,2.137711527798543,2.137711527798543,2.137711527798543,2.137711527798543,2.137711527798543,2.137711527798543
2010-10-11,2.0527966101172077,2.0527966101172077,2.0527966101172077,2.0527966101172077,2.0527966101172077,2.0527966101172077,2.0527966101172077,2.0527966101172077,2.0527966101172077,2.0527966101172077,2.0527966101172077,2.0527966101172077,2.0527966101172077,2.0527966101172077,2.0527966101172077
2010-10-12,1.6995289096254018,1.6995289096254018,1.6995289096254018,1.6995289096254018,1.6995289096254018,1.6995289096254018,1.6995289096254018,1.6995289096254018,1.6995289096254018,1.6995289096254018,1.6995289096254018,1.6995289096254018,1.6995289096254018,1.6995289096254018,1.6995289096254018
2010-10-13,1.4519009452823866,1.4519009452823866,1.4519009452823866,1.4519009452823866,1.4519009452823866,1.4519009452823866,1.4519009452823866,1.4519009452823866,1.4519009452823866,1.4519009452823866,1.4519009452823866,1.4519009452823866,1.4519009452823866,1.4519009452823866,1.4519009452823866
2010-10-14,1.1400600240925498,1.1400600240925498,1.1400600240925498,1.1400600240925498,1.1400600240925498,1.1400600240925498,1.1400600240925498,1.1400600240925498,1.1400600240925498,1.1400600240925498,1.1400600240925498,1.1400600240925498,1.1400600240925498,1.1400600240925498,1.1400600240925498
2010-10-15,0.7342345516979375,0.7342345516979375,0.7342345516979375,0.7342345516979375,0.7342345516979375,0.7342345516979375,0.7342345516979375,0.7342345516979375,0.7342345516979375,0.7342345516979375,0.7342345516979375,0.7342345516979375,0.7342345516979375,0.7342345516979375,0.7342345516979375
2010-10-16,0.3980487643261609,0.3980487643261609,0.3980487643261609,0.3980487643261609,0.3980487643261609,0.3980487643261609,0.3980487643261609,0.3980487643261609,0.3980487643261609,0.3980487643261609,0.3980487643261609,0.3980487643261609,0.3980487643261609,0.3980487643261609,0.3980487643261609
2010-10-17,0.37843141266611463,0.37843141266611463,0.37843141266611463,0.37843141266611463,0.37843141266611463,0.37843141266611463,0.37843141266611463,0.37843141266611463,0.37843141266611463,0.37843141266611463,0.37843141266611463,0.37843141266611463,0.37843141266611463,0.37843141266611463,0.37843141266611463
2010-10-18,0.44744800202331797,0.44744800202331797,0.44744800202331797,0.44744800202331797,0.44744800202331797,0.44744800202331797,0.44744800202331797,0.44744800202331797,0.44744800202331797,0.44744800202331797,0.44744800202331797,0.44744800202331797,0.44744800202331797,0.44744800202331797,0.44744800202331797
2010-10-19,0.26346974875930784,0.26346974875930784,0.26346974875930784,0.26346974875930784,0.26346974875930784,0.26346974875930784,0.26346974875930784,0.26346974875930784,0.26346974875930784,0.26346974875930784,0.26346974875930784,0.26346974875930784,0.26346974875930784,0.26346974875930784,0.26346974875930784
2010-10-20,-0.03671605441587799,-0.03671605441587799,-0.03671605441587799,-0.03671605441587799,-0.03671605441587799,-0.03671605441587799,-0.03671605441587799,-0.03671605441587799,-0.03671605441587799,-0.03671605441587799,-0.03671605441587799,-0.03671605441587799,-0.03671605441587799,-0.03671605441587799,-0.03671605441587799
2010-10-21,0.06713406540613036,0.06713406540613036,0.06713406540613036,0.06713406540613036,0.06713406540613036,0.06713406540613036,0.06713406540613036,0.06713406540613036,0.06713406540613036,0.06713406540613036,0.06713406540613036,0.06713406540613036,0.06713406540613036,0.06713406540613036,0.06713406540613036
2010-10-22,0.2699159504326755,0.2699159504326755,0.2699159504326755,0.2699159504326755,0.2699159504326755,0.2699159504326755,0.2699159504326755,0.2699159504326755,0.2699159504326755,0.2699159504326755,0.2699159504326755,0.2699159504326755,0.2699159504326755,0.2699159504326755,0.2699159504326755
2010-10-23,0.25037444829727096,0.25037444829727096,0.25037444829727096,0.25037444829727096,0.25037444829727096,0.25037444829727096,0.25037444829727096,0.25037444829727096,0.25037444829727096,0.25037444829727096,0.25037444829727096,0.25037444829727096,0.25037444829727096,0.25037444829727096,0.25037444829727096
2010-10-24,0.19417771124618613,0.19417771124618613,0.19417771124618613,0.19417771124618613,0.19417771124618613,0.19417771124618613,0.19417771124618613,0.19417771124618613,0.19417771124618613,0.19417771124618613,0.19417771124618613,0.19417771124618613,0.19417771124618613,0.19417771124618613,0.19417771124618613
2010-10-25,0.06219586070441056,0.06219586070441056,0.06219586070441056,0.06219586070441056,0.06219586070441056,0.06219586070441056,0.06219586070441056,0.06219586070441056,0.06219586070441056,0.06219586070441056,0.06219586070441056,0.06219586070441056,0.06219586070441056,0.06219586070441056,0.06219586070441056
2010-10-26,-0.2204503214413111,-0.2204503214413111,-0.2204503214413111,-0.2204503214413111,-0.2204503214413111,-0.2204503214413111,-0.2204503214413111,-0.2204503214413111,-0.2204503214413111,-0.2204503214413111,-0.2204503214413111,-0.2204503214413111,-0.2204503214413111,-0.2204503214413111,-0.2204503214413111
2010-10-27,-0.12458622067053149,-0.12458622067053149,-0.12458622067053149,-0.12458622067053149,-0.12458622067053149,-0.12458622067053149,-0.12458622067053149,-0.12458622067053149,-0.12458622067053149,-0.12458622067053149,-0.12458622067053149,-0.12458622067053149,-0.12458622067053149,-0.12458622067053149,-0.12458622067053149
2010-10-28,0.12044794617152638,0.12044794617152638,0.12044794617152638,0.12044794617152638,0.12044794617152638,0.12044794617152638,0.12044794617152638,0.12044794617152638,0.12044794617152638,0.12044794617152638,0.12044794617152638,0.12044794617152638,0.12044794617152638,0.12044794617152638,0.12044794617152638
2010-10-29,0.28270751584611925,0.28270751584611925,0.28270751584611925,0.28270751584611925,0.28270751584611925,0.28270751584611925,0.28270751584611925,0.28270751584611925,0.28270751584611925,0.28270751584611925,0.28270751584611925,0.28270751584611925,0.28270751584611925,0.28270751584611925,0.28270751584611925
2010-10-30,0.08327526842249089,0.08327526842249089,0.08327526842249089,0.08327526842249089,0.08327526842249089,0.08327526842249089,0.08327526842249089,0.08327526842249089,0.08327526842249089,0.08327526842249089,0.08327526842249089,0.08327526842249089,0.08327526842249089,0.08327526842249089,0.08327526842249089
2010-10-31,0.28277475455444995,0.28277475455444995,0.28277475455444995,0.28277475455444995,0.28277475455444995,0.28277475455444995,0.28277475455444995,0.28277475455444995,0.28277475455444995,0.28277475455444995,0.28277475455444995,0.28277475455444995,0.28277475455444995,0.28277475455444995,0.28277475455444995
2010-11-01,0.20564207072975224,0.20564207072975224,0.20564207072975224,0.20564207072975224,0.20564207072975224,0.20564207072975224,0.20564207072975224,0.20564207072975224,0.20564207072975224,0.20564207072975224,0.20564207072975224,0.20564207072975224,0.20564207072975224,0.20564207072975224,0.20564207072975224
2010-11-02,0.041513446752214085,0.041513446752214085,0.041513446752214085,0.041513446752214085,0.041513446752214085,0.041513446752214085,0.041513446752214085,0.041513446752214085,0.041513446752214085,0.041513446752214085,0.041513446752214085,0.041513446752214085,0.041513446752214085,0.041513446752214085,0.041513446752214085
2010-11-03,-0.4263099865156871,-0.4263099865156871,-0.4263099865156871,-0.4263099865156871,-0.4263099865156871,-0.4263099865156871,-0.4263099865156871,-0.4263099865156871,-0.4263099865156871,-0.4263099865156871,-0.4263099865156871,-0.4263099865156871,-0.4263099865156871,-0.4263099865156871,-0.4263099865156871
2010-11-04,-0.5025893378723179,-0.5025893378723179,-0.5025893378723179,-0.5025893378723179,-0.5025893378723179,-0.5025893378723179,-0.5025893378723179,-0.5025893378723179,-0.5025893378723179,-0.5025893378723179,-0.5025893378723179,-0.5025893378723179,-0.5025893378723179,-0.5025893378723179,-0.5025893378723179
2010-11-05,-0.13217617596749537,-0.13217617596749537,-0.13217617596749537,-0.13217617596749537,-0.13217617596749537,-0.13217617596749537,-0.13217617596749537,-0.13217617596749537,-0.13217617596749537,-0.13217617596749537,-0.13217617596749537,-0.13217617596749537,-0.13217617596749537,-0.13217617596749537,-0.13217617596749537
2010-11-06,0.1487004099837026,0.1487004099837026,0.1487004099837026,0.1487004099837026,0.1487004099837026,0.1487004099837026,0.1487004099837026,0.1487004099837026,0.1487004099837026,0.1487004099837026,0.1487004099837026,0.1487004099837026,0.1487004099837026,0.1487004099837026,0.1487004099837026
2010-11-07,0.34015433517439264,0.34015433517439264,0.34015433517439264,0.34015433517439264,0.34015433517439264,0.34015433517439264,0.34015433517439264,0.34015433517439264,0.34015433517439264,0.34015433517439264,0.34015433517439264,0.34015433517439264,0.34015433517439264,0.34015433517439264,0.34015433517439264
2010-11-08,-0.006170604721247376,-0.006170604721247376,-0.006170604721247376,-0.006170604721247376,-0.006170604721247376,-0.006170604721247376,-0.006170604721247376,-0.006170604721247376,-0.006170604721247376,-0.006170604721247376,-0.006170604721247376,-0.006170604721247376,-0.006170604721247376,-0.006170604721247376,-0.006170604721247376
2010-11-09,-0.38542410606268934,-0.38542410606268934,-0.38542410606268934,-0.38542410606268934,-0.38542410606268934,-0.38542410606268934,-0.38542410606268934,-0.38542410606268934,-0.38542410606268934,-0.38542410606268934,-0.38542410606268934,-0.38542410606268934,-0.38542410606268934,-0.38542410606268934,-0.38542410606268934
2010-11-10,-0.7232242606041024,-0.7232242606041024,-0.7232242606041024,-0.7232242606041024,-0.7232242606041024,-0.7232242606041024,-0.7232242606041024,-0.7232242606041024,-0.7232242606041024,-0.7232242606041024,-0.7232242606041024,-0.7232242606041024,-0.7232242606041024,-0.7232242606041024,-0.7232242606041024
2010-11-11,-0.6240526593192463,-0.6240526593192463,-0.6240526593192463,-0.6240526593192463,-0.6240526593192463,-0.6240526593192463,-0.6240526593192463,-0.6240526593192463,-0.6240526593192463,-0.6240526593192463,-0.6240526593192463,-0.6240526593192463,-0.6240526593192463,-0.6240526593192463,-0.6240526593192463
2010-11-12,-0.7304383751156696,-0.7304383751156696,-0.7304383751156696,-0.7304383751156696,-0.7304383751156696,-0.7304383751156696,-0.7304383751156696,-0.7304383751156696,-0.7304383751156696,-0.7304383751156696,-0.7304383751156696,-0.7304383751156696,-0.7304383751156696,-0.7304383751156696,-0.7304383751156696
2010-11-13,-1.331921846891782,-1.331921846891782,-1.331921846891782,-1.331921846891782,-1.331921846891782,-1.331921846891782,-1.331921846891782,-1.331921846891782,-1.331921846891782,-1.331921846891782,-1.331921846891782,-1.331921846891782,-1.331921846891782,-1.331921846891782,-1.331921846891782
2010-11-14,-1.6693336249584265,-1.6693336249584265,-1.6693336249584265,-1.6693336249584265,-1.6693336249584265,-1.6693336249584265,-1.6693336249584265,-1.6693336249584265,-1.6693336249584265,-1.6693336249584265,-1.6693336249584265,-1.6693336249584265,-1.6693336249584265,-1.6693336249584265,-1.6693336249584265
2010-11-15,-1.4604157063160164,-1.4604157063160164,-1.4604157063160164,-1.4604157063160164,-1.4604157063160164,-1.4604157063160164,-1.4604157063160164,-1.4604157063160164,-1.4604157063160164,-1.4604157063160164,-1.4604157063160164,-1.4604157063160164,-1.4604157063160164,-1.4604157063160164,-1.4604157063160164
2010-11-16,-1.1585397690882224,-1.1585397690882224,-1.1585397690882224,-1.1585397690882224,-1.1585397690882224,-1.1585397690882224,-1.1585397690882224,-1.1585397690882224,-1.1585397690882224,-1.1585397690882224,-1.1585397690882224,-1.1585397690882224,-1.1585397690882224,-1.1585397690882224,-1.1585397690882224
2010-11-17,-0.8478117368256324,-0.8478117368256324,-0.8478117368256324,-0.8478117368256324,-0.8478117368256324,-0.8478117368256324,-0.8478117368256324,-0.8478117368256324,-0.8478117368256324,-0.8478117368256324,-0.8478117368256324,-0.8478117368256324,-0.8478117368256324,-0.8478117368256324,-0.8478117368256324
2010-11-18,-0.9002306385153012,-0.9002306385153012,-0.9002306385153012,-0.9002306385153012,-0.9002306385153012,-0.9002306385153012,-0.9002306385153012,-0.9002306385153012,-0.9002306385153012,-0.9002306385153012,-0.9002306385153012,-0.9002306385153012,-0.9002306385153012,-0.9002306385153012,-0.9002306385153012
2010-11-19,-0.7539304316470501,-0.7539304316470501,-0.7539304316470501,-0.7539304316470501,-0.7539304316470501,-0.7539304316470501,-0.7539304316470501,-0.7539304316470501,-0.7539304316470501,-0.7539304316470501,-0.7539304316470501,-0.7539304316470501,-0.7539304316470501,-0.7539304316470501,-0.7539304316470501
2010-11-20,-0.740936980325192,-0.740936980325192,-0.740936980325192,-0.740936980325192,-0.740936980325192,-0.740936980325192,-0.740936980325192,-0.740936980325192,-0.740936980325192,-0.740936980325192,-0.740936980325192,-0.740936980325192,-0.740936980325192,-0.740936980325192,-0.740936980325192
2010-11-21,-0.7052291986710845,-0.7052291986710845,-0.7052291986710845,-0.7052291986710845,-0.7052291986710845,-0.7052291986710845,-0.7052291986710845,-0.7052291986710845,-0.7052291986710845,-0.7052291986710845,-0.7052291986710845,-0.7052291986710845,-0.7052291986710845,-0.7052291986710845,-0.7052291986710845
2010-11-22,-0.5836203888215763,-0.5836203888215763,-0.5836203888215763,-0.5836203888215763,-0.5836203888215763,-0.5836203888215763,-0.5836203888215763,-0.5836203888215763,-0.5836203888215763,-0.5836203888215763,-0.5836203888215763,-0.5836203888215763,-0.5836203888215763,-0.5836203888215763,-0.5836203888215763
2010-11-23,-0.8071908654174688,-0.8071908654174688,-0.8071908654174688,-0.8071908654174688,-0.8071908654174688,-0.8071908654174688,-0.8071908654174688,-0.8071908654174688,-0.8071908654174688,-0.8071908654174688,-0.8071908654174688,-0.8071908654174688,-0.8071908654174688,-0.8071908654174688,-0.8071908654174688
2010-11-24,-0.8410371409353472,-0.8410371409353472,-0.8410371409353472,-0.8410371409353472,-0.8410371409353472,-0.8410371409353472,-0.8410371409353472,-0.8410371409353472,-0.8410371409353472,-0.8410371409353472,-0.8410371409353472,-0.8410371409353472,-0.8410371409353472,-0.8410371409353472,-0.8410371409353472
2010-11-25,-0.5132849515554024,-0.5132849515554024,-0.5132849515554024,-0.5132849515554024,-0.5132849515554024,-0.5132849515554024,-0.5132849515554024,-0.5132849515554024,-0.5132849515554024,-0.5132849515554024,-0.5132849515554024,-0.5132849515554024,-0.5132849515554024,-0.5132849515554024,-0.5132849515554024
2010-11-26,-0.5077899443535989,-0.5077899443535989,-0.5077899443535989,-0.5077899443535989,-0.5077899443535989,-0.5077899443535989,-0.5077899443535989,-0.5077899443535989,-0.5077899443535989,-0.5077899443535989,-0.5077899443535989,-0.5077899443535989,-0.5077899443535989,-0.5077899443535989,-0.5077899443535989
2010-11-27,-0.4917905962346789,-0.4917905962346789,-0.4917905962346789,-0.4917905962346789,-0.4917905962346789,-0.4917905962346789,-0.4917905962346789,-0.4917905962346789,-0.4917905962346789,-0.4917905962346789,-0.4917905962346789,-0.4917905962346789,-0.4917905962346789,-0.4917905962346789,-0.4917905962346789
2010-11-28,-0.5853867632607535,-0.5853867632607535,-0.5853867632607535,-0.5853867632607535,-0.5853867632607535,-0.5853867632607535,-0.5853867632607535,-0.5853867632607535,-0.5853867632607535,-0.5853867632607535,-0.5853867632607535,-0.5853867632607535,-0.5853867632607535,-0.5853867632607535,-0.5853867632607535
2010-11-29,-0.4696994755389419,-0.4696994755389419,-0.4696994755389419,-0.4696994755389419,-0.4696994755389419,-0.4696994755389419,-0.4696994755389419,-0.4696994755389419,-0.4696994755389419,-0.4696994755389419,-0.4696994755389419,-0.4696994755389419,-0.4696994755389419,-0.4696994755389419,-0.4696994755389419
2010-11-30,-0.6036860640482233,-0.6036860640482233,-0.6036860640482233,-0.6036860640482233,-0.6036860640482233,-0.6036860640482233,-0.6036860640482233,-0.6036860640482233,-0.6036860640482233,-0.6036860640482233,-0.6036860640482233,-0.6036860640482233,-0.6036860640482233,-0.6036860640482233,-0.6036860640482233
2010-12-01,-0.33339492178995617,-0.33339492178995617,-0.33339492178995617,-0.33339492178995617,-0.33339492178995617,-0.33339492178995617,-0.33339492178995617,-0.33339492178995617,-0.33339492178995617,-0.33339492178995617,-0.33339492178995617,-0.33339492178995617,-0.33339492178995617,-0.33339492178995617,-0.33339492178995617
2010-12-02,-0.1297931783820453,-0.1297931783820453,-0.1297931783820453,-0.1297931783820453,-0.1297931783820453,-0.1297931783820453,-0.1297931783820453,-0.1297931783820453,-0.1297931783820453,-0.1297931783820453,-0.1297931783820453,-0.1297931783820453,-0.1297931783820453,-0.1297931783820453,-0.1297931783820453
2010-12-03,0.1593084130740093,0.1593084130740093,0.1593084130740093,0.1593084130740093,0.1593084130740093,0.1593084130740093,0.1593084130740093,0.1593084130740093,0.1593084130740093,0.1593084130740093,0.1593084130740093,0.1593084130740093,0.1593084130740093,0.1593084130740093,0.1593084130740093
2010-12-04,0.5112604202051821,0.5112604202051821,0.5112604202051821,0.5112604202051821,0.5112604202051821,0.5112604202051821,0.5112604202051821,0.5112604202051821,0.5112604202051821,0.5112604202051821,0.5112604202051821,0.5112604202051821,0.5112604202051821,0.5112604202051821,0.5112604202051821
2010-12-05,0.7727206769594196,0.7727206769594196,0.7727206769594196,0.7727206769594196,0.7727206769594196,0.7727206769594196,0.7727206769594196,0.7727206769594196,0.7727206769594196,0.7727206769594196,0.7727206769594196,0.7727206769594196,0.7727206769594196,0.7727206769594196,0.7727206769594196
2010-12-06,0.6676993390269774,0.6676993390269774,0.6676993390269774,0.6676993390269774,0.6676993390269774,0.6676993390269774,0.6676993390269774,0.6676993390269774,0.6676993390269774,0.6676993390269774,0.6676993390269774,0.6676993390269774,0.6676993390269774,0.6676993390269774,0.6676993390269774
2010-12-07,0.5685792308956503,0.5685792308956503,0.5685792308956503,0.5685792308956503,0.5685792308956503,0.5685792308956503,0.5685792308956503,0.5685792308956503,0.5685792308956503,0.5685792308956503,0.5685792308956503,0.5685792308956503,0.5685792308956503,0.5685792308956503,0.5685792308956503
2010-12-08,0.6387067819209367,0.6387067819209367,0.6387067819209367,0.6387067819209367,0.6387067819209367,0.6387067819209367,0.6387067819209367,0.6387067819209367,0.6387067819209367,0.6387067819209367,0.6387067819209367,0.6387067819209367,0.6387067819209367,0.6387067819209367,0.6387067819209367
2010-12-09,0.8941554250949912,0.8941554250949912,0.8941554250949912,0.8941554250949912,0.8941554250949912,0.8941554250949912,0.8941554250949912,0.8941554250949912,0.8941554250949912,0.8941554250949912,0.8941554250949912,0.8941554250949912,0.8941554250949912,0.8941554250949912,0.8941554250949912
2010-12-10,0.9683652738925599,0.9683652738925599,0.9683652738925599,0.9683652738925599,0.9683652738925599,0.9683652738925599,0.9683652738925599,0.9683652738925599,0.9683652738925599,0.9683652738925599,0.9683652738925599,0.9683652738925599,0.9683652738925599,0.9683652738925599,0.9683652738925599
2010-12-11,1.0777516618334324,1.0777516618334324,1.0777516618334324,1.0777516618334324,1.0777516618334324,1.0777516618334324,1.0777516618334324,1.0777516618334324,1.0777516618334324,1.0777516618334324,1.0777516618334324,1.0777516618334324,1.0777516618334324,1.0777516618334324,1.0777516618334324
2010-12-12,0.8214930044773509,0.8214930044773509,0.8214930044773509,0.8214930044773509,0.8214930044773509,0.8214930044773509,0.8214930044773509,0.8214930044773509,0.8214930044773509,0.8214930044773509,0.8214930044773509,0.8214930044773509,0.8214930044773509,0.8214930044773509,0.8214930044773509
2010-12-13,0.6757597298705905,0.6757597298705905,0.6757597298705905,0.6757597298705905,0.6757597298705905,0.6757597298705905,0.6757597298705905,0.6757597298705905,0.6757597298705905,0.6757597298705905,0.6757597298705905,0.6757597298705905,0.6757597298705905,0.6757597298705905,0.6757597298705905
2010-12-14,0.689604438703878,0.689604438703878,0.689604438703878,0.689604438703878,0.689604438703878,0.689604438703878,0.689604438703878,0.689604438703878,0.689604438703878,0.689604438703878,0.689604438703878,0.689604438703878,0.689604438703878,0.689604438703878,0.689604438703878
2010-12-15,0.44824758879376514,0.44824758879376514,0.44824758879376514,0.44824758879376514,0.44824758879376514,0.44824758879376514,0.44824758879376514,0.44824758879376514,0.44824758879376514,0.44824758879376514,0.44824758879376514,0.44824758879376514,0.44824758879376514,0.44824758879376514,0.44824758879376514
2010-12-16,-0.10362113832932446,-0.10362113832932446,-0.10362113832932446,-0.10362113832932446,-0.10362113832932446,-0.10362113832932446,-0.10362113832932446,-0.10362113832932446,-0.10362113832932446,-0.10362113832932446,-0.10362113832932446,-0.10362113832932446,-0.10362113832932446,-0.10362113832932446,-0.10362113832932446
2010-12-17,-0.3405040312047377,-0.3405040312047377,-0.3405040312047377,-0.3405040312047377,-0.3405040312047377,-0.3405040312047377,-0.3405040312047377,-0.3405040312047377,-0.3405040312047377,-0.3405040312047377,-0.3405040312047377,-0.3405040312047377,-0.3405040312047377,-0.3405040312047377,-0.3405040312047377
2010-12-18,-0.49641542495673424,-0.49641542495673424,-0.49641542495673424,-0.49641542495673424,-0.49641542495673424,-0.49641542495673424,-0.49641542495673424,-0.49641542495673424,-0.49641542495673424,-0.49641542495673424,-0.49641542495673424,-0.49641542495673424,-0.49641542495673424,-0.49641542495673424,-0.49641542495673424
2010-12-19,-0.6783867208089387,-0.6783867208089387,-0.6783867208089387,-0.6783867208089387,-0.6783867208089387,-0.6783867208089387,-0.6783867208089387,-0.6783867208089387,-0.6783867208089387,-0.6783867208089387,-0.6783867208089387,-0.6783867208089387,-0.6783867208089387,-0.6783867208089387,-0.6783867208089387
2010-12-20,-0.7668441801568284,-0.7668441801568284,-0.7668441801568284,-0.7668441801568284,-0.7668441801568284,-0.7668441801568284,-0.7668441801568284,-0.7668441801568284,-0.7668441801568284,-0.7668441801568284,-0.7668441801568284,-0.7668441801568284,-0.7668441801568284,-0.7668441801568284,-0.7668441801568284
2010-12-21,-0.20682457581687216,-0.20682457581687216,-0.20682457581687216,-0.20682457581687216,-0.20682457581687216,-0.20682457581687216,-0.20682457581687216,-0.20682457581687216,-0.20682457581687216,-0.20682457581687216,-0.20682457581687216,-0.20682457581687216,-0.20682457581687216,-0.20682457581687216,-0.20682457581687216
2010-12-22,0.14274262608406588,0.14274262608406588,0.14274262608406588,0.14274262608406588,0.14274262608406588,0.14274262608406588,0.14274262608406588,0.14274262608406588,0.14274262608406588,0.14274262608406588,0.14274262608406588,0.14274262608406588,0.14274262608406588,0.14274262608406588,0.14274262608406588
2010-12-23,0.48550834432200524,0.48550834432200524,0.48550834432200524,0.48550834432200524,0.48550834432200524,0.48550834432200524,0.48550834432200524,0.48550834432200524,0.48550834432200524,0.48550834432200524,0.48550834432200524,0.48550834432200524,0.48550834432200524,0.48550834432200524,0.48550834432200524
2010-12-24,0.7174552487323526,0.7174552487323526,0.7174552487323526,0.7174552487323526,0.7174552487323526,0.7174552487323526,0.7174552487323526,0.7174552487323526,0.7174552487323526,0.7174552487323526,0.7174552487323526,0.7174552487323526,0.7174552487323526,0.7174552487323526,0.7174552487323526
2010-12-25,0.8713730255817841,0.8713730255817841,0.8713730255817841,0.8713730255817841,0.8713730255817841,0.8713730255817841,0.8713730255817841,0.8713730255817841,0.8713730255817841,0.8713730255817841,0.8713730255817841,0.8713730255817841,0.8713730255817841,0.8713730255817841,0.8713730255817841
2010-12-26,0.693286101378508,0.693286101378508,0.693286101378508,0.693286101378508,0.693286101378508,0.693286101378508,0.693286101378508,0.693286101378508,0.693286101378508,0.693286101378508,0.693286101378508,0.693286101378508,0.693286101378508,0.693286101378508,0.693286101378508
2010-12-27,0.6582312840176563,0.6582312840176563,0.6582312840176563,0.6582312840176563,0.6582312840176563,0.6582312840176563,0.6582312840176563,0.6582312840176563,0.6582312840176563,0.6582312840176563,0.6582312840176563,0.6582312840176563,0.6582312840176563,0.6582312840176563,0.6582312840176563
2010-12-28,0.46676863981589245,0.46676863981589245,0.46676863981589245,0.46676863981589245,0.46676863981589245,0.46676863981589245,0.46676863981589245,0.46676863981589245,0.46676863981589245,0.46676863981589245,0.46676863981589245,0.46676863981589245,0.46676863981589245,0.46676863981589245,0.46676863981589245
2010-12-29,0.20513614854225565,0.20513614854225565,0.20513614854225565,0.20513614854225565,0.20513614854225565,0.20513614854225565,0.20513614854225565,0.20513614854225565,0.20513614854225565,0.20513614854225565,0.20513614854225565,0.20513614854225565,0.20513614854225565,0.20513614854225565,0.20513614854225565
2010-12-30,0.0993039216157436,0.0993039216157436,0.0993039216157436,0.0993039216157436,0.0993039216157436,0.0993039216157436,0.0993039216157436,0.0993039216157436,0.0993039216157436,0.0993039216157436,0.0993039216157436,0.0993039216157436,0.0993039216157436,0.0993039216157436,0.0993039216157436
2010-12-31,-0.012421316184134733,-0.012421316184134733,-0.012421316184134733,-0.012421316184134733,-0.012421316184134733,-0.012421316184134733,-0.012421316184134733,-0.012421316184134733,-0.012421316184134733,-0.012421316184134733,-0.012421316184134733,-0.012421316184134733,-0.012421316184134733,-0.012421316184134733,-0.012421316184134733
2011-01-01,-0.06910339737799119,-0.06910339737799119,-0.06910339737799119,-0.06910339737799119,-0.06910339737799119,-0.06910339737799119,-0.06910339737799119,-0.06910339737799119,-0.06910339737799119,-0.06910339737799119,-0.06910339737799119,-0.06910339737799119,-0.06910339737799119,-0.06910339737799119,-0.06910339737799119
2011-01-02,-0.0012621530609710856,-0.0012621530609710856,-0.0012621530609710856,-0.0012621530609710856,-0.0012621530609710856,-0.0012621530609710856,-0.0012621530609710856,-0.0012621530609710856,-0.0012621530609710856,-0.0012621530609710856,-0.0012621530609710856,-0.0012621530609710856,-0.0012621530609710856,-0.0012621530609710856,-0.0012621530609710856
2011-01-03,-0.1051248625993649,-0.1051248625993649,-0.1051248625993649,-0.1051248625993649,-0.1051248625993649,-0.1051248625993649,-0.1051248625993649,-0.1051248625993649,-0.1051248625993649,-0.1051248625993649,-0.1051248625993649,-0.1051248625993649,-0.1051248625993649,-0.1051248625993649,-0.1051248625993649
2011-01-04,-0.08489473753848978,-0.08489473753848978,-0.08489473753848978,-0.08489473753848978,-0.08489473753848978,-0.08489473753848978,-0.08489473753848978,-0.08489473753848978,-0.08489473753848978,-0.08489473753848978,-0.08489473753848978,-0.08489473753848978,-0.08489473753848978,-0.08489473753848978,-0.08489473753848978
2011-01-05,-0.2638405709522384,-0.2638405709522384,-0.2638405709522384,-0.2638405709522384,-0.2638405709522384,-0.2638405709522384,-0.2638405709522384,-0.2638405709522384,-0.2638405709522384,-0.2638405709522384,-0.2638405709522384,-0.2638405709522384,-0.2638405709522384,-0.2638405709522384,-0.2638405709522384
2011-01-06,-0.3727786454435392,-0.3727786454435392,-0.3727786454435392,-0.3727786454435392,-0.3727786454435392,-0.3727786454435392,-0.3727786454435392,-0.3727786454435392,-0.3727786454435392,-0.3727786454435392,-0.3727786454435392,-0.3727786454435392,-0.3727786454435392,-0.3727786454435392,-0.3727786454435392
2011-01-07,-0.2912329091023688,-0.2912329091023688,-0.2912329091023688,-0.2912329091023688,-0.2912329091023688,-0.2912329091023688,-0.2912329091023688,-0.2912329091023688,-0.2912329091023688,-0.2912329091023688,-0.2912329091023688,-0.2912329091023688,-0.2912329091023688,-0.2912329091023688,-0.2912329091023688
2011-01-08,0.1900056900551378,0.1900056900551378,0.1900056900551378,0.1900056900551378,0.1900056900551378,0.1900056900551378,0.1900056900551378,0.1900056900551378,0.1900056900551378,0.1900056900551378,0.1900056900551378,0.1900056900551378,0.1900056900551378,0.1900056900551378,0.1900056900551378
2011-01-09,0.6489798235961588,0.6489798235961588,0.6489798235961588,0.6489798235961588,0.6489798235961588,0.6489798235961588,0.6489798235961588,0.6489798235961588,0.6489798235961588,0.6489798235961588,0.6489798235961588,0.6489798235961588,0.6489798235961588,0.6489798235961588,0.6489798235961588
2011-01-10,0.9373767370519216,0.9373767370519216,0.9373767370519216,0.9373767370519216,0.9373767370519216,0.9373767370519216,0.9373767370519216,0.9373767370519216,0.9373767370519216,0.9373767370519216,0.9373767370519216,0.9373767370519216,0.9373767370519216,0.9373767370519216,0.9373767370519216
2011-01-11,1.1937279044203815,1.1937279044203815,1.1937279044203815,1.1937279044203815,1.1937279044203815,1.1937279044203815,1.1937279044203815,1.1937279044203815,1.1937279044203815,1.1937279044203815,1.1937279044203815,1.1937279044203815,1.1937279044203815,1.1937279044203815,1.1937279044203815
2011-01-12,1.33100150165451,1.33100150165451,1.33100150165451,1.33100150165451,1.33100150165451,1.33100150165451,1.33100150165451,1.33100150165451,1.33100150165451,1.33100150165451,1.33100150165451,1.33100150165451,1.33100150165451,1.33100150165451,1.33100150165451
2011-01-13,1.3376484115739604,1.3376484115739604,1.3376484115739604,1.3376484115739604,1.3376484115739604,1.3376484115739604,1.3376484115739604,1.3376484115739604,1.3376484115739604,1.3376484115739604,1.3376484115739604,1.3376484115739604,1.3376484115739604,1.3376484115739604,1.3376484115739604
2011-01-14,1.1799587419097664,1.1799587419097664,1.1799587419097664,1.1799587419097664,1.1799587419097664,1.1799587419097664,1.1799587419097664,1.1799587419097664,1.1799587419097664,1.1799587419097664,1.1799587419097664,1.1799587419097664,1.1799587419097664,1.1799587419097664,1.1799587419097664
2011-01-15,0.9454674778372786,0.9454674778372786,0.9454674778372786,0.9454674778372786,0.9454674778372786,0.9454674778372786,0.9454674778372786,0.9454674778372786,0.9454674778372786,0.9454674778372786,0.9454674778372786,0.9454674778372786,0.9454674778372786,0.9454674778372786,0.9454674778372786
2011-01-16,0.6661592559266698,0.6661592559266698,0.6661592559266698,0.6661592559266698,0.6661592559266698,0.6661592559266698,0.6661592559266698,0.6661592559266698,0.6661592559266698,0.6661592559266698,0.6661592559266698,0.6661592559266698,0.6661592559266698,0.6661592559266698,0.6661592559266698
2011-01-17,0.36546445366057057,0.36546445366057057,0.36546445366057057,0.36546445366057057,0.36546445366057057,0.36546445366057057,0.36546445366057057,0.36546445366057057,0.36546445366057057,0.36546445366057057,0.36546445366057057,0.36546445366057057,0.36546445366057057,0.36546445366057057,0.36546445366057057
2011-01-18,-0.2833323396627794,-0.2833323396627794,-0.2833323396627794,-0.2833323396627794,-0.2833323396627794,-0.2833323396627794,-0.2833323396627794,-0.2833323396627794,-0.2833323396627794,-0.2833323396627794,-0.2833323396627794,-0.2833323396627794,-0.2833323396627794,-0.2833323396627794,-0.2833323396627794
2011-01-19,-0.7367672570986415,-0.7367672570986415,-0.7367672570986415,-0.7367672570986415,-0.7367672570986415,-0.7367672570986415,-0.7367672570986415,-0.7367672570986415,-0.7367672570986415,-0.7367672570986415,-0.7367672570986415,-0.7367672570986415,-0.7367672570986415,-0.7367672570986415,-0.7367672570986415
2011-01-20,-0.9938358804822014,-0.9938358804822014,-0.9938358804822014,-0.9938358804822014,-0.9938358804822014,-0.9938358804822014,-0.9938358804822014,-0.9938358804822014,-0.9938358804822014,-0.9938358804822014,-0.9938358804822014,-0.9938358804822014,-0.9938358804822014,-0.9938358804822014,-0.9938358804822014
2011-01-21,-1.1678298478038198,-1.1678298478038198,-1.1678298478038198,-1.1678298478038198,-1.1678298478038198,-1.1678298478038198,-1.1678298478038198,-1.1678298478038198,-1.1678298478038198,-1.1678298478038198,-1.1678298478038198,-1.1678298478038198,-1.1678298478038198,-1.1678298478038198,-1.1678298478038198
2011-01-22,-1.2164766114884786,-1.2164766114884786,-1.2164766114884786,-1.2164766114884786,-1.2164766114884786,-1.2164766114884786,-1.2164766114884786,-1.2164766114884786,-1.2164766114884786,-1.2164766114884786,-1.2164766114884786,-1.2164766114884786,-1.2164766114884786,-1.2164766114884786,-1.2164766114884786
2011-01-23,-1.6086602508750256,-1.6086602508750256,-1.6086602508750256,-1.6086602508750256,-1.6086602508750256,-1.6086602508750256,-1.6086602508750256,-1.6086602508750256,-1.6086602508750256,-1.6086602508750256,-1.6086602508750256,-1.6086602508750256,-1.6086602508750256,-1.6086602508750256,-1.6086602508750256
2011-01-24,-1.5026767529345948,-1.5026767529345948,-1.5026767529345948,-1.5026767529345948,-1.5026767529345948,-1.5026767529345948,-1.5026767529345948,-1.5026767529345948,-1.5026767529345948,-1.5026767529345948,-1.5026767529345948,-1.5026767529345948,-1.5026767529345948,-1.5026767529345948,-1.5026767529345948
2011-01-25,-1.5564477448193634,-1.5564477448193634,-1.5564477448193634,-1.5564477448193634,-1.5564477448193634,-1.5564477448193634,-1.5564477448193634,-1.5564477448193634,-1.5564477448193634,-1.5564477448193634,-1.5564477448193634,-1.5564477448193634,-1.5564477448193634,-1.5564477448193634,-1.5564477448193634
2011-01-26,-1.79514202215489,-1.79514202215489,-1.79514202215489,-1.79514202215489,-1.79514202215489,-1.79514202215489,-1.79514202215489,-1.79514202215489,-1.79514202215489,-1.79514202215489,-1.79514202215489,-1.79514202215489,-1.79514202215489,-1.79514202215489,-1.79514202215489
2011-01-27,-1.7633849298643502,-1.7633849298643502,-1.7633849298643502,-1.7633849298643502,-1.7633849298643502,-1.7633849298643502,-1.7633849298643502,-1.7633849298643502,-1.7633849298643502,-1.7633849298643502,-1.7633849298643502,-1.7633849298643502,-1.7633849298643502,-1.7633849298643502,-1.7633849298643502
2011-01-28,-1.283064465938804,-1.283064465938804,-1.283064465938804,-1.283064465938804,-1.283064465938804,-1.283064465938804,-1.283064465938804,-1.283064465938804,-1.283064465938804,-1.283064465938804,-1.283064465938804,-1.283064465938804,-1.283064465938804,-1.283064465938804,-1.283064465938804
2011-01-29,-0.89613508064782,-0.89613508064782,-0.89613508064782,-0.89613508064782,-0.89613508064782,-0.89613508064782,-0.89613508064782,-0.89613508064782,-0.89613508064782,-0.89613508064782,-0.89613508064782,-0.89613508064782,-0.89613508064782,-0.89613508064782,-0.89613508064782
2011-01-30,-0.6989667505087177,-0.6196514752776056,-0.5964392310033582,-0.6252741342959864,-0.7361348871295798,-0.6079254211048091,-0.6392149461325183,-0.638342152496218,-0.6489566714415862,-0.7112444354144658,-0.6768938878765556,-0.632191799160818,-0.7022084949291473,-0.6202780553913387,-0.60436575687717
2011-01-31,-0.6860970411818891,-0.46612831150246126,-0.5698443468861633,-0.7691001724045075,-0.6900657744267089,-0.4824005149899117,-0.5857408896268742,-0.50259960513798,-0.6860423529904132,-0.8448228859235979,-0.6355565169088049,-0.549682984611601,-0.7279222906993846,-0.5269687097343282,-0.6398809151692899
2011-02-01,-0.3832659645935283,-0.00793663135073985,-0.07592596197583283,-0.42209520110468607,-0.2591921005955564,0.13374101497111926,-0.3543553413373088,0.04959566559245248,-0.2772645070092107,-0.48551071017765535,-0.2332866952791241,-0.09754778249054633,-0.3735415494648893,-0.06638957432739817,-0.23090699678484883
2011-02-02,-0.6663477593201689,-0.30170526818698246,-0.12696629740864093,-0.7892685827013768,-0.46547844116319936,-0.24123176565942536,-0.5336913915862109,-0.10964267162716837,-0.4985737121892396,-0.6559279571199049,-0.5230547256744249,-0.2629913538566685,-0.7251436449162166,-0.5862110255576403,-0.4579446845361358
2011-02-03,-0.7500651101641056,-0.23631852390064445,-0.3065678065415383,-0.9638306934773192,-0.752305284210574,-0.2811878410217117,-0.43434420460515016,-0.13713221590962155,-0.47450170984738504,-0.6274551444460764,-0.6159826238169656,-0.05793575064511788,-0.6260916815669825,-0.5120096695734494,-0.4993710912246159
2011-02-04,-0.5106404934448827,-0.0459652167859912,-0.3137641591650907,-0.6830773157011196,-0.5407777031049922,-0.0626554855464969,-0.380841547202366,-0.06181445157325031,-0.18219429639968976,-0.23589426492260399,-0.5130046056683757,0.12578420173883692,-0.3600423343478379,-0.30419534076730925,-0.1298368853051143
2011-02-05,-0.616467104134074,-0.1383946580378877,-0.44853955682433094,-0.807981865100963,-0.5286067166022242,0.056156844671852245,-0.4445816930633017,-0.12406336810672261,-0.31327017842910077,-0.4604984714769903,-0.5980229060115985,0.21860148260480153,-0.5141722743104071,-0.5037004478874961,-0.0734209418183738
2011-02-06,-0.6474474749449292,-0.3794930365968729,-0.8219801758119752,-0.7188719654409474,-0.5194967561130511,-0.08151408991282824,-0.3817008549468999,-0.10541318648976558,-0.46827971345449315,-0.5755050896427699,-0.48501642773962195,0.12536019984661048,-0.5294308944848906,-0.5522956886618178,-0.2299165009438225
2011-02-07,-0.5132659949138519,-0.35747691583161034,-1.043514489142231,-0.43444634255682946,-0.4147909486758326,-0.11913616932310406,-0.1447303847716804,-0.15319076688473193,-0.4548434076231404,-0.5044582300697403,-0.09134402361345285,0.2445263298823981,-0.5445472293206381,-0.4115152343460099,-0.31760536187867877
2011-02-08,-0.5291513109121331,-0.34375338826879426,-1.0773347532572923,-0.7018499895544009,-0.5116641466330449,-0.12551219129680588,-0.017280282500383097,-0.3523667116522538,-0.21242620272135632,-0.4725857322615526,0.02123957204093338,0.41760852256926295,-0.5412464240479276,-0.459913233832134,-0.2932937311831838
2011-02-09,-0.5040589013248602,-0.06367026690006124,-0.5994408545352169,-0.8031621468771791,-0.4845157115213858,-0.10069769480743802,-0.018937591666618857,-0.41334369253228154,-0.48644911806634805,-0.11085343618521233,-0.11593241427644944,0.7557199304605748,-0.7374697947102222,-0.5514704815359699,-0.05314929489059759
2011-02-10,-0.4468592702041793,-0.014952250569214199,-0.1905585738278322,-1.2491161987322348,-0.42891170524109207,-0.13643548152887527,0.03881050521862703,-0.5976613266632824,-0.29396096119975407,0.04695418934353977,-0.07634388915972955,0.9481199119499698,-0.7960051884502288,-0.5120114404747025,-0.0199018829101343
2011-02-11,-0.3023037158165315,-0.47302740177534364,0.03157394505608005,-1.3169722246453957,-0.5531668358628435,-0.21364669579626924,-0.09454585797990582,-0.4005834112654643,-0.016795494221742,-0.1535971666364715,-0.24712166236043903,0.9073788922008149,-0.5444949450346599,-0.5717684648330142,-0.21729573572094713
2011-02-12,0.06947963528159384,-0.7581131580760597,-0.3013176366171404,-1.4647917941617283,-0.6203931458328367,-0.751618325987027,-0.30484918045955645,-0.36152590677061547,-0.1036281664252067,-0.2764049865207828,-0.4411879447304036,0.8798577966643767,-0.4029259596093316,-0.8034524870698391,-0.369276255887703
2011-02-13,0.02058677379709039,-0.6652678020594442,-0.08142322027275802,-1.2453962056593861,-0.09313244003378077,-0.8302123478501952,-0.7497474407772442,-0.2714900051793321,-0.2378316202291753,-0.31092891547477497,-0.5892463516770263,0.8159764959632679,-0.4031338017438027,-0.824096587859804,-0.292882856415716
2011-02-14,-0.034441122349733067,-0.7370795171157942,0.44822784794011405,-0.8238921285504611,0.10158703266416393,-0.6998139239474598,-0.34631527953398816,-0.009179561495983639,-0.0142153255279083,-0.2848791815745378,-0.5970202821320059,0.5926576432923687,-0.2893505990905995,-0.4103406437115025,0.11274788301618649
2011-02-15,-0.005571065206586635,-1.0680784515405959,0.8061814358532983,-0.14845048750237327,-0.10071478839650908,-0.5434685346250758,-0.0914878681757017,0.19410328134764704,0.49547735183568387,-0.394942363482637,-0.44028860405055836,0.09958035723705176,0.02362076791347572,-0.18260871065871653,-0.05132018603845486
2011-02-16,0.00037346837601401133,-1.075769925851625,0.8080567097386493,0.2855343843383393,-0.022331015778850764,-0.28887484233213967,-0.03124451784923247,0.3530922638847617,0.7270966544284466,-0.8107374119118296,-0.15470645384093556,-0.21659296386114094,0.18294030625937524,-0.1149672415652436,-0.40778741530441914
2011-02-17,-0.25701656470388595,-1.251659835394133,0.8658077832097278,0.6424054284842589,-0.1008398463478743,-0.37815119242582834,-0.40303113145295777,0.3070114360460113,0.8911310097803168,-1.0859793156541087,-0.030019843071260665,-0.34846220366436237,-0.047572742135733134,0.07193799430670528,-0.7520904217471577
2011-02-18,-0.5281764806201823,-1.510053999493167,0.8354443239660573,0.8791091607862284,-0.1262543873891692,-0.7086924267011834,-0.5597726570827574,0.3797896820253763,0.6380084508539867,-0.9694434392832278,-0.03876122447356705,-0.6828699706914547,-0.5192667951622936,0.2681942632630812,-0.7075613444062719
2011-02-19,-0.7043920901646507,-1.4613389446694192,0.8539502549041315,0.7170190947884253,0.11932249676481615,-0.9510400736655059,-0.5447175282786059,0.09497356937202144,0.3766371147970605,-0.6999049006829446,-0.2789581385855862,-1.1396583027628695,-1.0206647172304402,0.30309704178949376,-0.5164737423970109
2011-02-20,-0.7259360143778698,-1.3784488133674613,0.5917107431988617,0.4199164532836196,0.37028668709658635,-1.0566105153212286,-0.7982682277933756,-0.08486555496757935,0.2198184898179032,-0.8323393319341877,-0.42348449972416435,-1.0431674053116495,-1.2689615905355176,-0.1894946198862798,-0.7081851999139089
2011-02-21,-0.7360453334103916,-1.1958625249664943,0.33580367130405486,0.04334260904184129,0.35876109916262755,-1.1587899438861937,-0.857205644856215,-0.3264329408481474,0.14422986606584032,-0.6707649974077022,-0.5341637848982724,-0.7138579471076605,-1.3258547987236475,-0.5958897009115742,-1.1212765403412015
2011-02-22,-0.9123123365081126,-0.8063129827480473,-0.05695831321767842,-0.16873213700906844,0.3662195430547804,-1.3042658368607014,-0.9487303348966855,-0.36198603474304775,-0.3041246062979307,-0.6900538663737338,-0.5833482566529177,-0.6466964502649308,-1.1055572311433064,-0.8777934187239227,-1.228765291883616
2011-02-23,-0.9511281426770689,-0.18251331847425167,-0.46051546322984993,-0.5132114679565957,0.12831366547327538,-1.1023700337501714,-0.8006895849324867,-0.27710530218313845,-0.5833667428986636,-0.5077763964699169,-0.8842342444100957,-0.8632650032795017,-0.9167575576024078,-1.0269415286916361,-1.0795540693583365
2011-02-24,-0.6902679236373586,0.5335408429056754,-0.6829836487521447,-0.5426595270125127,0.30858042765499094,-0.9211292759852177,-0.4325184165804428,-0.36826273030048173,-0.4523433638305885,-0.39012035862529504,-1.1385971763943004,-1.1419580578983028,-0.9780536570129216,-1.0783386738533687,-1.0572594324339275
2011-02-25,-0.32881108819627547,0.8056674857738986,-0.3850623695499582,-0.5964427587413574,0.5973191907899982,-1.0704019314335667,-0.07823525971748486,-0.13044596918745158,-0.5216970629118978,-0.3896337995914202,-1.4753988614086235,-1.2157006412407623,-0.9204913202789574,-1.208799814966334,-1.3233562938091827
2011-02-26,0.031384812913778426,0.9315565535922856,-0.19594216561320077,-0.5844774811758509,0.5203172811349878,-0.9386895885667003,-0.027552232512061695,-0.17664829344154348,-0.7485059754882794,-0.658779262116091,-1.5554732544457368,-1.0345208860747657,-0.651183232256095,-1.331414099613374,-1.5929620001091214
2011-02-27,0.20872950182215932,0.9129757552889309,-0.3364782921329729,-0.6213963166144204,0.2814456804230682,-0.593388473361315,-0.2804516624929466,-0.37933214330725484,-0.9345464546796602,-0.7840314835203612,-1.5830943301943035,-1.061371713810851,-0.42579912604250164,-1.761884282418896,-1.6967767104890121
2011-02-28,0.034543374795872044,0.5755057964137918,-0.4086165181102455,-0.5267691488971594,-0.02283434701071746,0.04100450157676181,-0.6533431479113853,-0.2738349509082121,-0.9162572890196424,-1.0826594698768641,-1.3829844449925994,-1.4668102746434348,-0.541546562370785,-1.8718544834830462,-1.8171957683165918
2011-03-01,-0.16193578820499072,0.1433096102652302,-0.12181068462706411,-0.4530666697364563,-0.26434605140028905,0.4237431330759534,-1.1444371678760408,-0.18086492876137655,-1.0291373063418605,-1.2024362680978329,-1.3428109062540585,-1.3731530723183436,-0.5171668007867266,-1.4279780073335613,-2.0484172317522304
2011-03-02,-0.17570885595644153,0.10649862146935014,0.25453565747363655,-0.6273507735253205,-0.0015087176692437426,0.38483196750389603,-1.5743548511229895,-0.2587825534119469,-1.347097304167374,-1.3047381163127143,-1.5495905485303036,-1.5010809114595547,-0.11951465297246122,-1.2582303043030694,-1.9466875295235444
2011-03-03,0.014165873278019984,-0.30212221352730073,0.08363036727878084,-0.8091020408280033,-0.27206638101953784,0.13167095088884645,-1.7970003647127026,-0.8742036997171233,-1.5420556212752035,-1.2827545582001434,-1.3317139325788674,-1.271015490810517,0.17796566504586947,-1.2083231347543966,-1.8613607588202035
2011-03-04,0.30741837557553314,-0.7436701234585716,-0.2228284603726103,-0.6567998312380826,-0.23559678792636532,-0.1932416259452421,-2.029253890661716,-1.0850441056260323,-1.8944018817659998,-0.9100601283653215,-0.9011257047080902,-1.278010058683609,0.19628498089982768,-1.2406970706243443,-1.7445041232239562
2011-03-05,0.46427116765209764,-0.9925978919075746,-0.21556419458792167,-0.9367766672211184,-0.09161178129052096,-0.5004633860270672,-2.1946246116087123,-1.1996788465616888,-1.9912308004181685,-0.6968469973613313,-0.4264112778568255,-1.2506611201609745,0.3240713782202196,-0.7802001852425953,-1.555535122933681
2011-03-06,0.6975243156880375,-0.923817154532968,-0.29605392920907486,-1.1091841676273198,-0.052374125426757595,-0.813116140807695,-2.181581114555549,-1.4411965974784335,-2.072621213638154,-0.2987273172297728,0.1105241339474825,-1.618176114436723,-0.08233637861112238,-0.4759288150340975,-1.504508220459006
2011-03-07,0.7854685076732921,-0.9812426049406602,-0.45069815331180024,-1.1138844292138825,-0.25760992789599524,-1.1020513580159108,-2.107023589452893,-1.293339743134861,-1.9747297684408278,-0.11984752930966909,0.3359369464228083,-1.4377335489529477,-0.6602780396453017,-0.561324896217704,-1.5189319838726425
2011-03-08,0.6844818288144138,-0.9300284138046974,-0.36461678824683563,-1.3883851707637447,-0.15713703740401214,-1.5054088869147124,-1.5957463291225764,-1.4630129584822131,-1.7972754388883694,0.040928900022669176,0.3750050455714471,-1.351418577303181,-0.8662558268364455,-0.763977090174677,-1.5943350393137512
2011-03-09,0.47039502230943403,-0.6126885531436267,-0.6732752908556563,-1.5172588962603304,-0.2172198866846065,-1.3736462782709262,-1.2428427250599308,-1.5338638627457075,-1.6698458736048443,-0.17069703359500962,0.24005994647537626,-1.4805029173456798,-0.9614530605680651,-0.8788567900325609,-1.5947697654888375
2011-03-10,0.1597590642012389,-0.8128119496563532,-0.8445018506816016,-1.0860207548614407,-0.31156926136298724,-1.385915989907585,-1.3975870433581306,-1.7579008405244971,-1.3840853959889419,-0.33077374039931645,0.11053925868813223,-1.837703805064361,-1.2816038472656122,-0.9319927432017572,-1.4140185783313846
2011-03-11,-0.10765838512485897,-0.8453488649176617,-0.972135265520859,-0.8578228412093443,-0.384043015899612,-1.2576805288965298,-1.690747541809529,-2.054861692521031,-1.2352660181133959,-0.4085109007409997,-0.16732593494333667,-2.2131072408537125,-1.2353408093859477,-1.1642886436365523,-1.2606574470701037
2011-03-12,-0.02488269228293306,-0.6004035004709951,-1.1368086165473466,-0.7782586169342678,-0.618591346810067,-0.9786644136440642,-1.6358275351823481,-1.9752041604667492,-0.9199339126359756,-0.44993264852600284,-0.5539343738762486,-2.49897505711307,-0.9662195037707576,-1.018384197938602,-1.2828454183352298
2011-03-13,0.13498131924137555,-0.40622622670182,-1.1307804418639404,-0.8908596868544512,-1.0499328766021108,-0.8647295470333484,-1.4643271018110293,-1.8535982190599887,-0.5347392533187395,-0.5269301730876749,-0.12243219968390687,-2.678927641901365,-0.9695625091870167,-0.7426579470969544,-1.4322554081943462
2011-03-14,0.28574238372445754,-0.5911704136976506,-1.0937157027251678,-1.2859924459302423,-1.1877818340515782,-0.527066574848575,-1.1749583467618128,-1.50973946159458,-0.18150285533242347,-0.25704234581997293,0.01046713981288823,-2.415658560552894,-1.2060337692703158,-0.41484560332991766,-1.2586318460244676
2011-03-15,0.003135993051440813,-0.6066242155091773,-1.0545234531116496,-1.403004970128528,-1.0709638793752214,-0.43848804146281684,-1.0924330531905864,-1.230746844150043,-0.18245890772354512,0.005649314272259126,0.12245301099700645,-2.0027128874651754,-1.2867256688881894,-0.3603518349050473,-1.1782157257877854
2011-03-16,-0.17766580377881203,-0.5363501536212673,-0.8910749513355535,-1.598041803170393,-0.7000177920140754,-0.21085074384902905,-1.1953844808682583,-0.8460940772195287,-0.1877571752268289,-0.020251111607748208,0.2728279597410551,-1.7509426064553224,-1.4867008611505104,-0.2465250069244969,-1.1053250874540086
2011-03-17,-0.048415073452126506,-0.6143092458156201,-0.9760643532760059,-1.6839282003523544,-0.6333801886240122,-0.20320475390502288,-1.3228168364343396,-0.4440842428279457,-0.34249403011173835,-0.3136671140638804,0.7685514129498051,-1.296190367610031,-1.8535843040667876,-0.2765975439574704,-0.9248212690380972
2011-03-18,0.10350609978076857,-1.0474195606074856,-1.0061061329063883,-1.93511988729354,-0.6685488811667379,-0.3275650012670701,-1.0777757854305654,-0.13550694937547084,-0.6089857921838565,-0.42697607536160753,1.0603931151620827,-1.1855396294922962,-1.7681816398087675,-0.3568212091652105,-0.6462586031819293
2011-03-19,0.3119681634945836,-1.767236912449855,-1.0525916069574146,-1.659773194372213,-0.9625197204359349,-0.48644838346344976,-0.6824373082011878,-0.23960863357891282,-0.5973345803737455,-0.47837276670635814,0.7317425586490127,-1.2064587949917311,-1.7194837501792073,-0.496654604229805,-0.6128517572911585
2011-03-20,0.4145074458658501,-2.338505953822412,-0.7489824170377823,-1.5673078210387497,-0.6787393152732263,-0.45527485043967947,-0.7252196290426569,-0.3375862733984601,-0.6053284071147066,-0.5840505637280592,0.5118156787066517,-1.3046394815266895,-1.7172736752793747,-0.1378718852701518,-0.7608875021273497
2011-03-21,0.38158405781813504,-2.787600541231581,-0.5735139489865667,-1.4615218584069627,-0.5858262133996817,-0.4468489723228011,-1.037570544541567,-0.3173838051092327,-1.1777775874944796,-0.5997302934425369,0.1029573398934131,-1.508952909348196,-1.3338160105444687,-0.0014112542589909782,-1.054795128083311
2011-03-22,0.48073223463402126,-2.9900259853434217,-0.6456104999498294,-1.2950246517750215,-0.5029294946245578,-0.4201877558714599,-1.3111005458061282,-0.21212909135798172,-1.3893775778828525,-0.7689223994636174,-0.25929675876453173,-2.186273423585083,-0.9765254354750912,0.2049041354625612,-1.1485271734112017
2011-03-23,0.5646263054447132,-2.9472048685034684,-0.8796174741884395,-0.6784415377591818,-0.20560281018344473,-0.4357655986577092,-1.263709193743825,-0.16706080288237438,-1.4326851120737132,-0.6673303599296326,-0.38659135870030403,-2.442971550104493,-0.6085298914649041,0.192796841752975,-1.1577921267843894
2011-03-24,0.34896635917104046,-3.0535836386044255,-0.9410612218649651,-0.04255938718111879,0.13567956433676603,-0.29070648757926926,-1.698113591494708,-0.30347824099274345,-1.4559857532773648,-0.39008842211454614,-0.41294717479502874,-2.738273683132822,-0.3444808972102921,0.25859857847917894,-1.1955688649095682
2011-03-25,0.03198249734133756,-2.938035812675075,-1.171293273203897,0.34147651567092385,0.5945474355221404,-0.28037258388065595,-1.7790478969832437,-0.21740092684487894,-1.3207178211416641,-0.18723198501977592,-0.7197684381128026,-2.6817242750419257,0.17666276325358746,-0.08320755458614917,-1.222456152027368
2011-03-26,-0.08162254299983346,-2.5289662693928947,-1.5759655809134003,0.18004877555871016,0.5917792736708137,-0.031022110892023853,-1.4053863309522738,-0.22448395926380463,-1.117299609257945,-0.3018299367108926,-0.9525412477363933,-2.435832497086364,0.1855260191780019,0.15295420884423921,-1.0378786529072337
2011-03-27,0.12178670602020741,-2.289551781347864,-1.6942861012712254,0.25924425295102194,0.6780285774063182,-0.14503365008779623,-0.871463701970242,-0.6869710092864647,-0.7712169299374148,-0.3588369212613551,-0.9326766685735918,-2.2232009301803712,-0.10717606659127642,0.027889316909634757,-0.7283698198606156
2011-03-28,0.3064558819586425,-2.0330776252218605,-1.733783556440916,0.3935849104471983,0.3647503144131607,-0.5462325652401175,-1.0031172277741418,-1.1409295448886414,-0.6742612307209761,-0.31286013139476504,-0.9006277608798242,-1.978776080758153,-0.23441284651224215,-0.05016397888758335,-0.35364777970950273
2011-03-29,0.19823664633904833,-1.7784029713626774,-1.3977155723137258,0.5766823961375037,0.2464450605026652,-0.6207238379162081,-0.9613113740673492,-1.2394529770026457,-0.5789879013228612,-0.5345651461119502,-0.958413295066901,-2.066205662572779,-0.5701758674006953,-0.19945106833217016,-0.23930255849201168
2011-03-30,0.07746300447642838,-1.4313263661430455,-1.5562075960083115,0.7667921573783031,-0.08994608414508017,-0.4633614846691665,-0.8003916520315348,-1.1580877457983898,-0.12735864117742798,-1.1310557254417566,-0.6253283675605045,-2.135459825956604,-0.8480762926363783,-0.650202673308321,-0.12801479722763492
2011-03-31,-0.01461890380240488,-1.246494087494634,-1.6402713478010345,0.7072015907589734,-0.15467302177638853,-0.3369401776907722,-0.6028136627177901,-1.3935770100770173,0.07913593342338181,-1.122486776377412,-0.3139699469753738,-1.7409791537211783,-1.0054812405849511,-0.4388828816167069,0.05078301439157277
