,1,2,3,4,5,6,7,8,9,10,11,12,13,14,15
2010-10-02,-2.0137301614662575,-2.0137301614662575,-2.0137301614662575,-2.0137301614662575,-2.0137301614662575,-2.0137301614662575,-2.0137301614662575,-2.0137301614662575,-2.0137301614662575,-2.0137301614662575,-2.0137301614662575,-2.0137301614662575,-2.0137301614662575,-2.0137301614662575,-2.0137301614662575
2010-10-03,-2.2225843854987932,-2.2225843854987932,-2.2225843854987932,-2.2225843854987932,-2.2225843854987932,-2.2225843854987932,-2.2225843854987932,-2.2225843854987932,-2.2225843854987932,-2.2225843854987932,-2.2225843854987932,-2.2225843854987932,-2.2225843854987932,-2.2225843854987932,-2.2225843854987932
2010-10-04,-2.1890863068255504,-2.1890863068255504,-2.1890863068255504,-2.1890863068255504,-2.1890863068255504,-2.1890863068255504,-2.1890863068255504,-2.1890863068255504,-2.1890863068255504,-2.1890863068255504,-2.1890863068255504,-2.1890863068255504,-2.1890863068255504,-2.1890863068255504,-2.1890863068255504
2010-10-05,-2.08696320135063,-2.08696320135063,-2.08696320135063,-2.08696320135063,-2.08696320135063,-2.08696320135063,-2.08696320135063,-2.08696320135063,-2.08696320135063,-2.08696320135063,-2.08696320135063,-2.08696320135063,-2.08696320135063,-2.08696320135063,-2.08696320135063
2010-10-06,-1.856095382442326,-1.856095382442326,-1.856095382442326,-1.856095382442326,-1.856095382442326,-1.856095382442326,-1.856095382442326,-1.856095382442326,-1.856095382442326,-1.856095382442326,-1.856095382442326,-1.856095382442326,-1.856095382442326,-1.856095382442326,-1.856095382442326
2010-10-07,-1.6545203498649799,-1.6545203498649799,-1.6545203498649799,-1.6545203498649799,-1.6545203498649799,-1.6545203498649799,-1.6545203498649799,-1.6545203498649799,-1.6545203498649799,-1.6545203498649799,-1.6545203498649799,-1.6545203498649799,-1.6545203498649799,-1.6545203498649799,-1.6545203498649799
2010-10-08,-1.4525701677887413,-1.4525701677887413,-1.4525701677887413,-1.4525701677887413,-1.4525701677887413,-1.4525701677887413,-1.4525701677887413,-1.4525701677887413,-1.4525701677887413,-1.4525701677887413,-1.4525701677887413,-1.4525701677887413,-1.4525701677887413,-1.4525701677887413,-1.4525701677887413
2010-10-09,-0.9484954037508184,-0.9484954037508184,-0.9484954037508184,-0.9484954037508184,-0.9484954037508184,-0.9484954037508184,-0.9484954037508184,-0.9484954037508184,-0.9484954037508184,-0.9484954037508184,-0.9484954037508184,-0.9484954037508184,-0.9484954037508184,-0.9484954037508184,-0.9484954037508184
2010-10-10,-0.5154970749641156,-0.5154970749641156,-0.5154970749641156,-0.5154970749641156,-0.5154970749641156,-0.5154970749641156,-0.5154970749641156,-0.5154970749641156,-0.5154970749641156,-0.5154970749641156,-0.5154970749641156,-0.5154970749641156,-0.5154970749641156,-0.5154970749641156,-0.5154970749641156
2010-10-11,-0.0989179354626652,-0.0989179354626652,-0.0989179354626652,-0.0989179354626652,-0.0989179354626652,-0.0989179354626652,-0.0989179354626652,-0.0989179354626652,-0.0989179354626652,-0.0989179354626652,-0.0989179354626652,-0.0989179354626652,-0.0989179354626652,-0.0989179354626652,-0.0989179354626652
2010-10-12,0.317351149265566,0.317351149265566,0.317351149265566,0.317351149265566,0.317351149265566,0.317351149265566,0.317351149265566,0.317351149265566,0.317351149265566,0.317351149265566,0.317351149265566,0.317351149265566,0.317351149265566,0.317351149265566,0.317351149265566
2010-10-13,1.0060320995899188,1.0060320995899188,1.0060320995899188,1.0060320995899188,1.0060320995899188,1.0060320995899188,1.0060320995899188,1.0060320995899188,1.0060320995899188,1.0060320995899188,1.0060320995899188,1.0060320995899188,1.0060320995899188,1.0060320995899188,1.0060320995899188
2010-10-14,1.0952665018797598,1.0952665018797598,1.0952665018797598,1.0952665018797598,1.0952665018797598,1.0952665018797598,1.0952665018797598,1.0952665018797598,1.0952665018797598,1.0952665018797598,1.0952665018797598,1.0952665018797598,1.0952665018797598,1.0952665018797598,1.0952665018797598
2010-10-15,1.1526151684516062,1.1526151684516062,1.1526151684516062,1.1526151684516062,1.1526151684516062,1.1526151684516062,1.1526151684516062,1.1526151684516062,1.1526151684516062,1.1526151684516062,1.1526151684516062,1.1526151684516062,1.1526151684516062,1.1526151684516062,1.1526151684516062
2010-10-16,0.886599095306849,0.886599095306849,0.886599095306849,0.886599095306849,0.886599095306849,0.886599095306849,0.886599095306849,0.886599095306849,0.886599095306849,0.886599095306849,0.886599095306849,0.886599095306849,0.886599095306849,0.886599095306849,0.886599095306849
2010-10-17,0.6167335947686312,0.6167335947686312,0.6167335947686312,0.6167335947686312,0.6167335947686312,0.6167335947686312,0.6167335947686312,0.6167335947686312,0.6167335947686312,0.6167335947686312,0.6167335947686312,0.6167335947686312,0.6167335947686312,0.6167335947686312,0.6167335947686312
2010-10-18,0.46322969040237866,0.46322969040237866,0.46322969040237866,0.46322969040237866,0.46322969040237866,0.46322969040237866,0.46322969040237866,0.46322969040237866,0.46322969040237866,0.46322969040237866,0.46322969040237866,0.46322969040237866,0.46322969040237866,0.46322969040237866,0.46322969040237866
2010-10-19,0.313053762959944,0.313053762959944,0.313053762959944,0.313053762959944,0.313053762959944,0.313053762959944,0.313053762959944,0.313053762959944,0.313053762959944,0.313053762959944,0.313053762959944,0.313053762959944,0.313053762959944,0.313053762959944,0.313053762959944
2010-10-20,0.2292208274041976,0.2292208274041976,0.2292208274041976,0.2292208274041976,0.2292208274041976,0.2292208274041976,0.2292208274041976,0.2292208274041976,0.2292208274041976,0.2292208274041976,0.2292208274041976,0.2292208274041976,0.2292208274041976,0.2292208274041976,0.2292208274041976
2010-10-21,0.08862636784588053,0.08862636784588053,0.08862636784588053,0.08862636784588053,0.08862636784588053,0.08862636784588053,0.08862636784588053,0.08862636784588053,0.08862636784588053,0.08862636784588053,0.08862636784588053,0.08862636784588053,0.08862636784588053,0.08862636784588053,0.08862636784588053
2010-10-22,-0.3309463873252472,-0.3309463873252472,-0.3309463873252472,-0.3309463873252472,-0.3309463873252472,-0.3309463873252472,-0.3309463873252472,-0.3309463873252472,-0.3309463873252472,-0.3309463873252472,-0.3309463873252472,-0.3309463873252472,-0.3309463873252472,-0.3309463873252472,-0.3309463873252472
2010-10-23,-0.45612366065409693,-0.45612366065409693,-0.45612366065409693,-0.45612366065409693,-0.45612366065409693,-0.45612366065409693,-0.45612366065409693,-0.45612366065409693,-0.45612366065409693,-0.45612366065409693,-0.45612366065409693,-0.45612366065409693,-0.45612366065409693,-0.45612366065409693,-0.45612366065409693
2010-10-24,-0.5703523034093244,-0.5703523034093244,-0.5703523034093244,-0.5703523034093244,-0.5703523034093244,-0.5703523034093244,-0.5703523034093244,-0.5703523034093244,-0.5703523034093244,-0.5703523034093244,-0.5703523034093244,-0.5703523034093244,-0.5703523034093244,-0.5703523034093244,-0.5703523034093244
2010-10-25,-0.6624026983677042,-0.6624026983677042,-0.6624026983677042,-0.6624026983677042,-0.6624026983677042,-0.6624026983677042,-0.6624026983677042,-0.6624026983677042,-0.6624026983677042,-0.6624026983677042,-0.6624026983677042,-0.6624026983677042,-0.6624026983677042,-0.6624026983677042,-0.6624026983677042
2010-10-26,-0.42076581254134304,-0.42076581254134304,-0.42076581254134304,-0.42076581254134304,-0.42076581254134304,-0.42076581254134304,-0.42076581254134304,-0.42076581254134304,-0.42076581254134304,-0.42076581254134304,-0.42076581254134304,-0.42076581254134304,-0.42076581254134304,-0.42076581254134304,-0.42076581254134304
2010-10-27,-0.4493923569515686,-0.4493923569515686,-0.4493923569515686,-0.4493923569515686,-0.4493923569515686,-0.4493923569515686,-0.4493923569515686,-0.4493923569515686,-0.4493923569515686,-0.4493923569515686,-0.4493923569515686,-0.4493923569515686,-0.4493923569515686,-0.4493923569515686,-0.4493923569515686
2010-10-28,-0.44854012834005147,-0.44854012834005147,-0.44854012834005147,-0.44854012834005147,-0.44854012834005147,-0.44854012834005147,-0.44854012834005147,-0.44854012834005147,-0.44854012834005147,-0.44854012834005147,-0.44854012834005147,-0.44854012834005147,-0.44854012834005147,-0.44854012834005147,-0.44854012834005147
2010-10-29,-0.21084247592862082,-0.21084247592862082,-0.21084247592862082,-0.21084247592862082,-0.21084247592862082,-0.21084247592862082,-0.21084247592862082,-0.21084247592862082,-0.21084247592862082,-0.21084247592862082,-0.21084247592862082,-0.21084247592862082,-0.21084247592862082,-0.21084247592862082,-0.21084247592862082
2010-10-30,-0.6164482753852412,-0.6164482753852412,-0.6164482753852412,-0.6164482753852412,-0.6164482753852412,-0.6164482753852412,-0.6164482753852412,-0.6164482753852412,-0.6164482753852412,-0.6164482753852412,-0.6164482753852412,-0.6164482753852412,-0.6164482753852412,-0.6164482753852412,-0.6164482753852412
2010-10-31,-0.5278643667179477,-0.5278643667179477,-0.5278643667179477,-0.5278643667179477,-0.5278643667179477,-0.5278643667179477,-0.5278643667179477,-0.5278643667179477,-0.5278643667179477,-0.5278643667179477,-0.5278643667179477,-0.5278643667179477,-0.5278643667179477,-0.5278643667179477,-0.5278643667179477
2010-11-01,-0.5777955928888644,-0.5777955928888644,-0.5777955928888644,-0.5777955928888644,-0.5777955928888644,-0.5777955928888644,-0.5777955928888644,-0.5777955928888644,-0.5777955928888644,-0.5777955928888644,-0.5777955928888644,-0.5777955928888644,-0.5777955928888644,-0.5777955928888644,-0.5777955928888644
2010-11-02,-0.33458228948681334,-0.33458228948681334,-0.33458228948681334,-0.33458228948681334,-0.33458228948681334,-0.33458228948681334,-0.33458228948681334,-0.33458228948681334,-0.33458228948681334,-0.33458228948681334,-0.33458228948681334,-0.33458228948681334,-0.33458228948681334,-0.33458228948681334,-0.33458228948681334
2010-11-03,-0.16071120658263385,-0.16071120658263385,-0.16071120658263385,-0.16071120658263385,-0.16071120658263385,-0.16071120658263385,-0.16071120658263385,-0.16071120658263385,-0.16071120658263385,-0.16071120658263385,-0.16071120658263385,-0.16071120658263385,-0.16071120658263385,-0.16071120658263385,-0.16071120658263385
2010-11-04,-0.06658220317829035,-0.06658220317829035,-0.06658220317829035,-0.06658220317829035,-0.06658220317829035,-0.06658220317829035,-0.06658220317829035,-0.06658220317829035,-0.06658220317829035,-0.06658220317829035,-0.06658220317829035,-0.06658220317829035,-0.06658220317829035,-0.06658220317829035,-0.06658220317829035
2010-11-05,0.11584643027619415,0.11584643027619415,0.11584643027619415,0.11584643027619415,0.11584643027619415,0.11584643027619415,0.11584643027619415,0.11584643027619415,0.11584643027619415,0.11584643027619415,0.11584643027619415,0.11584643027619415,0.11584643027619415,0.11584643027619415,0.11584643027619415
2010-11-06,0.3468869026708111,0.3468869026708111,0.3468869026708111,0.3468869026708111,0.3468869026708111,0.3468869026708111,0.3468869026708111,0.3468869026708111,0.3468869026708111,0.3468869026708111,0.3468869026708111,0.3468869026708111,0.3468869026708111,0.3468869026708111,0.3468869026708111
2010-11-07,0.5152063216177551,0.5152063216177551,0.5152063216177551,0.5152063216177551,0.5152063216177551,0.5152063216177551,0.5152063216177551,0.5152063216177551,0.5152063216177551,0.5152063216177551,0.5152063216177551,0.5152063216177551,0.5152063216177551,0.5152063216177551,0.5152063216177551
2010-11-08,0.6774839345021834,0.6774839345021834,0.6774839345021834,0.6774839345021834,0.6774839345021834,0.6774839345021834,0.6774839345021834,0.6774839345021834,0.6774839345021834,0.6774839345021834,0.6774839345021834,0.6774839345021834,0.6774839345021834,0.6774839345021834,0.6774839345021834
2010-11-09,0.5638586669371485,0.5638586669371485,0.5638586669371485,0.5638586669371485,0.5638586669371485,0.5638586669371485,0.5638586669371485,0.5638586669371485,0.5638586669371485,0.5638586669371485,0.5638586669371485,0.5638586669371485,0.5638586669371485,0.5638586669371485,0.5638586669371485
2010-11-10,0.6723899999352351,0.6723899999352351,0.6723899999352351,0.6723899999352351,0.6723899999352351,0.6723899999352351,0.6723899999352351,0.6723899999352351,0.6723899999352351,0.6723899999352351,0.6723899999352351,0.6723899999352351,0.6723899999352351,0.6723899999352351,0.6723899999352351
2010-11-11,0.7636791198251942,0.7636791198251942,0.7636791198251942,0.7636791198251942,0.7636791198251942,0.7636791198251942,0.7636791198251942,0.7636791198251942,0.7636791198251942,0.7636791198251942,0.7636791198251942,0.7636791198251942,0.7636791198251942,0.7636791198251942,0.7636791198251942
2010-11-12,0.5523621197567131,0.5523621197567131,0.5523621197567131,0.5523621197567131,0.5523621197567131,0.5523621197567131,0.5523621197567131,0.5523621197567131,0.5523621197567131,0.5523621197567131,0.5523621197567131,0.5523621197567131,0.5523621197567131,0.5523621197567131,0.5523621197567131
2010-11-13,0.38200437235794465,0.38200437235794465,0.38200437235794465,0.38200437235794465,0.38200437235794465,0.38200437235794465,0.38200437235794465,0.38200437235794465,0.38200437235794465,0.38200437235794465,0.38200437235794465,0.38200437235794465,0.38200437235794465,0.38200437235794465,0.38200437235794465
2010-11-14,0.2246892127479661,0.2246892127479661,0.2246892127479661,0.2246892127479661,0.2246892127479661,0.2246892127479661,0.2246892127479661,0.2246892127479661,0.2246892127479661,0.2246892127479661,0.2246892127479661,0.2246892127479661,0.2246892127479661,0.2246892127479661,0.2246892127479661
2010-11-15,-0.02136714157196217,-0.02136714157196217,-0.02136714157196217,-0.02136714157196217,-0.02136714157196217,-0.02136714157196217,-0.02136714157196217,-0.02136714157196217,-0.02136714157196217,-0.02136714157196217,-0.02136714157196217,-0.02136714157196217,-0.02136714157196217,-0.02136714157196217,-0.02136714157196217
2010-11-16,-0.3753944116358765,-0.3753944116358765,-0.3753944116358765,-0.3753944116358765,-0.3753944116358765,-0.3753944116358765,-0.3753944116358765,-0.3753944116358765,-0.3753944116358765,-0.3753944116358765,-0.3753944116358765,-0.3753944116358765,-0.3753944116358765,-0.3753944116358765,-0.3753944116358765
2010-11-17,-0.478582220371224,-0.478582220371224,-0.478582220371224,-0.478582220371224,-0.478582220371224,-0.478582220371224,-0.478582220371224,-0.478582220371224,-0.478582220371224,-0.478582220371224,-0.478582220371224,-0.478582220371224,-0.478582220371224,-0.478582220371224,-0.478582220371224
2010-11-18,-0.1513295132412378,-0.1513295132412378,-0.1513295132412378,-0.1513295132412378,-0.1513295132412378,-0.1513295132412378,-0.1513295132412378,-0.1513295132412378,-0.1513295132412378,-0.1513295132412378,-0.1513295132412378,-0.1513295132412378,-0.1513295132412378,-0.1513295132412378,-0.1513295132412378
2010-11-19,-0.07842930804971049,-0.07842930804971049,-0.07842930804971049,-0.07842930804971049,-0.07842930804971049,-0.07842930804971049,-0.07842930804971049,-0.07842930804971049,-0.07842930804971049,-0.07842930804971049,-0.07842930804971049,-0.07842930804971049,-0.07842930804971049,-0.07842930804971049,-0.07842930804971049
2010-11-20,-0.24818597339288173,-0.24818597339288173,-0.24818597339288173,-0.24818597339288173,-0.24818597339288173,-0.24818597339288173,-0.24818597339288173,-0.24818597339288173,-0.24818597339288173,-0.24818597339288173,-0.24818597339288173,-0.24818597339288173,-0.24818597339288173,-0.24818597339288173,-0.24818597339288173
2010-11-21,-0.2523926781468459,-0.2523926781468459,-0.2523926781468459,-0.2523926781468459,-0.2523926781468459,-0.2523926781468459,-0.2523926781468459,-0.2523926781468459,-0.2523926781468459,-0.2523926781468459,-0.2523926781468459,-0.2523926781468459,-0.2523926781468459,-0.2523926781468459,-0.2523926781468459
2010-11-22,-0.38907539739341496,-0.38907539739341496,-0.38907539739341496,-0.38907539739341496,-0.38907539739341496,-0.38907539739341496,-0.38907539739341496,-0.38907539739341496,-0.38907539739341496,-0.38907539739341496,-0.38907539739341496,-0.38907539739341496,-0.38907539739341496,-0.38907539739341496,-0.38907539739341496
2010-11-23,-0.6112897847988369,-0.6112897847988369,-0.6112897847988369,-0.6112897847988369,-0.6112897847988369,-0.6112897847988369,-0.6112897847988369,-0.6112897847988369,-0.6112897847988369,-0.6112897847988369,-0.6112897847988369,-0.6112897847988369,-0.6112897847988369,-0.6112897847988369,-0.6112897847988369
2010-11-24,-0.6977642526896861,-0.6977642526896861,-0.6977642526896861,-0.6977642526896861,-0.6977642526896861,-0.6977642526896861,-0.6977642526896861,-0.6977642526896861,-0.6977642526896861,-0.6977642526896861,-0.6977642526896861,-0.6977642526896861,-0.6977642526896861,-0.6977642526896861,-0.6977642526896861
2010-11-25,-0.7702026725149062,-0.7702026725149062,-0.7702026725149062,-0.7702026725149062,-0.7702026725149062,-0.7702026725149062,-0.7702026725149062,-0.7702026725149062,-0.7702026725149062,-0.7702026725149062,-0.7702026725149062,-0.7702026725149062,-0.7702026725149062,-0.7702026725149062,-0.7702026725149062
2010-11-26,-0.8450454422299196,-0.8450454422299196,-0.8450454422299196,-0.8450454422299196,-0.8450454422299196,-0.8450454422299196,-0.8450454422299196,-0.8450454422299196,-0.8450454422299196,-0.8450454422299196,-0.8450454422299196,-0.8450454422299196,-0.8450454422299196,-0.8450454422299196,-0.8450454422299196
2010-11-27,-0.9984134703506721,-0.9984134703506721,-0.9984134703506721,-0.9984134703506721,-0.9984134703506721,-0.9984134703506721,-0.9984134703506721,-0.9984134703506721,-0.9984134703506721,-0.9984134703506721,-0.9984134703506721,-0.9984134703506721,-0.9984134703506721,-0.9984134703506721,-0.9984134703506721
2010-11-28,-1.0897334218270118,-1.0897334218270118,-1.0897334218270118,-1.0897334218270118,-1.0897334218270118,-1.0897334218270118,-1.0897334218270118,-1.0897334218270118,-1.0897334218270118,-1.0897334218270118,-1.0897334218270118,-1.0897334218270118,-1.0897334218270118,-1.0897334218270118,-1.0897334218270118
2010-11-29,-0.9259525110339796,-0.9259525110339796,-0.9259525110339796,-0.9259525110339796,-0.9259525110339796,-0.9259525110339796,-0.9259525110339796,-0.9259525110339796,-0.9259525110339796,-0.9259525110339796,-0.9259525110339796,-0.9259525110339796,-0.9259525110339796,-0.9259525110339796,-0.9259525110339796
2010-11-30,-0.8913417984405915,-0.8913417984405915,-0.8913417984405915,-0.8913417984405915,-0.8913417984405915,-0.8913417984405915,-0.8913417984405915,-0.8913417984405915,-0.8913417984405915,-0.8913417984405915,-0.8913417984405915,-0.8913417984405915,-0.8913417984405915,-0.8913417984405915,-0.8913417984405915
2010-12-01,-1.138011474701976,-1.138011474701976,-1.138011474701976,-1.138011474701976,-1.138011474701976,-1.138011474701976,-1.138011474701976,-1.138011474701976,-1.138011474701976,-1.138011474701976,-1.138011474701976,-1.138011474701976,-1.138011474701976,-1.138011474701976,-1.138011474701976
2010-12-02,-1.112271415674874,-1.112271415674874,-1.112271415674874,-1.112271415674874,-1.112271415674874,-1.112271415674874,-1.112271415674874,-1.112271415674874,-1.112271415674874,-1.112271415674874,-1.112271415674874,-1.112271415674874,-1.112271415674874,-1.112271415674874,-1.112271415674874
2010-12-03,-1.1706382621938543,-1.1706382621938543,-1.1706382621938543,-1.1706382621938543,-1.1706382621938543,-1.1706382621938543,-1.1706382621938543,-1.1706382621938543,-1.1706382621938543,-1.1706382621938543,-1.1706382621938543,-1.1706382621938543,-1.1706382621938543,-1.1706382621938543,-1.1706382621938543
2010-12-04,-1.108852647745119,-1.108852647745119,-1.108852647745119,-1.108852647745119,-1.108852647745119,-1.108852647745119,-1.108852647745119,-1.108852647745119,-1.108852647745119,-1.108852647745119,-1.108852647745119,-1.108852647745119,-1.108852647745119,-1.108852647745119,-1.108852647745119
2010-12-05,-0.8697112750140261,-0.8697112750140261,-0.8697112750140261,-0.8697112750140261,-0.8697112750140261,-0.8697112750140261,-0.8697112750140261,-0.8697112750140261,-0.8697112750140261,-0.8697112750140261,-0.8697112750140261,-0.8697112750140261,-0.8697112750140261,-0.8697112750140261,-0.8697112750140261
2010-12-06,-0.6670122972451082,-0.6670122972451082,-0.6670122972451082,-0.6670122972451082,-0.6670122972451082,-0.6670122972451082,-0.6670122972451082,-0.6670122972451082,-0.6670122972451082,-0.6670122972451082,-0.6670122972451082,-0.6670122972451082,-0.6670122972451082,-0.6670122972451082,-0.6670122972451082
2010-12-07,-0.5971539607854695,-0.5971539607854695,-0.5971539607854695,-0.5971539607854695,-0.5971539607854695,-0.5971539607854695,-0.5971539607854695,-0.5971539607854695,-0.5971539607854695,-0.5971539607854695,-0.5971539607854695,-0.5971539607854695,-0.5971539607854695,-0.5971539607854695,-0.5971539607854695
2010-12-08,-0.6233691420749184,-0.6233691420749184,-0.6233691420749184,-0.6233691420749184,-0.6233691420749184,-0.6233691420749184,-0.6233691420749184,-0.6233691420749184,-0.6233691420749184,-0.6233691420749184,-0.6233691420749184,-0.6233691420749184,-0.6233691420749184,-0.6233691420749184,-0.6233691420749184
2010-12-09,-0.41259600506820165,-0.41259600506820165,-0.41259600506820165,-0.41259600506820165,-0.41259600506820165,-0.41259600506820165,-0.41259600506820165,-0.41259600506820165,-0.41259600506820165,-0.41259600506820165,-0.41259600506820165,-0.41259600506820165,-0.41259600506820165,-0.41259600506820165,-0.41259600506820165
2010-12-10,0.1704965419809894,0.1704965419809894,0.1704965419809894,0.1704965419809894,0.1704965419809894,0.1704965419809894,0.1704965419809894,0.1704965419809894,0.1704965419809894,0.1704965419809894,0.1704965419809894,0.1704965419809894,0.1704965419809894,0.1704965419809894,0.1704965419809894
2010-12-11,0.3882572983883431,0.3882572983883431,0.3882572983883431,0.3882572983883431,0.3882572983883431,0.3882572983883431,0.3882572983883431,0.3882572983883431,0.3882572983883431,0.3882572983883431,0.3882572983883431,0.3882572983883431,0.3882572983883431,0.3882572983883431,0.3882572983883431
2010-12-12,0.22264129742886654,0.22264129742886654,0.22264129742886654,0.22264129742886654,0.22264129742886654,0.22264129742886654,0.22264129742886654,0.22264129742886654,0.22264129742886654,0.22264129742886654,0.22264129742886654,0.22264129742886654,0.22264129742886654,0.22264129742886654,0.22264129742886654
2010-12-13,0.14237369104099154,0.14237369104099154,0.14237369104099154,0.14237369104099154,0.14237369104099154,0.14237369104099154,0.14237369104099154,0.14237369104099154,0.14237369104099154,0.14237369104099154,0.14237369104099154,0.14237369104099154,0.14237369104099154,0.14237369104099154,0.14237369104099154
2010-12-14,0.42054902123593746,0.42054902123593746,0.42054902123593746,0.42054902123593746,0.42054902123593746,0.42054902123593746,0.42054902123593746,0.42054902123593746,0.42054902123593746,0.42054902123593746,0.42054902123593746,0.42054902123593746,0.42054902123593746,0.42054902123593746,0.42054902123593746
2010-12-15,0.39146805512524957,0.39146805512524957,0.39146805512524957,0.39146805512524957,0.39146805512524957,0.39146805512524957,0.39146805512524957,0.39146805512524957,0.39146805512524957,0.39146805512524957,0.39146805512524957,0.39146805512524957,0.39146805512524957,0.39146805512524957,0.39146805512524957
2010-12-16,0.31187118826851457,0.31187118826851457,0.31187118826851457,0.31187118826851457,0.31187118826851457,0.31187118826851457,0.31187118826851457,0.31187118826851457,0.31187118826851457,0.31187118826851457,0.31187118826851457,0.31187118826851457,0.31187118826851457,0.31187118826851457,0.31187118826851457
2010-12-17,0.5588953104660739,0.5588953104660739,0.5588953104660739,0.5588953104660739,0.5588953104660739,0.5588953104660739,0.5588953104660739,0.5588953104660739,0.5588953104660739,0.5588953104660739,0.5588953104660739,0.5588953104660739,0.5588953104660739,0.5588953104660739,0.5588953104660739
2010-12-18,0.4962454943909505,0.4962454943909505,0.4962454943909505,0.4962454943909505,0.4962454943909505,0.4962454943909505,0.4962454943909505,0.4962454943909505,0.4962454943909505,0.4962454943909505,0.4962454943909505,0.4962454943909505,0.4962454943909505,0.4962454943909505,0.4962454943909505
2010-12-19,0.6837658776828915,0.6837658776828915,0.6837658776828915,0.6837658776828915,0.6837658776828915,0.6837658776828915,0.6837658776828915,0.6837658776828915,0.6837658776828915,0.6837658776828915,0.6837658776828915,0.6837658776828915,0.6837658776828915,0.6837658776828915,0.6837658776828915
2010-12-20,0.5851066426246898,0.5851066426246898,0.5851066426246898,0.5851066426246898,0.5851066426246898,0.5851066426246898,0.5851066426246898,0.5851066426246898,0.5851066426246898,0.5851066426246898,0.5851066426246898,0.5851066426246898,0.5851066426246898,0.5851066426246898,0.5851066426246898
2010-12-21,0.536984445634938,0.536984445634938,0.536984445634938,0.536984445634938,0.536984445634938,0.536984445634938,0.536984445634938,0.536984445634938,0.536984445634938,0.536984445634938,0.536984445634938,0.536984445634938,0.536984445634938,0.536984445634938,0.536984445634938
2010-12-22,0.17094811350100522,0.17094811350100522,0.17094811350100522,0.17094811350100522,0.17094811350100522,0.17094811350100522,0.17094811350100522,0.17094811350100522,0.17094811350100522,0.17094811350100522,0.17094811350100522,0.17094811350100522,0.17094811350100522,0.17094811350100522,0.17094811350100522
2010-12-23,-0.23179396074783987,-0.23179396074783987,-0.23179396074783987,-0.23179396074783987,-0.23179396074783987,-0.23179396074783987,-0.23179396074783987,-0.23179396074783987,-0.23179396074783987,-0.23179396074783987,-0.23179396074783987,-0.23179396074783987,-0.23179396074783987,-0.23179396074783987,-0.23179396074783987
2010-12-24,-0.09411233404808661,-0.09411233404808661,-0.09411233404808661,-0.09411233404808661,-0.09411233404808661,-0.09411233404808661,-0.09411233404808661,-0.09411233404808661,-0.09411233404808661,-0.09411233404808661,-0.09411233404808661,-0.09411233404808661,-0.09411233404808661,-0.09411233404808661,-0.09411233404808661
2010-12-25,-0.0912187746530896,-0.0912187746530896,-0.0912187746530896,-0.0912187746530896,-0.0912187746530896,-0.0912187746530896,-0.0912187746530896,-0.0912187746530896,-0.0912187746530896,-0.0912187746530896,-0.0912187746530896,-0.0912187746530896,-0.0912187746530896,-0.0912187746530896,-0.0912187746530896
2010-12-26,-0.13528917432369061,-0.13528917432369061,-0.13528917432369061,-0.13528917432369061,-0.13528917432369061,-0.13528917432369061,-0.13528917432369061,-0.13528917432369061,-0.13528917432369061,-0.13528917432369061,-0.13528917432369061,-0.13528917432369061,-0.13528917432369061,-0.13528917432369061,-0.13528917432369061
2010-12-27,-0.16180814358826187,-0.16180814358826187,-0.16180814358826187,-0.16180814358826187,-0.16180814358826187,-0.16180814358826187,-0.16180814358826187,-0.16180814358826187,-0.16180814358826187,-0.16180814358826187,-0.16180814358826187,-0.16180814358826187,-0.16180814358826187,-0.16180814358826187,-0.16180814358826187
2010-12-28,-0.05910172962333528,-0.05910172962333528,-0.05910172962333528,-0.05910172962333528,-0.05910172962333528,-0.05910172962333528,-0.05910172962333528,-0.05910172962333528,-0.05910172962333528,-0.05910172962333528,-0.05910172962333528,-0.05910172962333528,-0.05910172962333528,-0.05910172962333528,-0.05910172962333528
2010-12-29,-0.13374126076888232,-0.13374126076888232,-0.13374126076888232,-0.13374126076888232,-0.13374126076888232,-0.13374126076888232,-0.13374126076888232,-0.13374126076888232,-0.13374126076888232,-0.13374126076888232,-0.13374126076888232,-0.13374126076888232,-0.13374126076888232,-0.13374126076888232,-0.13374126076888232
2010-12-30,-0.4271072664754896,-0.4271072664754896,-0.4271072664754896,-0.4271072664754896,-0.4271072664754896,-0.4271072664754896,-0.4271072664754896,-0.4271072664754896,-0.4271072664754896,-0.4271072664754896,-0.4271072664754896,-0.4271072664754896,-0.4271072664754896,-0.4271072664754896,-0.4271072664754896
2010-12-31,-0.3888515607901508,-0.3888515607901508,-0.3888515607901508,-0.3888515607901508,-0.3888515607901508,-0.3888515607901508,-0.3888515607901508,-0.3888515607901508,-0.3888515607901508,-0.3888515607901508,-0.3888515607901508,-0.3888515607901508,-0.3888515607901508,-0.3888515607901508,-0.3888515607901508
2011-01-01,0.06467436008229259,0.06467436008229259,0.06467436008229259,0.06467436008229259,0.06467436008229259,0.06467436008229259,0.06467436008229259,0.06467436008229259,0.06467436008229259,0.06467436008229259,0.06467436008229259,0.06467436008229259,0.06467436008229259,0.06467436008229259,0.06467436008229259
2011-01-02,0.3986091280318691,0.3986091280318691,0.3986091280318691,0.3986091280318691,0.3986091280318691,0.3986091280318691,0.3986091280318691,0.3986091280318691,0.3986091280318691,0.3986091280318691,0.3986091280318691,0.3986091280318691,0.3986091280318691,0.3986091280318691,0.3986091280318691
2011-01-03,0.5827474180507469,0.5827474180507469,0.5827474180507469,0.5827474180507469,0.5827474180507469,0.5827474180507469,0.5827474180507469,0.5827474180507469,0.5827474180507469,0.5827474180507469,0.5827474180507469,0.5827474180507469,0.5827474180507469,0.5827474180507469,0.5827474180507469
2011-01-04,0.1180284729762615,0.1180284729762615,0.1180284729762615,0.1180284729762615,0.1180284729762615,0.1180284729762615,0.1180284729762615,0.1180284729762615,0.1180284729762615,0.1180284729762615,0.1180284729762615,0.1180284729762615,0.1180284729762615,0.1180284729762615,0.1180284729762615
2011-01-05,-0.13656011399194987,-0.13656011399194987,-0.13656011399194987,-0.13656011399194987,-0.13656011399194987,-0.13656011399194987,-0.13656011399194987,-0.13656011399194987,-0.13656011399194987,-0.13656011399194987,-0.13656011399194987,-0.13656011399194987,-0.13656011399194987,-0.13656011399194987,-0.13656011399194987
2011-01-06,-0.0691399475850814,-0.0691399475850814,-0.0691399475850814,-0.0691399475850814,-0.0691399475850814,-0.0691399475850814,-0.0691399475850814,-0.0691399475850814,-0.0691399475850814,-0.0691399475850814,-0.0691399475850814,-0.0691399475850814,-0.0691399475850814,-0.0691399475850814,-0.0691399475850814
2011-01-07,0.0727210989199235,0.0727210989199235,0.0727210989199235,0.0727210989199235,0.0727210989199235,0.0727210989199235,0.0727210989199235,0.0727210989199235,0.0727210989199235,0.0727210989199235,0.0727210989199235,0.0727210989199235,0.0727210989199235,0.0727210989199235,0.0727210989199235
2011-01-08,0.06996150176052447,0.06996150176052447,0.06996150176052447,0.06996150176052447,0.06996150176052447,0.06996150176052447,0.06996150176052447,0.06996150176052447,0.06996150176052447,0.06996150176052447,0.06996150176052447,0.06996150176052447,0.06996150176052447,0.06996150176052447,0.06996150176052447
2011-01-09,0.2235376207302823,0.2235376207302823,0.2235376207302823,0.2235376207302823,0.2235376207302823,0.2235376207302823,0.2235376207302823,0.2235376207302823,0.2235376207302823,0.2235376207302823,0.2235376207302823,0.2235376207302823,0.2235376207302823,0.2235376207302823,0.2235376207302823
2011-01-10,0.33132366284899645,0.33132366284899645,0.33132366284899645,0.33132366284899645,0.33132366284899645,0.33132366284899645,0.33132366284899645,0.33132366284899645,0.33132366284899645,0.33132366284899645,0.33132366284899645,0.33132366284899645,0.33132366284899645,0.33132366284899645,0.33132366284899645
2011-01-11,0.5861977580547293,0.5861977580547293,0.5861977580547293,0.5861977580547293,0.5861977580547293,0.5861977580547293,0.5861977580547293,0.5861977580547293,0.5861977580547293,0.5861977580547293,0.5861977580547293,0.5861977580547293,0.5861977580547293,0.5861977580547293,0.5861977580547293
2011-01-12,1.1052756548822238,1.1052756548822238,1.1052756548822238,1.1052756548822238,1.1052756548822238,1.1052756548822238,1.1052756548822238,1.1052756548822238,1.1052756548822238,1.1052756548822238,1.1052756548822238,1.1052756548822238,1.1052756548822238,1.1052756548822238,1.1052756548822238
2011-01-13,1.283933284598216,1.283933284598216,1.283933284598216,1.283933284598216,1.283933284598216,1.283933284598216,1.283933284598216,1.283933284598216,1.283933284598216,1.283933284598216,1.283933284598216,1.283933284598216,1.283933284598216,1.283933284598216,1.283933284598216
2011-01-14,1.3980232959731964,1.3980232959731964,1.3980232959731964,1.3980232959731964,1.3980232959731964,1.3980232959731964,1.3980232959731964,1.3980232959731964,1.3980232959731964,1.3980232959731964,1.3980232959731964,1.3980232959731964,1.3980232959731964,1.3980232959731964,1.3980232959731964
2011-01-15,1.3934404046405877,1.3934404046405877,1.3934404046405877,1.3934404046405877,1.3934404046405877,1.3934404046405877,1.3934404046405877,1.3934404046405877,1.3934404046405877,1.3934404046405877,1.3934404046405877,1.3934404046405877,1.3934404046405877,1.3934404046405877,1.3934404046405877
2011-01-16,1.618774400579121,1.618774400579121,1.618774400579121,1.618774400579121,1.618774400579121,1.618774400579121,1.618774400579121,1.618774400579121,1.618774400579121,1.618774400579121,1.618774400579121,1.618774400579121,1.618774400579121,1.618774400579121,1.618774400579121
2011-01-17,1.563873976704892,1.563873976704892,1.563873976704892,1.563873976704892,1.563873976704892,1.563873976704892,1.563873976704892,1.563873976704892,1.563873976704892,1.563873976704892,1.563873976704892,1.563873976704892,1.563873976704892,1.563873976704892,1.563873976704892
2011-01-18,1.9726273756343755,1.9726273756343755,1.9726273756343755,1.9726273756343755,1.9726273756343755,1.9726273756343755,1.9726273756343755,1.9726273756343755,1.9726273756343755,1.9726273756343755,1.9726273756343755,1.9726273756343755,1.9726273756343755,1.9726273756343755,1.9726273756343755
2011-01-19,1.9839954791469465,1.9839954791469465,1.9839954791469465,1.9839954791469465,1.9839954791469465,1.9839954791469465,1.9839954791469465,1.9839954791469465,1.9839954791469465,1.9839954791469465,1.9839954791469465,1.9839954791469465,1.9839954791469465,1.9839954791469465,1.9839954791469465
2011-01-20,1.8035912496063904,1.8035912496063904,1.8035912496063904,1.8035912496063904,1.8035912496063904,1.8035912496063904,1.8035912496063904,1.8035912496063904,1.8035912496063904,1.8035912496063904,1.8035912496063904,1.8035912496063904,1.8035912496063904,1.8035912496063904,1.8035912496063904
2011-01-21,1.8708192831297115,1.8708192831297115,1.8708192831297115,1.8708192831297115,1.8708192831297115,1.8708192831297115,1.8708192831297115,1.8708192831297115,1.8708192831297115,1.8708192831297115,1.8708192831297115,1.8708192831297115,1.8708192831297115,1.8708192831297115,1.8708192831297115
2011-01-22,1.7915831694338138,1.7915831694338138,1.7915831694338138,1.7915831694338138,1.7915831694338138,1.7915831694338138,1.7915831694338138,1.7915831694338138,1.7915831694338138,1.7915831694338138,1.7915831694338138,1.7915831694338138,1.7915831694338138,1.7915831694338138,1.7915831694338138
2011-01-23,1.7572337298607001,1.7572337298607001,1.7572337298607001,1.7572337298607001,1.7572337298607001,1.7572337298607001,1.7572337298607001,1.7572337298607001,1.7572337298607001,1.7572337298607001,1.7572337298607001,1.7572337298607001,1.7572337298607001,1.7572337298607001,1.7572337298607001
2011-01-24,1.2538263839489816,1.2538263839489816,1.2538263839489816,1.2538263839489816,1.2538263839489816,1.2538263839489816,1.2538263839489816,1.2538263839489816,1.2538263839489816,1.2538263839489816,1.2538263839489816,1.2538263839489816,1.2538263839489816,1.2538263839489816,1.2538263839489816
2011-01-25,0.7199150957657001,0.7199150957657001,0.7199150957657001,0.7199150957657001,0.7199150957657001,0.7199150957657001,0.7199150957657001,0.7199150957657001,0.7199150957657001,0.7199150957657001,0.7199150957657001,0.7199150957657001,0.7199150957657001,0.7199150957657001,0.7199150957657001
2011-01-26,0.14972352381258508,0.14972352381258508,0.14972352381258508,0.14972352381258508,0.14972352381258508,0.14972352381258508,0.14972352381258508,0.14972352381258508,0.14972352381258508,0.14972352381258508,0.14972352381258508,0.14972352381258508,0.14972352381258508,0.14972352381258508,0.14972352381258508
2011-01-27,-0.30757223889918905,-0.30757223889918905,-0.30757223889918905,-0.30757223889918905,-0.30757223889918905,-0.30757223889918905,-0.30757223889918905,-0.30757223889918905,-0.30757223889918905,-0.30757223889918905,-0.30757223889918905,-0.30757223889918905,-0.30757223889918905,-0.30757223889918905,-0.30757223889918905
2011-01-28,-0.544952534584402,-0.544952534584402,-0.544952534584402,-0.544952534584402,-0.544952534584402,-0.544952534584402,-0.544952534584402,-0.544952534584402,-0.544952534584402,-0.544952534584402,-0.544952534584402,-0.544952534584402,-0.544952534584402,-0.544952534584402,-0.544952534584402
2011-01-29,-0.8956497953937771,-0.8956497953937771,-0.8956497953937771,-0.8956497953937771,-0.8956497953937771,-0.8956497953937771,-0.8956497953937771,-0.8956497953937771,-0.8956497953937771,-0.8956497953937771,-0.8956497953937771,-0.8956497953937771,-0.8956497953937771,-0.8956497953937771,-0.8956497953937771
2011-01-30,-0.9045681904583049,-0.8727463097383137,-0.9081234774813429,-0.9167024527181489,-0.8573940340875101,-0.9817675443877796,-0.8482987970247016,-1.0407721298218722,-0.9094197688782424,-1.0355296558609917,-0.9050407793681836,-0.8929646623369543,-0.8856314044399637,-0.988923115689059,-0.9518473325980827
2011-01-31,-0.9968069270683678,-1.0037465155442724,-1.0602677806219234,-0.9862015555268016,-1.0009503725162232,-1.0921284183987106,-0.8699188381980398,-1.0746378679770947,-1.022342679789387,-1.1993987748962562,-1.0564232295224858,-0.9473754433795187,-0.9417997598445451,-0.9390663198992037,-0.8745237612229961
2011-02-01,-0.9291322899424648,-0.8006657318979393,-0.9479505866164016,-0.6785001381360954,-0.8114326410011181,-0.8952232036964207,-0.664283770633623,-1.0394946002795475,-0.9107668686806512,-1.0811666428724724,-0.9830621020901947,-0.8730991065374945,-0.836726652049792,-0.6134204869490866,-0.6879729264334556
2011-02-02,-0.5970704923582323,-0.3430254108264584,-0.4970864076195952,-0.3522869868646798,-0.5394977404734578,-0.6216168446955658,-0.2003017674003656,-0.6325878704825477,-0.664923998860198,-0.9635028327300049,-0.673711386873955,-0.61643832862398,-0.5527444602581505,-0.1278528382486869,-0.3641310833383486
2011-02-03,-0.3573564257978017,0.11620050948440518,0.21717196259316662,-0.03536126979630882,-0.35099412692477416,-0.10879795026651475,-7.847275473136951e-05,-0.18898595831761827,-0.18223804252379622,-0.7580757663032507,-0.4756915153643745,-0.3391267850148685,-0.4970893400875182,0.336646323400601,0.1001520661193886
2011-02-04,-0.19564453834291534,0.35845433383526953,0.5185465528960016,0.24598450291335594,-0.2841249224816582,0.16781424984183782,0.2813068808968114,0.3459515779440892,-0.21617667996318468,-0.5524809377745088,-0.2508789731986095,0.06566869380991393,-0.2519583212261688,0.447405309693793,0.3797783292974402
2011-02-05,-0.02488920949932431,0.5812288709275345,0.5970784465788344,0.4008306411016968,-0.07155744331417432,0.41436670255149544,0.3308192552088131,0.5026551607399216,0.159616919566419,-0.3579818025128665,-0.0955534881885319,0.4496907749677112,0.01707109200908155,0.35058038991641355,0.45462841853586017
2011-02-06,0.05163713724763465,0.5489952007417636,0.5564130133284423,0.1746776387242945,0.30563866941844886,0.6113826544843943,0.5699243134371564,0.6220566991900722,0.36466628115766975,-0.26546920533615165,-0.2277601514295391,0.6550156502409173,0.28352963247807206,0.2308089949195112,0.6974612801671863
2011-02-07,0.14205013431273023,0.799888806681711,0.6004809617323185,0.31109596248735366,0.39143815106220403,0.7914105555992966,0.7487204016364225,0.6691029918948199,0.39748502933943763,-0.22679994222369437,0.05432338214198258,0.8901311616550213,0.2930226261457304,0.18045829194981827,1.0401876667771677
2011-02-08,0.21814981651476406,0.7903032808613843,0.5181235020157479,0.31441846118005384,0.316383051182715,0.8263773849238294,1.062343075508228,0.6792898093349776,0.5895027812333308,-0.13872631721274922,-0.040723579312102805,0.9559203281988595,0.21746723643159813,0.27550409367931983,1.151092993091463
2011-02-09,0.022209629829200415,0.6709905225464257,0.35310180280817566,0.36681910480718327,0.05513287219252535,0.8523004537959545,0.9451279226870504,0.8408638245362349,0.4954918238696167,0.2426216139474446,0.05927885693400776,1.153975560859211,0.030728388295454528,0.10972553951882938,0.8851095449433194
2011-02-10,-0.07419438601217795,0.626889520688727,0.07654185672189369,0.3383807580668351,-0.10667281821017721,0.8132856997034548,0.8596879593270094,0.9181398499509743,0.44412047028982576,0.13635656090083095,0.09043367662076719,1.06920017623241,-0.261751239112311,-0.041699836793578214,0.5321042073497042
2011-02-11,-0.02378039415468531,0.44513010427571065,0.04982234368297407,0.4657728296880255,-0.31625666083738324,0.47393343303128044,0.7678640267774535,0.9197600265140212,0.1665748608033035,0.13082097468161738,-0.08177808016358452,1.0503751805919765,-0.31194536485355506,-0.2542933469113145,0.5042940845444219
2011-02-12,0.06383997189182242,0.21755067133247247,0.031770735407316716,0.50928720591956,-0.6005603721876519,0.3648713282191713,0.37928047655210323,0.6458583830379111,-0.33646028603099026,0.27620205104743245,-0.5137475252942523,1.1577878203213823,-0.24780913728812465,-0.13843134494691786,0.38915883613849983
2011-02-13,0.40092994716063807,0.19162436561989782,0.02090928832662479,0.3289104676467887,-0.8558868938005283,0.232032254095292,0.05792307540109087,0.36424263971073845,-0.571037859548867,0.4555441357369916,-0.751681447162897,1.3177513902916904,-0.23507141695009717,-0.1138193408853742,0.5528073672235397
2011-02-14,0.8235428205296451,0.36898452721335834,0.018159784761835728,0.4039531460977969,-1.0593950007394877,0.07934035444454841,-0.19252890598320893,0.5225652387675187,-0.7079899055097963,0.7193245206905535,-0.509904707305404,1.403903307491262,-0.07334235956829423,-0.3659596187830287,0.800351517258442
2011-02-15,1.0966172054702568,0.566262918620846,0.19618771345541172,0.296900585248651,-1.0153281251802282,0.08675431597411587,-0.251298410294713,0.8310922011385253,-0.720554005883539,0.7796068387848639,-0.13962038915192734,1.6055998727192793,0.03678736876652069,-0.6026930988288419,1.104618478503565
2011-02-16,1.2312587424526016,0.8448586069419979,0.487354025044033,0.3032351633715335,-0.8544652271481322,-0.06385027475449652,0.011381363357308934,1.0806595144726914,-0.9361659910430409,0.6529007801858616,0.031571440863405374,1.8558234300331602,0.17446365881736342,-0.285467756462242,1.0998030966663723
2011-02-17,0.9912185591425088,0.6840567784512223,0.7599151636906148,0.3796412543605922,-0.7257639702834939,0.09531924400838236,0.49920200490972666,1.2661782881050112,-0.8838786259794195,0.5873328814077442,0.2161098903438411,1.8737351757159686,0.7583401257271013,0.0758680432984275,0.9235069894144721
2011-02-18,0.6344737479234595,0.763062785977015,1.2646727232743677,0.605443142350834,-0.45341314010274275,0.20323511490308255,0.8663619611351483,1.3741691147007886,-0.6146716205753998,0.35917006120585415,0.3381065053513069,1.6410192371084846,0.8566075909322033,0.2847467125906176,0.6384429083186585
2011-02-19,0.8222268246090323,0.6710507110883476,1.378999259694087,0.6432601045445879,-0.4343230652468818,0.45827324818131654,1.3147905166874592,1.2874178699694638,-0.0825607761619197,0.2949260578518437,0.30295068169169675,1.595126991943379,0.861407134254066,0.6100141789469385,0.3667979689076154
2011-02-20,1.2919451994517557,1.0689845292526097,1.3136618415498522,0.6379247777968615,-0.11720469027983477,0.37193700089762366,1.8332082478364677,1.2588959412728926,0.5924848415491089,0.011005092925540961,0.47481739649833965,1.5275109740728559,0.8256646310297951,0.6951951001888806,0.27002023547864873
2011-02-21,1.681935390369635,1.230594802494692,0.9660644226500412,0.9303514654764671,0.07341801412490677,0.1845350408200828,2.15099142730825,1.1285925098259983,1.2208046161110369,0.044715291938501066,0.6922642322069147,1.492380728770717,0.8826688329736078,0.4311322584106527,0.3469483630966941
2011-02-22,1.7017640429266188,1.0379766516849012,0.8400520652575891,1.1341663670424336,0.2282381038413833,0.3517445127875364,2.510065068771563,0.7682906017330021,1.4966225236401747,-0.0771469814292228,1.0117809857754714,1.3732106967273192,0.868603071755786,0.11131582516108558,0.3890551906597617
2011-02-23,1.3838941487055685,1.108527863682843,0.5275108208938981,1.1857645627302205,0.11354848592306006,0.5190578228682836,2.482318733166642,0.5916240116946383,1.708400409699313,0.08829246486221222,0.9226030821136751,1.5042133051904958,0.43109164251499155,0.03518930547702522,0.05771825517567085
2011-02-24,1.1912775012786705,1.1893216759763465,0.20841993177974227,1.2752173395136155,-0.05308141956566358,0.329038899333604,2.270297902729602,0.38723725896494204,1.7711898013922571,0.34725159577417664,0.9072629159590563,1.5469383693414016,0.5106179022590365,-0.18341608934701167,-0.3657040715878207
2011-02-25,1.1103870636248785,1.371392244447157,-0.3274830441988679,1.1792997249967088,-0.021280219804397347,0.2862685072655881,1.8986188504312362,0.08541281563640085,1.6626912649506986,0.627203392113521,1.020353521907076,1.501119493339676,0.666008232553619,-0.5031913656090167,-0.7266271098676188
2011-02-26,0.9361114537511893,1.6443110657238162,-0.6109715574189719,1.0100124766415022,0.19349520963562628,0.5075746392659094,1.8733687242966335,-0.545423283855547,1.5849633868956137,0.5635338836888623,0.8456530178702358,1.0914011506414703,0.588556721817219,-0.8831507280411042,-0.6355657684014077
2011-02-27,0.8312351835308639,2.1046072098918596,-0.7013983108054879,0.9012940508778531,0.5428601513189132,0.7637896691480701,1.7395594850850031,-1.0055711219280383,1.4285099444245755,0.5347826642946929,0.8081716922192068,0.7148298127426502,0.5663493492528373,-0.919409765052165,-0.40148494572129734
2011-02-28,0.7704788146953806,2.1207223147399237,-0.5283866100336192,0.7599599863591799,0.8534387441256566,0.8774745645791127,1.347454173777101,-1.2232471542455166,1.3352251734586058,0.44747554760232405,0.4310418119527283,0.8027873226711477,0.3600714615095162,-1.049441144618656,-0.23968485466686665
2011-03-01,0.899317854711678,1.8150772434372393,-0.45584882765033125,0.9536903307808673,0.9130635183906867,0.823452628787574,1.1664843071441293,-1.7467183466140548,1.1598984694682732,0.3880364913140772,0.26928675899261295,0.7643233121121268,0.48332436320650846,-1.0463546268512725,0.10350721562019188
2011-03-02,1.0271400382058031,1.709342253511498,-0.3803928990205595,0.6235196662719568,0.9139279505833541,1.0835654519291122,1.0229966152427403,-2.0300765847436306,1.0926102884807365,0.16539692809122936,0.21626894713460162,0.4735339528951352,0.4607393202196485,-1.1106259792825177,0.21484457421324538
2011-03-03,0.8882672540952657,1.5157662654567978,-0.1250746406117631,0.49418731867605503,0.9099515792175118,1.310718769179799,0.8925751932337265,-1.868728659227461,1.128160706172258,0.0554341714368037,0.12599589092617897,0.47286408950644465,0.35060450116429487,-1.1816759233523977,0.06857988461136603
2011-03-04,0.9702569095361195,1.2316483379207357,-0.041251711596290715,0.5070479377789204,0.6304959844548313,2.0270646460279838,0.634327591296758,-1.6084101940619369,0.6449106183389189,-0.10597926832457977,0.08246885812157524,0.49835499549919415,0.2629648907798241,-1.0919966429003767,-0.1077159253757509
2011-03-05,0.9944571591124651,0.783084486735344,0.1813862390704079,0.803866555868145,0.009525004356513022,2.2880139390854555,0.4654694715185152,-1.415144040432814,0.10769414154658163,-0.33040801239217776,-0.3607496917857905,0.3997855758420407,0.1323435437774933,-0.9760158508705313,0.10397049680305218
2011-03-06,1.0760318961122382,0.5727984073919954,0.2180746752195809,0.8866156832239254,-0.394371106001529,2.1862292494494766,0.3275593528016671,-1.5280698672437496,-0.23069972609874845,-0.5454915970803575,-0.3807510976196526,0.2005546788423028,-0.15839371999082164,-0.9015714658394414,0.31677167506310616
2011-03-07,1.3128363437540116,0.33015008248954664,0.07885573489458159,0.9833017432662692,-0.37358199883292875,1.9942180084767687,0.5095526037591491,-1.4721055281339965,-0.346190715432391,-0.5046609172602953,-0.38105500277286325,0.14565457373431262,-0.2565035056372518,-0.8523807702291634,0.8581872974921453
2011-03-08,1.3240337190513827,0.6712762045228804,0.04150844265624212,1.0529103595679672,-0.27210568666870544,2.1918527988734264,0.5084977397446107,-1.299013438963947,-0.1651676937044041,-0.5170179714345521,-0.3305472713606452,-0.22977022677925502,-0.3561437198083697,-0.6565815367723222,0.8884375825008695
2011-03-09,1.5817636382558777,1.049995954300273,-0.3234490091276616,1.1832402089637657,-0.2435070072431357,2.524133319608627,0.1447265668524151,-0.9622963938641648,-0.2625167144702922,-0.39429463656387437,-0.6473926332042634,-0.4792452418713865,-0.23558205115858755,-0.625953433474541,0.682291094019059
2011-03-10,1.7545147209940883,0.8821492735678615,-0.35334999388318106,1.265996151760561,-0.3738305718554514,2.3459141071177987,-0.15822869789741806,-0.6983115262579438,-0.6157041602474885,-0.06654668984006158,-0.8351905011336285,-0.6122853840357891,-0.30340129311476205,-0.675880056550916,0.5583688133639342
2011-03-11,1.7530952161222042,0.4847440974808516,-0.5232730110684514,1.1200005485830271,-0.6758551730626476,1.7987624062809338,-0.3856936511213474,-0.2976919966488085,-0.36709065446682193,0.2175540943220737,-0.9256479817082474,-0.595081126613619,-0.3718251805181945,-0.6520196780244583,0.2662607741459429
2011-03-12,1.7766159476588852,0.3961442426811774,-0.24103631176999596,1.1986403106667862,-0.48830113739015246,1.6706078575389662,-0.5701323029127805,-0.25698137533829385,-0.11332168899991345,0.3056653678768993,-0.5771932949904344,-0.9511975856563332,-0.27854139118152893,-0.8804669256436077,0.062167122870413996
2011-03-13,1.8035307485630654,0.3913938338077942,0.2331350889156483,1.207685771580023,-0.5514568345534769,1.8049062176452755,-0.8196539586280038,-0.15719366966520035,-0.16998595153759224,0.4211975518420854,-0.66434202975728,-1.2578464921256582,-0.17826589062588039,-0.6533484153228958,-0.2776565944290075
2011-03-14,1.65679039641599,0.4975420670702218,0.4705038476748381,1.1132494050376207,-0.3602467354781343,1.6931717051167816,-1.2194287016986183,0.29378414588422086,-0.19784772302837922,0.862827658139727,-0.8283789388755328,-1.672099262414264,-0.3345202077485786,-0.2645728384535214,-0.12938930258483847
2011-03-15,1.4573678555485197,0.48661441056873506,0.5358298129711179,0.8883536153383129,-0.19171608979085256,1.3742511465895393,-1.8264632694657983,0.7682325794307223,0.03274198735711914,1.2497502734946482,-0.8742789022820353,-1.9434957942819056,-0.6739653675000797,-0.5042726471980882,0.19361071961952067
2011-03-16,1.1918363689042657,0.27134408274880484,0.5833454923101492,0.5136519153994268,-0.02802667909612375,1.2230805576902744,-2.3984072029596235,0.8341128853282205,0.27201649477853834,1.3334834739818653,-0.9876332340085964,-2.0164716964198397,-0.767892235749773,-0.3928502035256024,0.5782129040501176
2011-03-17,0.9766246647224717,0.26201540382615324,0.8517639377728019,0.23351488559915823,0.3820495944417068,1.1970955965374528,-2.4820313932302622,0.7877100620185277,0.2705021957950947,1.3526686352104342,-1.0209842468936507,-1.811091451012772,-0.6729212634619356,-0.10730859174056293,0.8528069852042759
2011-03-18,0.7429529102390271,0.043518988257633555,0.8005956963764729,0.33874896571859575,0.8185443712865105,1.16305552478457,-2.2189324927208753,1.1840970901493457,-0.0628982144064552,1.5707562800082944,-1.0320891281315665,-1.6496818042126458,-0.8226368764509684,-0.028857990458154147,1.1092953402686145
2011-03-19,0.5136614143680707,-0.09433900464579985,0.5840797202530024,0.621282631260057,1.1066944344922298,1.3149767680737443,-1.9705137248211269,1.3224665548633383,-0.3814053376556068,1.5540073847787546,-0.6144584025334217,-1.33387166334877,-0.7669443682110717,0.19189463370366522,1.3074387579752196
2011-03-20,0.32886777928473243,0.16506487521477536,0.24257353146001742,0.8178440012546939,0.9172500802053362,1.151584048509802,-1.6220480988541597,1.2100161717300095,-0.16011406101801093,1.4107274913759094,-0.352948568640082,-1.250988044686797,-0.6184868538898255,0.4785716690928351,1.1400124072472404
2011-03-21,0.2508280950863417,0.011156210237540895,-0.07511076857882339,1.0757771710768111,0.9990432730847268,1.236400213298085,-1.7849901469702751,1.1045310239894133,-0.0426993977225042,1.3419454284727481,-0.28916047194315836,-0.6483955180018965,-0.5615244111949629,0.5432980482674703,0.9270138560307866
2011-03-22,0.16946005111078982,-0.02812496019564957,-0.4536926974875683,1.0553952697652862,1.0703268273834068,0.883590064366625,-1.5837270944041235,1.0000504583852956,-0.009377999209430103,0.9270907218878364,-0.4277472510877255,-0.2696581650741986,-0.3940005129340936,0.6108171872793849,0.8433503001395409
2011-03-23,0.16936291669470072,-0.09714129855258442,-0.823612220937007,1.1672057633660324,0.9286896482566689,0.6007349629045234,-1.4147554525022727,0.6467292400474935,-0.16205639710261047,0.44948669215394904,-0.5829243802624922,-0.22296109706384387,-0.2214482496605636,0.7543106366356074,0.3227572752953185
2011-03-24,0.1278814516099364,-0.06083342201842277,-1.2804912913923583,1.1834217808011986,0.7233694270642561,0.39270879888061583,-1.1698482687541865,0.20714752386590762,-0.18842839680065093,0.04695313669415775,-0.6057349694409667,-0.4150681219957722,-0.17176298929258854,0.8765110926009712,-0.04459711662635014
2011-03-25,-0.04989681930921841,-0.1895766988954663,-1.0019518798179587,1.1378717744126532,0.4701477605300715,0.21982765483130695,-1.4471132461140421,0.03129711701558437,-0.0846171977477932,-0.3135406106031943,-0.022965576733258542,-0.37504678256725205,0.23937190681885515,1.1030473411536386,-0.3572429522750771
2011-03-26,-0.036798564584100725,-0.13155069916224216,-0.5995859557095088,1.0380353992677491,0.10116000653174953,0.11427820047359735,-1.6634236030281546,0.1569896348963605,0.09178653905071933,-0.39657013865853724,0.3613673578556793,-0.6180094713968841,0.399272231126523,1.1800171515811135,-0.762769801652976
2011-03-27,0.06814462491790951,-0.44067985690637085,-0.12573512373363202,0.9002684212083082,0.05953862037407393,0.004759647729750184,-1.650493923573035,0.2369640922796481,0.05396373058084307,-0.5096134137604845,0.5747088759775627,-0.5762044629929843,0.6453035944151518,0.9857115742868832,-0.9052921386897532
2011-03-28,0.28326081650948987,-0.7119640636978457,0.05200571897004794,0.8851548491834667,0.0764543542909053,0.2247134584957954,-1.6072343658039685,0.47024921423595245,0.03880097421707357,-0.4978404794212189,0.6896508611038361,-0.6159555848071389,0.7040351376272107,0.7636441259865726,-0.9531046583126509
2011-03-29,0.36016860238201215,-1.1078427582569963,0.03066338833733414,0.8836015991450817,0.03739904338941327,0.20696675398374284,-1.5749827578145765,0.598415314762241,-0.23546686443972178,-0.7885159442305611,1.2310772693907897,-0.653758032943249,0.6498507955762748,0.8821601741208605,-0.9208111864325316
2011-03-30,0.4161375766301301,-1.1107457837841224,-0.057277441797644414,0.8771034724636939,-0.2572210808252995,0.6369634472954793,-1.35765064576517,0.6637442883182769,-0.2974446321024525,-0.852194716290626,1.3148419789712376,-0.7321680841083696,0.49304316049496727,0.8400909594986734,-0.71941938355974
2011-03-31,0.34127016829231405,-1.3377507615046311,0.009713074831638462,0.712562984367193,-0.7355445245659056,0.5908302747880145,-1.1426400136337236,0.6667530720685241,-0.2537425416870092,-0.6618907484660934,1.346555295619206,-0.9397356387993886,0.35567713123122074,0.8780777318338394,-0.6233431533816085
