,1,2,3,4,5,6,7,8,9,10,11,12,13,14,15
2012-10-14,-0.23570163846345724,-0.23570163846345724,-0.23570163846345724,-0.23570163846345724,-0.23570163846345724,-0.23570163846345724,-0.23570163846345724,-0.23570163846345724,-0.23570163846345724,-0.23570163846345724,-0.23570163846345724,-0.23570163846345724,-0.23570163846345724,-0.23570163846345724,-0.23570163846345724
2012-10-15,-0.2624465997969084,-0.2624465997969084,-0.2624465997969084,-0.2624465997969084,-0.2624465997969084,-0.2624465997969084,-0.2624465997969084,-0.2624465997969084,-0.2624465997969084,-0.2624465997969084,-0.2624465997969084,-0.2624465997969084,-0.2624465997969084,-0.2624465997969084,-0.2624465997969084
2012-10-16,-0.26789136521890805,-0.26789136521890805,-0.26789136521890805,-0.26789136521890805,-0.26789136521890805,-0.26789136521890805,-0.26789136521890805,-0.26789136521890805,-0.26789136521890805,-0.26789136521890805,-0.26789136521890805,-0.26789136521890805,-0.26789136521890805,-0.26789136521890805,-0.26789136521890805
2012-10-17,-0.47817299696739196,-0.47817299696739196,-0.47817299696739196,-0.47817299696739196,-0.47817299696739196,-0.47817299696739196,-0.47817299696739196,-0.47817299696739196,-0.47817299696739196,-0.47817299696739196,-0.47817299696739196,-0.47817299696739196,-0.47817299696739196,-0.47817299696739196,-0.47817299696739196
2012-10-18,-0.47973201805886645,-0.47973201805886645,-0.47973201805886645,-0.47973201805886645,-0.47973201805886645,-0.47973201805886645,-0.47973201805886645,-0.47973201805886645,-0.47973201805886645,-0.47973201805886645,-0.47973201805886645,-0.47973201805886645,-0.47973201805886645,-0.47973201805886645,-0.47973201805886645
2012-10-19,-0.5020809947507693,-0.5020809947507693,-0.5020809947507693,-0.5020809947507693,-0.5020809947507693,-0.5020809947507693,-0.5020809947507693,-0.5020809947507693,-0.5020809947507693,-0.5020809947507693,-0.5020809947507693,-0.5020809947507693,-0.5020809947507693,-0.5020809947507693,-0.5020809947507693
2012-10-20,-0.21968351454379553,-0.21968351454379553,-0.21968351454379553,-0.21968351454379553,-0.21968351454379553,-0.21968351454379553,-0.21968351454379553,-0.21968351454379553,-0.21968351454379553,-0.21968351454379553,-0.21968351454379553,-0.21968351454379553,-0.21968351454379553,-0.21968351454379553,-0.21968351454379553
2012-10-21,-0.26150114682639886,-0.26150114682639886,-0.26150114682639886,-0.26150114682639886,-0.26150114682639886,-0.26150114682639886,-0.26150114682639886,-0.26150114682639886,-0.26150114682639886,-0.26150114682639886,-0.26150114682639886,-0.26150114682639886,-0.26150114682639886,-0.26150114682639886,-0.26150114682639886
2012-10-22,-0.487403389452756,-0.487403389452756,-0.487403389452756,-0.487403389452756,-0.487403389452756,-0.487403389452756,-0.487403389452756,-0.487403389452756,-0.487403389452756,-0.487403389452756,-0.487403389452756,-0.487403389452756,-0.487403389452756,-0.487403389452756,-0.487403389452756
2012-10-23,-0.7348476626524237,-0.7348476626524237,-0.7348476626524237,-0.7348476626524237,-0.7348476626524237,-0.7348476626524237,-0.7348476626524237,-0.7348476626524237,-0.7348476626524237,-0.7348476626524237,-0.7348476626524237,-0.7348476626524237,-0.7348476626524237,-0.7348476626524237,-0.7348476626524237
2012-10-24,-0.982636790910971,-0.982636790910971,-0.982636790910971,-0.982636790910971,-0.982636790910971,-0.982636790910971,-0.982636790910971,-0.982636790910971,-0.982636790910971,-0.982636790910971,-0.982636790910971,-0.982636790910971,-0.982636790910971,-0.982636790910971,-0.982636790910971
2012-10-25,-0.8747677639967302,-0.8747677639967302,-0.8747677639967302,-0.8747677639967302,-0.8747677639967302,-0.8747677639967302,-0.8747677639967302,-0.8747677639967302,-0.8747677639967302,-0.8747677639967302,-0.8747677639967302,-0.8747677639967302,-0.8747677639967302,-0.8747677639967302,-0.8747677639967302
2012-10-26,-0.5898496134947102,-0.5898496134947102,-0.5898496134947102,-0.5898496134947102,-0.5898496134947102,-0.5898496134947102,-0.5898496134947102,-0.5898496134947102,-0.5898496134947102,-0.5898496134947102,-0.5898496134947102,-0.5898496134947102,-0.5898496134947102,-0.5898496134947102,-0.5898496134947102
2012-10-27,-0.5959756156284683,-0.5959756156284683,-0.5959756156284683,-0.5959756156284683,-0.5959756156284683,-0.5959756156284683,-0.5959756156284683,-0.5959756156284683,-0.5959756156284683,-0.5959756156284683,-0.5959756156284683,-0.5959756156284683,-0.5959756156284683,-0.5959756156284683,-0.5959756156284683
2012-10-28,-0.9387786243941642,-0.9387786243941642,-0.9387786243941642,-0.9387786243941642,-0.9387786243941642,-0.9387786243941642,-0.9387786243941642,-0.9387786243941642,-0.9387786243941642,-0.9387786243941642,-0.9387786243941642,-0.9387786243941642,-0.9387786243941642,-0.9387786243941642,-0.9387786243941642
2012-10-29,-0.904335330264065,-0.904335330264065,-0.904335330264065,-0.904335330264065,-0.904335330264065,-0.904335330264065,-0.904335330264065,-0.904335330264065,-0.904335330264065,-0.904335330264065,-0.904335330264065,-0.904335330264065,-0.904335330264065,-0.904335330264065,-0.904335330264065
2012-10-30,-0.8940694944385531,-0.8940694944385531,-0.8940694944385531,-0.8940694944385531,-0.8940694944385531,-0.8940694944385531,-0.8940694944385531,-0.8940694944385531,-0.8940694944385531,-0.8940694944385531,-0.8940694944385531,-0.8940694944385531,-0.8940694944385531,-0.8940694944385531,-0.8940694944385531
2012-10-31,-0.6571265177927166,-0.6571265177927166,-0.6571265177927166,-0.6571265177927166,-0.6571265177927166,-0.6571265177927166,-0.6571265177927166,-0.6571265177927166,-0.6571265177927166,-0.6571265177927166,-0.6571265177927166,-0.6571265177927166,-0.6571265177927166,-0.6571265177927166,-0.6571265177927166
2012-11-01,-0.6308462314895797,-0.6308462314895797,-0.6308462314895797,-0.6308462314895797,-0.6308462314895797,-0.6308462314895797,-0.6308462314895797,-0.6308462314895797,-0.6308462314895797,-0.6308462314895797,-0.6308462314895797,-0.6308462314895797,-0.6308462314895797,-0.6308462314895797,-0.6308462314895797
2012-11-02,-0.6994774978338999,-0.6994774978338999,-0.6994774978338999,-0.6994774978338999,-0.6994774978338999,-0.6994774978338999,-0.6994774978338999,-0.6994774978338999,-0.6994774978338999,-0.6994774978338999,-0.6994774978338999,-0.6994774978338999,-0.6994774978338999,-0.6994774978338999,-0.6994774978338999
2012-11-03,-0.9002874522709039,-0.9002874522709039,-0.9002874522709039,-0.9002874522709039,-0.9002874522709039,-0.9002874522709039,-0.9002874522709039,-0.9002874522709039,-0.9002874522709039,-0.9002874522709039,-0.9002874522709039,-0.9002874522709039,-0.9002874522709039,-0.9002874522709039,-0.9002874522709039
2012-11-04,-0.8772888824512038,-0.8772888824512038,-0.8772888824512038,-0.8772888824512038,-0.8772888824512038,-0.8772888824512038,-0.8772888824512038,-0.8772888824512038,-0.8772888824512038,-0.8772888824512038,-0.8772888824512038,-0.8772888824512038,-0.8772888824512038,-0.8772888824512038,-0.8772888824512038
2012-11-05,-0.8957727486300928,-0.8957727486300928,-0.8957727486300928,-0.8957727486300928,-0.8957727486300928,-0.8957727486300928,-0.8957727486300928,-0.8957727486300928,-0.8957727486300928,-0.8957727486300928,-0.8957727486300928,-0.8957727486300928,-0.8957727486300928,-0.8957727486300928,-0.8957727486300928
2012-11-06,-0.6328166564380514,-0.6328166564380514,-0.6328166564380514,-0.6328166564380514,-0.6328166564380514,-0.6328166564380514,-0.6328166564380514,-0.6328166564380514,-0.6328166564380514,-0.6328166564380514,-0.6328166564380514,-0.6328166564380514,-0.6328166564380514,-0.6328166564380514,-0.6328166564380514
2012-11-07,-0.06812442030598263,-0.06812442030598263,-0.06812442030598263,-0.06812442030598263,-0.06812442030598263,-0.06812442030598263,-0.06812442030598263,-0.06812442030598263,-0.06812442030598263,-0.06812442030598263,-0.06812442030598263,-0.06812442030598263,-0.06812442030598263,-0.06812442030598263,-0.06812442030598263
2012-11-08,0.2876541423967791,0.2876541423967791,0.2876541423967791,0.2876541423967791,0.2876541423967791,0.2876541423967791,0.2876541423967791,0.2876541423967791,0.2876541423967791,0.2876541423967791,0.2876541423967791,0.2876541423967791,0.2876541423967791,0.2876541423967791,0.2876541423967791
2012-11-09,0.13936608056506875,0.13936608056506875,0.13936608056506875,0.13936608056506875,0.13936608056506875,0.13936608056506875,0.13936608056506875,0.13936608056506875,0.13936608056506875,0.13936608056506875,0.13936608056506875,0.13936608056506875,0.13936608056506875,0.13936608056506875,0.13936608056506875
2012-11-10,-0.10780219873959251,-0.10780219873959251,-0.10780219873959251,-0.10780219873959251,-0.10780219873959251,-0.10780219873959251,-0.10780219873959251,-0.10780219873959251,-0.10780219873959251,-0.10780219873959251,-0.10780219873959251,-0.10780219873959251,-0.10780219873959251,-0.10780219873959251,-0.10780219873959251
2012-11-11,-0.02166205726818013,-0.02166205726818013,-0.02166205726818013,-0.02166205726818013,-0.02166205726818013,-0.02166205726818013,-0.02166205726818013,-0.02166205726818013,-0.02166205726818013,-0.02166205726818013,-0.02166205726818013,-0.02166205726818013,-0.02166205726818013,-0.02166205726818013,-0.02166205726818013
2012-11-12,-0.043733578934013646,-0.043733578934013646,-0.043733578934013646,-0.043733578934013646,-0.043733578934013646,-0.043733578934013646,-0.043733578934013646,-0.043733578934013646,-0.043733578934013646,-0.043733578934013646,-0.043733578934013646,-0.043733578934013646,-0.043733578934013646,-0.043733578934013646,-0.043733578934013646
2012-11-13,0.05283381655907508,0.05283381655907508,0.05283381655907508,0.05283381655907508,0.05283381655907508,0.05283381655907508,0.05283381655907508,0.05283381655907508,0.05283381655907508,0.05283381655907508,0.05283381655907508,0.05283381655907508,0.05283381655907508,0.05283381655907508,0.05283381655907508
2012-11-14,0.041958692463633394,0.041958692463633394,0.041958692463633394,0.041958692463633394,0.041958692463633394,0.041958692463633394,0.041958692463633394,0.041958692463633394,0.041958692463633394,0.041958692463633394,0.041958692463633394,0.041958692463633394,0.041958692463633394,0.041958692463633394,0.041958692463633394
2012-11-15,0.012399993118811004,0.012399993118811004,0.012399993118811004,0.012399993118811004,0.012399993118811004,0.012399993118811004,0.012399993118811004,0.012399993118811004,0.012399993118811004,0.012399993118811004,0.012399993118811004,0.012399993118811004,0.012399993118811004,0.012399993118811004,0.012399993118811004
2012-11-16,0.3178372849717316,0.3178372849717316,0.3178372849717316,0.3178372849717316,0.3178372849717316,0.3178372849717316,0.3178372849717316,0.3178372849717316,0.3178372849717316,0.3178372849717316,0.3178372849717316,0.3178372849717316,0.3178372849717316,0.3178372849717316,0.3178372849717316
2012-11-17,0.435146320110451,0.435146320110451,0.435146320110451,0.435146320110451,0.435146320110451,0.435146320110451,0.435146320110451,0.435146320110451,0.435146320110451,0.435146320110451,0.435146320110451,0.435146320110451,0.435146320110451,0.435146320110451,0.435146320110451
2012-11-18,0.35391872917372097,0.35391872917372097,0.35391872917372097,0.35391872917372097,0.35391872917372097,0.35391872917372097,0.35391872917372097,0.35391872917372097,0.35391872917372097,0.35391872917372097,0.35391872917372097,0.35391872917372097,0.35391872917372097,0.35391872917372097,0.35391872917372097
2012-11-19,0.6639357956356772,0.6639357956356772,0.6639357956356772,0.6639357956356772,0.6639357956356772,0.6639357956356772,0.6639357956356772,0.6639357956356772,0.6639357956356772,0.6639357956356772,0.6639357956356772,0.6639357956356772,0.6639357956356772,0.6639357956356772,0.6639357956356772
2012-11-20,0.7503240577218331,0.7503240577218331,0.7503240577218331,0.7503240577218331,0.7503240577218331,0.7503240577218331,0.7503240577218331,0.7503240577218331,0.7503240577218331,0.7503240577218331,0.7503240577218331,0.7503240577218331,0.7503240577218331,0.7503240577218331,0.7503240577218331
2012-11-21,0.612310956695491,0.612310956695491,0.612310956695491,0.612310956695491,0.612310956695491,0.612310956695491,0.612310956695491,0.612310956695491,0.612310956695491,0.612310956695491,0.612310956695491,0.612310956695491,0.612310956695491,0.612310956695491,0.612310956695491
2012-11-22,0.7898378414244507,0.7898378414244507,0.7898378414244507,0.7898378414244507,0.7898378414244507,0.7898378414244507,0.7898378414244507,0.7898378414244507,0.7898378414244507,0.7898378414244507,0.7898378414244507,0.7898378414244507,0.7898378414244507,0.7898378414244507,0.7898378414244507
2012-11-23,0.5421950876593983,0.5421950876593983,0.5421950876593983,0.5421950876593983,0.5421950876593983,0.5421950876593983,0.5421950876593983,0.5421950876593983,0.5421950876593983,0.5421950876593983,0.5421950876593983,0.5421950876593983,0.5421950876593983,0.5421950876593983,0.5421950876593983
2012-11-24,0.4201303971125784,0.4201303971125784,0.4201303971125784,0.4201303971125784,0.4201303971125784,0.4201303971125784,0.4201303971125784,0.4201303971125784,0.4201303971125784,0.4201303971125784,0.4201303971125784,0.4201303971125784,0.4201303971125784,0.4201303971125784,0.4201303971125784
2012-11-25,0.09449238088495394,0.09449238088495394,0.09449238088495394,0.09449238088495394,0.09449238088495394,0.09449238088495394,0.09449238088495394,0.09449238088495394,0.09449238088495394,0.09449238088495394,0.09449238088495394,0.09449238088495394,0.09449238088495394,0.09449238088495394,0.09449238088495394
2012-11-26,-0.20064769481750278,-0.20064769481750278,-0.20064769481750278,-0.20064769481750278,-0.20064769481750278,-0.20064769481750278,-0.20064769481750278,-0.20064769481750278,-0.20064769481750278,-0.20064769481750278,-0.20064769481750278,-0.20064769481750278,-0.20064769481750278,-0.20064769481750278,-0.20064769481750278
2012-11-27,-0.3107347012164613,-0.3107347012164613,-0.3107347012164613,-0.3107347012164613,-0.3107347012164613,-0.3107347012164613,-0.3107347012164613,-0.3107347012164613,-0.3107347012164613,-0.3107347012164613,-0.3107347012164613,-0.3107347012164613,-0.3107347012164613,-0.3107347012164613,-0.3107347012164613
2012-11-28,-0.5229289703063268,-0.5229289703063268,-0.5229289703063268,-0.5229289703063268,-0.5229289703063268,-0.5229289703063268,-0.5229289703063268,-0.5229289703063268,-0.5229289703063268,-0.5229289703063268,-0.5229289703063268,-0.5229289703063268,-0.5229289703063268,-0.5229289703063268,-0.5229289703063268
2012-11-29,-0.7285086162556029,-0.7285086162556029,-0.7285086162556029,-0.7285086162556029,-0.7285086162556029,-0.7285086162556029,-0.7285086162556029,-0.7285086162556029,-0.7285086162556029,-0.7285086162556029,-0.7285086162556029,-0.7285086162556029,-0.7285086162556029,-0.7285086162556029,-0.7285086162556029
2012-11-30,-1.0170439564876603,-1.0170439564876603,-1.0170439564876603,-1.0170439564876603,-1.0170439564876603,-1.0170439564876603,-1.0170439564876603,-1.0170439564876603,-1.0170439564876603,-1.0170439564876603,-1.0170439564876603,-1.0170439564876603,-1.0170439564876603,-1.0170439564876603,-1.0170439564876603
2012-12-01,-0.9677356534036584,-0.9677356534036584,-0.9677356534036584,-0.9677356534036584,-0.9677356534036584,-0.9677356534036584,-0.9677356534036584,-0.9677356534036584,-0.9677356534036584,-0.9677356534036584,-0.9677356534036584,-0.9677356534036584,-0.9677356534036584,-0.9677356534036584,-0.9677356534036584
2012-12-02,-1.0249683387199333,-1.0249683387199333,-1.0249683387199333,-1.0249683387199333,-1.0249683387199333,-1.0249683387199333,-1.0249683387199333,-1.0249683387199333,-1.0249683387199333,-1.0249683387199333,-1.0249683387199333,-1.0249683387199333,-1.0249683387199333,-1.0249683387199333,-1.0249683387199333
2012-12-03,-0.9804941110180019,-0.9804941110180019,-0.9804941110180019,-0.9804941110180019,-0.9804941110180019,-0.9804941110180019,-0.9804941110180019,-0.9804941110180019,-0.9804941110180019,-0.9804941110180019,-0.9804941110180019,-0.9804941110180019,-0.9804941110180019,-0.9804941110180019,-0.9804941110180019
2012-12-04,-0.7308049898805514,-0.7308049898805514,-0.7308049898805514,-0.7308049898805514,-0.7308049898805514,-0.7308049898805514,-0.7308049898805514,-0.7308049898805514,-0.7308049898805514,-0.7308049898805514,-0.7308049898805514,-0.7308049898805514,-0.7308049898805514,-0.7308049898805514,-0.7308049898805514
2012-12-05,-0.6733160684792798,-0.6733160684792798,-0.6733160684792798,-0.6733160684792798,-0.6733160684792798,-0.6733160684792798,-0.6733160684792798,-0.6733160684792798,-0.6733160684792798,-0.6733160684792798,-0.6733160684792798,-0.6733160684792798,-0.6733160684792798,-0.6733160684792798,-0.6733160684792798
2012-12-06,-0.5567766405519305,-0.5567766405519305,-0.5567766405519305,-0.5567766405519305,-0.5567766405519305,-0.5567766405519305,-0.5567766405519305,-0.5567766405519305,-0.5567766405519305,-0.5567766405519305,-0.5567766405519305,-0.5567766405519305,-0.5567766405519305,-0.5567766405519305,-0.5567766405519305
2012-12-07,-0.41810206177273,-0.41810206177273,-0.41810206177273,-0.41810206177273,-0.41810206177273,-0.41810206177273,-0.41810206177273,-0.41810206177273,-0.41810206177273,-0.41810206177273,-0.41810206177273,-0.41810206177273,-0.41810206177273,-0.41810206177273,-0.41810206177273
2012-12-08,-0.29849332768836256,-0.29849332768836256,-0.29849332768836256,-0.29849332768836256,-0.29849332768836256,-0.29849332768836256,-0.29849332768836256,-0.29849332768836256,-0.29849332768836256,-0.29849332768836256,-0.29849332768836256,-0.29849332768836256,-0.29849332768836256,-0.29849332768836256,-0.29849332768836256
2012-12-09,-0.19489642451748987,-0.19489642451748987,-0.19489642451748987,-0.19489642451748987,-0.19489642451748987,-0.19489642451748987,-0.19489642451748987,-0.19489642451748987,-0.19489642451748987,-0.19489642451748987,-0.19489642451748987,-0.19489642451748987,-0.19489642451748987,-0.19489642451748987,-0.19489642451748987
2012-12-10,0.13190964711868025,0.13190964711868025,0.13190964711868025,0.13190964711868025,0.13190964711868025,0.13190964711868025,0.13190964711868025,0.13190964711868025,0.13190964711868025,0.13190964711868025,0.13190964711868025,0.13190964711868025,0.13190964711868025,0.13190964711868025,0.13190964711868025
2012-12-11,-0.13900056059591015,-0.13900056059591015,-0.13900056059591015,-0.13900056059591015,-0.13900056059591015,-0.13900056059591015,-0.13900056059591015,-0.13900056059591015,-0.13900056059591015,-0.13900056059591015,-0.13900056059591015,-0.13900056059591015,-0.13900056059591015,-0.13900056059591015,-0.13900056059591015
2012-12-12,-0.2918131292655875,-0.2918131292655875,-0.2918131292655875,-0.2918131292655875,-0.2918131292655875,-0.2918131292655875,-0.2918131292655875,-0.2918131292655875,-0.2918131292655875,-0.2918131292655875,-0.2918131292655875,-0.2918131292655875,-0.2918131292655875,-0.2918131292655875,-0.2918131292655875
2012-12-13,-0.648726482046277,-0.648726482046277,-0.648726482046277,-0.648726482046277,-0.648726482046277,-0.648726482046277,-0.648726482046277,-0.648726482046277,-0.648726482046277,-0.648726482046277,-0.648726482046277,-0.648726482046277,-0.648726482046277,-0.648726482046277,-0.648726482046277
2012-12-14,-0.8063843451892581,-0.8063843451892581,-0.8063843451892581,-0.8063843451892581,-0.8063843451892581,-0.8063843451892581,-0.8063843451892581,-0.8063843451892581,-0.8063843451892581,-0.8063843451892581,-0.8063843451892581,-0.8063843451892581,-0.8063843451892581,-0.8063843451892581,-0.8063843451892581
2012-12-15,-0.8719986893104404,-0.8719986893104404,-0.8719986893104404,-0.8719986893104404,-0.8719986893104404,-0.8719986893104404,-0.8719986893104404,-0.8719986893104404,-0.8719986893104404,-0.8719986893104404,-0.8719986893104404,-0.8719986893104404,-0.8719986893104404,-0.8719986893104404,-0.8719986893104404
2012-12-16,-0.5469099397868677,-0.5469099397868677,-0.5469099397868677,-0.5469099397868677,-0.5469099397868677,-0.5469099397868677,-0.5469099397868677,-0.5469099397868677,-0.5469099397868677,-0.5469099397868677,-0.5469099397868677,-0.5469099397868677,-0.5469099397868677,-0.5469099397868677,-0.5469099397868677
2012-12-17,-0.514894107482657,-0.514894107482657,-0.514894107482657,-0.514894107482657,-0.514894107482657,-0.514894107482657,-0.514894107482657,-0.514894107482657,-0.514894107482657,-0.514894107482657,-0.514894107482657,-0.514894107482657,-0.514894107482657,-0.514894107482657,-0.514894107482657
2012-12-18,-0.717711150952098,-0.717711150952098,-0.717711150952098,-0.717711150952098,-0.717711150952098,-0.717711150952098,-0.717711150952098,-0.717711150952098,-0.717711150952098,-0.717711150952098,-0.717711150952098,-0.717711150952098,-0.717711150952098,-0.717711150952098,-0.717711150952098
2012-12-19,-0.5301167962978479,-0.5301167962978479,-0.5301167962978479,-0.5301167962978479,-0.5301167962978479,-0.5301167962978479,-0.5301167962978479,-0.5301167962978479,-0.5301167962978479,-0.5301167962978479,-0.5301167962978479,-0.5301167962978479,-0.5301167962978479,-0.5301167962978479,-0.5301167962978479
2012-12-20,-0.7208708861210615,-0.7208708861210615,-0.7208708861210615,-0.7208708861210615,-0.7208708861210615,-0.7208708861210615,-0.7208708861210615,-0.7208708861210615,-0.7208708861210615,-0.7208708861210615,-0.7208708861210615,-0.7208708861210615,-0.7208708861210615,-0.7208708861210615,-0.7208708861210615
2012-12-21,-0.8871666212658927,-0.8871666212658927,-0.8871666212658927,-0.8871666212658927,-0.8871666212658927,-0.8871666212658927,-0.8871666212658927,-0.8871666212658927,-0.8871666212658927,-0.8871666212658927,-0.8871666212658927,-0.8871666212658927,-0.8871666212658927,-0.8871666212658927,-0.8871666212658927
2012-12-22,-1.0961604769312567,-1.0961604769312567,-1.0961604769312567,-1.0961604769312567,-1.0961604769312567,-1.0961604769312567,-1.0961604769312567,-1.0961604769312567,-1.0961604769312567,-1.0961604769312567,-1.0961604769312567,-1.0961604769312567,-1.0961604769312567,-1.0961604769312567,-1.0961604769312567
2012-12-23,-1.1495806818317293,-1.1495806818317293,-1.1495806818317293,-1.1495806818317293,-1.1495806818317293,-1.1495806818317293,-1.1495806818317293,-1.1495806818317293,-1.1495806818317293,-1.1495806818317293,-1.1495806818317293,-1.1495806818317293,-1.1495806818317293,-1.1495806818317293,-1.1495806818317293
2012-12-24,-1.1629061733719424,-1.1629061733719424,-1.1629061733719424,-1.1629061733719424,-1.1629061733719424,-1.1629061733719424,-1.1629061733719424,-1.1629061733719424,-1.1629061733719424,-1.1629061733719424,-1.1629061733719424,-1.1629061733719424,-1.1629061733719424,-1.1629061733719424,-1.1629061733719424
2012-12-25,-0.9305255928370221,-0.9305255928370221,-0.9305255928370221,-0.9305255928370221,-0.9305255928370221,-0.9305255928370221,-0.9305255928370221,-0.9305255928370221,-0.9305255928370221,-0.9305255928370221,-0.9305255928370221,-0.9305255928370221,-0.9305255928370221,-0.9305255928370221,-0.9305255928370221
2012-12-26,-0.8986206934204607,-0.8986206934204607,-0.8986206934204607,-0.8986206934204607,-0.8986206934204607,-0.8986206934204607,-0.8986206934204607,-0.8986206934204607,-0.8986206934204607,-0.8986206934204607,-0.8986206934204607,-0.8986206934204607,-0.8986206934204607,-0.8986206934204607,-0.8986206934204607
2012-12-27,-0.9805496503366765,-0.9805496503366765,-0.9805496503366765,-0.9805496503366765,-0.9805496503366765,-0.9805496503366765,-0.9805496503366765,-0.9805496503366765,-0.9805496503366765,-0.9805496503366765,-0.9805496503366765,-0.9805496503366765,-0.9805496503366765,-0.9805496503366765,-0.9805496503366765
2012-12-28,-0.9294503240025263,-0.9294503240025263,-0.9294503240025263,-0.9294503240025263,-0.9294503240025263,-0.9294503240025263,-0.9294503240025263,-0.9294503240025263,-0.9294503240025263,-0.9294503240025263,-0.9294503240025263,-0.9294503240025263,-0.9294503240025263,-0.9294503240025263,-0.9294503240025263
2012-12-29,-0.8160219816642188,-0.8160219816642188,-0.8160219816642188,-0.8160219816642188,-0.8160219816642188,-0.8160219816642188,-0.8160219816642188,-0.8160219816642188,-0.8160219816642188,-0.8160219816642188,-0.8160219816642188,-0.8160219816642188,-0.8160219816642188,-0.8160219816642188,-0.8160219816642188
2012-12-30,-0.7970980935231624,-0.7970980935231624,-0.7970980935231624,-0.7970980935231624,-0.7970980935231624,-0.7970980935231624,-0.7970980935231624,-0.7970980935231624,-0.7970980935231624,-0.7970980935231624,-0.7970980935231624,-0.7970980935231624,-0.7970980935231624,-0.7970980935231624,-0.7970980935231624
2012-12-31,-1.1226183108502714,-1.1226183108502714,-1.1226183108502714,-1.1226183108502714,-1.1226183108502714,-1.1226183108502714,-1.1226183108502714,-1.1226183108502714,-1.1226183108502714,-1.1226183108502714,-1.1226183108502714,-1.1226183108502714,-1.1226183108502714,-1.1226183108502714,-1.1226183108502714
2013-01-01,-1.2182906203742414,-1.2182906203742414,-1.2182906203742414,-1.2182906203742414,-1.2182906203742414,-1.2182906203742414,-1.2182906203742414,-1.2182906203742414,-1.2182906203742414,-1.2182906203742414,-1.2182906203742414,-1.2182906203742414,-1.2182906203742414,-1.2182906203742414,-1.2182906203742414
2013-01-02,-1.0260141328926242,-1.0260141328926242,-1.0260141328926242,-1.0260141328926242,-1.0260141328926242,-1.0260141328926242,-1.0260141328926242,-1.0260141328926242,-1.0260141328926242,-1.0260141328926242,-1.0260141328926242,-1.0260141328926242,-1.0260141328926242,-1.0260141328926242,-1.0260141328926242
2013-01-03,-0.6105100796244985,-0.6105100796244985,-0.6105100796244985,-0.6105100796244985,-0.6105100796244985,-0.6105100796244985,-0.6105100796244985,-0.6105100796244985,-0.6105100796244985,-0.6105100796244985,-0.6105100796244985,-0.6105100796244985,-0.6105100796244985,-0.6105100796244985,-0.6105100796244985
2013-01-04,-0.4447821336024936,-0.4447821336024936,-0.4447821336024936,-0.4447821336024936,-0.4447821336024936,-0.4447821336024936,-0.4447821336024936,-0.4447821336024936,-0.4447821336024936,-0.4447821336024936,-0.4447821336024936,-0.4447821336024936,-0.4447821336024936,-0.4447821336024936,-0.4447821336024936
2013-01-05,-0.5690789342252685,-0.5690789342252685,-0.5690789342252685,-0.5690789342252685,-0.5690789342252685,-0.5690789342252685,-0.5690789342252685,-0.5690789342252685,-0.5690789342252685,-0.5690789342252685,-0.5690789342252685,-0.5690789342252685,-0.5690789342252685,-0.5690789342252685,-0.5690789342252685
2013-01-06,-0.5230721823194212,-0.5230721823194212,-0.5230721823194212,-0.5230721823194212,-0.5230721823194212,-0.5230721823194212,-0.5230721823194212,-0.5230721823194212,-0.5230721823194212,-0.5230721823194212,-0.5230721823194212,-0.5230721823194212,-0.5230721823194212,-0.5230721823194212,-0.5230721823194212
2013-01-07,-0.4679674188188114,-0.4679674188188114,-0.4679674188188114,-0.4679674188188114,-0.4679674188188114,-0.4679674188188114,-0.4679674188188114,-0.4679674188188114,-0.4679674188188114,-0.4679674188188114,-0.4679674188188114,-0.4679674188188114,-0.4679674188188114,-0.4679674188188114,-0.4679674188188114
2013-01-08,-0.025117301515589916,-0.025117301515589916,-0.025117301515589916,-0.025117301515589916,-0.025117301515589916,-0.025117301515589916,-0.025117301515589916,-0.025117301515589916,-0.025117301515589916,-0.025117301515589916,-0.025117301515589916,-0.025117301515589916,-0.025117301515589916,-0.025117301515589916,-0.025117301515589916
2013-01-09,0.4914312190435145,0.4914312190435145,0.4914312190435145,0.4914312190435145,0.4914312190435145,0.4914312190435145,0.4914312190435145,0.4914312190435145,0.4914312190435145,0.4914312190435145,0.4914312190435145,0.4914312190435145,0.4914312190435145,0.4914312190435145,0.4914312190435145
2013-01-10,1.1449932105420797,1.1449932105420797,1.1449932105420797,1.1449932105420797,1.1449932105420797,1.1449932105420797,1.1449932105420797,1.1449932105420797,1.1449932105420797,1.1449932105420797,1.1449932105420797,1.1449932105420797,1.1449932105420797,1.1449932105420797,1.1449932105420797
2013-01-11,1.7241143470401477,1.7241143470401477,1.7241143470401477,1.7241143470401477,1.7241143470401477,1.7241143470401477,1.7241143470401477,1.7241143470401477,1.7241143470401477,1.7241143470401477,1.7241143470401477,1.7241143470401477,1.7241143470401477,1.7241143470401477,1.7241143470401477
2013-01-12,2.1506200088079983,2.1506200088079983,2.1506200088079983,2.1506200088079983,2.1506200088079983,2.1506200088079983,2.1506200088079983,2.1506200088079983,2.1506200088079983,2.1506200088079983,2.1506200088079983,2.1506200088079983,2.1506200088079983,2.1506200088079983,2.1506200088079983
2013-01-13,2.286513940476503,2.286513940476503,2.286513940476503,2.286513940476503,2.286513940476503,2.286513940476503,2.286513940476503,2.286513940476503,2.286513940476503,2.286513940476503,2.286513940476503,2.286513940476503,2.286513940476503,2.286513940476503,2.286513940476503
2013-01-14,2.416589654766363,2.416589654766363,2.416589654766363,2.416589654766363,2.416589654766363,2.416589654766363,2.416589654766363,2.416589654766363,2.416589654766363,2.416589654766363,2.416589654766363,2.416589654766363,2.416589654766363,2.416589654766363,2.416589654766363
2013-01-15,2.5903592072342074,2.5903592072342074,2.5903592072342074,2.5903592072342074,2.5903592072342074,2.5903592072342074,2.5903592072342074,2.5903592072342074,2.5903592072342074,2.5903592072342074,2.5903592072342074,2.5903592072342074,2.5903592072342074,2.5903592072342074,2.5903592072342074
2013-01-16,2.6255347288413327,2.6255347288413327,2.6255347288413327,2.6255347288413327,2.6255347288413327,2.6255347288413327,2.6255347288413327,2.6255347288413327,2.6255347288413327,2.6255347288413327,2.6255347288413327,2.6255347288413327,2.6255347288413327,2.6255347288413327,2.6255347288413327
2013-01-17,2.275294203520105,2.275294203520105,2.275294203520105,2.275294203520105,2.275294203520105,2.275294203520105,2.275294203520105,2.275294203520105,2.275294203520105,2.275294203520105,2.275294203520105,2.275294203520105,2.275294203520105,2.275294203520105,2.275294203520105
2013-01-18,2.0168205548077163,2.0168205548077163,2.0168205548077163,2.0168205548077163,2.0168205548077163,2.0168205548077163,2.0168205548077163,2.0168205548077163,2.0168205548077163,2.0168205548077163,2.0168205548077163,2.0168205548077163,2.0168205548077163,2.0168205548077163,2.0168205548077163
2013-01-19,1.902180960559443,1.902180960559443,1.902180960559443,1.902180960559443,1.902180960559443,1.902180960559443,1.902180960559443,1.902180960559443,1.902180960559443,1.902180960559443,1.902180960559443,1.902180960559443,1.902180960559443,1.902180960559443,1.902180960559443
2013-01-20,2.0105063409493273,2.0105063409493273,2.0105063409493273,2.0105063409493273,2.0105063409493273,2.0105063409493273,2.0105063409493273,2.0105063409493273,2.0105063409493273,2.0105063409493273,2.0105063409493273,2.0105063409493273,2.0105063409493273,2.0105063409493273,2.0105063409493273
2013-01-21,1.9185111280022167,1.9185111280022167,1.9185111280022167,1.9185111280022167,1.9185111280022167,1.9185111280022167,1.9185111280022167,1.9185111280022167,1.9185111280022167,1.9185111280022167,1.9185111280022167,1.9185111280022167,1.9185111280022167,1.9185111280022167,1.9185111280022167
2013-01-22,1.9800132238878274,1.9800132238878274,1.9800132238878274,1.9800132238878274,1.9800132238878274,1.9800132238878274,1.9800132238878274,1.9800132238878274,1.9800132238878274,1.9800132238878274,1.9800132238878274,1.9800132238878274,1.9800132238878274,1.9800132238878274,1.9800132238878274
2013-01-23,1.9330421873583246,1.9330421873583246,1.9330421873583246,1.9330421873583246,1.9330421873583246,1.9330421873583246,1.9330421873583246,1.9330421873583246,1.9330421873583246,1.9330421873583246,1.9330421873583246,1.9330421873583246,1.9330421873583246,1.9330421873583246,1.9330421873583246
2013-01-24,2.018950708822096,2.018950708822096,2.018950708822096,2.018950708822096,2.018950708822096,2.018950708822096,2.018950708822096,2.018950708822096,2.018950708822096,2.018950708822096,2.018950708822096,2.018950708822096,2.018950708822096,2.018950708822096,2.018950708822096
2013-01-25,2.0229612934910026,2.0229612934910026,2.0229612934910026,2.0229612934910026,2.0229612934910026,2.0229612934910026,2.0229612934910026,2.0229612934910026,2.0229612934910026,2.0229612934910026,2.0229612934910026,2.0229612934910026,2.0229612934910026,2.0229612934910026,2.0229612934910026
2013-01-26,1.8942447783046,1.8942447783046,1.8942447783046,1.8942447783046,1.8942447783046,1.8942447783046,1.8942447783046,1.8942447783046,1.8942447783046,1.8942447783046,1.8942447783046,1.8942447783046,1.8942447783046,1.8942447783046,1.8942447783046
2013-01-27,1.6071611338351353,1.6071611338351353,1.6071611338351353,1.6071611338351353,1.6071611338351353,1.6071611338351353,1.6071611338351353,1.6071611338351353,1.6071611338351353,1.6071611338351353,1.6071611338351353,1.6071611338351353,1.6071611338351353,1.6071611338351353,1.6071611338351353
2013-01-28,1.375345039648218,1.375345039648218,1.375345039648218,1.375345039648218,1.375345039648218,1.375345039648218,1.375345039648218,1.375345039648218,1.375345039648218,1.375345039648218,1.375345039648218,1.375345039648218,1.375345039648218,1.375345039648218,1.375345039648218
2013-01-29,1.104538157016052,1.104538157016052,1.104538157016052,1.104538157016052,1.104538157016052,1.104538157016052,1.104538157016052,1.104538157016052,1.104538157016052,1.104538157016052,1.104538157016052,1.104538157016052,1.104538157016052,1.104538157016052,1.104538157016052
2013-01-30,1.0972957536435748,1.0972957536435748,1.0972957536435748,1.0972957536435748,1.0972957536435748,1.0972957536435748,1.0972957536435748,1.0972957536435748,1.0972957536435748,1.0972957536435748,1.0972957536435748,1.0972957536435748,1.0972957536435748,1.0972957536435748,1.0972957536435748
2013-01-31,1.0114390687358705,1.0114390687358705,1.0114390687358705,1.0114390687358705,1.0114390687358705,1.0114390687358705,1.0114390687358705,1.0114390687358705,1.0114390687358705,1.0114390687358705,1.0114390687358705,1.0114390687358705,1.0114390687358705,1.0114390687358705,1.0114390687358705
2013-02-01,0.7438835261663296,0.7438835261663296,0.7438835261663296,0.7438835261663296,0.7438835261663296,0.7438835261663296,0.7438835261663296,0.7438835261663296,0.7438835261663296,0.7438835261663296,0.7438835261663296,0.7438835261663296,0.7438835261663296,0.7438835261663296,0.7438835261663296
2013-02-02,0.3926082664015207,0.3926082664015207,0.3926082664015207,0.3926082664015207,0.3926082664015207,0.3926082664015207,0.3926082664015207,0.3926082664015207,0.3926082664015207,0.3926082664015207,0.3926082664015207,0.3926082664015207,0.3926082664015207,0.3926082664015207,0.3926082664015207
2013-02-03,-0.047277589643672034,-0.047277589643672034,-0.047277589643672034,-0.047277589643672034,-0.047277589643672034,-0.047277589643672034,-0.047277589643672034,-0.047277589643672034,-0.047277589643672034,-0.047277589643672034,-0.047277589643672034,-0.047277589643672034,-0.047277589643672034,-0.047277589643672034,-0.047277589643672034
2013-02-04,-0.2764446026520751,-0.2764446026520751,-0.2764446026520751,-0.2764446026520751,-0.2764446026520751,-0.2764446026520751,-0.2764446026520751,-0.2764446026520751,-0.2764446026520751,-0.2764446026520751,-0.2764446026520751,-0.2764446026520751,-0.2764446026520751,-0.2764446026520751,-0.2764446026520751
2013-02-05,-0.4042445200141817,-0.4042445200141817,-0.4042445200141817,-0.4042445200141817,-0.4042445200141817,-0.4042445200141817,-0.4042445200141817,-0.4042445200141817,-0.4042445200141817,-0.4042445200141817,-0.4042445200141817,-0.4042445200141817,-0.4042445200141817,-0.4042445200141817,-0.4042445200141817
2013-02-06,-0.5782778477614137,-0.5782778477614137,-0.5782778477614137,-0.5782778477614137,-0.5782778477614137,-0.5782778477614137,-0.5782778477614137,-0.5782778477614137,-0.5782778477614137,-0.5782778477614137,-0.5782778477614137,-0.5782778477614137,-0.5782778477614137,-0.5782778477614137,-0.5782778477614137
2013-02-07,-0.6538678483267094,-0.6538678483267094,-0.6538678483267094,-0.6538678483267094,-0.6538678483267094,-0.6538678483267094,-0.6538678483267094,-0.6538678483267094,-0.6538678483267094,-0.6538678483267094,-0.6538678483267094,-0.6538678483267094,-0.6538678483267094,-0.6538678483267094,-0.6538678483267094
2013-02-08,-0.47175254935227395,-0.47175254935227395,-0.47175254935227395,-0.47175254935227395,-0.47175254935227395,-0.47175254935227395,-0.47175254935227395,-0.47175254935227395,-0.47175254935227395,-0.47175254935227395,-0.47175254935227395,-0.47175254935227395,-0.47175254935227395,-0.47175254935227395,-0.47175254935227395
2013-02-09,-0.6351170601783525,-0.6351170601783525,-0.6351170601783525,-0.6351170601783525,-0.6351170601783525,-0.6351170601783525,-0.6351170601783525,-0.6351170601783525,-0.6351170601783525,-0.6351170601783525,-0.6351170601783525,-0.6351170601783525,-0.6351170601783525,-0.6351170601783525,-0.6351170601783525
2013-02-10,-0.8410063135524257,-0.8410063135524257,-0.8410063135524257,-0.8410063135524257,-0.8410063135524257,-0.8410063135524257,-0.8410063135524257,-0.8410063135524257,-0.8410063135524257,-0.8410063135524257,-0.8410063135524257,-0.8410063135524257,-0.8410063135524257,-0.8410063135524257,-0.8410063135524257
2013-02-11,-1.3241748717754624,-1.285916713837784,-1.3437314876186701,-1.3294410295000287,-1.3684945380035278,-1.203807860805792,-1.3325896913235986,-1.2657907541419633,-1.3476301885110293,-1.3584029588022275,-1.3795895690484006,-1.3508619337050707,-1.2864082280750706,-1.3386625075228185,-1.3156136383227794
2013-02-12,-1.7899625723071444,-1.7975453529963563,-1.8611561303364745,-1.6435186152268564,-1.8211774869689241,-1.7513552391826177,-1.804651010700636,-1.6577676574513156,-1.7596624493647581,-1.745867137594485,-1.9084420354968412,-1.7954866502876958,-1.5991441584378623,-1.7993032283393093,-1.6244930829225517
2013-02-13,-2.1315398397143066,-1.9267684198862036,-2.279073635230044,-1.944889343072132,-1.916043755686332,-2.0947011878416504,-2.1091441969971094,-1.9684260393052413,-1.988632975945947,-1.8738793248338295,-2.23632824900727,-2.1813893249241696,-1.8780902011166036,-2.1400419686682888,-1.9094062672616021
2013-02-14,-2.0413242878744535,-1.9641699027773991,-2.2325861006698937,-1.9379828515349522,-1.8818603989687153,-1.809836029945324,-1.9218593835188735,-1.9934723505359149,-1.8593197714030825,-1.8822204249147045,-2.072488301281023,-2.412911906403343,-1.904282510756122,-1.9610553299293534,-1.8252987032744343
2013-02-15,-1.4944303319102097,-1.5923573172350356,-1.7205639118617162,-1.4472449324022945,-1.5910549958746174,-1.2366462656574624,-1.205364788165929,-1.661064574532516,-1.45968614593116,-1.2980874836666072,-1.358523416081115,-1.9567830589317896,-1.6943199325618352,-1.4369823609566457,-1.465993831219556
2013-02-16,-1.1550311216255522,-1.1635301142676544,-0.9940437786506305,-1.1578048926716051,-1.2209917573485725,-0.6549354167769645,-0.8659166643843991,-1.5963467722887594,-1.222926126646043,-0.8317213047292189,-0.7515387800461656,-1.6195571591022362,-1.469864583966188,-0.8343834207826542,-1.0466934737315776
2013-02-17,-0.6231199937782417,-0.6323112981351297,-0.521621098517111,-0.6665357050746888,-0.8849894732746815,0.04350542930306601,-0.5148666666206425,-1.1697704999917637,-0.762044211185265,-0.47081988495588345,-0.42680317191757516,-1.0096832860923501,-0.8691993662490921,-0.1845975078016448,-0.5659005066974759
2013-02-18,-0.5308695818307678,-0.41573536783720055,-0.554886728976805,-0.6049088275371253,-0.9545587833192186,-0.13248678889585158,-0.30708699619887087,-1.2866787467257885,-0.9545895242127322,-0.31065000239633767,-0.49130521390642923,-0.9411417785334529,-0.6972177875345554,0.018437456047619295,-0.7258330036747432
2013-02-19,-0.5540558350004852,-0.290679410457348,-0.44382631410739537,-0.6680763555822498,-0.9750334469150517,-0.031274513210632286,-0.35683206190600936,-1.2996701686435426,-0.745490737901001,-0.4231324951465777,-0.46064801609881323,-0.7314123896435207,-0.4913788426642438,-0.09448829065545256,-0.7647495937883276
2013-02-20,-0.4181899783968526,0.018215868608643274,-0.3014799842064959,-0.7909873218989493,-0.8680571428530081,0.12527440473947454,-0.15951039106534032,-1.0603616074793745,-0.17375814041841034,-0.23900789323122795,-0.4300757179515813,-0.1690054949696448,-0.30429759123536015,0.2074687040202955,-0.5650219870078855
2013-02-21,-0.2949852992914894,0.38915216499934135,-0.45161126004721214,-0.5321927997163302,-0.5879273265342506,0.07527629635693932,0.07758284595608596,-0.6921413501170693,0.2814194956285232,0.0992088790735765,-0.36844588613248624,0.2333189759054556,0.06741347978521614,0.5967797578806824,-0.6242441791280141
2013-02-22,-0.42361355432734427,0.5498924052314778,-0.3140320626536294,-0.2259931518261652,-0.4419585329970563,-0.13818785473028034,0.37316606581412787,-0.4775880458091768,0.16565820366567194,0.09197055511320548,-0.31608542160022957,0.7356323462348939,0.4863593990715924,0.9188824415527053,-0.6731102584426821
2013-02-23,-0.4110177103173553,0.9346534126696383,-0.41927005469619655,0.09597706501908577,-0.1917831902915715,-0.15332825382991327,0.8473349078360392,-0.10417967564695456,0.3625313577835706,0.2988152695856664,0.1267330268894743,0.8780368970308541,0.8057931291430496,0.916562850733499,-0.46573171666535246
2013-02-24,-0.41530018277296943,0.8713501167835761,-0.5803727280365379,0.07197607639477105,0.15497262683202082,0.0031027921069237746,1.074627630688629,0.17143149989035023,0.8777222657643696,0.5919502307946752,0.5029184051849895,0.9627072045143504,1.2603117593062192,0.9161373624987471,0.07404171045572892
2013-02-25,-0.21686610246704457,0.8749446777689909,-0.5646144072056114,0.46331031700549224,0.3001491596236364,0.13894709633432187,1.5020949485936947,0.5770888843918666,1.1390979348155228,0.8494626220392648,0.6504326578567146,0.758772168068982,1.6877031643479985,1.2895833749836834,0.3605271686114874
2013-02-26,0.14038363297923573,0.886706638170801,-0.5655054907965483,0.33275777026561865,0.503649426641004,0.5657589198629411,1.8262063027800015,0.9735497669599584,1.2427415377321025,0.9680755591990345,0.8585393842383626,0.511455767673454,1.6256758664281594,1.7781227662901204,0.6604351468184867
2013-02-27,0.19527839576925224,0.9106641460005926,-0.34595875774726664,0.04590026788558209,0.5691682550172014,0.7220574923825714,1.9470536772399119,1.2859270748513,1.0062108081376664,0.8851725360653927,1.0420267762968298,0.012412924085037634,1.6818038093801047,2.304311503443203,0.801427232569598
2013-02-28,0.33272341432457114,0.9730843730101307,-0.23329771105147687,-0.35152501775687783,0.6001124584176392,0.9911568312852473,2.1725501514771177,1.6335944909943485,0.6264823769601351,0.768558681423589,1.1443208263145401,-0.016610946879722928,1.4353030541783673,2.186176410343867,0.9248000994585465
2013-03-01,0.2071897080603134,1.1374331906005406,0.0260840608536271,-0.445247574471123,0.6261633191002997,1.2143022850701304,2.0465095572064524,2.063563910077246,0.5517595342003851,1.000509747558411,1.0544312800409346,-0.2155138467499461,1.2996779600612016,2.270900967614166,1.0476175892548207
2013-03-02,-0.057528201294635636,1.0529476312369606,-0.12321959919836767,-0.6001758995875549,0.42035205124831293,1.2260448572227267,1.8617170401928251,1.754280860760911,0.67574417279882,1.2087606139384353,1.2515682683780311,-0.1403501942325079,1.0524427467425703,2.0498531176101924,1.3131235889869428
2013-03-03,-0.16213086089334033,0.662813043939765,-0.2920150528260889,-0.8322325602579027,0.4703590516267969,1.2538041092320673,1.890433197359525,1.4378646926668377,0.567589296929222,1.7832779740358404,1.0973899699630243,0.021256020955946885,0.563335039780704,1.9785070579611757,1.6335136248500075
2013-03-04,-0.06447701231685801,0.6113678223577373,-0.3207707518125121,-0.6890137927788286,0.5428965313743735,1.1496235516151807,1.8415227024006542,1.0418382848699195,0.2737730668902924,2.016869440875022,0.9254419257522136,0.20652072784585956,0.5964133862287402,1.618820096147251,1.5833736319150222
2013-03-05,0.03173716989088284,0.5329153119560862,-0.1327901553275905,-0.15257158736921708,0.46638039740245457,1.1286051318971735,1.5201641525284313,1.0316842449048402,-0.06318586632622625,1.738491855530765,0.9286162355337648,0.6108314813481646,0.6818087388017898,1.260399664920069,1.4047011387377915
2013-03-06,-0.13919402594884112,0.7923525511743008,-0.004285531268193783,0.5327398968817308,0.3493234873443483,0.8991752128807683,1.3575599544877028,0.7757215892188569,0.14835320387774692,1.7796893855685476,0.7618931147872291,0.7566743634887328,0.8969841966198702,0.9185077155182519,1.3494966019353667
2013-03-07,-0.28859901048278946,0.9382813569035335,0.1566032779960796,0.5942989444262273,0.34821612884639475,0.9513333568885528,1.2371188109992914,0.45634502330238047,0.37130496662439233,2.1486135117574103,0.35578798940985273,0.8281860511950495,1.1358278632270604,0.6775369627803289,1.1633609766397333
2013-03-08,-0.456937814303535,0.9203428843314119,0.4750897162165102,0.7138095937066422,0.2452036634716397,1.1192642615787385,1.2707821481647537,0.058421935754178554,0.41916160906925465,2.34341747628629,0.0892986339459646,1.0684585262973612,1.3142118650715582,0.5040204934113444,0.7555968832109542
2013-03-09,-0.6544784524362156,0.8790586744402712,0.7451524130595026,0.7219380650898075,-0.08379657878206677,1.2459995963328614,1.0148097550447563,-0.22804417249027173,0.3683610925525561,2.4642200598561135,-0.181489479075028,1.208554300026178,1.2688355624740733,0.3371292743227446,0.7959197521279603
2013-03-10,-0.542860513222326,0.8195946121249729,0.7795529336242151,1.2349068602605457,-0.2443605210601848,1.1769946086501586,0.956094568360799,-0.3002896909769924,0.2530320888238335,2.658511819203324,-0.3116834542199481,1.2511396312202705,1.4591499775572432,0.05860197308899204,0.776491478377359
2013-03-11,-0.7674107720683624,0.870319486308898,0.6397868379094853,1.6451764892773717,-0.46002658414026887,1.1724813599176596,0.8118560205301455,-0.7260809141702816,0.10759417982666424,2.9692010815240972,-0.3779930049308483,1.2413203197068674,1.7466146844035375,-0.46536398796934847,0.7767112062753859
2013-03-12,-0.9213607170824585,1.1216160101759927,0.7852444993329479,1.6310737677636349,-0.7004103691486344,0.9045190228826118,0.6036904944993199,-1.1365406828953613,0.09621099123949713,2.8816066011215646,-0.4480576134348858,1.2150890749893368,1.7595800915456485,-0.8399244315661974,0.8697196594393467
2013-03-13,-1.0686933691626697,1.124318763331449,0.7815130441226565,1.6717236744115416,-1.2373030728584422,0.6208044259934589,0.3301984581295782,-1.13435297298426,-0.10655412441847666,2.583912071587145,-0.5772941728414202,0.9128171856130576,1.3846232299534362,-0.7695130641600041,0.6770730839896121
2013-03-14,-0.8924914825232382,1.0676616709843556,0.32067772839778014,1.6871139762263097,-1.330142505762201,0.3085913086937488,0.03273006101342814,-0.9695094875369107,-0.2951310050871629,2.2356255136974545,-0.532381074612551,0.44388352116418167,0.9776427863199428,-0.6440747362732274,0.43086117616249303
2013-03-15,-0.7104294316339358,0.8073581957502153,0.07701214837187038,1.3528975247046844,-1.4425650457462567,0.08925653872888091,-0.17826551966499485,-0.7041693738367427,-0.5955926964697216,1.8708759462614908,-0.3967506273254301,0.3032642721475521,0.8384196223859273,-0.7783499882466284,0.4668062592106254
2013-03-16,-0.3959249349141736,0.44989899940882333,-0.2187851712316376,1.1805925233389494,-1.4362488933011346,-0.30211797155057335,-0.12573319329974206,-0.4339908778633042,-0.7798824447186747,1.606148081268357,-0.18587277020101897,0.410749711469697,0.26195393879725537,-0.9274915610696867,0.29843558394406144
2013-03-17,-0.11530618998543014,-0.04362064968553904,-0.4882610030761642,1.1956334826233903,-1.3942375704161707,-0.514559785034088,-0.26062100714170755,0.025458373832755826,-0.800255859912962,1.4310502713614952,-0.05754905691645082,0.6133377347532264,0.08052671559275396,-0.948550867676568,0.3022814667307166
2013-03-18,0.15643411383039102,-0.14720007145226038,-0.6547099420269323,1.0713445569754554,-1.2540623593289648,-0.7898385311366367,-0.1658882678783026,0.3324456714401408,-0.8051348267784626,1.072210038588635,-0.21994229854761566,0.6581421705323304,-0.010991718843701103,-0.6078790606080843,0.4408706479469685
2013-03-19,0.1741635067700979,-0.26356882531477055,-0.8314577318045162,1.2542598823667328,-1.201380629017457,-1.1285987941971698,-0.3542599018402895,0.32807486859272045,-0.80841547352157,0.8249519375273278,-0.22652701073161732,0.8281780500404977,-0.023964790034887797,-0.4722133630857589,0.5418404002566519
2013-03-20,0.19412193877761272,-0.6389000712321465,-0.8459481818369524,1.7382767614889514,-1.3183327961333535,-1.3926901878086728,0.039968277661681775,0.29956464029026736,-0.6944013116442727,0.8692710296860763,-0.45584350328727896,0.8957538736562096,-0.015714278142736376,-0.4909061856245052,0.8065917679361091
2013-03-21,0.24281921806071932,-1.1926753136741415,-0.8117024095798094,1.8244719268793663,-1.2977860293935732,-1.7167279126375388,0.1078207872940754,0.38416598110528327,-0.6314530792250781,1.1610829283219333,-0.5745534660056946,0.6923144907168339,-0.01862441149811875,-0.6252389188987091,0.7540705717681376
2013-03-22,-0.060488957820250856,-1.3880045418773748,-1.0912777640684832,1.4681805072910117,-1.3145099678688523,-1.959272265479618,0.23731326454213728,0.4510588140115967,-0.7246695614687765,1.2770160987079322,-0.6495971078435733,0.8391793990207408,-0.04609446558111369,-0.8334448407170646,0.5937983167463081
2013-03-23,-0.40633391003284,-1.1190841624221286,-1.1715772796539152,1.212702520392002,-1.235786611840508,-2.2791373415338763,0.37485784591464005,0.47060627122254794,-0.4753852470459856,1.1462623069448237,-0.7727629843334777,1.0068316974844336,-0.009238926247465326,-0.5622759634599537,0.2606731194434884
2013-03-24,-0.5582228898428647,-1.043531897232015,-1.0487920084851425,0.7905732992475641,-1.219521418833728,-2.56423590142576,0.14766087170850956,0.4744397409697212,-0.5491320360602266,0.8552537218084073,-0.9449959382174575,1.0249822071469366,-0.2758734007215401,-0.007454847502796407,-0.021980349307620897
2013-03-25,-0.43721767662322164,-1.2803842923512123,-0.9364272316816963,0.49504333955931185,-1.1189227536601525,-2.657099453650697,-0.27498197806978436,0.6463223584647152,-0.7327501596752809,0.40977802629749865,-1.083202438339873,0.8025242388161615,-0.49735491741474663,0.09918359216190108,-0.14613986640322757
2013-03-26,-0.3415569536811638,-1.3688472606277235,-0.9174276932559849,0.5223983959317651,-1.0704491626489314,-2.6607490481864144,-0.276329681413842,0.7059833647905882,-0.9632733839838636,0.09983625161235693,-1.1408417481460513,0.6998172410403939,-0.7950044117445626,0.2788078755991506,-0.4732205262661755
2013-03-27,-0.25944215334506016,-1.0671273768574767,-0.821609962715206,0.4415417928566123,-0.770980336405358,-2.525005763756648,-0.29234087184199664,0.6314525975109883,-0.9771462727159936,-0.41769554718293206,-1.3145244285085846,0.8815470006177307,-0.9794127639350538,0.6332311688424489,-0.6791864979049013
2013-03-28,-0.3920226752204802,-0.8345294861190892,-0.7068852358196384,0.35516371665433094,-0.3940326845944239,-2.082624571123035,-0.4923945308345967,0.765930054066001,-1.0259350736455781,-0.8878240981419032,-1.362227945969703,1.0545586629354402,-1.375968355329402,0.8327396374952616,-0.6449249940139733
2013-03-29,-0.4096917661877009,-0.8815388804184977,-0.6169070030750108,0.19068662313793122,-0.13647738198717038,-1.719592066878016,-0.8417793806017531,0.7909012951953375,-0.9364719684730666,-1.343272751367898,-1.6168716171453694,0.8092809643253528,-1.7418155115294767,0.645808151015655,-0.619074538788949
2013-03-30,-0.4049508447357194,-0.9211378189878784,-0.3652603941084144,0.19368681977938101,0.12364461503692352,-1.6372306563457868,-0.9122228797818541,0.9046537283346133,-1.0276578992288687,-1.5077464686671251,-1.5425310930138916,0.44666164761790345,-2.190586382081983,0.24188511471680083,-0.7686965436527513
2013-03-31,-0.48021020886527527,-0.6778420270922936,-0.3514560687217563,-0.1733055633857273,0.31890584239140374,-1.5212942199601949,-1.100722884060142,0.8923079573422068,-1.419146721815989,-1.7509307918831662,-1.5923853164224884,0.07318506682733096,-2.2672614488584975,-0.2266762576490275,-0.7655973459806305
2013-04-01,-0.8473420881070798,-0.3915156689510515,-0.29120068551471207,-0.30615040425966344,0.4711965603218162,-1.4206084114122817,-1.4392329253476797,1.0522171354767957,-1.5991303881910344,-1.9659926106190595,-1.2857819774034758,-0.021810268540376276,-2.0315165239058866,-0.4971736510915749,-1.003420871597326
2013-04-02,-1.20188640773881,-0.19635606160656285,-0.33482207789028734,-0.49270965156050894,0.6235275524941976,-1.3420768705294333,-1.6975183773060323,0.8447605315702396,-1.4108524278856767,-2.4807814468079212,-1.0321482396491424,0.017170753914148493,-1.8051623510176398,-0.905501271531267,-1.2417757092999324
2013-04-03,-1.3027688746663997,-0.08205345754176291,-0.27508219484994695,-0.7108842386662473,0.5025950051569894,-1.3948895770455536,-1.7443439610081257,0.5170124524516163,-1.4148494264122575,-2.7736275353693975,-0.9656962037320145,0.022988618949783754,-1.6950679988678994,-0.8910734996830098,-1.500101231509342
2013-04-04,-1.4109402159562376,0.017878348926758936,-0.22447414378633043,-0.8607520497254273,0.018559231177513156,-1.526160206529801,-1.6586594824036365,0.37224932985470527,-1.3776806387108231,-2.74406707384602,-0.7849237024941115,-0.10996852855877196,-1.5221175480004743,-1.0288307156385448,-1.3775259068897467
2013-04-05,-1.6460331202237581,0.40307490145860986,-0.08208587942484814,-0.9473168553094703,-0.09295295966537455,-1.5521432938313746,-1.5453082646023768,0.4435651150602247,-1.500729663687546,-2.911933790117929,-0.7534063684295766,-0.4745665111975904,-1.1369682352635704,-1.2666340742225854,-1.319850117082492
2013-04-06,-1.797803581423263,0.613636802314359,-0.37908857904433946,-1.2100674853241322,-0.1696815821065257,-1.5357535092115344,-1.104777111284394,0.2997406159424614,-1.4108664434132867,-2.9611852330694157,-0.8456444493802767,-0.8924646594575213,-1.0941433676185148,-1.4053676867909302,-1.4392107129572096
2013-04-07,-1.6719860948749086,0.7574933053252839,-0.6282757842632803,-1.3466629719648957,-0.21052741938921224,-1.6342484333967064,-0.7182627153528969,0.0022633446376563587,-1.526054362651073,-2.5382996838477263,-0.783043236537687,-1.308082300007605,-1.2136962041876544,-1.200691771096063,-1.6299955195088318
2013-04-08,-1.4702883140291783,0.686391244763084,-0.949227376999975,-1.630987395733134,-0.07913947210690192,-1.222615855181197,-0.5244232350394342,0.04379698655659843,-1.519680789785329,-2.2108544144099493,-0.4997198896466187,-1.645394283203332,-1.4127788973922648,-0.9719205152346518,-1.4550611037206693
2013-04-09,-1.351653678045138,0.5490447092965062,-1.286681393433787,-1.7617997601663509,0.04000471187796613,-1.1288237328566622,-0.31131968709196794,0.02418612526930822,-1.6576229810945433,-1.3759371812053278,-0.19945148269370291,-1.738678899716256,-1.3187884526317912,-1.195785317550665,-1.0760093867690927
2013-04-10,-1.3405650546796808,0.3273083064350555,-1.388682858190095,-1.8632143437745952,0.3772297602659083,-1.1167124238109174,-0.3237706269535957,-0.13199773367469983,-1.5081872009034092,-0.8198522968794459,-0.20865001395672256,-1.8342089606360834,-1.2171433790871524,-1.4013453362522044,-0.8669123789847778
2013-04-11,-1.05512786486353,0.13483083668675466,-1.4570462589980018,-1.8733689136461922,0.49142793969900117,-1.1321203854464041,-0.2583909753110566,-0.10638790207363451,-1.35953168331924,-0.3626653890644756,-0.2880366663118744,-1.7766113554672327,-0.7364083917046356,-1.52551683103624,-0.8589509729845561
2013-04-12,-0.9381331154241217,-0.0880807710859051,-1.1220173448669075,-1.7001687797567508,0.8011992904101999,-0.7295400457875382,-0.27647261224225794,-0.06049392625705628,-1.277068475348897,0.21641041739554084,-0.22959437930421506,-1.967703788028783,-0.6018067637876923,-1.4681908334071423,-0.9611872806733379
