,1,2,3,4,5,6,7,8,9,10,11,12,13,14,15
1989-09-03,-0.35140506405811195,-0.35140506405811195,-0.35140506405811195,-0.35140506405811195,-0.35140506405811195,-0.35140506405811195,-0.35140506405811195,-0.35140506405811195,-0.35140506405811195,-0.35140506405811195,-0.35140506405811195,-0.35140506405811195,-0.35140506405811195,-0.35140506405811195,-0.35140506405811195
1989-09-04,-0.28001461424444307,-0.28001461424444307,-0.28001461424444307,-0.28001461424444307,-0.28001461424444307,-0.28001461424444307,-0.28001461424444307,-0.28001461424444307,-0.28001461424444307,-0.28001461424444307,-0.28001461424444307,-0.28001461424444307,-0.28001461424444307,-0.28001461424444307,-0.28001461424444307
1989-09-05,-0.17742197171112734,-0.17742197171112734,-0.17742197171112734,-0.17742197171112734,-0.17742197171112734,-0.17742197171112734,-0.17742197171112734,-0.17742197171112734,-0.17742197171112734,-0.17742197171112734,-0.17742197171112734,-0.17742197171112734,-0.17742197171112734,-0.17742197171112734,-0.17742197171112734
1989-09-06,0.10303616246620569,0.10303616246620569,0.10303616246620569,0.10303616246620569,0.10303616246620569,0.10303616246620569,0.10303616246620569,0.10303616246620569,0.10303616246620569,0.10303616246620569,0.10303616246620569,0.10303616246620569,0.10303616246620569,0.10303616246620569,0.10303616246620569
1989-09-07,0.19296581214143654,0.19296581214143654,0.19296581214143654,0.19296581214143654,0.19296581214143654,0.19296581214143654,0.19296581214143654,0.19296581214143654,0.19296581214143654,0.19296581214143654,0.19296581214143654,0.19296581214143654,0.19296581214143654,0.19296581214143654,0.19296581214143654
1989-09-08,0.12440308672439986,0.12440308672439986,0.12440308672439986,0.12440308672439986,0.12440308672439986,0.12440308672439986,0.12440308672439986,0.12440308672439986,0.12440308672439986,0.12440308672439986,0.12440308672439986,0.12440308672439986,0.12440308672439986,0.12440308672439986,0.12440308672439986
1989-09-09,0.05356667773030567,0.05356667773030567,0.05356667773030567,0.05356667773030567,0.05356667773030567,0.05356667773030567,0.05356667773030567,0.05356667773030567,0.05356667773030567,0.05356667773030567,0.05356667773030567,0.05356667773030567,0.05356667773030567,0.05356667773030567,0.05356667773030567
1989-09-10,0.018432701849459904,0.018432701849459904,0.018432701849459904,0.018432701849459904,0.018432701849459904,0.018432701849459904,0.018432701849459904,0.018432701849459904,0.018432701849459904,0.018432701849459904,0.018432701849459904,0.018432701849459904,0.018432701849459904,0.018432701849459904,0.018432701849459904
1989-09-11,0.020266373767633048,0.020266373767633048,0.020266373767633048,0.020266373767633048,0.020266373767633048,0.020266373767633048,0.020266373767633048,0.020266373767633048,0.020266373767633048,0.020266373767633048,0.020266373767633048,0.020266373767633048,0.020266373767633048,0.020266373767633048,0.020266373767633048
1989-09-12,-0.24623299119604483,-0.24623299119604483,-0.24623299119604483,-0.24623299119604483,-0.24623299119604483,-0.24623299119604483,-0.24623299119604483,-0.24623299119604483,-0.24623299119604483,-0.24623299119604483,-0.24623299119604483,-0.24623299119604483,-0.24623299119604483,-0.24623299119604483,-0.24623299119604483
1989-09-13,-0.5015704242074168,-0.5015704242074168,-0.5015704242074168,-0.5015704242074168,-0.5015704242074168,-0.5015704242074168,-0.5015704242074168,-0.5015704242074168,-0.5015704242074168,-0.5015704242074168,-0.5015704242074168,-0.5015704242074168,-0.5015704242074168,-0.5015704242074168,-0.5015704242074168
1989-09-14,-0.6032600328624987,-0.6032600328624987,-0.6032600328624987,-0.6032600328624987,-0.6032600328624987,-0.6032600328624987,-0.6032600328624987,-0.6032600328624987,-0.6032600328624987,-0.6032600328624987,-0.6032600328624987,-0.6032600328624987,-0.6032600328624987,-0.6032600328624987,-0.6032600328624987
1989-09-15,-0.7500857024108672,-0.7500857024108672,-0.7500857024108672,-0.7500857024108672,-0.7500857024108672,-0.7500857024108672,-0.7500857024108672,-0.7500857024108672,-0.7500857024108672,-0.7500857024108672,-0.7500857024108672,-0.7500857024108672,-0.7500857024108672,-0.7500857024108672,-0.7500857024108672
1989-09-16,-1.1206882706809096,-1.1206882706809096,-1.1206882706809096,-1.1206882706809096,-1.1206882706809096,-1.1206882706809096,-1.1206882706809096,-1.1206882706809096,-1.1206882706809096,-1.1206882706809096,-1.1206882706809096,-1.1206882706809096,-1.1206882706809096,-1.1206882706809096,-1.1206882706809096
1989-09-17,-1.219067454788109,-1.219067454788109,-1.219067454788109,-1.219067454788109,-1.219067454788109,-1.219067454788109,-1.219067454788109,-1.219067454788109,-1.219067454788109,-1.219067454788109,-1.219067454788109,-1.219067454788109,-1.219067454788109,-1.219067454788109,-1.219067454788109
1989-09-18,-1.4867696540991298,-1.4867696540991298,-1.4867696540991298,-1.4867696540991298,-1.4867696540991298,-1.4867696540991298,-1.4867696540991298,-1.4867696540991298,-1.4867696540991298,-1.4867696540991298,-1.4867696540991298,-1.4867696540991298,-1.4867696540991298,-1.4867696540991298,-1.4867696540991298
1989-09-19,-1.4670499396669592,-1.4670499396669592,-1.4670499396669592,-1.4670499396669592,-1.4670499396669592,-1.4670499396669592,-1.4670499396669592,-1.4670499396669592,-1.4670499396669592,-1.4670499396669592,-1.4670499396669592,-1.4670499396669592,-1.4670499396669592,-1.4670499396669592,-1.4670499396669592
1989-09-20,-1.4998582037541162,-1.4998582037541162,-1.4998582037541162,-1.4998582037541162,-1.4998582037541162,-1.4998582037541162,-1.4998582037541162,-1.4998582037541162,-1.4998582037541162,-1.4998582037541162,-1.4998582037541162,-1.4998582037541162,-1.4998582037541162,-1.4998582037541162,-1.4998582037541162
1989-09-21,-1.5150906540968623,-1.5150906540968623,-1.5150906540968623,-1.5150906540968623,-1.5150906540968623,-1.5150906540968623,-1.5150906540968623,-1.5150906540968623,-1.5150906540968623,-1.5150906540968623,-1.5150906540968623,-1.5150906540968623,-1.5150906540968623,-1.5150906540968623,-1.5150906540968623
1989-09-22,-1.8723544684210676,-1.8723544684210676,-1.8723544684210676,-1.8723544684210676,-1.8723544684210676,-1.8723544684210676,-1.8723544684210676,-1.8723544684210676,-1.8723544684210676,-1.8723544684210676,-1.8723544684210676,-1.8723544684210676,-1.8723544684210676,-1.8723544684210676,-1.8723544684210676
1989-09-23,-1.745419059661406,-1.745419059661406,-1.745419059661406,-1.745419059661406,-1.745419059661406,-1.745419059661406,-1.745419059661406,-1.745419059661406,-1.745419059661406,-1.745419059661406,-1.745419059661406,-1.745419059661406,-1.745419059661406,-1.745419059661406,-1.745419059661406
1989-09-24,-1.6242106574429318,-1.6242106574429318,-1.6242106574429318,-1.6242106574429318,-1.6242106574429318,-1.6242106574429318,-1.6242106574429318,-1.6242106574429318,-1.6242106574429318,-1.6242106574429318,-1.6242106574429318,-1.6242106574429318,-1.6242106574429318,-1.6242106574429318,-1.6242106574429318
1989-09-25,-1.6824875484703705,-1.6824875484703705,-1.6824875484703705,-1.6824875484703705,-1.6824875484703705,-1.6824875484703705,-1.6824875484703705,-1.6824875484703705,-1.6824875484703705,-1.6824875484703705,-1.6824875484703705,-1.6824875484703705,-1.6824875484703705,-1.6824875484703705,-1.6824875484703705
1989-09-26,-1.7605252187915306,-1.7605252187915306,-1.7605252187915306,-1.7605252187915306,-1.7605252187915306,-1.7605252187915306,-1.7605252187915306,-1.7605252187915306,-1.7605252187915306,-1.7605252187915306,-1.7605252187915306,-1.7605252187915306,-1.7605252187915306,-1.7605252187915306,-1.7605252187915306
1989-09-27,-1.569278985933407,-1.569278985933407,-1.569278985933407,-1.569278985933407,-1.569278985933407,-1.569278985933407,-1.569278985933407,-1.569278985933407,-1.569278985933407,-1.569278985933407,-1.569278985933407,-1.569278985933407,-1.569278985933407,-1.569278985933407,-1.569278985933407
1989-09-28,-1.4298044680570476,-1.4298044680570476,-1.4298044680570476,-1.4298044680570476,-1.4298044680570476,-1.4298044680570476,-1.4298044680570476,-1.4298044680570476,-1.4298044680570476,-1.4298044680570476,-1.4298044680570476,-1.4298044680570476,-1.4298044680570476,-1.4298044680570476,-1.4298044680570476
1989-09-29,-1.404681901085923,-1.404681901085923,-1.404681901085923,-1.404681901085923,-1.404681901085923,-1.404681901085923,-1.404681901085923,-1.404681901085923,-1.404681901085923,-1.404681901085923,-1.404681901085923,-1.404681901085923,-1.404681901085923,-1.404681901085923,-1.404681901085923
1989-09-30,-0.9401272478035204,-0.9401272478035204,-0.9401272478035204,-0.9401272478035204,-0.9401272478035204,-0.9401272478035204,-0.9401272478035204,-0.9401272478035204,-0.9401272478035204,-0.9401272478035204,-0.9401272478035204,-0.9401272478035204,-0.9401272478035204,-0.9401272478035204,-0.9401272478035204
1989-10-01,-0.6804289905706654,-0.6804289905706654,-0.6804289905706654,-0.6804289905706654,-0.6804289905706654,-0.6804289905706654,-0.6804289905706654,-0.6804289905706654,-0.6804289905706654,-0.6804289905706654,-0.6804289905706654,-0.6804289905706654,-0.6804289905706654,-0.6804289905706654,-0.6804289905706654
1989-10-02,-0.5463225144101252,-0.5463225144101252,-0.5463225144101252,-0.5463225144101252,-0.5463225144101252,-0.5463225144101252,-0.5463225144101252,-0.5463225144101252,-0.5463225144101252,-0.5463225144101252,-0.5463225144101252,-0.5463225144101252,-0.5463225144101252,-0.5463225144101252,-0.5463225144101252
1989-10-03,-0.6220107723059194,-0.6220107723059194,-0.6220107723059194,-0.6220107723059194,-0.6220107723059194,-0.6220107723059194,-0.6220107723059194,-0.6220107723059194,-0.6220107723059194,-0.6220107723059194,-0.6220107723059194,-0.6220107723059194,-0.6220107723059194,-0.6220107723059194,-0.6220107723059194
1989-10-04,-0.6062237025735319,-0.6062237025735319,-0.6062237025735319,-0.6062237025735319,-0.6062237025735319,-0.6062237025735319,-0.6062237025735319,-0.6062237025735319,-0.6062237025735319,-0.6062237025735319,-0.6062237025735319,-0.6062237025735319,-0.6062237025735319,-0.6062237025735319,-0.6062237025735319
1989-10-05,-0.8605928353110852,-0.8605928353110852,-0.8605928353110852,-0.8605928353110852,-0.8605928353110852,-0.8605928353110852,-0.8605928353110852,-0.8605928353110852,-0.8605928353110852,-0.8605928353110852,-0.8605928353110852,-0.8605928353110852,-0.8605928353110852,-0.8605928353110852,-0.8605928353110852
1989-10-06,-0.8351473070905646,-0.8351473070905646,-0.8351473070905646,-0.8351473070905646,-0.8351473070905646,-0.8351473070905646,-0.8351473070905646,-0.8351473070905646,-0.8351473070905646,-0.8351473070905646,-0.8351473070905646,-0.8351473070905646,-0.8351473070905646,-0.8351473070905646,-0.8351473070905646
1989-10-07,-0.7783101743517877,-0.7783101743517877,-0.7783101743517877,-0.7783101743517877,-0.7783101743517877,-0.7783101743517877,-0.7783101743517877,-0.7783101743517877,-0.7783101743517877,-0.7783101743517877,-0.7783101743517877,-0.7783101743517877,-0.7783101743517877,-0.7783101743517877,-0.7783101743517877
1989-10-08,-0.8633116025725225,-0.8633116025725225,-0.8633116025725225,-0.8633116025725225,-0.8633116025725225,-0.8633116025725225,-0.8633116025725225,-0.8633116025725225,-0.8633116025725225,-0.8633116025725225,-0.8633116025725225,-0.8633116025725225,-0.8633116025725225,-0.8633116025725225,-0.8633116025725225
1989-10-09,-1.045612002386113,-1.045612002386113,-1.045612002386113,-1.045612002386113,-1.045612002386113,-1.045612002386113,-1.045612002386113,-1.045612002386113,-1.045612002386113,-1.045612002386113,-1.045612002386113,-1.045612002386113,-1.045612002386113,-1.045612002386113,-1.045612002386113
1989-10-10,-1.0262142109484582,-1.0262142109484582,-1.0262142109484582,-1.0262142109484582,-1.0262142109484582,-1.0262142109484582,-1.0262142109484582,-1.0262142109484582,-1.0262142109484582,-1.0262142109484582,-1.0262142109484582,-1.0262142109484582,-1.0262142109484582,-1.0262142109484582,-1.0262142109484582
1989-10-11,-1.3031620951939784,-1.3031620951939784,-1.3031620951939784,-1.3031620951939784,-1.3031620951939784,-1.3031620951939784,-1.3031620951939784,-1.3031620951939784,-1.3031620951939784,-1.3031620951939784,-1.3031620951939784,-1.3031620951939784,-1.3031620951939784,-1.3031620951939784,-1.3031620951939784
1989-10-12,-1.514525366008785,-1.514525366008785,-1.514525366008785,-1.514525366008785,-1.514525366008785,-1.514525366008785,-1.514525366008785,-1.514525366008785,-1.514525366008785,-1.514525366008785,-1.514525366008785,-1.514525366008785,-1.514525366008785,-1.514525366008785,-1.514525366008785
1989-10-13,-1.4569868872010883,-1.4569868872010883,-1.4569868872010883,-1.4569868872010883,-1.4569868872010883,-1.4569868872010883,-1.4569868872010883,-1.4569868872010883,-1.4569868872010883,-1.4569868872010883,-1.4569868872010883,-1.4569868872010883,-1.4569868872010883,-1.4569868872010883,-1.4569868872010883
1989-10-14,-1.432063671825909,-1.432063671825909,-1.432063671825909,-1.432063671825909,-1.432063671825909,-1.432063671825909,-1.432063671825909,-1.432063671825909,-1.432063671825909,-1.432063671825909,-1.432063671825909,-1.432063671825909,-1.432063671825909,-1.432063671825909,-1.432063671825909
1989-10-15,-1.1889406749235634,-1.1889406749235634,-1.1889406749235634,-1.1889406749235634,-1.1889406749235634,-1.1889406749235634,-1.1889406749235634,-1.1889406749235634,-1.1889406749235634,-1.1889406749235634,-1.1889406749235634,-1.1889406749235634,-1.1889406749235634,-1.1889406749235634,-1.1889406749235634
1989-10-16,-0.9567632801280161,-0.9567632801280161,-0.9567632801280161,-0.9567632801280161,-0.9567632801280161,-0.9567632801280161,-0.9567632801280161,-0.9567632801280161,-0.9567632801280161,-0.9567632801280161,-0.9567632801280161,-0.9567632801280161,-0.9567632801280161,-0.9567632801280161,-0.9567632801280161
1989-10-17,-0.508849296584085,-0.508849296584085,-0.508849296584085,-0.508849296584085,-0.508849296584085,-0.508849296584085,-0.508849296584085,-0.508849296584085,-0.508849296584085,-0.508849296584085,-0.508849296584085,-0.508849296584085,-0.508849296584085,-0.508849296584085,-0.508849296584085
1989-10-18,-0.3472162695128225,-0.3472162695128225,-0.3472162695128225,-0.3472162695128225,-0.3472162695128225,-0.3472162695128225,-0.3472162695128225,-0.3472162695128225,-0.3472162695128225,-0.3472162695128225,-0.3472162695128225,-0.3472162695128225,-0.3472162695128225,-0.3472162695128225,-0.3472162695128225
1989-10-19,-0.0751099262591856,-0.0751099262591856,-0.0751099262591856,-0.0751099262591856,-0.0751099262591856,-0.0751099262591856,-0.0751099262591856,-0.0751099262591856,-0.0751099262591856,-0.0751099262591856,-0.0751099262591856,-0.0751099262591856,-0.0751099262591856,-0.0751099262591856,-0.0751099262591856
1989-10-20,0.20047703590886565,0.20047703590886565,0.20047703590886565,0.20047703590886565,0.20047703590886565,0.20047703590886565,0.20047703590886565,0.20047703590886565,0.20047703590886565,0.20047703590886565,0.20047703590886565,0.20047703590886565,0.20047703590886565,0.20047703590886565,0.20047703590886565
1989-10-21,0.22290455194838296,0.22290455194838296,0.22290455194838296,0.22290455194838296,0.22290455194838296,0.22290455194838296,0.22290455194838296,0.22290455194838296,0.22290455194838296,0.22290455194838296,0.22290455194838296,0.22290455194838296,0.22290455194838296,0.22290455194838296,0.22290455194838296
1989-10-22,-0.007886185899682978,-0.007886185899682978,-0.007886185899682978,-0.007886185899682978,-0.007886185899682978,-0.007886185899682978,-0.007886185899682978,-0.007886185899682978,-0.007886185899682978,-0.007886185899682978,-0.007886185899682978,-0.007886185899682978,-0.007886185899682978,-0.007886185899682978,-0.007886185899682978
1989-10-23,0.07550649438710358,0.07550649438710358,0.07550649438710358,0.07550649438710358,0.07550649438710358,0.07550649438710358,0.07550649438710358,0.07550649438710358,0.07550649438710358,0.07550649438710358,0.07550649438710358,0.07550649438710358,0.07550649438710358,0.07550649438710358,0.07550649438710358
1989-10-24,0.484657853750718,0.484657853750718,0.484657853750718,0.484657853750718,0.484657853750718,0.484657853750718,0.484657853750718,0.484657853750718,0.484657853750718,0.484657853750718,0.484657853750718,0.484657853750718,0.484657853750718,0.484657853750718,0.484657853750718
1989-10-25,0.9462409326951646,0.9462409326951646,0.9462409326951646,0.9462409326951646,0.9462409326951646,0.9462409326951646,0.9462409326951646,0.9462409326951646,0.9462409326951646,0.9462409326951646,0.9462409326951646,0.9462409326951646,0.9462409326951646,0.9462409326951646,0.9462409326951646
1989-10-26,1.3307747553625737,1.3307747553625737,1.3307747553625737,1.3307747553625737,1.3307747553625737,1.3307747553625737,1.3307747553625737,1.3307747553625737,1.3307747553625737,1.3307747553625737,1.3307747553625737,1.3307747553625737,1.3307747553625737,1.3307747553625737,1.3307747553625737
1989-10-27,1.7774819291406754,1.7774819291406754,1.7774819291406754,1.7774819291406754,1.7774819291406754,1.7774819291406754,1.7774819291406754,1.7774819291406754,1.7774819291406754,1.7774819291406754,1.7774819291406754,1.7774819291406754,1.7774819291406754,1.7774819291406754,1.7774819291406754
1989-10-28,1.8284955370338223,1.8284955370338223,1.8284955370338223,1.8284955370338223,1.8284955370338223,1.8284955370338223,1.8284955370338223,1.8284955370338223,1.8284955370338223,1.8284955370338223,1.8284955370338223,1.8284955370338223,1.8284955370338223,1.8284955370338223,1.8284955370338223
1989-10-29,1.7693663063651965,1.7693663063651965,1.7693663063651965,1.7693663063651965,1.7693663063651965,1.7693663063651965,1.7693663063651965,1.7693663063651965,1.7693663063651965,1.7693663063651965,1.7693663063651965,1.7693663063651965,1.7693663063651965,1.7693663063651965,1.7693663063651965
1989-10-30,1.555093395017739,1.555093395017739,1.555093395017739,1.555093395017739,1.555093395017739,1.555093395017739,1.555093395017739,1.555093395017739,1.555093395017739,1.555093395017739,1.555093395017739,1.555093395017739,1.555093395017739,1.555093395017739,1.555093395017739
1989-10-31,1.2786226602414081,1.2786226602414081,1.2786226602414081,1.2786226602414081,1.2786226602414081,1.2786226602414081,1.2786226602414081,1.2786226602414081,1.2786226602414081,1.2786226602414081,1.2786226602414081,1.2786226602414081,1.2786226602414081,1.2786226602414081,1.2786226602414081
1989-11-01,0.9358898551779756,0.9358898551779756,0.9358898551779756,0.9358898551779756,0.9358898551779756,0.9358898551779756,0.9358898551779756,0.9358898551779756,0.9358898551779756,0.9358898551779756,0.9358898551779756,0.9358898551779756,0.9358898551779756,0.9358898551779756,0.9358898551779756
1989-11-02,0.8061715078765066,0.8061715078765066,0.8061715078765066,0.8061715078765066,0.8061715078765066,0.8061715078765066,0.8061715078765066,0.8061715078765066,0.8061715078765066,0.8061715078765066,0.8061715078765066,0.8061715078765066,0.8061715078765066,0.8061715078765066,0.8061715078765066
1989-11-03,0.7978985184821893,0.7978985184821893,0.7978985184821893,0.7978985184821893,0.7978985184821893,0.7978985184821893,0.7978985184821893,0.7978985184821893,0.7978985184821893,0.7978985184821893,0.7978985184821893,0.7978985184821893,0.7978985184821893,0.7978985184821893,0.7978985184821893
1989-11-04,0.9110955493062376,0.9110955493062376,0.9110955493062376,0.9110955493062376,0.9110955493062376,0.9110955493062376,0.9110955493062376,0.9110955493062376,0.9110955493062376,0.9110955493062376,0.9110955493062376,0.9110955493062376,0.9110955493062376,0.9110955493062376,0.9110955493062376
1989-11-05,0.8283685306139108,0.8283685306139108,0.8283685306139108,0.8283685306139108,0.8283685306139108,0.8283685306139108,0.8283685306139108,0.8283685306139108,0.8283685306139108,0.8283685306139108,0.8283685306139108,0.8283685306139108,0.8283685306139108,0.8283685306139108,0.8283685306139108
1989-11-06,0.7380320322619895,0.7380320322619895,0.7380320322619895,0.7380320322619895,0.7380320322619895,0.7380320322619895,0.7380320322619895,0.7380320322619895,0.7380320322619895,0.7380320322619895,0.7380320322619895,0.7380320322619895,0.7380320322619895,0.7380320322619895,0.7380320322619895
1989-11-07,0.6077372539425562,0.6077372539425562,0.6077372539425562,0.6077372539425562,0.6077372539425562,0.6077372539425562,0.6077372539425562,0.6077372539425562,0.6077372539425562,0.6077372539425562,0.6077372539425562,0.6077372539425562,0.6077372539425562,0.6077372539425562,0.6077372539425562
1989-11-08,0.5050153266790594,0.5050153266790594,0.5050153266790594,0.5050153266790594,0.5050153266790594,0.5050153266790594,0.5050153266790594,0.5050153266790594,0.5050153266790594,0.5050153266790594,0.5050153266790594,0.5050153266790594,0.5050153266790594,0.5050153266790594,0.5050153266790594
1989-11-09,0.5056931112001187,0.5056931112001187,0.5056931112001187,0.5056931112001187,0.5056931112001187,0.5056931112001187,0.5056931112001187,0.5056931112001187,0.5056931112001187,0.5056931112001187,0.5056931112001187,0.5056931112001187,0.5056931112001187,0.5056931112001187,0.5056931112001187
1989-11-10,0.1646549413830501,0.1646549413830501,0.1646549413830501,0.1646549413830501,0.1646549413830501,0.1646549413830501,0.1646549413830501,0.1646549413830501,0.1646549413830501,0.1646549413830501,0.1646549413830501,0.1646549413830501,0.1646549413830501,0.1646549413830501,0.1646549413830501
1989-11-11,0.07204748043127054,0.07204748043127054,0.07204748043127054,0.07204748043127054,0.07204748043127054,0.07204748043127054,0.07204748043127054,0.07204748043127054,0.07204748043127054,0.07204748043127054,0.07204748043127054,0.07204748043127054,0.07204748043127054,0.07204748043127054,0.07204748043127054
1989-11-12,-0.1764629139876572,-0.1764629139876572,-0.1764629139876572,-0.1764629139876572,-0.1764629139876572,-0.1764629139876572,-0.1764629139876572,-0.1764629139876572,-0.1764629139876572,-0.1764629139876572,-0.1764629139876572,-0.1764629139876572,-0.1764629139876572,-0.1764629139876572,-0.1764629139876572
1989-11-13,0.15067734500973312,0.15067734500973312,0.15067734500973312,0.15067734500973312,0.15067734500973312,0.15067734500973312,0.15067734500973312,0.15067734500973312,0.15067734500973312,0.15067734500973312,0.15067734500973312,0.15067734500973312,0.15067734500973312,0.15067734500973312,0.15067734500973312
1989-11-14,0.06037913693961178,0.06037913693961178,0.06037913693961178,0.06037913693961178,0.06037913693961178,0.06037913693961178,0.06037913693961178,0.06037913693961178,0.06037913693961178,0.06037913693961178,0.06037913693961178,0.06037913693961178,0.06037913693961178,0.06037913693961178,0.06037913693961178
1989-11-15,0.3275562302655611,0.3275562302655611,0.3275562302655611,0.3275562302655611,0.3275562302655611,0.3275562302655611,0.3275562302655611,0.3275562302655611,0.3275562302655611,0.3275562302655611,0.3275562302655611,0.3275562302655611,0.3275562302655611,0.3275562302655611,0.3275562302655611
1989-11-16,0.565445221864264,0.565445221864264,0.565445221864264,0.565445221864264,0.565445221864264,0.565445221864264,0.565445221864264,0.565445221864264,0.565445221864264,0.565445221864264,0.565445221864264,0.565445221864264,0.565445221864264,0.565445221864264,0.565445221864264
1989-11-17,0.8275376438335356,0.8275376438335356,0.8275376438335356,0.8275376438335356,0.8275376438335356,0.8275376438335356,0.8275376438335356,0.8275376438335356,0.8275376438335356,0.8275376438335356,0.8275376438335356,0.8275376438335356,0.8275376438335356,0.8275376438335356,0.8275376438335356
1989-11-18,0.727107691922889,0.727107691922889,0.727107691922889,0.727107691922889,0.727107691922889,0.727107691922889,0.727107691922889,0.727107691922889,0.727107691922889,0.727107691922889,0.727107691922889,0.727107691922889,0.727107691922889,0.727107691922889,0.727107691922889
1989-11-19,1.026651039144838,1.026651039144838,1.026651039144838,1.026651039144838,1.026651039144838,1.026651039144838,1.026651039144838,1.026651039144838,1.026651039144838,1.026651039144838,1.026651039144838,1.026651039144838,1.026651039144838,1.026651039144838,1.026651039144838
1989-11-20,1.1791792692004532,1.1791792692004532,1.1791792692004532,1.1791792692004532,1.1791792692004532,1.1791792692004532,1.1791792692004532,1.1791792692004532,1.1791792692004532,1.1791792692004532,1.1791792692004532,1.1791792692004532,1.1791792692004532,1.1791792692004532,1.1791792692004532
1989-11-21,1.2870133909725257,1.2870133909725257,1.2870133909725257,1.2870133909725257,1.2870133909725257,1.2870133909725257,1.2870133909725257,1.2870133909725257,1.2870133909725257,1.2870133909725257,1.2870133909725257,1.2870133909725257,1.2870133909725257,1.2870133909725257,1.2870133909725257
1989-11-22,1.6564384761665978,1.6564384761665978,1.6564384761665978,1.6564384761665978,1.6564384761665978,1.6564384761665978,1.6564384761665978,1.6564384761665978,1.6564384761665978,1.6564384761665978,1.6564384761665978,1.6564384761665978,1.6564384761665978,1.6564384761665978,1.6564384761665978
1989-11-23,1.980140727410995,1.980140727410995,1.980140727410995,1.980140727410995,1.980140727410995,1.980140727410995,1.980140727410995,1.980140727410995,1.980140727410995,1.980140727410995,1.980140727410995,1.980140727410995,1.980140727410995,1.980140727410995,1.980140727410995
1989-11-24,1.837355802988083,1.837355802988083,1.837355802988083,1.837355802988083,1.837355802988083,1.837355802988083,1.837355802988083,1.837355802988083,1.837355802988083,1.837355802988083,1.837355802988083,1.837355802988083,1.837355802988083,1.837355802988083,1.837355802988083
1989-11-25,1.7510315047769223,1.7510315047769223,1.7510315047769223,1.7510315047769223,1.7510315047769223,1.7510315047769223,1.7510315047769223,1.7510315047769223,1.7510315047769223,1.7510315047769223,1.7510315047769223,1.7510315047769223,1.7510315047769223,1.7510315047769223,1.7510315047769223
1989-11-26,1.8559677116702882,1.8559677116702882,1.8559677116702882,1.8559677116702882,1.8559677116702882,1.8559677116702882,1.8559677116702882,1.8559677116702882,1.8559677116702882,1.8559677116702882,1.8559677116702882,1.8559677116702882,1.8559677116702882,1.8559677116702882,1.8559677116702882
1989-11-27,2.1845310453064424,2.1845310453064424,2.1845310453064424,2.1845310453064424,2.1845310453064424,2.1845310453064424,2.1845310453064424,2.1845310453064424,2.1845310453064424,2.1845310453064424,2.1845310453064424,2.1845310453064424,2.1845310453064424,2.1845310453064424,2.1845310453064424
1989-11-28,2.1323432900189414,2.1323432900189414,2.1323432900189414,2.1323432900189414,2.1323432900189414,2.1323432900189414,2.1323432900189414,2.1323432900189414,2.1323432900189414,2.1323432900189414,2.1323432900189414,2.1323432900189414,2.1323432900189414,2.1323432900189414,2.1323432900189414
1989-11-29,1.7941598528500216,1.7941598528500216,1.7941598528500216,1.7941598528500216,1.7941598528500216,1.7941598528500216,1.7941598528500216,1.7941598528500216,1.7941598528500216,1.7941598528500216,1.7941598528500216,1.7941598528500216,1.7941598528500216,1.7941598528500216,1.7941598528500216
1989-11-30,1.5876337766794408,1.5876337766794408,1.5876337766794408,1.5876337766794408,1.5876337766794408,1.5876337766794408,1.5876337766794408,1.5876337766794408,1.5876337766794408,1.5876337766794408,1.5876337766794408,1.5876337766794408,1.5876337766794408,1.5876337766794408,1.5876337766794408
1989-12-01,1.2945065818149106,1.2945065818149106,1.2945065818149106,1.2945065818149106,1.2945065818149106,1.2945065818149106,1.2945065818149106,1.2945065818149106,1.2945065818149106,1.2945065818149106,1.2945065818149106,1.2945065818149106,1.2945065818149106,1.2945065818149106,1.2945065818149106
1989-12-02,1.151312609998867,1.151312609998867,1.151312609998867,1.151312609998867,1.151312609998867,1.151312609998867,1.151312609998867,1.151312609998867,1.151312609998867,1.151312609998867,1.151312609998867,1.151312609998867,1.151312609998867,1.151312609998867,1.151312609998867
1989-12-03,1.0886626820052838,1.0886626820052838,1.0886626820052838,1.0886626820052838,1.0886626820052838,1.0886626820052838,1.0886626820052838,1.0886626820052838,1.0886626820052838,1.0886626820052838,1.0886626820052838,1.0886626820052838,1.0886626820052838,1.0886626820052838,1.0886626820052838
1989-12-04,1.0237398863248763,1.0237398863248763,1.0237398863248763,1.0237398863248763,1.0237398863248763,1.0237398863248763,1.0237398863248763,1.0237398863248763,1.0237398863248763,1.0237398863248763,1.0237398863248763,1.0237398863248763,1.0237398863248763,1.0237398863248763,1.0237398863248763
1989-12-05,1.0777070446359822,1.0777070446359822,1.0777070446359822,1.0777070446359822,1.0777070446359822,1.0777070446359822,1.0777070446359822,1.0777070446359822,1.0777070446359822,1.0777070446359822,1.0777070446359822,1.0777070446359822,1.0777070446359822,1.0777070446359822,1.0777070446359822
1989-12-06,1.1688216829828761,1.1688216829828761,1.1688216829828761,1.1688216829828761,1.1688216829828761,1.1688216829828761,1.1688216829828761,1.1688216829828761,1.1688216829828761,1.1688216829828761,1.1688216829828761,1.1688216829828761,1.1688216829828761,1.1688216829828761,1.1688216829828761
1989-12-07,1.1070193924760376,1.1070193924760376,1.1070193924760376,1.1070193924760376,1.1070193924760376,1.1070193924760376,1.1070193924760376,1.1070193924760376,1.1070193924760376,1.1070193924760376,1.1070193924760376,1.1070193924760376,1.1070193924760376,1.1070193924760376,1.1070193924760376
1989-12-08,0.9500740812437894,0.9500740812437894,0.9500740812437894,0.9500740812437894,0.9500740812437894,0.9500740812437894,0.9500740812437894,0.9500740812437894,0.9500740812437894,0.9500740812437894,0.9500740812437894,0.9500740812437894,0.9500740812437894,0.9500740812437894,0.9500740812437894
1989-12-09,0.7291996450302909,0.7291996450302909,0.7291996450302909,0.7291996450302909,0.7291996450302909,0.7291996450302909,0.7291996450302909,0.7291996450302909,0.7291996450302909,0.7291996450302909,0.7291996450302909,0.7291996450302909,0.7291996450302909,0.7291996450302909,0.7291996450302909
1989-12-10,0.7775825549062217,0.7775825549062217,0.7775825549062217,0.7775825549062217,0.7775825549062217,0.7775825549062217,0.7775825549062217,0.7775825549062217,0.7775825549062217,0.7775825549062217,0.7775825549062217,0.7775825549062217,0.7775825549062217,0.7775825549062217,0.7775825549062217
1989-12-11,0.4349883853360448,0.4349883853360448,0.4349883853360448,0.4349883853360448,0.4349883853360448,0.4349883853360448,0.4349883853360448,0.4349883853360448,0.4349883853360448,0.4349883853360448,0.4349883853360448,0.4349883853360448,0.4349883853360448,0.4349883853360448,0.4349883853360448
1989-12-12,0.30309113350284383,0.30309113350284383,0.30309113350284383,0.30309113350284383,0.30309113350284383,0.30309113350284383,0.30309113350284383,0.30309113350284383,0.30309113350284383,0.30309113350284383,0.30309113350284383,0.30309113350284383,0.30309113350284383,0.30309113350284383,0.30309113350284383
1989-12-13,0.5354224830726588,0.5354224830726588,0.5354224830726588,0.5354224830726588,0.5354224830726588,0.5354224830726588,0.5354224830726588,0.5354224830726588,0.5354224830726588,0.5354224830726588,0.5354224830726588,0.5354224830726588,0.5354224830726588,0.5354224830726588,0.5354224830726588
1989-12-14,0.6600450152064752,0.6600450152064752,0.6600450152064752,0.6600450152064752,0.6600450152064752,0.6600450152064752,0.6600450152064752,0.6600450152064752,0.6600450152064752,0.6600450152064752,0.6600450152064752,0.6600450152064752,0.6600450152064752,0.6600450152064752,0.6600450152064752
1989-12-15,0.7625192813009563,0.7625192813009563,0.7625192813009563,0.7625192813009563,0.7625192813009563,0.7625192813009563,0.7625192813009563,0.7625192813009563,0.7625192813009563,0.7625192813009563,0.7625192813009563,0.7625192813009563,0.7625192813009563,0.7625192813009563,0.7625192813009563
1989-12-16,0.6636148992962667,0.6636148992962667,0.6636148992962667,0.6636148992962667,0.6636148992962667,0.6636148992962667,0.6636148992962667,0.6636148992962667,0.6636148992962667,0.6636148992962667,0.6636148992962667,0.6636148992962667,0.6636148992962667,0.6636148992962667,0.6636148992962667
1989-12-17,0.4715138077029207,0.4715138077029207,0.4715138077029207,0.4715138077029207,0.4715138077029207,0.4715138077029207,0.4715138077029207,0.4715138077029207,0.4715138077029207,0.4715138077029207,0.4715138077029207,0.4715138077029207,0.4715138077029207,0.4715138077029207,0.4715138077029207
1989-12-18,0.32055376776307654,0.32055376776307654,0.32055376776307654,0.32055376776307654,0.32055376776307654,0.32055376776307654,0.32055376776307654,0.32055376776307654,0.32055376776307654,0.32055376776307654,0.32055376776307654,0.32055376776307654,0.32055376776307654,0.32055376776307654,0.32055376776307654
1989-12-19,0.015250108978950372,0.015250108978950372,0.015250108978950372,0.015250108978950372,0.015250108978950372,0.015250108978950372,0.015250108978950372,0.015250108978950372,0.015250108978950372,0.015250108978950372,0.015250108978950372,0.015250108978950372,0.015250108978950372,0.015250108978950372,0.015250108978950372
1989-12-20,-0.27034532652761284,-0.27034532652761284,-0.27034532652761284,-0.27034532652761284,-0.27034532652761284,-0.27034532652761284,-0.27034532652761284,-0.27034532652761284,-0.27034532652761284,-0.27034532652761284,-0.27034532652761284,-0.27034532652761284,-0.27034532652761284,-0.27034532652761284,-0.27034532652761284
1989-12-21,-0.7534393848955933,-0.7534393848955933,-0.7534393848955933,-0.7534393848955933,-0.7534393848955933,-0.7534393848955933,-0.7534393848955933,-0.7534393848955933,-0.7534393848955933,-0.7534393848955933,-0.7534393848955933,-0.7534393848955933,-0.7534393848955933,-0.7534393848955933,-0.7534393848955933
1989-12-22,-0.7684767081625693,-0.7684767081625693,-0.7684767081625693,-0.7684767081625693,-0.7684767081625693,-0.7684767081625693,-0.7684767081625693,-0.7684767081625693,-0.7684767081625693,-0.7684767081625693,-0.7684767081625693,-0.7684767081625693,-0.7684767081625693,-0.7684767081625693,-0.7684767081625693
1989-12-23,-1.022286211251011,-1.022286211251011,-1.022286211251011,-1.022286211251011,-1.022286211251011,-1.022286211251011,-1.022286211251011,-1.022286211251011,-1.022286211251011,-1.022286211251011,-1.022286211251011,-1.022286211251011,-1.022286211251011,-1.022286211251011,-1.022286211251011
1989-12-24,-1.0222819920211608,-1.0222819920211608,-1.0222819920211608,-1.0222819920211608,-1.0222819920211608,-1.0222819920211608,-1.0222819920211608,-1.0222819920211608,-1.0222819920211608,-1.0222819920211608,-1.0222819920211608,-1.0222819920211608,-1.0222819920211608,-1.0222819920211608,-1.0222819920211608
1989-12-25,-1.5765525285823505,-1.5765525285823505,-1.5765525285823505,-1.5765525285823505,-1.5765525285823505,-1.5765525285823505,-1.5765525285823505,-1.5765525285823505,-1.5765525285823505,-1.5765525285823505,-1.5765525285823505,-1.5765525285823505,-1.5765525285823505,-1.5765525285823505,-1.5765525285823505
1989-12-26,-1.6617120007073973,-1.6617120007073973,-1.6617120007073973,-1.6617120007073973,-1.6617120007073973,-1.6617120007073973,-1.6617120007073973,-1.6617120007073973,-1.6617120007073973,-1.6617120007073973,-1.6617120007073973,-1.6617120007073973,-1.6617120007073973,-1.6617120007073973,-1.6617120007073973
1989-12-27,-1.694747859158342,-1.694747859158342,-1.694747859158342,-1.694747859158342,-1.694747859158342,-1.694747859158342,-1.694747859158342,-1.694747859158342,-1.694747859158342,-1.694747859158342,-1.694747859158342,-1.694747859158342,-1.694747859158342,-1.694747859158342,-1.694747859158342
1989-12-28,-1.8192412717104147,-1.8192412717104147,-1.8192412717104147,-1.8192412717104147,-1.8192412717104147,-1.8192412717104147,-1.8192412717104147,-1.8192412717104147,-1.8192412717104147,-1.8192412717104147,-1.8192412717104147,-1.8192412717104147,-1.8192412717104147,-1.8192412717104147,-1.8192412717104147
1989-12-29,-1.9297178532783335,-1.9297178532783335,-1.9297178532783335,-1.9297178532783335,-1.9297178532783335,-1.9297178532783335,-1.9297178532783335,-1.9297178532783335,-1.9297178532783335,-1.9297178532783335,-1.9297178532783335,-1.9297178532783335,-1.9297178532783335,-1.9297178532783335,-1.9297178532783335
1989-12-30,-1.723324224702293,-1.723324224702293,-1.723324224702293,-1.723324224702293,-1.723324224702293,-1.723324224702293,-1.723324224702293,-1.723324224702293,-1.723324224702293,-1.723324224702293,-1.723324224702293,-1.723324224702293,-1.723324224702293,-1.723324224702293,-1.723324224702293
1989-12-31,-1.995467047496336,-1.995467047496336,-1.995467047496336,-1.995467047496336,-1.995467047496336,-1.995467047496336,-1.995467047496336,-1.995467047496336,-1.995467047496336,-1.995467047496336,-1.995467047496336,-1.995467047496336,-1.995467047496336,-1.995467047496336,-1.995467047496336
1990-01-01,-1.9809470359063432,-2.0374523564588487,-1.9534278395809106,-2.069507727063386,-1.9462390792152882,-1.9806937631296995,-2.040968458663622,-1.9771852583209522,-2.0553110399291175,-1.9938085215593027,-2.002792160117528,-2.0109530729567524,-2.029408999028782,-2.034007469109695,-1.999748768898032
1990-01-02,-2.20937166137241,-2.322769534026162,-2.1256265977196516,-2.093032100491215,-2.34455386685452,-2.1777975468415933,-2.1349642713164045,-2.2259648102535436,-2.212120589618635,-2.0550355584817845,-2.3061582134911705,-2.1339962366248093,-2.2295883233090095,-2.100304843086085,-2.1648357356021495
1990-01-03,-2.340909189252737,-2.3781360809428738,-2.1364557967281637,-2.175697273914829,-2.3111873986583356,-2.0777963257292105,-2.3795847434113404,-1.9591628349442276,-2.2311681585296674,-2.1137687892903068,-2.388092952192762,-2.189958692413514,-2.4041787752008434,-1.949689488532031,-2.22192658872456
1990-01-04,-2.1301677112325446,-2.0302352464483793,-2.1984903488040275,-1.965745878946903,-2.0841641486745677,-1.881095307567102,-2.1130972097423775,-1.524356271714855,-2.143804858564932,-2.2054248440889737,-2.369930254304696,-1.8757057727691635,-2.253148179562861,-1.9224532045219624,-2.047061931036678
1990-01-05,-2.1462900281473933,-1.740707264671665,-1.9194678325949068,-2.0011852824475116,-2.0705089651476394,-1.842810038145822,-1.9409742061786992,-1.4413357956791084,-2.2275501565947304,-2.1836268500105156,-2.195066941244759,-1.6860564930156536,-2.2591583609183146,-2.2566882672673687,-1.7160707317022925
1990-01-06,-2.0495342327991657,-1.6761072895516917,-1.7375563926904565,-2.0814982062953975,-1.8959102735346403,-1.8665450368853085,-1.7883131542949833,-1.2952543246073553,-2.118731293907696,-2.108998765809987,-2.1506204435433642,-1.5680293597275128,-2.168499014027343,-2.2752574258875535,-1.434084442032116
1990-01-07,-1.712993098047389,-1.503529224711236,-1.3562786057991405,-1.7894594161786475,-1.6689039658176796,-1.7150547892862666,-1.5374257583700959,-1.0276876310973957,-1.7292681761175563,-1.812379761992441,-1.615224759348336,-1.3775382193338561,-1.8998252572029888,-1.9778989760249863,-1.2502474918575268
1990-01-08,-1.4309740170308411,-1.6729357795485253,-1.0793024774110989,-1.5176996504647475,-1.3290454582590923,-1.6976247210144608,-1.1281926458001077,-0.6717384330538299,-1.3164581039398713,-1.535319237170309,-1.3165936473083941,-1.0935532942918245,-1.7102273719361465,-1.744482888289163,-1.1243061548638904
1990-01-09,-1.1599615602507474,-1.515567543221106,-1.1189514113261287,-1.3308588229574372,-1.344337340405396,-1.3828903067126699,-0.9182844813313258,-0.23736479699203483,-1.216170852055571,-1.3064445748380942,-0.9142267952407712,-1.002741337972091,-1.4689052700661749,-1.6465363319699038,-1.1322670161894555
1990-01-10,-0.8316309502976313,-1.3202619770772788,-0.9497934232979649,-1.1776973356176441,-1.2644561349011199,-1.2179952047392,-0.8390109373443535,-0.1630055812993588,-1.0834731220546092,-1.344331617834327,-0.9869878364221119,-0.6022300990200842,-1.2694811775153676,-1.3207656986519132,-0.9308568948137786
1990-01-11,-0.7220913957571318,-0.7688370974623064,-0.6657577164773959,-1.1407066368536662,-1.0444354235766353,-1.226400765294202,-0.4085798661735235,0.11858220741751241,-0.7850207372008723,-1.13723033866792,-0.7496822956598647,-0.19988066780336664,-1.1748418213567324,-1.055439987881131,-0.8696618885521159
1990-01-12,-0.6478697706406114,-0.23200517516083116,-0.9164733900897665,-0.6475081387789993,-0.5714169960973429,-0.9085426644233898,-0.12770570663693026,0.11229322564139045,-0.4410017613773581,-0.763715373297302,-0.5508439278518066,0.49645531245848035,-0.7705820354744476,-0.9794838980827402,-0.896164914347468
1990-01-13,-0.47175341675674864,-0.40460808047958247,-0.8868064688514045,-0.6842717807934116,-0.10315702185277453,-0.6730110626148689,-0.21483983137912188,0.0889633484005818,-0.31439111909300627,-0.7830850517037746,-0.12451781606546626,0.8820257006320528,-0.6496624368119608,-0.8337938494036191,-0.8070300047356557
1990-01-14,-0.3703619596843884,-0.1563028983716499,-0.8607774147512747,-0.6637106471068861,0.5193315704465361,-0.21765952281165576,-0.026682559082206087,0.25786060480273354,0.11630305082251624,-0.4599996553583887,0.34892043677906914,1.4123710268232208,-0.4759048141191448,-0.7416996269220065,-0.7542213691727027
1990-01-15,-0.013674787359738576,0.49074774227820694,-0.6145186811663925,-0.7069636098510542,0.6106599040981399,0.16433415449553798,0.28314862714128075,0.31974287274969443,0.4551683987073104,0.07385648521073228,0.6909406027858844,1.6611204271919877,-0.29919653880599234,-0.47431800309921285,-0.48656731584671636
1990-01-16,0.1368711841420381,0.6895957424338719,-0.2129631664799675,-0.43210068355479364,0.9217401734130595,0.4541785452267645,0.26728893043398844,0.19907670291408083,0.7521862329620741,0.7383947453808111,0.9183068208756241,1.5871165512522312,-0.37220327050488894,-0.12896467133646106,-0.18991429389318412
1990-01-17,0.3961465221925575,0.8236069669952566,-0.12739452999364523,-0.40122879049409327,0.9343021943892276,0.45788806607770066,0.17457516313297328,0.17415606205063502,1.2833807567717344,1.0664789554540581,1.044766245931108,1.2179382419557556,-0.18162742539883775,0.1420226149015535,-0.3834743859357531
1990-01-18,0.4366955196149367,1.0145517839132594,-0.20182331817389088,-0.44163923976175246,1.0659099952982556,0.5175907481152697,0.3707901799815491,-0.07177550651768529,1.5040148107635236,1.1856130078590088,1.2242262027156154,0.9350932103498099,0.01942521135590742,0.10473781150896472,-0.4360428261419694
1990-01-19,0.5228218484164424,1.1879389136016956,-0.06775378466585728,-0.758954274818946,1.044136756602303,0.6987528167529695,0.48371050548386524,-0.4981046329797286,1.409025825949136,1.4007782982398909,0.7739281276698449,0.7669243811344608,-0.07084306149009122,-0.07887547306814761,-0.2230868429532956
1990-01-20,0.45452794985475403,0.920579983573449,-0.11239873513731449,-0.9754301052365287,1.0500323743778837,0.357429167123725,0.45356227634782476,-0.311681214627862,1.5017780729818488,1.4462787556137244,0.29727017636163616,0.6750462268583997,0.10840110355610945,-0.25328372219151246,0.1764407979802729
1990-01-21,0.33885964519730344,1.1699757154740218,0.06744353874088156,-1.3723406176409794,0.911437142036475,0.2535527935298372,0.21513475547518526,-0.31696876764536264,1.5557904999385264,1.1433301083905434,0.12034641482872156,0.5339118711760638,0.2719693106247094,-0.44717665769421505,0.5116410951633227
1990-01-22,0.2019941556726722,1.3782221832446888,-0.28554373317392695,-1.4411137177684668,0.601290501855007,0.2534463383611959,-0.07305730277846266,-0.2568506519050756,1.6159373813081204,0.9367770994289042,-0.3438048191507865,0.2469656886457157,0.14133207355013871,-0.47009159305603704,0.8853916019855865
1990-01-23,0.06924679759207111,1.116624471093021,-0.6886314559002995,-1.403456423059302,0.3760494542107209,0.19652844243587372,-0.3290160514664497,-0.25001832979859173,1.9899598607007836,1.0020849860679415,-0.5500955744204659,-0.3877338483167261,0.14467810713466078,-0.5287992545910449,1.253138912309974
1990-01-24,0.07715457943427943,0.7854242866361045,-0.8436226172072065,-1.7367832212870895,0.25737142428934456,0.194209755241369,-0.07101259823290265,-0.3865093252280986,1.9357048206299337,0.782073990636994,-0.4664838043336222,-0.5158441419077172,0.28986380959375785,-0.2720848075493604,1.310771851496616
1990-01-25,0.06211232173370034,0.7861822334321361,-1.0771138955110506,-1.9978294894886992,0.31571392722851493,-0.05933769466680775,0.245472896545484,-0.22465642582164555,1.926878914653977,0.8802989577006683,0.11671186122517839,-0.6068104036640571,0.27236368617591067,-0.0401002821994316,1.3929694721343597
1990-01-26,0.08816010598092228,0.8681191014550139,-1.0773392192130011,-2.105287405198488,0.3564731482515348,-0.05612552264662315,0.2856771864983118,-0.6899285373349546,2.192941920862965,0.6752983455374683,0.3892943150946514,-0.5398529687034849,0.29325113717850565,0.6395146183060462,1.312939691951855
1990-01-27,0.06599236862501717,0.8953301131425083,-0.9464476627731445,-2.2266945034842025,0.3052168173975995,-0.2983934354384599,0.18134662354671502,-0.7982896889411264,2.30423788915723,0.6845547033666327,0.4427968214816302,-0.38544136795240486,0.20919704063788358,1.0046965116288178,1.265305214361465
1990-01-28,0.118231446810699,0.6643129659667649,-0.9748870551909814,-2.2069358918254256,0.5015740285781409,-0.4777764084716433,-0.09062750812145917,-0.8025335380266079,2.318644692396275,0.5722854210400652,0.286919735023882,-0.0535188619450358,0.4748444995363808,1.1485740550307482,1.323173591265155
1990-01-29,0.40235358246613506,0.5793079441572198,-1.1003737384335759,-2.017204366261673,0.6650022810268068,-0.18819960691172155,-0.6578229562191682,-0.7806789777524898,2.4229357024443634,0.44488751495582,-0.18460796291118478,0.11913893664865634,0.8923334295712305,1.3776556045831236,1.1181148493293955
1990-01-30,0.610765481550291,0.696815888705649,-0.9076580971728301,-1.6112015609401202,0.9906423427368549,0.12308802568376782,-0.9887317231516883,-0.46629760716694296,2.3698814215692336,0.5346427884661474,-0.48720551528211076,-0.15019358163057833,1.0667558671549497,1.5403601992535088,1.015447823083557
1990-01-31,0.7569037112827642,0.667130233450389,-0.6180373319853049,-1.1560630269093783,0.9973190340145212,0.09026461894403633,-1.2607816684247086,-0.28031580317709237,2.148773803528492,0.5345671831609166,-0.6231351853285975,-0.39304208050219913,1.149272284561908,1.5272166665689635,1.0699032602753629
1990-02-01,0.9285980863329415,0.6001192262546842,-0.07441176862232057,-0.7440645784760475,0.6354719709899246,0.08457899133762783,-1.5193081241221162,0.08484826281299931,2.2501444099860017,0.3397490573195816,-0.41872249134436007,-0.1775340528929832,1.1423657627283512,1.5580748948103285,1.2164709000540712
1990-02-02,1.1710733177961323,0.49614052076102977,0.42150049377843307,0.01966041706536369,0.5425045965174842,0.31939382717111375,-1.3787951284455577,0.5674395658276552,2.3588327776709805,-0.018221566055173277,-0.7470712899812697,0.2092630671262489,1.2389740180294149,1.2911028302738543,1.5380337296920552
1990-02-03,1.3703606229080172,0.7932522503736493,0.6444031212939821,0.8049771250206449,0.4374651685078294,0.3364056461710178,-1.3997505314082566,0.6061007631329661,2.4869376894103756,-0.13798041680714013,-0.7660979932389621,0.06496003782700425,1.5329465621121925,1.117476176631056,1.7461738521357457
1990-02-04,1.8061940245868997,0.8383955178792258,1.2134453398032417,0.9090971021415882,0.30407297145381634,0.3403942113685248,-1.641199283977435,0.5655483850056959,2.253945532693083,-0.04426803408110045,-0.5394698481610071,-0.19051010373009775,2.053868157274026,0.9728473666752652,1.6397777692002358
1990-02-05,2.4579556011853914,0.9212137615257867,1.5325971692435214,1.0207974281194772,0.48809429587465925,0.42027451504800484,-1.6248462134654373,0.410736794746312,2.0673530353781593,0.18784226760830547,-0.6359821390736029,-0.6909497752046114,2.5453204858629004,0.9808482725489948,1.6226515372204693
1990-02-06,2.7315938634747767,1.1035609435074587,1.4704675850018558,1.0548882828822324,1.0537434912577155,0.7084084930766701,-1.2168775570841381,0.35164622807744544,2.2955937254617833,0.3141057075612949,-0.5878871195460167,-0.8294672982852594,2.546503237364841,1.1759498403745539,1.925852262589711
1990-02-07,2.5366985714356973,0.8824513461814345,1.762769278893353,1.367905287682878,1.166207632136168,0.7103860363088275,-0.9541045645996726,0.5290654603126366,2.3955358539895895,0.7236844939869466,-0.40050018893706335,-0.8711388728570203,2.513679357004535,1.247477745012968,1.926787861061794
1990-02-08,2.579575665515508,0.6393076346023376,1.7769872485746538,1.3248477310645366,0.8219150957201615,0.6205160348074762,-1.0395139942531093,0.2695962398070376,2.273284025724544,1.0225005241867575,-0.5563227069552914,-1.0573595634179032,2.52887562916204,1.387306608451203,1.8257124575430246
1990-02-09,2.472272088169587,0.550125787726454,2.079080694890926,0.9469280376608568,0.799251294521858,0.6063479370564645,-1.083951496848225,0.17739138006204241,2.1281495668625903,0.7656005511164166,-0.47739537677626226,-1.2317763762739344,2.4416037668103896,1.8194452596964683,1.859119306225346
1990-02-10,2.1771403538028085,0.8551696053948623,2.273551046871714,0.7428785384199075,0.8021466366045943,0.39320760122481674,-0.8666604456735313,0.23310113651620784,1.410678715727028,0.6305538979775669,-0.1764126725216612,-1.2938582612267222,2.2058223365293235,1.7061464941657212,1.7972033254602948
1990-02-11,1.8319702630774426,1.2683073495308266,2.167045492568559,0.56830296325314,0.4607361022094463,0.1658167276623919,-0.5460619406938174,-0.029263964951964167,1.0030458063846899,-0.1827441959776237,-0.2530157205287049,-1.0255695224627277,1.9057619948534534,1.7029061027105938,1.5465463331083893
1990-02-12,1.5889473766270588,1.3823768203562392,2.0244270987920667,0.44585936205587595,0.37558960328231317,-0.13912308999369621,-0.35507687429207596,0.12490996565985493,0.7521132698325927,-0.450488478916656,-0.1934515514839245,-0.453572621019354,1.202942638813085,1.7302210237981974,1.585742052337864
1990-02-13,1.5736160189042714,1.3392125051185169,2.029673535036176,0.5702779336458225,0.42215335199486,-0.20382714325092355,-0.2351844292357676,0.466233087724901,0.5869011607268868,-0.9677853939561171,-0.25846921293404873,0.1924754434484138,0.6425108469027977,1.7483768549264027,1.8527790061218286
1990-02-14,1.7823295934273313,1.3511923380161348,1.8916439047858802,0.6955756200839296,0.6958015151039423,-0.19866672930606372,0.028714908367742445,0.5745457590863231,0.3033782720303706,-1.1555616959010446,0.13701542790575488,0.5660683748005073,-0.01777654779980075,1.826763588614166,1.6087086875493348
1990-02-15,1.7173092185779835,1.5264171981761567,1.8519150597861795,0.6456322524382195,0.92918562592712,0.0022165579092811535,0.499288163938184,0.5174311348305826,-0.10803635089079969,-1.406496483667915,0.15551979580118294,0.9271913384308698,-0.5660632612810924,1.892193535657562,1.3013276533996219
1990-02-16,1.6047621783402233,1.5870514558533617,1.5799725561516589,0.6133962820604275,0.672727702267363,-0.03998518677266421,1.0241661974966603,0.43423550689984325,-0.5385059200262574,-1.4925102109150419,0.2857882067225385,0.8794124578263769,-0.45168677764442733,2.271057175742054,1.275890114823143
1990-02-17,1.2872849574700123,1.2776255618138062,1.074848741472688,0.7687766669222198,0.47585420675630025,-0.027484009067413957,1.7404416865466112,0.9523146538089364,-0.5307122637394331,-1.5160298349484467,0.20951644295318084,0.501003059536244,-0.16247487539184965,2.3126151286082646,1.2891335850791157
1990-02-18,1.0281563351772105,1.2197066765025224,0.6604892722283218,0.8133414104890189,0.45631584853922574,0.08150979953143496,2.330073214242261,1.1011544020592883,-0.8635982090384475,-1.2666475549787957,-0.16554127422315448,0.32568393722118466,-0.1218947280961923,2.392321529494971,1.0414560567071969
1990-02-19,1.0098390498578607,0.8040565095369877,0.9164005622980957,0.8059743294345509,0.45935914080412826,-0.05593653752342965,2.641269543783294,1.3285269792820171,-1.2034641242820374,-1.1001860364093896,-0.37307956394052605,0.21097633828660817,-0.2740976131185833,2.3276034566508206,0.6261272707708062
1990-02-20,0.7452683046255116,0.5709882496743227,0.964998969714998,0.8228746227751598,0.4003698594363433,-0.3485604118160212,2.561802516388285,1.563077028811127,-1.4757517063270513,-1.0017825163379894,-0.3677822137244015,0.12442454870752319,-0.36914369700397814,2.2745913134511224,0.3936472606660281
1990-02-21,0.3340020254146651,0.43958012339561264,0.8944895808628122,1.0794073628664331,0.5865445078003032,-0.6272462212395086,2.498793766323892,1.792614739613049,-1.5512955942019249,-1.017304486953914,-0.4704800593398505,0.14319353358750023,-0.5308901916803627,2.204728634672252,0.1854823221662616
1990-02-22,-0.057660929248877626,0.11016104641339804,0.8922674957670355,1.1719272596968389,0.5768558445490996,-0.8876779174860554,1.9743843986042464,1.8314382782868421,-1.311351364844104,-1.2295129503815256,-0.5688707168644639,0.541031386098224,-0.9697780131666952,2.124666566765158,0.3331987663409447
1990-02-23,-0.5018557339889175,-0.15546060389401542,0.8072108867786135,1.1389090414041625,0.5484408521644426,-1.0712224392684688,1.6352882350378197,1.5317627827940916,-0.9310573424464937,-1.3094429932495553,-0.5688690927821114,0.9074587205993507,-1.1100056027461391,1.9686596827731169,0.61907304620233
1990-02-24,-0.8952272252239982,-0.1228536782479056,0.9130617276469375,1.1296883375287936,0.7569061462997326,-1.1419946657205413,1.8014694541528895,1.0332611405443097,-0.7356611760288942,-0.9641808623294228,-0.5398348294760439,1.1317512857235683,-1.2436141001003544,1.6712210106771943,0.6966090889725701
1990-02-25,-1.2962087158778597,-0.2820087909279905,1.0428576531765328,0.857581119843266,1.0018251275106576,-0.9480743805933949,1.7526507120619506,0.7945478995534222,-1.1624412108719209,-0.7580700991024827,-0.3759699787788339,1.143784590147585,-1.2934316164845072,1.351639232330012,0.7343690578820092
1990-02-26,-1.6103495011596378,-0.5176595151761184,0.9955620913495044,0.6564968460299905,1.4566072164722204,-0.7191514801390341,1.6269236845432062,0.4235105185796829,-1.1297254820444937,-0.506866728245649,-0.28205205601290373,0.9330492646279585,-0.8988994541572155,0.7690877396545898,0.6559075922403123
1990-02-27,-1.8758517505179453,-0.8767425090127542,0.627050715012529,0.35722043760400785,1.7976911349479079,-0.690500065892649,1.5107674229182686,0.21678967802891938,-0.9351149756847839,-0.44390184455060705,-0.1304768915505361,1.244073337323433,-0.8219046852032031,0.28261355679488925,0.9327366820607241
1990-02-28,-2.2518370751455437,-1.3331987646693615,0.5801317913814041,0.0771298360940466,1.8446711981018724,-0.5676330794554063,1.2608052470402706,0.042118339502328156,-0.974825970927711,-0.1282875981515478,-0.18822938330594874,1.5194478569966474,-0.7328422205560837,-0.01527356506935,0.6245722438975291
1990-03-01,-2.7331415198610403,-1.7754575908988923,0.15996140135651357,-0.5976014015949127,1.8061995956025587,-0.5301044946703645,1.0913779577940057,-0.1223903389255879,-0.9108726763093553,0.36116817021953357,-0.2306354849735093,1.6415435688078825,-0.5873242337383126,-0.35976651542820104,-0.04377393891460369
1990-03-02,-2.6990516521560584,-2.198256623123337,0.1517507237814941,-0.8922706373447274,1.2907641803667025,-0.5060527518541267,0.8205787029190396,-0.05520671173252703,-0.8304026547817208,0.6835115797504568,0.007066747358910228,1.5059288846449723,-0.46967108282541065,-0.05567108012274673,-0.24323996923849353
