,1,2,3,4,5,6,7,8,9,10,11,12,13,14,15
1992-09-03,0.9147788590437173,0.9147788590437173,0.9147788590437173,0.9147788590437173,0.9147788590437173,0.9147788590437173,0.9147788590437173,0.9147788590437173,0.9147788590437173,0.9147788590437173,0.9147788590437173,0.9147788590437173,0.9147788590437173,0.9147788590437173,0.9147788590437173
1992-09-04,0.9784242074401476,0.9784242074401476,0.9784242074401476,0.9784242074401476,0.9784242074401476,0.9784242074401476,0.9784242074401476,0.9784242074401476,0.9784242074401476,0.9784242074401476,0.9784242074401476,0.9784242074401476,0.9784242074401476,0.9784242074401476,0.9784242074401476
1992-09-05,1.1347025615244681,1.1347025615244681,1.1347025615244681,1.1347025615244681,1.1347025615244681,1.1347025615244681,1.1347025615244681,1.1347025615244681,1.1347025615244681,1.1347025615244681,1.1347025615244681,1.1347025615244681,1.1347025615244681,1.1347025615244681,1.1347025615244681
1992-09-06,0.8786044220822945,0.8786044220822945,0.8786044220822945,0.8786044220822945,0.8786044220822945,0.8786044220822945,0.8786044220822945,0.8786044220822945,0.8786044220822945,0.8786044220822945,0.8786044220822945,0.8786044220822945,0.8786044220822945,0.8786044220822945,0.8786044220822945
1992-09-07,0.7906227050357283,0.7906227050357283,0.7906227050357283,0.7906227050357283,0.7906227050357283,0.7906227050357283,0.7906227050357283,0.7906227050357283,0.7906227050357283,0.7906227050357283,0.7906227050357283,0.7906227050357283,0.7906227050357283,0.7906227050357283,0.7906227050357283
1992-09-08,1.0139348201583802,1.0139348201583802,1.0139348201583802,1.0139348201583802,1.0139348201583802,1.0139348201583802,1.0139348201583802,1.0139348201583802,1.0139348201583802,1.0139348201583802,1.0139348201583802,1.0139348201583802,1.0139348201583802,1.0139348201583802,1.0139348201583802
1992-09-09,1.1024495277321293,1.1024495277321293,1.1024495277321293,1.1024495277321293,1.1024495277321293,1.1024495277321293,1.1024495277321293,1.1024495277321293,1.1024495277321293,1.1024495277321293,1.1024495277321293,1.1024495277321293,1.1024495277321293,1.1024495277321293,1.1024495277321293
1992-09-10,1.175731051708177,1.175731051708177,1.175731051708177,1.175731051708177,1.175731051708177,1.175731051708177,1.175731051708177,1.175731051708177,1.175731051708177,1.175731051708177,1.175731051708177,1.175731051708177,1.175731051708177,1.175731051708177,1.175731051708177
1992-09-11,1.2089742336415061,1.2089742336415061,1.2089742336415061,1.2089742336415061,1.2089742336415061,1.2089742336415061,1.2089742336415061,1.2089742336415061,1.2089742336415061,1.2089742336415061,1.2089742336415061,1.2089742336415061,1.2089742336415061,1.2089742336415061,1.2089742336415061
1992-09-12,1.1696156168439342,1.1696156168439342,1.1696156168439342,1.1696156168439342,1.1696156168439342,1.1696156168439342,1.1696156168439342,1.1696156168439342,1.1696156168439342,1.1696156168439342,1.1696156168439342,1.1696156168439342,1.1696156168439342,1.1696156168439342,1.1696156168439342
1992-09-13,0.8459969497077783,0.8459969497077783,0.8459969497077783,0.8459969497077783,0.8459969497077783,0.8459969497077783,0.8459969497077783,0.8459969497077783,0.8459969497077783,0.8459969497077783,0.8459969497077783,0.8459969497077783,0.8459969497077783,0.8459969497077783,0.8459969497077783
1992-09-14,0.7996866408702937,0.7996866408702937,0.7996866408702937,0.7996866408702937,0.7996866408702937,0.7996866408702937,0.7996866408702937,0.7996866408702937,0.7996866408702937,0.7996866408702937,0.7996866408702937,0.7996866408702937,0.7996866408702937,0.7996866408702937,0.7996866408702937
1992-09-15,0.8359441897407955,0.8359441897407955,0.8359441897407955,0.8359441897407955,0.8359441897407955,0.8359441897407955,0.8359441897407955,0.8359441897407955,0.8359441897407955,0.8359441897407955,0.8359441897407955,0.8359441897407955,0.8359441897407955,0.8359441897407955,0.8359441897407955
1992-09-16,1.112270150190683,1.112270150190683,1.112270150190683,1.112270150190683,1.112270150190683,1.112270150190683,1.112270150190683,1.112270150190683,1.112270150190683,1.112270150190683,1.112270150190683,1.112270150190683,1.112270150190683,1.112270150190683,1.112270150190683
1992-09-17,0.8849809123794169,0.8849809123794169,0.8849809123794169,0.8849809123794169,0.8849809123794169,0.8849809123794169,0.8849809123794169,0.8849809123794169,0.8849809123794169,0.8849809123794169,0.8849809123794169,0.8849809123794169,0.8849809123794169,0.8849809123794169,0.8849809123794169
1992-09-18,0.6756533282412767,0.6756533282412767,0.6756533282412767,0.6756533282412767,0.6756533282412767,0.6756533282412767,0.6756533282412767,0.6756533282412767,0.6756533282412767,0.6756533282412767,0.6756533282412767,0.6756533282412767,0.6756533282412767,0.6756533282412767,0.6756533282412767
1992-09-19,0.559796282448329,0.559796282448329,0.559796282448329,0.559796282448329,0.559796282448329,0.559796282448329,0.559796282448329,0.559796282448329,0.559796282448329,0.559796282448329,0.559796282448329,0.559796282448329,0.559796282448329,0.559796282448329,0.559796282448329
1992-09-20,0.3903648432394843,0.3903648432394843,0.3903648432394843,0.3903648432394843,0.3903648432394843,0.3903648432394843,0.3903648432394843,0.3903648432394843,0.3903648432394843,0.3903648432394843,0.3903648432394843,0.3903648432394843,0.3903648432394843,0.3903648432394843,0.3903648432394843
1992-09-21,0.001930397795842526,0.001930397795842526,0.001930397795842526,0.001930397795842526,0.001930397795842526,0.001930397795842526,0.001930397795842526,0.001930397795842526,0.001930397795842526,0.001930397795842526,0.001930397795842526,0.001930397795842526,0.001930397795842526,0.001930397795842526,0.001930397795842526
1992-09-22,-0.32875103147465135,-0.32875103147465135,-0.32875103147465135,-0.32875103147465135,-0.32875103147465135,-0.32875103147465135,-0.32875103147465135,-0.32875103147465135,-0.32875103147465135,-0.32875103147465135,-0.32875103147465135,-0.32875103147465135,-0.32875103147465135,-0.32875103147465135,-0.32875103147465135
1992-09-23,-0.4424774742393974,-0.4424774742393974,-0.4424774742393974,-0.4424774742393974,-0.4424774742393974,-0.4424774742393974,-0.4424774742393974,-0.4424774742393974,-0.4424774742393974,-0.4424774742393974,-0.4424774742393974,-0.4424774742393974,-0.4424774742393974,-0.4424774742393974,-0.4424774742393974
1992-09-24,-0.5772730022906383,-0.5772730022906383,-0.5772730022906383,-0.5772730022906383,-0.5772730022906383,-0.5772730022906383,-0.5772730022906383,-0.5772730022906383,-0.5772730022906383,-0.5772730022906383,-0.5772730022906383,-0.5772730022906383,-0.5772730022906383,-0.5772730022906383,-0.5772730022906383
1992-09-25,-0.8182707146296266,-0.8182707146296266,-0.8182707146296266,-0.8182707146296266,-0.8182707146296266,-0.8182707146296266,-0.8182707146296266,-0.8182707146296266,-0.8182707146296266,-0.8182707146296266,-0.8182707146296266,-0.8182707146296266,-0.8182707146296266,-0.8182707146296266,-0.8182707146296266
1992-09-26,-1.0278485489320133,-1.0278485489320133,-1.0278485489320133,-1.0278485489320133,-1.0278485489320133,-1.0278485489320133,-1.0278485489320133,-1.0278485489320133,-1.0278485489320133,-1.0278485489320133,-1.0278485489320133,-1.0278485489320133,-1.0278485489320133,-1.0278485489320133,-1.0278485489320133
1992-09-27,-0.7832463599504697,-0.7832463599504697,-0.7832463599504697,-0.7832463599504697,-0.7832463599504697,-0.7832463599504697,-0.7832463599504697,-0.7832463599504697,-0.7832463599504697,-0.7832463599504697,-0.7832463599504697,-0.7832463599504697,-0.7832463599504697,-0.7832463599504697,-0.7832463599504697
1992-09-28,-0.6770294029290644,-0.6770294029290644,-0.6770294029290644,-0.6770294029290644,-0.6770294029290644,-0.6770294029290644,-0.6770294029290644,-0.6770294029290644,-0.6770294029290644,-0.6770294029290644,-0.6770294029290644,-0.6770294029290644,-0.6770294029290644,-0.6770294029290644,-0.6770294029290644
1992-09-29,-0.7420006973173549,-0.7420006973173549,-0.7420006973173549,-0.7420006973173549,-0.7420006973173549,-0.7420006973173549,-0.7420006973173549,-0.7420006973173549,-0.7420006973173549,-0.7420006973173549,-0.7420006973173549,-0.7420006973173549,-0.7420006973173549,-0.7420006973173549,-0.7420006973173549
1992-09-30,-0.8701686108900434,-0.8701686108900434,-0.8701686108900434,-0.8701686108900434,-0.8701686108900434,-0.8701686108900434,-0.8701686108900434,-0.8701686108900434,-0.8701686108900434,-0.8701686108900434,-0.8701686108900434,-0.8701686108900434,-0.8701686108900434,-0.8701686108900434,-0.8701686108900434
1992-10-01,-0.9131152324876762,-0.9131152324876762,-0.9131152324876762,-0.9131152324876762,-0.9131152324876762,-0.9131152324876762,-0.9131152324876762,-0.9131152324876762,-0.9131152324876762,-0.9131152324876762,-0.9131152324876762,-0.9131152324876762,-0.9131152324876762,-0.9131152324876762,-0.9131152324876762
1992-10-02,-1.1405253577726908,-1.1405253577726908,-1.1405253577726908,-1.1405253577726908,-1.1405253577726908,-1.1405253577726908,-1.1405253577726908,-1.1405253577726908,-1.1405253577726908,-1.1405253577726908,-1.1405253577726908,-1.1405253577726908,-1.1405253577726908,-1.1405253577726908,-1.1405253577726908
1992-10-03,-1.2533719961920513,-1.2533719961920513,-1.2533719961920513,-1.2533719961920513,-1.2533719961920513,-1.2533719961920513,-1.2533719961920513,-1.2533719961920513,-1.2533719961920513,-1.2533719961920513,-1.2533719961920513,-1.2533719961920513,-1.2533719961920513,-1.2533719961920513,-1.2533719961920513
1992-10-04,-1.408518417465777,-1.408518417465777,-1.408518417465777,-1.408518417465777,-1.408518417465777,-1.408518417465777,-1.408518417465777,-1.408518417465777,-1.408518417465777,-1.408518417465777,-1.408518417465777,-1.408518417465777,-1.408518417465777,-1.408518417465777,-1.408518417465777
1992-10-05,-1.6904432556311353,-1.6904432556311353,-1.6904432556311353,-1.6904432556311353,-1.6904432556311353,-1.6904432556311353,-1.6904432556311353,-1.6904432556311353,-1.6904432556311353,-1.6904432556311353,-1.6904432556311353,-1.6904432556311353,-1.6904432556311353,-1.6904432556311353,-1.6904432556311353
1992-10-06,-1.5703667293240144,-1.5703667293240144,-1.5703667293240144,-1.5703667293240144,-1.5703667293240144,-1.5703667293240144,-1.5703667293240144,-1.5703667293240144,-1.5703667293240144,-1.5703667293240144,-1.5703667293240144,-1.5703667293240144,-1.5703667293240144,-1.5703667293240144,-1.5703667293240144
1992-10-07,-1.5265680157201411,-1.5265680157201411,-1.5265680157201411,-1.5265680157201411,-1.5265680157201411,-1.5265680157201411,-1.5265680157201411,-1.5265680157201411,-1.5265680157201411,-1.5265680157201411,-1.5265680157201411,-1.5265680157201411,-1.5265680157201411,-1.5265680157201411,-1.5265680157201411
1992-10-08,-1.5836224289131167,-1.5836224289131167,-1.5836224289131167,-1.5836224289131167,-1.5836224289131167,-1.5836224289131167,-1.5836224289131167,-1.5836224289131167,-1.5836224289131167,-1.5836224289131167,-1.5836224289131167,-1.5836224289131167,-1.5836224289131167,-1.5836224289131167,-1.5836224289131167
1992-10-09,-1.4659040462091046,-1.4659040462091046,-1.4659040462091046,-1.4659040462091046,-1.4659040462091046,-1.4659040462091046,-1.4659040462091046,-1.4659040462091046,-1.4659040462091046,-1.4659040462091046,-1.4659040462091046,-1.4659040462091046,-1.4659040462091046,-1.4659040462091046,-1.4659040462091046
1992-10-10,-1.6728332587174417,-1.6728332587174417,-1.6728332587174417,-1.6728332587174417,-1.6728332587174417,-1.6728332587174417,-1.6728332587174417,-1.6728332587174417,-1.6728332587174417,-1.6728332587174417,-1.6728332587174417,-1.6728332587174417,-1.6728332587174417,-1.6728332587174417,-1.6728332587174417
1992-10-11,-1.6109400807522944,-1.6109400807522944,-1.6109400807522944,-1.6109400807522944,-1.6109400807522944,-1.6109400807522944,-1.6109400807522944,-1.6109400807522944,-1.6109400807522944,-1.6109400807522944,-1.6109400807522944,-1.6109400807522944,-1.6109400807522944,-1.6109400807522944,-1.6109400807522944
1992-10-12,-1.3644054384425648,-1.3644054384425648,-1.3644054384425648,-1.3644054384425648,-1.3644054384425648,-1.3644054384425648,-1.3644054384425648,-1.3644054384425648,-1.3644054384425648,-1.3644054384425648,-1.3644054384425648,-1.3644054384425648,-1.3644054384425648,-1.3644054384425648,-1.3644054384425648
1992-10-13,-1.289553918946813,-1.289553918946813,-1.289553918946813,-1.289553918946813,-1.289553918946813,-1.289553918946813,-1.289553918946813,-1.289553918946813,-1.289553918946813,-1.289553918946813,-1.289553918946813,-1.289553918946813,-1.289553918946813,-1.289553918946813,-1.289553918946813
1992-10-14,-1.0310053639862002,-1.0310053639862002,-1.0310053639862002,-1.0310053639862002,-1.0310053639862002,-1.0310053639862002,-1.0310053639862002,-1.0310053639862002,-1.0310053639862002,-1.0310053639862002,-1.0310053639862002,-1.0310053639862002,-1.0310053639862002,-1.0310053639862002,-1.0310053639862002
1992-10-15,-0.8469599513202669,-0.8469599513202669,-0.8469599513202669,-0.8469599513202669,-0.8469599513202669,-0.8469599513202669,-0.8469599513202669,-0.8469599513202669,-0.8469599513202669,-0.8469599513202669,-0.8469599513202669,-0.8469599513202669,-0.8469599513202669,-0.8469599513202669,-0.8469599513202669
1992-10-16,-0.5824825845554727,-0.5824825845554727,-0.5824825845554727,-0.5824825845554727,-0.5824825845554727,-0.5824825845554727,-0.5824825845554727,-0.5824825845554727,-0.5824825845554727,-0.5824825845554727,-0.5824825845554727,-0.5824825845554727,-0.5824825845554727,-0.5824825845554727,-0.5824825845554727
1992-10-17,-0.12813677195236725,-0.12813677195236725,-0.12813677195236725,-0.12813677195236725,-0.12813677195236725,-0.12813677195236725,-0.12813677195236725,-0.12813677195236725,-0.12813677195236725,-0.12813677195236725,-0.12813677195236725,-0.12813677195236725,-0.12813677195236725,-0.12813677195236725,-0.12813677195236725
1992-10-18,0.06489827684532472,0.06489827684532472,0.06489827684532472,0.06489827684532472,0.06489827684532472,0.06489827684532472,0.06489827684532472,0.06489827684532472,0.06489827684532472,0.06489827684532472,0.06489827684532472,0.06489827684532472,0.06489827684532472,0.06489827684532472,0.06489827684532472
1992-10-19,0.14439527823099937,0.14439527823099937,0.14439527823099937,0.14439527823099937,0.14439527823099937,0.14439527823099937,0.14439527823099937,0.14439527823099937,0.14439527823099937,0.14439527823099937,0.14439527823099937,0.14439527823099937,0.14439527823099937,0.14439527823099937,0.14439527823099937
1992-10-20,0.2979025822104183,0.2979025822104183,0.2979025822104183,0.2979025822104183,0.2979025822104183,0.2979025822104183,0.2979025822104183,0.2979025822104183,0.2979025822104183,0.2979025822104183,0.2979025822104183,0.2979025822104183,0.2979025822104183,0.2979025822104183,0.2979025822104183
1992-10-21,0.4358166611502688,0.4358166611502688,0.4358166611502688,0.4358166611502688,0.4358166611502688,0.4358166611502688,0.4358166611502688,0.4358166611502688,0.4358166611502688,0.4358166611502688,0.4358166611502688,0.4358166611502688,0.4358166611502688,0.4358166611502688,0.4358166611502688
1992-10-22,0.3977489960356905,0.3977489960356905,0.3977489960356905,0.3977489960356905,0.3977489960356905,0.3977489960356905,0.3977489960356905,0.3977489960356905,0.3977489960356905,0.3977489960356905,0.3977489960356905,0.3977489960356905,0.3977489960356905,0.3977489960356905,0.3977489960356905
1992-10-23,0.4753141480425408,0.4753141480425408,0.4753141480425408,0.4753141480425408,0.4753141480425408,0.4753141480425408,0.4753141480425408,0.4753141480425408,0.4753141480425408,0.4753141480425408,0.4753141480425408,0.4753141480425408,0.4753141480425408,0.4753141480425408,0.4753141480425408
1992-10-24,0.8604287982021929,0.8604287982021929,0.8604287982021929,0.8604287982021929,0.8604287982021929,0.8604287982021929,0.8604287982021929,0.8604287982021929,0.8604287982021929,0.8604287982021929,0.8604287982021929,0.8604287982021929,0.8604287982021929,0.8604287982021929,0.8604287982021929
1992-10-25,1.0939872081784205,1.0939872081784205,1.0939872081784205,1.0939872081784205,1.0939872081784205,1.0939872081784205,1.0939872081784205,1.0939872081784205,1.0939872081784205,1.0939872081784205,1.0939872081784205,1.0939872081784205,1.0939872081784205,1.0939872081784205,1.0939872081784205
1992-10-26,1.0993363653447301,1.0993363653447301,1.0993363653447301,1.0993363653447301,1.0993363653447301,1.0993363653447301,1.0993363653447301,1.0993363653447301,1.0993363653447301,1.0993363653447301,1.0993363653447301,1.0993363653447301,1.0993363653447301,1.0993363653447301,1.0993363653447301
1992-10-27,1.1737826923111736,1.1737826923111736,1.1737826923111736,1.1737826923111736,1.1737826923111736,1.1737826923111736,1.1737826923111736,1.1737826923111736,1.1737826923111736,1.1737826923111736,1.1737826923111736,1.1737826923111736,1.1737826923111736,1.1737826923111736,1.1737826923111736
1992-10-28,0.9336204292507498,0.9336204292507498,0.9336204292507498,0.9336204292507498,0.9336204292507498,0.9336204292507498,0.9336204292507498,0.9336204292507498,0.9336204292507498,0.9336204292507498,0.9336204292507498,0.9336204292507498,0.9336204292507498,0.9336204292507498,0.9336204292507498
1992-10-29,1.0387760256219662,1.0387760256219662,1.0387760256219662,1.0387760256219662,1.0387760256219662,1.0387760256219662,1.0387760256219662,1.0387760256219662,1.0387760256219662,1.0387760256219662,1.0387760256219662,1.0387760256219662,1.0387760256219662,1.0387760256219662,1.0387760256219662
1992-10-30,1.2610105697781835,1.2610105697781835,1.2610105697781835,1.2610105697781835,1.2610105697781835,1.2610105697781835,1.2610105697781835,1.2610105697781835,1.2610105697781835,1.2610105697781835,1.2610105697781835,1.2610105697781835,1.2610105697781835,1.2610105697781835,1.2610105697781835
1992-10-31,1.1586440375592488,1.1586440375592488,1.1586440375592488,1.1586440375592488,1.1586440375592488,1.1586440375592488,1.1586440375592488,1.1586440375592488,1.1586440375592488,1.1586440375592488,1.1586440375592488,1.1586440375592488,1.1586440375592488,1.1586440375592488,1.1586440375592488
1992-11-01,1.1452024671452128,1.1452024671452128,1.1452024671452128,1.1452024671452128,1.1452024671452128,1.1452024671452128,1.1452024671452128,1.1452024671452128,1.1452024671452128,1.1452024671452128,1.1452024671452128,1.1452024671452128,1.1452024671452128,1.1452024671452128,1.1452024671452128
1992-11-02,1.0490677519046803,1.0490677519046803,1.0490677519046803,1.0490677519046803,1.0490677519046803,1.0490677519046803,1.0490677519046803,1.0490677519046803,1.0490677519046803,1.0490677519046803,1.0490677519046803,1.0490677519046803,1.0490677519046803,1.0490677519046803,1.0490677519046803
1992-11-03,0.8529050528169999,0.8529050528169999,0.8529050528169999,0.8529050528169999,0.8529050528169999,0.8529050528169999,0.8529050528169999,0.8529050528169999,0.8529050528169999,0.8529050528169999,0.8529050528169999,0.8529050528169999,0.8529050528169999,0.8529050528169999,0.8529050528169999
1992-11-04,0.757374136593924,0.757374136593924,0.757374136593924,0.757374136593924,0.757374136593924,0.757374136593924,0.757374136593924,0.757374136593924,0.757374136593924,0.757374136593924,0.757374136593924,0.757374136593924,0.757374136593924,0.757374136593924,0.757374136593924
1992-11-05,0.6771226603762737,0.6771226603762737,0.6771226603762737,0.6771226603762737,0.6771226603762737,0.6771226603762737,0.6771226603762737,0.6771226603762737,0.6771226603762737,0.6771226603762737,0.6771226603762737,0.6771226603762737,0.6771226603762737,0.6771226603762737,0.6771226603762737
1992-11-06,0.6350973186265697,0.6350973186265697,0.6350973186265697,0.6350973186265697,0.6350973186265697,0.6350973186265697,0.6350973186265697,0.6350973186265697,0.6350973186265697,0.6350973186265697,0.6350973186265697,0.6350973186265697,0.6350973186265697,0.6350973186265697,0.6350973186265697
1992-11-07,0.30205238576590304,0.30205238576590304,0.30205238576590304,0.30205238576590304,0.30205238576590304,0.30205238576590304,0.30205238576590304,0.30205238576590304,0.30205238576590304,0.30205238576590304,0.30205238576590304,0.30205238576590304,0.30205238576590304,0.30205238576590304,0.30205238576590304
1992-11-08,0.1513012796902335,0.1513012796902335,0.1513012796902335,0.1513012796902335,0.1513012796902335,0.1513012796902335,0.1513012796902335,0.1513012796902335,0.1513012796902335,0.1513012796902335,0.1513012796902335,0.1513012796902335,0.1513012796902335,0.1513012796902335,0.1513012796902335
1992-11-09,-0.10456078647901945,-0.10456078647901945,-0.10456078647901945,-0.10456078647901945,-0.10456078647901945,-0.10456078647901945,-0.10456078647901945,-0.10456078647901945,-0.10456078647901945,-0.10456078647901945,-0.10456078647901945,-0.10456078647901945,-0.10456078647901945,-0.10456078647901945,-0.10456078647901945
1992-11-10,-0.16089473904563992,-0.16089473904563992,-0.16089473904563992,-0.16089473904563992,-0.16089473904563992,-0.16089473904563992,-0.16089473904563992,-0.16089473904563992,-0.16089473904563992,-0.16089473904563992,-0.16089473904563992,-0.16089473904563992,-0.16089473904563992,-0.16089473904563992,-0.16089473904563992
1992-11-11,-0.43861925932862844,-0.43861925932862844,-0.43861925932862844,-0.43861925932862844,-0.43861925932862844,-0.43861925932862844,-0.43861925932862844,-0.43861925932862844,-0.43861925932862844,-0.43861925932862844,-0.43861925932862844,-0.43861925932862844,-0.43861925932862844,-0.43861925932862844,-0.43861925932862844
1992-11-12,-0.6778173413885232,-0.6778173413885232,-0.6778173413885232,-0.6778173413885232,-0.6778173413885232,-0.6778173413885232,-0.6778173413885232,-0.6778173413885232,-0.6778173413885232,-0.6778173413885232,-0.6778173413885232,-0.6778173413885232,-0.6778173413885232,-0.6778173413885232,-0.6778173413885232
1992-11-13,-0.7865924987745684,-0.7865924987745684,-0.7865924987745684,-0.7865924987745684,-0.7865924987745684,-0.7865924987745684,-0.7865924987745684,-0.7865924987745684,-0.7865924987745684,-0.7865924987745684,-0.7865924987745684,-0.7865924987745684,-0.7865924987745684,-0.7865924987745684,-0.7865924987745684
1992-11-14,-0.983227336831105,-0.983227336831105,-0.983227336831105,-0.983227336831105,-0.983227336831105,-0.983227336831105,-0.983227336831105,-0.983227336831105,-0.983227336831105,-0.983227336831105,-0.983227336831105,-0.983227336831105,-0.983227336831105,-0.983227336831105,-0.983227336831105
1992-11-15,-0.783938674601131,-0.783938674601131,-0.783938674601131,-0.783938674601131,-0.783938674601131,-0.783938674601131,-0.783938674601131,-0.783938674601131,-0.783938674601131,-0.783938674601131,-0.783938674601131,-0.783938674601131,-0.783938674601131,-0.783938674601131,-0.783938674601131
1992-11-16,-0.7469158924548439,-0.7469158924548439,-0.7469158924548439,-0.7469158924548439,-0.7469158924548439,-0.7469158924548439,-0.7469158924548439,-0.7469158924548439,-0.7469158924548439,-0.7469158924548439,-0.7469158924548439,-0.7469158924548439,-0.7469158924548439,-0.7469158924548439,-0.7469158924548439
1992-11-17,-0.7116563294726994,-0.7116563294726994,-0.7116563294726994,-0.7116563294726994,-0.7116563294726994,-0.7116563294726994,-0.7116563294726994,-0.7116563294726994,-0.7116563294726994,-0.7116563294726994,-0.7116563294726994,-0.7116563294726994,-0.7116563294726994,-0.7116563294726994,-0.7116563294726994
1992-11-18,-0.14299072676963676,-0.14299072676963676,-0.14299072676963676,-0.14299072676963676,-0.14299072676963676,-0.14299072676963676,-0.14299072676963676,-0.14299072676963676,-0.14299072676963676,-0.14299072676963676,-0.14299072676963676,-0.14299072676963676,-0.14299072676963676,-0.14299072676963676,-0.14299072676963676
1992-11-19,0.4391680619403661,0.4391680619403661,0.4391680619403661,0.4391680619403661,0.4391680619403661,0.4391680619403661,0.4391680619403661,0.4391680619403661,0.4391680619403661,0.4391680619403661,0.4391680619403661,0.4391680619403661,0.4391680619403661,0.4391680619403661,0.4391680619403661
1992-11-20,0.796845685686339,0.796845685686339,0.796845685686339,0.796845685686339,0.796845685686339,0.796845685686339,0.796845685686339,0.796845685686339,0.796845685686339,0.796845685686339,0.796845685686339,0.796845685686339,0.796845685686339,0.796845685686339,0.796845685686339
1992-11-21,0.827523568078205,0.827523568078205,0.827523568078205,0.827523568078205,0.827523568078205,0.827523568078205,0.827523568078205,0.827523568078205,0.827523568078205,0.827523568078205,0.827523568078205,0.827523568078205,0.827523568078205,0.827523568078205,0.827523568078205
1992-11-22,0.7252860459263119,0.7252860459263119,0.7252860459263119,0.7252860459263119,0.7252860459263119,0.7252860459263119,0.7252860459263119,0.7252860459263119,0.7252860459263119,0.7252860459263119,0.7252860459263119,0.7252860459263119,0.7252860459263119,0.7252860459263119,0.7252860459263119
1992-11-23,0.5639914077050867,0.5639914077050867,0.5639914077050867,0.5639914077050867,0.5639914077050867,0.5639914077050867,0.5639914077050867,0.5639914077050867,0.5639914077050867,0.5639914077050867,0.5639914077050867,0.5639914077050867,0.5639914077050867,0.5639914077050867,0.5639914077050867
1992-11-24,0.37124721191456206,0.37124721191456206,0.37124721191456206,0.37124721191456206,0.37124721191456206,0.37124721191456206,0.37124721191456206,0.37124721191456206,0.37124721191456206,0.37124721191456206,0.37124721191456206,0.37124721191456206,0.37124721191456206,0.37124721191456206,0.37124721191456206
1992-11-25,0.34689531051886846,0.34689531051886846,0.34689531051886846,0.34689531051886846,0.34689531051886846,0.34689531051886846,0.34689531051886846,0.34689531051886846,0.34689531051886846,0.34689531051886846,0.34689531051886846,0.34689531051886846,0.34689531051886846,0.34689531051886846,0.34689531051886846
1992-11-26,0.08087032461167974,0.08087032461167974,0.08087032461167974,0.08087032461167974,0.08087032461167974,0.08087032461167974,0.08087032461167974,0.08087032461167974,0.08087032461167974,0.08087032461167974,0.08087032461167974,0.08087032461167974,0.08087032461167974,0.08087032461167974,0.08087032461167974
1992-11-27,-0.24785565341777893,-0.24785565341777893,-0.24785565341777893,-0.24785565341777893,-0.24785565341777893,-0.24785565341777893,-0.24785565341777893,-0.24785565341777893,-0.24785565341777893,-0.24785565341777893,-0.24785565341777893,-0.24785565341777893,-0.24785565341777893,-0.24785565341777893,-0.24785565341777893
1992-11-28,-0.4275872757217774,-0.4275872757217774,-0.4275872757217774,-0.4275872757217774,-0.4275872757217774,-0.4275872757217774,-0.4275872757217774,-0.4275872757217774,-0.4275872757217774,-0.4275872757217774,-0.4275872757217774,-0.4275872757217774,-0.4275872757217774,-0.4275872757217774,-0.4275872757217774
1992-11-29,-0.6897628326729137,-0.6897628326729137,-0.6897628326729137,-0.6897628326729137,-0.6897628326729137,-0.6897628326729137,-0.6897628326729137,-0.6897628326729137,-0.6897628326729137,-0.6897628326729137,-0.6897628326729137,-0.6897628326729137,-0.6897628326729137,-0.6897628326729137,-0.6897628326729137
1992-11-30,-0.8326495825668627,-0.8326495825668627,-0.8326495825668627,-0.8326495825668627,-0.8326495825668627,-0.8326495825668627,-0.8326495825668627,-0.8326495825668627,-0.8326495825668627,-0.8326495825668627,-0.8326495825668627,-0.8326495825668627,-0.8326495825668627,-0.8326495825668627,-0.8326495825668627
1992-12-01,-0.7981745594345123,-0.7981745594345123,-0.7981745594345123,-0.7981745594345123,-0.7981745594345123,-0.7981745594345123,-0.7981745594345123,-0.7981745594345123,-0.7981745594345123,-0.7981745594345123,-0.7981745594345123,-0.7981745594345123,-0.7981745594345123,-0.7981745594345123,-0.7981745594345123
1992-12-02,-0.7158989176241513,-0.7158989176241513,-0.7158989176241513,-0.7158989176241513,-0.7158989176241513,-0.7158989176241513,-0.7158989176241513,-0.7158989176241513,-0.7158989176241513,-0.7158989176241513,-0.7158989176241513,-0.7158989176241513,-0.7158989176241513,-0.7158989176241513,-0.7158989176241513
1992-12-03,-0.725546491691067,-0.725546491691067,-0.725546491691067,-0.725546491691067,-0.725546491691067,-0.725546491691067,-0.725546491691067,-0.725546491691067,-0.725546491691067,-0.725546491691067,-0.725546491691067,-0.725546491691067,-0.725546491691067,-0.725546491691067,-0.725546491691067
1992-12-04,-0.9626922136840274,-0.9626922136840274,-0.9626922136840274,-0.9626922136840274,-0.9626922136840274,-0.9626922136840274,-0.9626922136840274,-0.9626922136840274,-0.9626922136840274,-0.9626922136840274,-0.9626922136840274,-0.9626922136840274,-0.9626922136840274,-0.9626922136840274,-0.9626922136840274
1992-12-05,-0.6386165292253809,-0.6386165292253809,-0.6386165292253809,-0.6386165292253809,-0.6386165292253809,-0.6386165292253809,-0.6386165292253809,-0.6386165292253809,-0.6386165292253809,-0.6386165292253809,-0.6386165292253809,-0.6386165292253809,-0.6386165292253809,-0.6386165292253809,-0.6386165292253809
1992-12-06,-0.4447609346953685,-0.4447609346953685,-0.4447609346953685,-0.4447609346953685,-0.4447609346953685,-0.4447609346953685,-0.4447609346953685,-0.4447609346953685,-0.4447609346953685,-0.4447609346953685,-0.4447609346953685,-0.4447609346953685,-0.4447609346953685,-0.4447609346953685,-0.4447609346953685
1992-12-07,-0.25730084137000897,-0.25730084137000897,-0.25730084137000897,-0.25730084137000897,-0.25730084137000897,-0.25730084137000897,-0.25730084137000897,-0.25730084137000897,-0.25730084137000897,-0.25730084137000897,-0.25730084137000897,-0.25730084137000897,-0.25730084137000897,-0.25730084137000897,-0.25730084137000897
1992-12-08,0.0022158145728014087,0.0022158145728014087,0.0022158145728014087,0.0022158145728014087,0.0022158145728014087,0.0022158145728014087,0.0022158145728014087,0.0022158145728014087,0.0022158145728014087,0.0022158145728014087,0.0022158145728014087,0.0022158145728014087,0.0022158145728014087,0.0022158145728014087,0.0022158145728014087
1992-12-09,0.015447661426301372,0.015447661426301372,0.015447661426301372,0.015447661426301372,0.015447661426301372,0.015447661426301372,0.015447661426301372,0.015447661426301372,0.015447661426301372,0.015447661426301372,0.015447661426301372,0.015447661426301372,0.015447661426301372,0.015447661426301372,0.015447661426301372
1992-12-10,0.22794235304311772,0.22794235304311772,0.22794235304311772,0.22794235304311772,0.22794235304311772,0.22794235304311772,0.22794235304311772,0.22794235304311772,0.22794235304311772,0.22794235304311772,0.22794235304311772,0.22794235304311772,0.22794235304311772,0.22794235304311772,0.22794235304311772
1992-12-11,0.08122694989390206,0.08122694989390206,0.08122694989390206,0.08122694989390206,0.08122694989390206,0.08122694989390206,0.08122694989390206,0.08122694989390206,0.08122694989390206,0.08122694989390206,0.08122694989390206,0.08122694989390206,0.08122694989390206,0.08122694989390206,0.08122694989390206
1992-12-12,-0.014806165894983955,-0.014806165894983955,-0.014806165894983955,-0.014806165894983955,-0.014806165894983955,-0.014806165894983955,-0.014806165894983955,-0.014806165894983955,-0.014806165894983955,-0.014806165894983955,-0.014806165894983955,-0.014806165894983955,-0.014806165894983955,-0.014806165894983955,-0.014806165894983955
1992-12-13,-0.19541820425713807,-0.19541820425713807,-0.19541820425713807,-0.19541820425713807,-0.19541820425713807,-0.19541820425713807,-0.19541820425713807,-0.19541820425713807,-0.19541820425713807,-0.19541820425713807,-0.19541820425713807,-0.19541820425713807,-0.19541820425713807,-0.19541820425713807,-0.19541820425713807
1992-12-14,-0.28038937347213433,-0.28038937347213433,-0.28038937347213433,-0.28038937347213433,-0.28038937347213433,-0.28038937347213433,-0.28038937347213433,-0.28038937347213433,-0.28038937347213433,-0.28038937347213433,-0.28038937347213433,-0.28038937347213433,-0.28038937347213433,-0.28038937347213433,-0.28038937347213433
1992-12-15,-0.2629407622360024,-0.2629407622360024,-0.2629407622360024,-0.2629407622360024,-0.2629407622360024,-0.2629407622360024,-0.2629407622360024,-0.2629407622360024,-0.2629407622360024,-0.2629407622360024,-0.2629407622360024,-0.2629407622360024,-0.2629407622360024,-0.2629407622360024,-0.2629407622360024
1992-12-16,-0.2949696824692509,-0.2949696824692509,-0.2949696824692509,-0.2949696824692509,-0.2949696824692509,-0.2949696824692509,-0.2949696824692509,-0.2949696824692509,-0.2949696824692509,-0.2949696824692509,-0.2949696824692509,-0.2949696824692509,-0.2949696824692509,-0.2949696824692509,-0.2949696824692509
1992-12-17,-0.4455725481990844,-0.4455725481990844,-0.4455725481990844,-0.4455725481990844,-0.4455725481990844,-0.4455725481990844,-0.4455725481990844,-0.4455725481990844,-0.4455725481990844,-0.4455725481990844,-0.4455725481990844,-0.4455725481990844,-0.4455725481990844,-0.4455725481990844,-0.4455725481990844
1992-12-18,-0.5445056491003034,-0.5445056491003034,-0.5445056491003034,-0.5445056491003034,-0.5445056491003034,-0.5445056491003034,-0.5445056491003034,-0.5445056491003034,-0.5445056491003034,-0.5445056491003034,-0.5445056491003034,-0.5445056491003034,-0.5445056491003034,-0.5445056491003034,-0.5445056491003034
1992-12-19,-0.5734153982850403,-0.5734153982850403,-0.5734153982850403,-0.5734153982850403,-0.5734153982850403,-0.5734153982850403,-0.5734153982850403,-0.5734153982850403,-0.5734153982850403,-0.5734153982850403,-0.5734153982850403,-0.5734153982850403,-0.5734153982850403,-0.5734153982850403,-0.5734153982850403
1992-12-20,-0.4602669534383639,-0.4602669534383639,-0.4602669534383639,-0.4602669534383639,-0.4602669534383639,-0.4602669534383639,-0.4602669534383639,-0.4602669534383639,-0.4602669534383639,-0.4602669534383639,-0.4602669534383639,-0.4602669534383639,-0.4602669534383639,-0.4602669534383639,-0.4602669534383639
1992-12-21,-0.24611388815785973,-0.24611388815785973,-0.24611388815785973,-0.24611388815785973,-0.24611388815785973,-0.24611388815785973,-0.24611388815785973,-0.24611388815785973,-0.24611388815785973,-0.24611388815785973,-0.24611388815785973,-0.24611388815785973,-0.24611388815785973,-0.24611388815785973,-0.24611388815785973
1992-12-22,0.060057438273244335,0.060057438273244335,0.060057438273244335,0.060057438273244335,0.060057438273244335,0.060057438273244335,0.060057438273244335,0.060057438273244335,0.060057438273244335,0.060057438273244335,0.060057438273244335,0.060057438273244335,0.060057438273244335,0.060057438273244335,0.060057438273244335
1992-12-23,0.17422269650520916,0.17422269650520916,0.17422269650520916,0.17422269650520916,0.17422269650520916,0.17422269650520916,0.17422269650520916,0.17422269650520916,0.17422269650520916,0.17422269650520916,0.17422269650520916,0.17422269650520916,0.17422269650520916,0.17422269650520916,0.17422269650520916
1992-12-24,0.40412250796594373,0.40412250796594373,0.40412250796594373,0.40412250796594373,0.40412250796594373,0.40412250796594373,0.40412250796594373,0.40412250796594373,0.40412250796594373,0.40412250796594373,0.40412250796594373,0.40412250796594373,0.40412250796594373,0.40412250796594373,0.40412250796594373
1992-12-25,0.6177731173389355,0.6177731173389355,0.6177731173389355,0.6177731173389355,0.6177731173389355,0.6177731173389355,0.6177731173389355,0.6177731173389355,0.6177731173389355,0.6177731173389355,0.6177731173389355,0.6177731173389355,0.6177731173389355,0.6177731173389355,0.6177731173389355
1992-12-26,0.7582112638210367,0.7582112638210367,0.7582112638210367,0.7582112638210367,0.7582112638210367,0.7582112638210367,0.7582112638210367,0.7582112638210367,0.7582112638210367,0.7582112638210367,0.7582112638210367,0.7582112638210367,0.7582112638210367,0.7582112638210367,0.7582112638210367
1992-12-27,0.7635765686212944,0.7635765686212944,0.7635765686212944,0.7635765686212944,0.7635765686212944,0.7635765686212944,0.7635765686212944,0.7635765686212944,0.7635765686212944,0.7635765686212944,0.7635765686212944,0.7635765686212944,0.7635765686212944,0.7635765686212944,0.7635765686212944
1992-12-28,0.9149220333238043,0.9149220333238043,0.9149220333238043,0.9149220333238043,0.9149220333238043,0.9149220333238043,0.9149220333238043,0.9149220333238043,0.9149220333238043,0.9149220333238043,0.9149220333238043,0.9149220333238043,0.9149220333238043,0.9149220333238043,0.9149220333238043
1992-12-29,0.9802245923358813,0.9802245923358813,0.9802245923358813,0.9802245923358813,0.9802245923358813,0.9802245923358813,0.9802245923358813,0.9802245923358813,0.9802245923358813,0.9802245923358813,0.9802245923358813,0.9802245923358813,0.9802245923358813,0.9802245923358813,0.9802245923358813
1992-12-30,1.3102592987932156,1.3102592987932156,1.3102592987932156,1.3102592987932156,1.3102592987932156,1.3102592987932156,1.3102592987932156,1.3102592987932156,1.3102592987932156,1.3102592987932156,1.3102592987932156,1.3102592987932156,1.3102592987932156,1.3102592987932156,1.3102592987932156
1992-12-31,1.5928702913565,1.5928702913565,1.5928702913565,1.5928702913565,1.5928702913565,1.5928702913565,1.5928702913565,1.5928702913565,1.5928702913565,1.5928702913565,1.5928702913565,1.5928702913565,1.5928702913565,1.5928702913565,1.5928702913565
1993-01-01,2.157767344013447,2.0363162848646765,2.1495107780162717,1.993331445877506,2.1627911653785703,2.1358311424961234,2.0454367460934595,2.1370989549630734,2.040058030766742,2.1065516848406074,2.08139677089605,2.065654287763857,2.081701081674884,2.0688625421821576,2.097048521331955
1993-01-02,2.0072389283697043,2.038490961162663,1.9611930735880303,2.095467431700354,1.8543552945278918,1.9706762361787142,2.137430468905348,1.9153116997088213,2.0833789986998883,2.0850611503905236,1.9508950735762898,1.933327556956095,1.931539963361843,1.9563760775085857,1.881353279969235
1993-01-03,1.5826541725312526,1.679364406440291,1.5457685222988,1.8226613518109869,1.5096278454049812,1.7997759690840627,1.7420476838209513,1.5323489968571058,1.7624327117249812,1.6723911084341854,1.7956822915791721,1.6494140488900078,1.6624669472864337,1.783916700064011,1.5226926706531734
1993-01-04,1.4329635636163462,1.413649830426353,1.592310578092432,1.6258846293172817,1.344916175315871,1.8380336925636809,1.6949852056409878,1.4471498233255344,1.4040760780544694,1.3822137291098815,1.689758629190629,1.4546066007592127,1.5864454544504414,1.720446714702076,1.5199912000503013
1993-01-05,1.115925151437677,0.9408410248874151,1.3300710403884493,1.1968963782046964,1.0629071727573198,1.5583126297707557,1.2441918685134592,0.922440459781809,0.9858026646420817,0.820523901128079,1.5532788963255302,1.1569389215314367,1.3567944673007473,1.475097638510321,1.34376233915989
1993-01-06,0.4822230103854655,0.229267305952884,0.8550311018492477,0.6193685028072085,0.3381738515843627,1.1128740361569034,0.33705342648974607,0.4365907198918329,0.34912351205909864,0.20629074913804774,0.7611184845900058,0.563583397297127,0.7496738752506714,0.799900195199886,0.7481529181176653
1993-01-07,-0.055297691096081215,-0.2588184514464187,0.3323663071066237,0.1361422618038752,-0.13542599130203334,0.6944267213353718,-0.30827654967465745,-0.3431581771622083,-0.15460659639265928,-0.3920107813871174,0.053911130493171956,-0.007497005419478764,0.11242570220641367,0.2478684634907363,0.05150031471769831
1993-01-08,-0.4455494242266992,-0.5078886048388725,-0.07064332213126992,-0.2296887635677345,-0.6909236301153232,0.29871689012434116,-0.8427367110571421,-0.8350017235471004,-0.75510105832223,-0.8311657915008466,-0.8319228308213588,-0.5934860550487929,-0.14418249093787244,-0.0954873015166284,-0.4934507968410948
1993-01-09,-0.7384029296956339,-0.6200556865323662,-0.17750625526379535,-0.30884105264552286,-0.9705196854312005,-0.027199674816578878,-1.138490379493517,-0.8837506557622852,-0.9863081983848342,-0.7906305684087159,-1.1714641086367938,-0.7643706172245068,-0.16658436521993644,-0.026123391568839027,-0.6144494912263196
1993-01-10,-1.1538934401141188,-0.5992343253494334,-0.5240396314891785,-0.5769264333037596,-1.2101317944291283,-0.7018773941926422,-1.4436115870368331,-1.2943519024261978,-1.5514898710126503,-1.1601061525830143,-1.4981412927534894,-1.0673375025646075,-0.5384162973755663,-0.4355752489691979,-0.975078002742401
1993-01-11,-1.3948075439959777,-0.5071329795190869,-0.568436752206451,-0.7235451305898273,-1.190874923352338,-1.3593999536055472,-1.5899159182991616,-1.7862973677101788,-2.195428254711632,-1.151332476151369,-1.9982484752351901,-1.1295950333424922,-0.9619765112898593,-0.7357058307458623,-1.0588241332799253
1993-01-12,-1.4446392646696546,-0.7348493793619225,-0.45932273003420443,-0.6528138077406682,-1.1064284250258436,-1.8286463653657943,-1.348095668722572,-2.097345208589708,-2.1486547465481087,-1.1357898880326565,-2.491553018515301,-1.129845989633906,-0.9406961232268692,-1.0938489690547757,-1.0920263273470818
1993-01-13,-1.436660810468895,-0.8067858468688144,-0.6558161747193083,-0.9000728612541544,-0.9374499712659251,-1.6548457437166284,-1.039092423560383,-2.121087324400723,-1.9748573794121698,-1.2492468268382286,-2.5292379740801696,-1.143992722347124,-0.9479019552814335,-1.350111982938122,-1.3887314368217214
1993-01-14,-1.4288469743815153,-0.9582821781224383,-0.5659656292134152,-0.9125319056125636,-0.5606958193347356,-1.5225183918389347,-0.7025343001028215,-1.9329065212955103,-2.039233077195824,-1.079682274613537,-2.62148105284569,-1.0925499148932913,-1.1817699693238055,-1.598976872847731,-1.484167689176384
1993-01-15,-1.707645074983055,-0.8311954443045928,-0.508480931835173,-1.024282591372548,-0.4522432995922489,-1.534086230182907,-0.5868050748347327,-1.9438633390547677,-2.303131972743473,-1.2142875638568016,-2.4180974555086574,-1.1332305655166528,-1.5093706054835356,-1.6698504724886658,-1.0313155450530136
1993-01-16,-1.848815048631073,-0.6505550764207418,-0.42374813620813884,-1.1760192282205544,-0.31535821301975986,-1.114903721825249,-0.38798709263156955,-1.9040950241558574,-2.167126757255148,-1.1138932682869842,-2.3401974939594745,-1.4426538140581509,-1.7222638501356464,-1.622931044985946,-0.6213547135204592
1993-01-17,-2.0412447793689097,-1.0304731409604684,-0.5467601172566445,-1.175868413108207,-0.15297380231888866,-1.1048884578492777,0.17628164298060456,-1.8265291792253646,-2.0866061480224083,-0.8700736921754983,-2.296474628691958,-1.5038458045100673,-2.0972952710486252,-1.5489898354993583,-0.529855645934024
1993-01-18,-2.0005576278016317,-1.1233850895139526,-0.8855926349648869,-1.0978961115192474,-0.43960053978843916,-0.9944744838451312,0.42423166420429786,-1.9826573396000071,-1.8916806118951641,-0.7033702170759552,-1.8651407186401867,-1.9208720855057064,-1.8133648289530961,-1.5696713799715187,-0.39178573237813874
1993-01-19,-1.8146484281487167,-1.3848859116431045,-1.165902471924345,-0.9513319544183577,-0.22751678471634443,-0.9560202904084455,0.4285516676313401,-2.489135864279258,-1.9535924246873346,-0.33318917965502115,-1.8325741328635143,-2.0503715575831998,-1.5505096717901725,-1.553413876162743,-0.020000527670480755
1993-01-20,-1.6310072748357476,-1.596594738353368,-0.9817074989315457,-1.116096837857628,-0.18303110650394389,-0.7178942823105166,0.10904474340177343,-2.6590819636784735,-1.6080756226121922,-0.23851753680724555,-1.511366290007753,-1.944588984838066,-1.1296852811443492,-1.327873739120867,0.13157680787237253
1993-01-21,-1.7422453984798831,-1.8973072370316313,-0.8081584712794349,-1.2467137692708763,-0.14502623705483858,-0.36951141503481355,0.08708283277304235,-2.6795123093803612,-1.7186339276964542,-0.5643236089333133,-1.4468237648572162,-2.0575048539931653,-0.844856496406998,-0.9347465328604336,0.15772012049673328
1993-01-22,-1.8466761401279388,-2.0391392918877647,-0.5360123000082273,-1.2237319589470892,-0.3639691899606907,0.0022221447905246762,-0.29114379488549014,-2.7640214749873366,-1.6893345387100343,-1.0111804303593537,-1.2374477620893307,-2.1483642119103767,-0.8524232423011132,-0.504825846682038,0.15491828785861245
1993-01-23,-1.9707387805621484,-1.8938590730087137,-0.5663368319033787,-1.1730969923471515,-0.24454248043178392,0.07584265369449965,-0.16198824773444573,-2.5451789388690544,-1.4907685836092963,-1.0023308599120158,-1.4633560919235529,-2.5442060830799185,-0.6190861139415943,-0.23272498333999575,0.8197241444585123
1993-01-24,-1.8290327344294033,-1.7296286232908085,-0.40393145359592814,-0.8938910188994383,-0.17190982680112496,0.03580571314267939,-0.32951357781617835,-2.4244005404524374,-1.1252726828285398,-1.147729822022222,-1.4621152822835266,-2.6523241251075227,-0.32537064551725003,-0.46003607209167857,1.2217488820927078
1993-01-25,-1.648279997962867,-1.5837514548005067,-0.10856019082698022,-0.7944500760361248,-0.3664500476995112,-0.19683689301168952,-0.3515804459848741,-1.9709929641705664,-0.9135318114110513,-1.2546164368563386,-1.3654515833388932,-2.3339462850319723,-0.24019696650760755,-0.7129790940407228,1.18357840401579
1993-01-26,-1.5147483077418356,-1.4145752904926931,0.29212183793171903,-0.6801310683141754,-0.3758661928681815,-0.17836408685248623,-0.49898252185784747,-1.4451695966081617,-1.1656120800549,-1.1258007270298862,-1.4785803578550683,-2.1778214494148864,-0.17476286652970976,-0.8039575012358373,1.036722102646169
1993-01-27,-0.9840101754403058,-1.0160062908546867,0.30634136106206256,-0.5193808948777813,0.11596946450663438,0.13168022157273304,-0.42922064891355466,-1.189340681704189,-1.0518141475038523,-1.2428956370496425,-1.652897831406266,-2.3242601241608773,-0.3393622574615592,-0.9984308919916046,0.6391749087014381
1993-01-28,-0.7545290976479803,-0.8082295685779,0.3198992397540229,-0.6156357036193689,0.4735862534143938,0.6334297138511817,-0.5712906130031912,-1.05621432631908,-1.1620560685885388,-1.3476948537097386,-1.9553920817567347,-2.601883416098187,-0.7072625629822583,-0.9300288816054452,0.26724546544512023
1993-01-29,-0.2889538445984793,-0.3933072513158833,-0.262843668078281,-0.9302789174585917,0.3783075777497859,0.8675430958401285,-0.7521064689087466,-0.9272666717526225,-0.865710999975675,-1.1740835516094732,-2.15414810804027,-2.135862488588277,-1.000348969347415,-0.8172808377883828,0.17667821980506979
1993-01-30,-0.18143376710917586,0.02801609523681331,-0.5333444740642932,-0.6148313070147289,0.14910158550438254,0.9302530412207144,-0.8301699622387406,-1.0284015938041806,-0.7935383528950848,-0.7712154779101724,-2.4980303074880705,-1.8182270654946815,-1.2535085910119281,-0.8615126772900479,-0.15137251189923098
1993-01-31,-0.009145154354901998,0.2338394541021232,-1.2449416125532395,-0.42070708030908155,0.16714596653002722,0.8449365013877131,-0.8090054632702101,-1.0869600962216817,-0.9608993645853766,-0.8187242801615047,-2.6404269869906103,-1.5344375363444358,-1.6979145882719087,-0.8899582746362628,-0.32833032030880155
1993-02-01,0.04944716695129129,0.6009574790267269,-1.7475595965673933,-0.18819677220698972,-0.06739710896945897,1.1718993948924694,-0.7825728116034861,-0.9664963122022818,-1.0848243379967606,-0.705136125227856,-2.502652938734319,-1.4567930235843642,-1.5753195600566223,-0.7569923827950611,-0.6116431146277022
1993-02-02,0.24546291659009864,0.33979705246656666,-1.8353634278584456,0.4000296617200083,0.001893504692404333,1.1530525110911765,-0.6904451163161033,-0.777566029595593,-1.1660581739433158,-0.8926514712908385,-2.184937584796127,-1.0375808709484795,-1.6598644317805629,-0.4788540948654262,-0.8878435802752169
1993-02-03,0.5159185424115372,0.006854342649880707,-1.5712568605061679,0.5679349744873095,0.35947433566788617,0.8768296651859501,-0.6229994162635464,-0.31465690580689504,-1.091972787690637,-0.6512326109439656,-1.7716145171882844,-0.8499468559101169,-1.6092085907341347,0.02853739528962699,-0.538813556878033
1993-02-04,0.7666096004944262,-0.33540252793822123,-1.5974576871281716,0.3271381416811808,0.597564430739324,1.095552226557241,-0.36090600206226914,-0.37335382548179774,-0.642713669261189,-0.45141842938332816,-1.3310519006465713,-1.0181639353862675,-1.5295958174953221,0.22242558741280014,-0.3668337844797698
1993-02-05,1.0584815755591197,-0.6762920897269983,-1.4542976892773911,0.229106187451196,0.7903392729296383,1.1422903689606059,-0.058769395865219114,-0.42575012744603263,-0.5693486614131147,-0.3712920548644551,-0.8390165891957435,-1.1727016173374067,-1.197063768845289,0.35998415693893776,-0.42193551644163085
1993-02-06,1.3112917442861547,-0.9543231212741732,-1.1654941163301182,0.02129485367954173,0.5335290917861473,0.8975252207539969,-0.017863608872643048,-0.44560876501423174,-0.5961935928205688,-0.3453456696193511,-0.2956300397352563,-1.385477901976904,-1.2432606245166675,-0.05168948891270122,-0.3216640095766836
1993-02-07,1.3721496687435326,-1.32054899718003,-1.0550190890910311,0.006393568042161142,0.22411131006717824,0.609276407533344,-0.12387489800610373,-0.7254518592633219,-0.3168390227875887,-0.11425203230104637,0.02979671079727446,-1.2916451478612634,-1.3044261718242762,-0.19993061638247836,0.18775266752698028
1993-02-08,1.1541423477355803,-1.5019636650166621,-1.2076252144472064,0.17444531542063993,0.11749849236160648,0.1928434762376579,0.2214473106644302,-0.6669937920015648,-0.41278743508037796,-0.1073517458083566,0.49212367800787044,-1.2130663509722603,-1.2699463303002088,-0.1589731175486101,0.12395082405671766
1993-02-09,0.8805313628407699,-1.5811923532343803,-1.0338293774635265,0.05523065956088958,0.06703457705587135,-0.20375122065613777,0.32783990638681904,-0.715699249541333,-0.5958151938715458,-0.22193943779307607,1.1506034677451455,-1.0503579869032595,-1.2769122002898616,-0.15283085313258263,-0.0787578733345247
1993-02-10,0.5752075701242042,-1.462709518529465,-1.1771823743770395,0.008547335391802037,0.13047803713242262,-0.21108294546384915,0.24555670752996378,-0.6779242185032115,-0.4123838664329457,-0.4190171141687574,1.668947226235786,-0.5650817392601097,-1.2255420313673289,-0.05410537221495101,-0.4516938007814051
1993-02-11,0.1648953477412749,-1.3087156724795617,-0.9671665966877685,-0.2051458195944443,-0.2632627820191766,0.009493406615829652,0.3121983981972308,-0.2696707834846835,-0.14642484696873903,-0.6152263983998759,1.6249727640133427,-0.10058921675610905,-1.396650621407059,-0.5442469454450517,-0.6466536110583163
1993-02-12,0.2766686731580216,-1.2231457434502817,-0.7268563960982012,-0.29866712629346004,-0.4079142189578461,0.2384465664941479,0.14002642786613223,-0.13232154068069268,0.044339755216043567,-0.7455494103813883,1.3874594277280925,0.018845385269475625,-1.2757420636469283,-1.0308673452220636,-0.8555011127822484
1993-02-13,0.7053347277629567,-1.0923368691058701,-0.6753712657340226,-0.3262984788616796,-0.3900499235919592,0.12426878788002228,0.40776123968173383,0.054160273140947256,0.1609898050591873,-0.5948508369704948,0.9247209377042427,0.44148728497436557,-1.0302547021753272,-1.3004044533606922,-1.3824299594020693
1993-02-14,1.0726159900724206,-1.2827037064012834,-0.6783912238740283,-0.30619397958630556,-0.699670887489431,-0.10678837234466594,0.614196653978346,0.19848344189311665,0.4998896787572821,-0.4479281245135263,0.8033297944569888,0.6213455623670011,-1.272416365599257,-1.3059129069977595,-1.640797985677552
1993-02-15,1.5555143897309573,-1.5780204700079203,-0.45594021142534064,-0.166217478069097,-1.0066313956953707,-0.35272480259687566,0.8870487505956507,0.11544438748577497,0.6472964957264681,-0.276678575711194,0.558796855811221,0.8385758816651027,-1.4890751221167586,-1.3813471825926775,-1.4334446122352291
1993-02-16,1.7240922384805446,-1.614187506616157,-0.5099930054083679,0.0390875155432119,-1.2188701682061418,-0.7354175670990731,1.0520249549884466,0.13632039487671163,0.47366199095551137,-0.2109068250908423,0.4521146015128336,0.6278015739152738,-1.5019662421764401,-1.2012594868511772,-1.5220888076880725
1993-02-17,1.5822234990231538,-1.539916236166369,-0.5390293890264568,0.5770145731023097,-1.3982642958413867,-1.1062342955863058,1.2957746695192243,0.22952513007677686,0.5947296219409842,0.11201501133976606,0.40996432035969577,0.4021658802572069,-1.4514663950423852,-0.7519643376092473,-1.3896745034355695
1993-02-18,1.3891566258169956,-1.016383724581005,-0.4514124524849616,0.731273065715518,-1.3721002212731348,-1.3014485078131488,1.2612067807691796,0.17199819253493204,0.582656477431188,0.28813178585601956,0.24761265722770687,0.2080686554224562,-1.6047163767173442,-0.5642688025917095,-0.9016727377966277
1993-02-19,1.2735230147608774,-0.5441238609005514,-0.4186189306501923,0.9928469092435847,-1.0561323609043556,-1.353685660997683,1.1718269867738282,0.3387567731140187,0.37229728599497797,0.3422253178268491,0.15286489688116103,0.327419861664465,-2.113290885538656,-0.631225274113203,-0.3287588583295593
1993-02-20,1.3422022848255977,-0.12144837264052649,-0.22668949592413834,0.9907880362646959,-0.8133286741244604,-1.0162646593581883,0.9962734222175386,0.19678334487834487,0.21737253414952193,-0.09481633208496758,0.3154946773107163,0.14813742499654892,-2.280606125542404,-0.614013805641465,-0.19148377353378512
1993-02-21,1.3512484977667174,-0.1457751566851723,0.12575579798097886,1.4480060038229339,-0.8791541326528175,-0.9313896042644076,0.9388056920484473,0.08529152720873175,-0.014376516496175998,-0.4881317890540443,0.4356008290519669,0.039974463217189254,-2.2500276715385032,-0.5534599225205244,0.008945710592696575
1993-02-22,1.2371358403296118,0.15010284944530022,0.47157063842297875,1.7743620277086563,-0.9985131370823682,-0.6317763200350739,0.7600997003277601,0.05984139196858402,-0.23685687097741887,-0.8383089451470886,0.49185658418036265,-0.019034044480667495,-1.8159996648106282,-0.7631084310605503,-0.2599940435435606
1993-02-23,1.2652233786184168,0.5371253326781638,0.7614351129139241,1.5328882297287845,-0.879362879554015,-0.6586508761387933,0.5244251534729945,0.23320239037507495,-0.4914779783156335,-1.0556831799916246,0.95983543684601,-0.2521548470782722,-1.475637809698246,-0.9238857902535345,-0.4034469385265563
1993-02-24,1.4052492585715033,1.1220863812418396,0.7361324132528576,1.2446274806297313,-0.5810472488990516,-0.8693454210818871,0.35850566102808773,0.28841379719595833,-0.8102373311073062,-1.2023876253821966,0.9614669689089497,-0.3900504803874804,-0.9792255509705494,-0.756262695357509,-0.42049571437760325
1993-02-25,1.478582632700258,1.4002377525028622,0.8084250394306064,1.1737302455547023,0.12770660641996248,-0.831451031531004,0.053348876673369156,0.39499674520466255,-0.8620303401343866,-1.1903356130463059,0.5479867492590299,-0.3487165952942008,-0.3255164047124573,-0.7115490117272669,-0.6193554371429278
1993-02-26,1.2130700402855605,1.4410634945480179,0.6933792648348328,0.42105909891941734,0.730408050288667,-0.5634001692126924,-0.21602344989554323,0.45745024189816264,-0.8240866043373906,-1.1536681987380946,0.19542449783219057,-0.19624287320754355,-0.06482724487279572,-0.7897570142245586,-0.5745991954304421
1993-02-27,0.90998855366369,1.6229195106767684,0.5065622092536773,-0.021714844746939597,1.1079835439142756,-0.5261188881062425,-0.6402742641802797,0.9238672102984801,-0.47768531390266084,-1.3965685034353692,0.15489967774999527,-0.0813663755147648,0.22840470947687838,-0.6085329328911203,-0.6589160912513388
1993-02-28,0.6553278600770989,1.5669674615163098,0.5634211080154794,-0.4832365656871821,1.341752696742095,-0.6159893246059963,-0.46357549494980427,1.509773466666009,-0.4052955234247026,-1.6231322937186898,0.23864076029087905,0.10797365010471463,0.7788643630965119,-0.23496607313494114,-0.8154296354548818
1993-03-01,0.6145820050221775,1.4235239349161406,0.5965733901921073,-0.9630919301101164,1.7655408335850593,-0.37848553096082077,-0.7261808319134679,1.7052335020941367,-0.2809828002921798,-1.5696272486723735,0.24284073937226963,0.38346614198573403,0.9843700991310196,0.37358679072170725,-1.0391367299314078
1993-03-02,0.32232749013781686,1.677634968638645,0.6867327611276843,-1.4381074201437083,1.9976130206100196,-0.37665678452795165,-0.7406230771049557,1.7129838782380478,-0.2305698207583566,-1.5586947939861708,-0.04822155551741171,0.657757778260721,0.850361418600087,1.1161940324224178,-0.8834231732273722
