,1,2,3,4,5,6,7,8,9,10,11,12,13,14,15
1996-09-03,-0.4491996528800566,-0.4491996528800566,-0.4491996528800566,-0.4491996528800566,-0.4491996528800566,-0.4491996528800566,-0.4491996528800566,-0.4491996528800566,-0.4491996528800566,-0.4491996528800566,-0.4491996528800566,-0.4491996528800566,-0.4491996528800566,-0.4491996528800566,-0.4491996528800566
1996-09-04,-0.4342025963505819,-0.4342025963505819,-0.4342025963505819,-0.4342025963505819,-0.4342025963505819,-0.4342025963505819,-0.4342025963505819,-0.4342025963505819,-0.4342025963505819,-0.4342025963505819,-0.4342025963505819,-0.4342025963505819,-0.4342025963505819,-0.4342025963505819,-0.4342025963505819
1996-09-05,-0.4839318275076429,-0.4839318275076429,-0.4839318275076429,-0.4839318275076429,-0.4839318275076429,-0.4839318275076429,-0.4839318275076429,-0.4839318275076429,-0.4839318275076429,-0.4839318275076429,-0.4839318275076429,-0.4839318275076429,-0.4839318275076429,-0.4839318275076429,-0.4839318275076429
1996-09-06,-0.3934209097974454,-0.3934209097974454,-0.3934209097974454,-0.3934209097974454,-0.3934209097974454,-0.3934209097974454,-0.3934209097974454,-0.3934209097974454,-0.3934209097974454,-0.3934209097974454,-0.3934209097974454,-0.3934209097974454,-0.3934209097974454,-0.3934209097974454,-0.3934209097974454
1996-09-07,-0.055491975253794935,-0.055491975253794935,-0.055491975253794935,-0.055491975253794935,-0.055491975253794935,-0.055491975253794935,-0.055491975253794935,-0.055491975253794935,-0.055491975253794935,-0.055491975253794935,-0.055491975253794935,-0.055491975253794935,-0.055491975253794935,-0.055491975253794935,-0.055491975253794935
1996-09-08,0.14962122190008684,0.14962122190008684,0.14962122190008684,0.14962122190008684,0.14962122190008684,0.14962122190008684,0.14962122190008684,0.14962122190008684,0.14962122190008684,0.14962122190008684,0.14962122190008684,0.14962122190008684,0.14962122190008684,0.14962122190008684,0.14962122190008684
1996-09-09,0.2936418122829556,0.2936418122829556,0.2936418122829556,0.2936418122829556,0.2936418122829556,0.2936418122829556,0.2936418122829556,0.2936418122829556,0.2936418122829556,0.2936418122829556,0.2936418122829556,0.2936418122829556,0.2936418122829556,0.2936418122829556,0.2936418122829556
1996-09-10,0.4433913870997422,0.4433913870997422,0.4433913870997422,0.4433913870997422,0.4433913870997422,0.4433913870997422,0.4433913870997422,0.4433913870997422,0.4433913870997422,0.4433913870997422,0.4433913870997422,0.4433913870997422,0.4433913870997422,0.4433913870997422,0.4433913870997422
1996-09-11,0.7603519672321318,0.7603519672321318,0.7603519672321318,0.7603519672321318,0.7603519672321318,0.7603519672321318,0.7603519672321318,0.7603519672321318,0.7603519672321318,0.7603519672321318,0.7603519672321318,0.7603519672321318,0.7603519672321318,0.7603519672321318,0.7603519672321318
1996-09-12,1.000302480240726,1.000302480240726,1.000302480240726,1.000302480240726,1.000302480240726,1.000302480240726,1.000302480240726,1.000302480240726,1.000302480240726,1.000302480240726,1.000302480240726,1.000302480240726,1.000302480240726,1.000302480240726,1.000302480240726
1996-09-13,1.0078658773042524,1.0078658773042524,1.0078658773042524,1.0078658773042524,1.0078658773042524,1.0078658773042524,1.0078658773042524,1.0078658773042524,1.0078658773042524,1.0078658773042524,1.0078658773042524,1.0078658773042524,1.0078658773042524,1.0078658773042524,1.0078658773042524
1996-09-14,0.874983509832441,0.874983509832441,0.874983509832441,0.874983509832441,0.874983509832441,0.874983509832441,0.874983509832441,0.874983509832441,0.874983509832441,0.874983509832441,0.874983509832441,0.874983509832441,0.874983509832441,0.874983509832441,0.874983509832441
1996-09-15,0.5441536194558645,0.5441536194558645,0.5441536194558645,0.5441536194558645,0.5441536194558645,0.5441536194558645,0.5441536194558645,0.5441536194558645,0.5441536194558645,0.5441536194558645,0.5441536194558645,0.5441536194558645,0.5441536194558645,0.5441536194558645,0.5441536194558645
1996-09-16,0.4903655044258067,0.4903655044258067,0.4903655044258067,0.4903655044258067,0.4903655044258067,0.4903655044258067,0.4903655044258067,0.4903655044258067,0.4903655044258067,0.4903655044258067,0.4903655044258067,0.4903655044258067,0.4903655044258067,0.4903655044258067,0.4903655044258067
1996-09-17,0.5620098661029362,0.5620098661029362,0.5620098661029362,0.5620098661029362,0.5620098661029362,0.5620098661029362,0.5620098661029362,0.5620098661029362,0.5620098661029362,0.5620098661029362,0.5620098661029362,0.5620098661029362,0.5620098661029362,0.5620098661029362,0.5620098661029362
1996-09-18,0.5662227746446197,0.5662227746446197,0.5662227746446197,0.5662227746446197,0.5662227746446197,0.5662227746446197,0.5662227746446197,0.5662227746446197,0.5662227746446197,0.5662227746446197,0.5662227746446197,0.5662227746446197,0.5662227746446197,0.5662227746446197,0.5662227746446197
1996-09-19,0.5249202854556534,0.5249202854556534,0.5249202854556534,0.5249202854556534,0.5249202854556534,0.5249202854556534,0.5249202854556534,0.5249202854556534,0.5249202854556534,0.5249202854556534,0.5249202854556534,0.5249202854556534,0.5249202854556534,0.5249202854556534,0.5249202854556534
1996-09-20,0.5438064737741077,0.5438064737741077,0.5438064737741077,0.5438064737741077,0.5438064737741077,0.5438064737741077,0.5438064737741077,0.5438064737741077,0.5438064737741077,0.5438064737741077,0.5438064737741077,0.5438064737741077,0.5438064737741077,0.5438064737741077,0.5438064737741077
1996-09-21,0.45766630442441475,0.45766630442441475,0.45766630442441475,0.45766630442441475,0.45766630442441475,0.45766630442441475,0.45766630442441475,0.45766630442441475,0.45766630442441475,0.45766630442441475,0.45766630442441475,0.45766630442441475,0.45766630442441475,0.45766630442441475,0.45766630442441475
1996-09-22,0.24045168833638023,0.24045168833638023,0.24045168833638023,0.24045168833638023,0.24045168833638023,0.24045168833638023,0.24045168833638023,0.24045168833638023,0.24045168833638023,0.24045168833638023,0.24045168833638023,0.24045168833638023,0.24045168833638023,0.24045168833638023,0.24045168833638023
1996-09-23,-0.0008801745908132422,-0.0008801745908132422,-0.0008801745908132422,-0.0008801745908132422,-0.0008801745908132422,-0.0008801745908132422,-0.0008801745908132422,-0.0008801745908132422,-0.0008801745908132422,-0.0008801745908132422,-0.0008801745908132422,-0.0008801745908132422,-0.0008801745908132422,-0.0008801745908132422,-0.0008801745908132422
1996-09-24,-0.1860879922697529,-0.1860879922697529,-0.1860879922697529,-0.1860879922697529,-0.1860879922697529,-0.1860879922697529,-0.1860879922697529,-0.1860879922697529,-0.1860879922697529,-0.1860879922697529,-0.1860879922697529,-0.1860879922697529,-0.1860879922697529,-0.1860879922697529,-0.1860879922697529
1996-09-25,-0.4901275462691092,-0.4901275462691092,-0.4901275462691092,-0.4901275462691092,-0.4901275462691092,-0.4901275462691092,-0.4901275462691092,-0.4901275462691092,-0.4901275462691092,-0.4901275462691092,-0.4901275462691092,-0.4901275462691092,-0.4901275462691092,-0.4901275462691092,-0.4901275462691092
1996-09-26,-0.6850196851112085,-0.6850196851112085,-0.6850196851112085,-0.6850196851112085,-0.6850196851112085,-0.6850196851112085,-0.6850196851112085,-0.6850196851112085,-0.6850196851112085,-0.6850196851112085,-0.6850196851112085,-0.6850196851112085,-0.6850196851112085,-0.6850196851112085,-0.6850196851112085
1996-09-27,-0.8288689591089474,-0.8288689591089474,-0.8288689591089474,-0.8288689591089474,-0.8288689591089474,-0.8288689591089474,-0.8288689591089474,-0.8288689591089474,-0.8288689591089474,-0.8288689591089474,-0.8288689591089474,-0.8288689591089474,-0.8288689591089474,-0.8288689591089474,-0.8288689591089474
1996-09-28,-0.762155597136816,-0.762155597136816,-0.762155597136816,-0.762155597136816,-0.762155597136816,-0.762155597136816,-0.762155597136816,-0.762155597136816,-0.762155597136816,-0.762155597136816,-0.762155597136816,-0.762155597136816,-0.762155597136816,-0.762155597136816,-0.762155597136816
1996-09-29,-0.47635387313757377,-0.47635387313757377,-0.47635387313757377,-0.47635387313757377,-0.47635387313757377,-0.47635387313757377,-0.47635387313757377,-0.47635387313757377,-0.47635387313757377,-0.47635387313757377,-0.47635387313757377,-0.47635387313757377,-0.47635387313757377,-0.47635387313757377,-0.47635387313757377
1996-09-30,-0.17447196964788617,-0.17447196964788617,-0.17447196964788617,-0.17447196964788617,-0.17447196964788617,-0.17447196964788617,-0.17447196964788617,-0.17447196964788617,-0.17447196964788617,-0.17447196964788617,-0.17447196964788617,-0.17447196964788617,-0.17447196964788617,-0.17447196964788617,-0.17447196964788617
1996-10-01,-0.3685520211288512,-0.3685520211288512,-0.3685520211288512,-0.3685520211288512,-0.3685520211288512,-0.3685520211288512,-0.3685520211288512,-0.3685520211288512,-0.3685520211288512,-0.3685520211288512,-0.3685520211288512,-0.3685520211288512,-0.3685520211288512,-0.3685520211288512,-0.3685520211288512
1996-10-02,-0.4372729449215477,-0.4372729449215477,-0.4372729449215477,-0.4372729449215477,-0.4372729449215477,-0.4372729449215477,-0.4372729449215477,-0.4372729449215477,-0.4372729449215477,-0.4372729449215477,-0.4372729449215477,-0.4372729449215477,-0.4372729449215477,-0.4372729449215477,-0.4372729449215477
1996-10-03,-0.780697104910793,-0.780697104910793,-0.780697104910793,-0.780697104910793,-0.780697104910793,-0.780697104910793,-0.780697104910793,-0.780697104910793,-0.780697104910793,-0.780697104910793,-0.780697104910793,-0.780697104910793,-0.780697104910793,-0.780697104910793,-0.780697104910793
1996-10-04,-0.90149723128959,-0.90149723128959,-0.90149723128959,-0.90149723128959,-0.90149723128959,-0.90149723128959,-0.90149723128959,-0.90149723128959,-0.90149723128959,-0.90149723128959,-0.90149723128959,-0.90149723128959,-0.90149723128959,-0.90149723128959,-0.90149723128959
1996-10-05,-0.981851186202193,-0.981851186202193,-0.981851186202193,-0.981851186202193,-0.981851186202193,-0.981851186202193,-0.981851186202193,-0.981851186202193,-0.981851186202193,-0.981851186202193,-0.981851186202193,-0.981851186202193,-0.981851186202193,-0.981851186202193,-0.981851186202193
1996-10-06,-1.0711552266260438,-1.0711552266260438,-1.0711552266260438,-1.0711552266260438,-1.0711552266260438,-1.0711552266260438,-1.0711552266260438,-1.0711552266260438,-1.0711552266260438,-1.0711552266260438,-1.0711552266260438,-1.0711552266260438,-1.0711552266260438,-1.0711552266260438,-1.0711552266260438
1996-10-07,-1.0209960788164743,-1.0209960788164743,-1.0209960788164743,-1.0209960788164743,-1.0209960788164743,-1.0209960788164743,-1.0209960788164743,-1.0209960788164743,-1.0209960788164743,-1.0209960788164743,-1.0209960788164743,-1.0209960788164743,-1.0209960788164743,-1.0209960788164743,-1.0209960788164743
1996-10-08,-1.1498741129340522,-1.1498741129340522,-1.1498741129340522,-1.1498741129340522,-1.1498741129340522,-1.1498741129340522,-1.1498741129340522,-1.1498741129340522,-1.1498741129340522,-1.1498741129340522,-1.1498741129340522,-1.1498741129340522,-1.1498741129340522,-1.1498741129340522,-1.1498741129340522
1996-10-09,-0.9505227211065443,-0.9505227211065443,-0.9505227211065443,-0.9505227211065443,-0.9505227211065443,-0.9505227211065443,-0.9505227211065443,-0.9505227211065443,-0.9505227211065443,-0.9505227211065443,-0.9505227211065443,-0.9505227211065443,-0.9505227211065443,-0.9505227211065443,-0.9505227211065443
1996-10-10,-0.5933303609638353,-0.5933303609638353,-0.5933303609638353,-0.5933303609638353,-0.5933303609638353,-0.5933303609638353,-0.5933303609638353,-0.5933303609638353,-0.5933303609638353,-0.5933303609638353,-0.5933303609638353,-0.5933303609638353,-0.5933303609638353,-0.5933303609638353,-0.5933303609638353
1996-10-11,-0.1462948905717005,-0.1462948905717005,-0.1462948905717005,-0.1462948905717005,-0.1462948905717005,-0.1462948905717005,-0.1462948905717005,-0.1462948905717005,-0.1462948905717005,-0.1462948905717005,-0.1462948905717005,-0.1462948905717005,-0.1462948905717005,-0.1462948905717005,-0.1462948905717005
1996-10-12,-0.1759010984536971,-0.1759010984536971,-0.1759010984536971,-0.1759010984536971,-0.1759010984536971,-0.1759010984536971,-0.1759010984536971,-0.1759010984536971,-0.1759010984536971,-0.1759010984536971,-0.1759010984536971,-0.1759010984536971,-0.1759010984536971,-0.1759010984536971,-0.1759010984536971
1996-10-13,-0.3693790777108876,-0.3693790777108876,-0.3693790777108876,-0.3693790777108876,-0.3693790777108876,-0.3693790777108876,-0.3693790777108876,-0.3693790777108876,-0.3693790777108876,-0.3693790777108876,-0.3693790777108876,-0.3693790777108876,-0.3693790777108876,-0.3693790777108876,-0.3693790777108876
1996-10-14,-0.45144734129005165,-0.45144734129005165,-0.45144734129005165,-0.45144734129005165,-0.45144734129005165,-0.45144734129005165,-0.45144734129005165,-0.45144734129005165,-0.45144734129005165,-0.45144734129005165,-0.45144734129005165,-0.45144734129005165,-0.45144734129005165,-0.45144734129005165,-0.45144734129005165
1996-10-15,-0.5685796471817457,-0.5685796471817457,-0.5685796471817457,-0.5685796471817457,-0.5685796471817457,-0.5685796471817457,-0.5685796471817457,-0.5685796471817457,-0.5685796471817457,-0.5685796471817457,-0.5685796471817457,-0.5685796471817457,-0.5685796471817457,-0.5685796471817457,-0.5685796471817457
1996-10-16,-0.6642947669888977,-0.6642947669888977,-0.6642947669888977,-0.6642947669888977,-0.6642947669888977,-0.6642947669888977,-0.6642947669888977,-0.6642947669888977,-0.6642947669888977,-0.6642947669888977,-0.6642947669888977,-0.6642947669888977,-0.6642947669888977,-0.6642947669888977,-0.6642947669888977
1996-10-17,-0.5944533321539079,-0.5944533321539079,-0.5944533321539079,-0.5944533321539079,-0.5944533321539079,-0.5944533321539079,-0.5944533321539079,-0.5944533321539079,-0.5944533321539079,-0.5944533321539079,-0.5944533321539079,-0.5944533321539079,-0.5944533321539079,-0.5944533321539079,-0.5944533321539079
1996-10-18,-0.2615170298085115,-0.2615170298085115,-0.2615170298085115,-0.2615170298085115,-0.2615170298085115,-0.2615170298085115,-0.2615170298085115,-0.2615170298085115,-0.2615170298085115,-0.2615170298085115,-0.2615170298085115,-0.2615170298085115,-0.2615170298085115,-0.2615170298085115,-0.2615170298085115
1996-10-19,0.17266820389526324,0.17266820389526324,0.17266820389526324,0.17266820389526324,0.17266820389526324,0.17266820389526324,0.17266820389526324,0.17266820389526324,0.17266820389526324,0.17266820389526324,0.17266820389526324,0.17266820389526324,0.17266820389526324,0.17266820389526324,0.17266820389526324
1996-10-20,0.38491274271456877,0.38491274271456877,0.38491274271456877,0.38491274271456877,0.38491274271456877,0.38491274271456877,0.38491274271456877,0.38491274271456877,0.38491274271456877,0.38491274271456877,0.38491274271456877,0.38491274271456877,0.38491274271456877,0.38491274271456877,0.38491274271456877
1996-10-21,0.49313666684842616,0.49313666684842616,0.49313666684842616,0.49313666684842616,0.49313666684842616,0.49313666684842616,0.49313666684842616,0.49313666684842616,0.49313666684842616,0.49313666684842616,0.49313666684842616,0.49313666684842616,0.49313666684842616,0.49313666684842616,0.49313666684842616
1996-10-22,0.6595659284719477,0.6595659284719477,0.6595659284719477,0.6595659284719477,0.6595659284719477,0.6595659284719477,0.6595659284719477,0.6595659284719477,0.6595659284719477,0.6595659284719477,0.6595659284719477,0.6595659284719477,0.6595659284719477,0.6595659284719477,0.6595659284719477
1996-10-23,0.749070969929921,0.749070969929921,0.749070969929921,0.749070969929921,0.749070969929921,0.749070969929921,0.749070969929921,0.749070969929921,0.749070969929921,0.749070969929921,0.749070969929921,0.749070969929921,0.749070969929921,0.749070969929921,0.749070969929921
1996-10-24,0.7670079460629773,0.7670079460629773,0.7670079460629773,0.7670079460629773,0.7670079460629773,0.7670079460629773,0.7670079460629773,0.7670079460629773,0.7670079460629773,0.7670079460629773,0.7670079460629773,0.7670079460629773,0.7670079460629773,0.7670079460629773,0.7670079460629773
1996-10-25,0.9202771147788134,0.9202771147788134,0.9202771147788134,0.9202771147788134,0.9202771147788134,0.9202771147788134,0.9202771147788134,0.9202771147788134,0.9202771147788134,0.9202771147788134,0.9202771147788134,0.9202771147788134,0.9202771147788134,0.9202771147788134,0.9202771147788134
1996-10-26,1.3499883042099439,1.3499883042099439,1.3499883042099439,1.3499883042099439,1.3499883042099439,1.3499883042099439,1.3499883042099439,1.3499883042099439,1.3499883042099439,1.3499883042099439,1.3499883042099439,1.3499883042099439,1.3499883042099439,1.3499883042099439,1.3499883042099439
1996-10-27,1.2884996878342594,1.2884996878342594,1.2884996878342594,1.2884996878342594,1.2884996878342594,1.2884996878342594,1.2884996878342594,1.2884996878342594,1.2884996878342594,1.2884996878342594,1.2884996878342594,1.2884996878342594,1.2884996878342594,1.2884996878342594,1.2884996878342594
1996-10-28,1.0585271157438434,1.0585271157438434,1.0585271157438434,1.0585271157438434,1.0585271157438434,1.0585271157438434,1.0585271157438434,1.0585271157438434,1.0585271157438434,1.0585271157438434,1.0585271157438434,1.0585271157438434,1.0585271157438434,1.0585271157438434,1.0585271157438434
1996-10-29,1.0287030845633343,1.0287030845633343,1.0287030845633343,1.0287030845633343,1.0287030845633343,1.0287030845633343,1.0287030845633343,1.0287030845633343,1.0287030845633343,1.0287030845633343,1.0287030845633343,1.0287030845633343,1.0287030845633343,1.0287030845633343,1.0287030845633343
1996-10-30,1.1684497255548951,1.1684497255548951,1.1684497255548951,1.1684497255548951,1.1684497255548951,1.1684497255548951,1.1684497255548951,1.1684497255548951,1.1684497255548951,1.1684497255548951,1.1684497255548951,1.1684497255548951,1.1684497255548951,1.1684497255548951,1.1684497255548951
1996-10-31,1.2360071600514997,1.2360071600514997,1.2360071600514997,1.2360071600514997,1.2360071600514997,1.2360071600514997,1.2360071600514997,1.2360071600514997,1.2360071600514997,1.2360071600514997,1.2360071600514997,1.2360071600514997,1.2360071600514997,1.2360071600514997,1.2360071600514997
1996-11-01,1.3012375662550715,1.3012375662550715,1.3012375662550715,1.3012375662550715,1.3012375662550715,1.3012375662550715,1.3012375662550715,1.3012375662550715,1.3012375662550715,1.3012375662550715,1.3012375662550715,1.3012375662550715,1.3012375662550715,1.3012375662550715,1.3012375662550715
1996-11-02,1.3166140362374859,1.3166140362374859,1.3166140362374859,1.3166140362374859,1.3166140362374859,1.3166140362374859,1.3166140362374859,1.3166140362374859,1.3166140362374859,1.3166140362374859,1.3166140362374859,1.3166140362374859,1.3166140362374859,1.3166140362374859,1.3166140362374859
1996-11-03,1.4347704500962284,1.4347704500962284,1.4347704500962284,1.4347704500962284,1.4347704500962284,1.4347704500962284,1.4347704500962284,1.4347704500962284,1.4347704500962284,1.4347704500962284,1.4347704500962284,1.4347704500962284,1.4347704500962284,1.4347704500962284,1.4347704500962284
1996-11-04,1.4213148805474212,1.4213148805474212,1.4213148805474212,1.4213148805474212,1.4213148805474212,1.4213148805474212,1.4213148805474212,1.4213148805474212,1.4213148805474212,1.4213148805474212,1.4213148805474212,1.4213148805474212,1.4213148805474212,1.4213148805474212,1.4213148805474212
1996-11-05,1.5612023221128604,1.5612023221128604,1.5612023221128604,1.5612023221128604,1.5612023221128604,1.5612023221128604,1.5612023221128604,1.5612023221128604,1.5612023221128604,1.5612023221128604,1.5612023221128604,1.5612023221128604,1.5612023221128604,1.5612023221128604,1.5612023221128604
1996-11-06,1.6173361299972835,1.6173361299972835,1.6173361299972835,1.6173361299972835,1.6173361299972835,1.6173361299972835,1.6173361299972835,1.6173361299972835,1.6173361299972835,1.6173361299972835,1.6173361299972835,1.6173361299972835,1.6173361299972835,1.6173361299972835,1.6173361299972835
1996-11-07,1.443979431287947,1.443979431287947,1.443979431287947,1.443979431287947,1.443979431287947,1.443979431287947,1.443979431287947,1.443979431287947,1.443979431287947,1.443979431287947,1.443979431287947,1.443979431287947,1.443979431287947,1.443979431287947,1.443979431287947
1996-11-08,1.0526790955298337,1.0526790955298337,1.0526790955298337,1.0526790955298337,1.0526790955298337,1.0526790955298337,1.0526790955298337,1.0526790955298337,1.0526790955298337,1.0526790955298337,1.0526790955298337,1.0526790955298337,1.0526790955298337,1.0526790955298337,1.0526790955298337
1996-11-09,0.6383333074637753,0.6383333074637753,0.6383333074637753,0.6383333074637753,0.6383333074637753,0.6383333074637753,0.6383333074637753,0.6383333074637753,0.6383333074637753,0.6383333074637753,0.6383333074637753,0.6383333074637753,0.6383333074637753,0.6383333074637753,0.6383333074637753
1996-11-10,0.23153093806711755,0.23153093806711755,0.23153093806711755,0.23153093806711755,0.23153093806711755,0.23153093806711755,0.23153093806711755,0.23153093806711755,0.23153093806711755,0.23153093806711755,0.23153093806711755,0.23153093806711755,0.23153093806711755,0.23153093806711755,0.23153093806711755
1996-11-11,-0.2717595833260188,-0.2717595833260188,-0.2717595833260188,-0.2717595833260188,-0.2717595833260188,-0.2717595833260188,-0.2717595833260188,-0.2717595833260188,-0.2717595833260188,-0.2717595833260188,-0.2717595833260188,-0.2717595833260188,-0.2717595833260188,-0.2717595833260188,-0.2717595833260188
1996-11-12,-0.6215306002790958,-0.6215306002790958,-0.6215306002790958,-0.6215306002790958,-0.6215306002790958,-0.6215306002790958,-0.6215306002790958,-0.6215306002790958,-0.6215306002790958,-0.6215306002790958,-0.6215306002790958,-0.6215306002790958,-0.6215306002790958,-0.6215306002790958,-0.6215306002790958
1996-11-13,-1.243939633907738,-1.243939633907738,-1.243939633907738,-1.243939633907738,-1.243939633907738,-1.243939633907738,-1.243939633907738,-1.243939633907738,-1.243939633907738,-1.243939633907738,-1.243939633907738,-1.243939633907738,-1.243939633907738,-1.243939633907738,-1.243939633907738
1996-11-14,-2.072963077139751,-2.072963077139751,-2.072963077139751,-2.072963077139751,-2.072963077139751,-2.072963077139751,-2.072963077139751,-2.072963077139751,-2.072963077139751,-2.072963077139751,-2.072963077139751,-2.072963077139751,-2.072963077139751,-2.072963077139751,-2.072963077139751
1996-11-15,-2.7197853570788255,-2.7197853570788255,-2.7197853570788255,-2.7197853570788255,-2.7197853570788255,-2.7197853570788255,-2.7197853570788255,-2.7197853570788255,-2.7197853570788255,-2.7197853570788255,-2.7197853570788255,-2.7197853570788255,-2.7197853570788255,-2.7197853570788255,-2.7197853570788255
1996-11-16,-2.757088022952803,-2.757088022952803,-2.757088022952803,-2.757088022952803,-2.757088022952803,-2.757088022952803,-2.757088022952803,-2.757088022952803,-2.757088022952803,-2.757088022952803,-2.757088022952803,-2.757088022952803,-2.757088022952803,-2.757088022952803,-2.757088022952803
1996-11-17,-2.5360107141395383,-2.5360107141395383,-2.5360107141395383,-2.5360107141395383,-2.5360107141395383,-2.5360107141395383,-2.5360107141395383,-2.5360107141395383,-2.5360107141395383,-2.5360107141395383,-2.5360107141395383,-2.5360107141395383,-2.5360107141395383,-2.5360107141395383,-2.5360107141395383
1996-11-18,-2.469104591138342,-2.469104591138342,-2.469104591138342,-2.469104591138342,-2.469104591138342,-2.469104591138342,-2.469104591138342,-2.469104591138342,-2.469104591138342,-2.469104591138342,-2.469104591138342,-2.469104591138342,-2.469104591138342,-2.469104591138342,-2.469104591138342
1996-11-19,-2.4731943110870924,-2.4731943110870924,-2.4731943110870924,-2.4731943110870924,-2.4731943110870924,-2.4731943110870924,-2.4731943110870924,-2.4731943110870924,-2.4731943110870924,-2.4731943110870924,-2.4731943110870924,-2.4731943110870924,-2.4731943110870924,-2.4731943110870924,-2.4731943110870924
1996-11-20,-2.286203732851718,-2.286203732851718,-2.286203732851718,-2.286203732851718,-2.286203732851718,-2.286203732851718,-2.286203732851718,-2.286203732851718,-2.286203732851718,-2.286203732851718,-2.286203732851718,-2.286203732851718,-2.286203732851718,-2.286203732851718,-2.286203732851718
1996-11-21,-1.9935523037103966,-1.9935523037103966,-1.9935523037103966,-1.9935523037103966,-1.9935523037103966,-1.9935523037103966,-1.9935523037103966,-1.9935523037103966,-1.9935523037103966,-1.9935523037103966,-1.9935523037103966,-1.9935523037103966,-1.9935523037103966,-1.9935523037103966,-1.9935523037103966
1996-11-22,-1.4633636039742974,-1.4633636039742974,-1.4633636039742974,-1.4633636039742974,-1.4633636039742974,-1.4633636039742974,-1.4633636039742974,-1.4633636039742974,-1.4633636039742974,-1.4633636039742974,-1.4633636039742974,-1.4633636039742974,-1.4633636039742974,-1.4633636039742974,-1.4633636039742974
1996-11-23,-1.1286707716839697,-1.1286707716839697,-1.1286707716839697,-1.1286707716839697,-1.1286707716839697,-1.1286707716839697,-1.1286707716839697,-1.1286707716839697,-1.1286707716839697,-1.1286707716839697,-1.1286707716839697,-1.1286707716839697,-1.1286707716839697,-1.1286707716839697,-1.1286707716839697
1996-11-24,-0.913780997444168,-0.913780997444168,-0.913780997444168,-0.913780997444168,-0.913780997444168,-0.913780997444168,-0.913780997444168,-0.913780997444168,-0.913780997444168,-0.913780997444168,-0.913780997444168,-0.913780997444168,-0.913780997444168,-0.913780997444168,-0.913780997444168
1996-11-25,-0.8022604949575942,-0.8022604949575942,-0.8022604949575942,-0.8022604949575942,-0.8022604949575942,-0.8022604949575942,-0.8022604949575942,-0.8022604949575942,-0.8022604949575942,-0.8022604949575942,-0.8022604949575942,-0.8022604949575942,-0.8022604949575942,-0.8022604949575942,-0.8022604949575942
1996-11-26,-0.8993769719043686,-0.8993769719043686,-0.8993769719043686,-0.8993769719043686,-0.8993769719043686,-0.8993769719043686,-0.8993769719043686,-0.8993769719043686,-0.8993769719043686,-0.8993769719043686,-0.8993769719043686,-0.8993769719043686,-0.8993769719043686,-0.8993769719043686,-0.8993769719043686
1996-11-27,-0.5393635202249166,-0.5393635202249166,-0.5393635202249166,-0.5393635202249166,-0.5393635202249166,-0.5393635202249166,-0.5393635202249166,-0.5393635202249166,-0.5393635202249166,-0.5393635202249166,-0.5393635202249166,-0.5393635202249166,-0.5393635202249166,-0.5393635202249166,-0.5393635202249166
1996-11-28,-0.35266920130092,-0.35266920130092,-0.35266920130092,-0.35266920130092,-0.35266920130092,-0.35266920130092,-0.35266920130092,-0.35266920130092,-0.35266920130092,-0.35266920130092,-0.35266920130092,-0.35266920130092,-0.35266920130092,-0.35266920130092,-0.35266920130092
1996-11-29,-0.06631555398448546,-0.06631555398448546,-0.06631555398448546,-0.06631555398448546,-0.06631555398448546,-0.06631555398448546,-0.06631555398448546,-0.06631555398448546,-0.06631555398448546,-0.06631555398448546,-0.06631555398448546,-0.06631555398448546,-0.06631555398448546,-0.06631555398448546,-0.06631555398448546
1996-11-30,0.014795791725821092,0.014795791725821092,0.014795791725821092,0.014795791725821092,0.014795791725821092,0.014795791725821092,0.014795791725821092,0.014795791725821092,0.014795791725821092,0.014795791725821092,0.014795791725821092,0.014795791725821092,0.014795791725821092,0.014795791725821092,0.014795791725821092
1996-12-01,-0.4992915024313011,-0.4992915024313011,-0.4992915024313011,-0.4992915024313011,-0.4992915024313011,-0.4992915024313011,-0.4992915024313011,-0.4992915024313011,-0.4992915024313011,-0.4992915024313011,-0.4992915024313011,-0.4992915024313011,-0.4992915024313011,-0.4992915024313011,-0.4992915024313011
1996-12-02,-0.760916437765669,-0.760916437765669,-0.760916437765669,-0.760916437765669,-0.760916437765669,-0.760916437765669,-0.760916437765669,-0.760916437765669,-0.760916437765669,-0.760916437765669,-0.760916437765669,-0.760916437765669,-0.760916437765669,-0.760916437765669,-0.760916437765669
1996-12-03,-0.789635530044012,-0.789635530044012,-0.789635530044012,-0.789635530044012,-0.789635530044012,-0.789635530044012,-0.789635530044012,-0.789635530044012,-0.789635530044012,-0.789635530044012,-0.789635530044012,-0.789635530044012,-0.789635530044012,-0.789635530044012,-0.789635530044012
1996-12-04,-0.6312753834686821,-0.6312753834686821,-0.6312753834686821,-0.6312753834686821,-0.6312753834686821,-0.6312753834686821,-0.6312753834686821,-0.6312753834686821,-0.6312753834686821,-0.6312753834686821,-0.6312753834686821,-0.6312753834686821,-0.6312753834686821,-0.6312753834686821,-0.6312753834686821
1996-12-05,-0.039848926841747484,-0.039848926841747484,-0.039848926841747484,-0.039848926841747484,-0.039848926841747484,-0.039848926841747484,-0.039848926841747484,-0.039848926841747484,-0.039848926841747484,-0.039848926841747484,-0.039848926841747484,-0.039848926841747484,-0.039848926841747484,-0.039848926841747484,-0.039848926841747484
1996-12-06,0.10416062175632584,0.10416062175632584,0.10416062175632584,0.10416062175632584,0.10416062175632584,0.10416062175632584,0.10416062175632584,0.10416062175632584,0.10416062175632584,0.10416062175632584,0.10416062175632584,0.10416062175632584,0.10416062175632584,0.10416062175632584,0.10416062175632584
1996-12-07,-0.20708028946301618,-0.20708028946301618,-0.20708028946301618,-0.20708028946301618,-0.20708028946301618,-0.20708028946301618,-0.20708028946301618,-0.20708028946301618,-0.20708028946301618,-0.20708028946301618,-0.20708028946301618,-0.20708028946301618,-0.20708028946301618,-0.20708028946301618,-0.20708028946301618
1996-12-08,-0.2719568771907963,-0.2719568771907963,-0.2719568771907963,-0.2719568771907963,-0.2719568771907963,-0.2719568771907963,-0.2719568771907963,-0.2719568771907963,-0.2719568771907963,-0.2719568771907963,-0.2719568771907963,-0.2719568771907963,-0.2719568771907963,-0.2719568771907963,-0.2719568771907963
1996-12-09,0.20836120054672005,0.20836120054672005,0.20836120054672005,0.20836120054672005,0.20836120054672005,0.20836120054672005,0.20836120054672005,0.20836120054672005,0.20836120054672005,0.20836120054672005,0.20836120054672005,0.20836120054672005,0.20836120054672005,0.20836120054672005,0.20836120054672005
1996-12-10,0.5182621316276705,0.5182621316276705,0.5182621316276705,0.5182621316276705,0.5182621316276705,0.5182621316276705,0.5182621316276705,0.5182621316276705,0.5182621316276705,0.5182621316276705,0.5182621316276705,0.5182621316276705,0.5182621316276705,0.5182621316276705,0.5182621316276705
1996-12-11,0.9025373090560102,0.9025373090560102,0.9025373090560102,0.9025373090560102,0.9025373090560102,0.9025373090560102,0.9025373090560102,0.9025373090560102,0.9025373090560102,0.9025373090560102,0.9025373090560102,0.9025373090560102,0.9025373090560102,0.9025373090560102,0.9025373090560102
1996-12-12,1.096504422911532,1.096504422911532,1.096504422911532,1.096504422911532,1.096504422911532,1.096504422911532,1.096504422911532,1.096504422911532,1.096504422911532,1.096504422911532,1.096504422911532,1.096504422911532,1.096504422911532,1.096504422911532,1.096504422911532
1996-12-13,1.2398826320965068,1.2398826320965068,1.2398826320965068,1.2398826320965068,1.2398826320965068,1.2398826320965068,1.2398826320965068,1.2398826320965068,1.2398826320965068,1.2398826320965068,1.2398826320965068,1.2398826320965068,1.2398826320965068,1.2398826320965068,1.2398826320965068
1996-12-14,1.5313015125429599,1.5313015125429599,1.5313015125429599,1.5313015125429599,1.5313015125429599,1.5313015125429599,1.5313015125429599,1.5313015125429599,1.5313015125429599,1.5313015125429599,1.5313015125429599,1.5313015125429599,1.5313015125429599,1.5313015125429599,1.5313015125429599
1996-12-15,1.6213268208362694,1.6213268208362694,1.6213268208362694,1.6213268208362694,1.6213268208362694,1.6213268208362694,1.6213268208362694,1.6213268208362694,1.6213268208362694,1.6213268208362694,1.6213268208362694,1.6213268208362694,1.6213268208362694,1.6213268208362694,1.6213268208362694
1996-12-16,1.619139682601746,1.619139682601746,1.619139682601746,1.619139682601746,1.619139682601746,1.619139682601746,1.619139682601746,1.619139682601746,1.619139682601746,1.619139682601746,1.619139682601746,1.619139682601746,1.619139682601746,1.619139682601746,1.619139682601746
1996-12-17,1.3682287833529665,1.3682287833529665,1.3682287833529665,1.3682287833529665,1.3682287833529665,1.3682287833529665,1.3682287833529665,1.3682287833529665,1.3682287833529665,1.3682287833529665,1.3682287833529665,1.3682287833529665,1.3682287833529665,1.3682287833529665,1.3682287833529665
1996-12-18,0.937138017945445,0.937138017945445,0.937138017945445,0.937138017945445,0.937138017945445,0.937138017945445,0.937138017945445,0.937138017945445,0.937138017945445,0.937138017945445,0.937138017945445,0.937138017945445,0.937138017945445,0.937138017945445,0.937138017945445
1996-12-19,0.922765125578333,0.922765125578333,0.922765125578333,0.922765125578333,0.922765125578333,0.922765125578333,0.922765125578333,0.922765125578333,0.922765125578333,0.922765125578333,0.922765125578333,0.922765125578333,0.922765125578333,0.922765125578333,0.922765125578333
1996-12-20,0.9132344249726688,0.9132344249726688,0.9132344249726688,0.9132344249726688,0.9132344249726688,0.9132344249726688,0.9132344249726688,0.9132344249726688,0.9132344249726688,0.9132344249726688,0.9132344249726688,0.9132344249726688,0.9132344249726688,0.9132344249726688,0.9132344249726688
1996-12-21,1.1918398774704981,1.1918398774704981,1.1918398774704981,1.1918398774704981,1.1918398774704981,1.1918398774704981,1.1918398774704981,1.1918398774704981,1.1918398774704981,1.1918398774704981,1.1918398774704981,1.1918398774704981,1.1918398774704981,1.1918398774704981,1.1918398774704981
1996-12-22,1.421292960261392,1.421292960261392,1.421292960261392,1.421292960261392,1.421292960261392,1.421292960261392,1.421292960261392,1.421292960261392,1.421292960261392,1.421292960261392,1.421292960261392,1.421292960261392,1.421292960261392,1.421292960261392,1.421292960261392
1996-12-23,1.3756191241418492,1.3756191241418492,1.3756191241418492,1.3756191241418492,1.3756191241418492,1.3756191241418492,1.3756191241418492,1.3756191241418492,1.3756191241418492,1.3756191241418492,1.3756191241418492,1.3756191241418492,1.3756191241418492,1.3756191241418492,1.3756191241418492
1996-12-24,1.0914447835067196,1.0914447835067196,1.0914447835067196,1.0914447835067196,1.0914447835067196,1.0914447835067196,1.0914447835067196,1.0914447835067196,1.0914447835067196,1.0914447835067196,1.0914447835067196,1.0914447835067196,1.0914447835067196,1.0914447835067196,1.0914447835067196
1996-12-25,0.7126686753464159,0.7126686753464159,0.7126686753464159,0.7126686753464159,0.7126686753464159,0.7126686753464159,0.7126686753464159,0.7126686753464159,0.7126686753464159,0.7126686753464159,0.7126686753464159,0.7126686753464159,0.7126686753464159,0.7126686753464159,0.7126686753464159
1996-12-26,0.3205952726625551,0.3205952726625551,0.3205952726625551,0.3205952726625551,0.3205952726625551,0.3205952726625551,0.3205952726625551,0.3205952726625551,0.3205952726625551,0.3205952726625551,0.3205952726625551,0.3205952726625551,0.3205952726625551,0.3205952726625551,0.3205952726625551
1996-12-27,-0.3756897945172326,-0.3756897945172326,-0.3756897945172326,-0.3756897945172326,-0.3756897945172326,-0.3756897945172326,-0.3756897945172326,-0.3756897945172326,-0.3756897945172326,-0.3756897945172326,-0.3756897945172326,-0.3756897945172326,-0.3756897945172326,-0.3756897945172326,-0.3756897945172326
1996-12-28,-0.6542676284712493,-0.6542676284712493,-0.6542676284712493,-0.6542676284712493,-0.6542676284712493,-0.6542676284712493,-0.6542676284712493,-0.6542676284712493,-0.6542676284712493,-0.6542676284712493,-0.6542676284712493,-0.6542676284712493,-0.6542676284712493,-0.6542676284712493,-0.6542676284712493
1996-12-29,-0.9827346812183712,-0.9827346812183712,-0.9827346812183712,-0.9827346812183712,-0.9827346812183712,-0.9827346812183712,-0.9827346812183712,-0.9827346812183712,-0.9827346812183712,-0.9827346812183712,-0.9827346812183712,-0.9827346812183712,-0.9827346812183712,-0.9827346812183712,-0.9827346812183712
1996-12-30,-1.1352077250881731,-1.1352077250881731,-1.1352077250881731,-1.1352077250881731,-1.1352077250881731,-1.1352077250881731,-1.1352077250881731,-1.1352077250881731,-1.1352077250881731,-1.1352077250881731,-1.1352077250881731,-1.1352077250881731,-1.1352077250881731,-1.1352077250881731,-1.1352077250881731
1996-12-31,-1.7319227383036584,-1.7319227383036584,-1.7319227383036584,-1.7319227383036584,-1.7319227383036584,-1.7319227383036584,-1.7319227383036584,-1.7319227383036584,-1.7319227383036584,-1.7319227383036584,-1.7319227383036584,-1.7319227383036584,-1.7319227383036584,-1.7319227383036584,-1.7319227383036584
1997-01-01,-2.0015302509906654,-1.9054137619651137,-1.9434296602211316,-1.9465223520444623,-1.8917931626968847,-1.9198866605752996,-1.920742267633016,-1.9545939625435824,-1.887326698963013,-1.9253294104556453,-1.9165317246541498,-1.99332954766122,-1.8591893495304863,-1.8948822734522504,-1.9639981253302656
1997-01-02,-1.6289587872771318,-1.6215105560708525,-1.6378896495671993,-1.6155227338952423,-1.6836205098106904,-1.5675316052044175,-1.5964640623995603,-1.6710648794602763,-1.5511281128195331,-1.6420452023183971,-1.5846565930192036,-1.6662977684353824,-1.5445555849653059,-1.5774989531168853,-1.702021001281924
1997-01-03,-1.612156239902365,-1.482393227365868,-1.550205881807596,-1.6455154364382276,-1.4789003859819878,-1.4952569673647855,-1.411238444412181,-1.4969958835847708,-1.3937243952582503,-1.6419050524583036,-1.4471895662588132,-1.5955537015173828,-1.2801622938293638,-1.3688814116806476,-1.5488582558778208
1997-01-04,-1.7687291260923443,-1.618304556918322,-1.637686933847421,-1.910750694901442,-1.4096758609485045,-1.6701851023145715,-1.4063627628072812,-1.6170237694189074,-1.526589056563867,-1.9343035782262954,-1.5892198575938565,-1.9230330950742947,-1.3947932025148082,-1.3344581236018125,-1.7453172716824705
1997-01-05,-1.87174398959075,-1.6628763714735924,-1.6754221248792698,-1.895668100156196,-1.368913419202771,-1.7349429432789159,-1.3470169354593162,-1.7075344976670916,-1.8182817489744618,-1.8974501033637063,-1.7379241360157953,-1.8588275379307548,-1.6160523501790103,-1.312613809579659,-1.7959086556433415
1997-01-06,-1.9359110380682172,-1.8001331834025358,-1.4792359888525437,-1.8339793485322806,-1.2231671995779572,-1.5841313959816208,-1.275874881624823,-1.7241578270208004,-1.897822697678846,-1.8189845392404553,-1.8744656825454178,-1.776002610395754,-1.5915049772963041,-1.1279986685447245,-1.7009761365552738
1997-01-07,-2.0493068650850548,-1.8602954145435247,-1.4506884725653622,-1.885453540593074,-1.2078856525765373,-1.6125438269202363,-1.4114194093007877,-1.8851585590322013,-1.8542813626062407,-2.0128066790550396,-1.9146823896726841,-2.003925039054088,-1.6982239153861773,-1.0093222665340225,-1.6889097536798245
1997-01-08,-2.024845502085857,-1.5472483082261612,-1.2968678053569451,-2.1456939015815704,-0.9504341727526848,-1.4916337528921535,-1.4459095996273659,-1.8054377310606162,-1.6725952132963087,-1.9539693045361455,-1.871305096190395,-1.9702810686619066,-1.690581487295798,-1.3872115792607742,-1.758118594058106
1997-01-09,-1.863857998707345,-1.6283935684936728,-1.1546967401503783,-2.1240598192435503,-0.8244687372566132,-1.3095860568115274,-1.2840631207089388,-1.6487861087074167,-1.418530386710873,-1.580092634481575,-1.5929314494479538,-1.8808345742675519,-1.580660449357275,-1.3716225594278852,-1.7886967048187181
1997-01-10,-1.5777500046913528,-1.6934281623377905,-0.9785324460307494,-1.780925765729533,-0.700194158468177,-1.1197598491317435,-1.1208317154799639,-1.3188746963217224,-1.3886221322898127,-1.3317552047907717,-1.4134214899436146,-1.9213268662983374,-1.237337316867754,-1.0580387090977668,-1.6177224340781902
1997-01-11,-1.5552785246268905,-1.9354667394980645,-0.7678636928961515,-1.490564213114469,-0.8037657210902803,-0.796206603239295,-0.9863154581459234,-1.2549456829921597,-1.397248189216201,-1.3629733599151734,-1.4470626795307509,-2.039346658545761,-1.2849418110317343,-1.0356057169174748,-1.5585114426745634
1997-01-12,-1.5808324537576695,-1.6807802584673937,-0.5190969735807284,-0.950327364677771,-0.7885803080182163,-0.6532934021177708,-0.9623430804730105,-1.1962540527857362,-0.9279907292280783,-1.4819851017912493,-0.99560805146784,-2.1222527367139636,-1.3599042920476916,-1.007042331662923,-1.378362274289519
1997-01-13,-1.4386148154526408,-1.273368578619066,-0.15773970042594812,-0.5729627738342401,-0.717161147722155,-0.4055424499237578,-0.43558987772684205,-0.9221777587564793,-0.49170193849707766,-1.3008884812897406,-0.791593868109757,-1.9026595206016377,-1.2362798449049337,-0.6954312441298733,-1.2103620288679973
1997-01-14,-0.9207353864278949,-0.8145270938794809,0.3118376814799487,-0.3541873190752454,-0.32059615312971423,-0.2849188335199897,0.14163244551428456,-0.6558962382515499,-0.03162466809339625,-0.8055367680249406,-0.4213808684074905,-1.6755746202917048,-0.7674110088694135,-0.5534763008444098,-0.9446402585098805
1997-01-15,-0.3800833884462797,-0.39812721366751774,0.4826071116507263,-0.20899415148026113,0.08140975012179767,-0.17554502742872855,0.05706342291930019,-0.4218099619823405,0.0978448986844176,-0.5841851831386873,-0.04711379185858221,-1.4426794906402627,-0.200754820729416,-0.20626779823581798,-0.8252948592200486
1997-01-16,-0.05959147011962764,-0.17128240064673186,0.3940720913913291,0.24697706347188667,0.204710593213129,0.13699052330415665,-0.309622429863811,-0.18641795040431283,0.04985721543027453,-0.4127997730780437,0.4412137706664281,-1.5278662440060278,-0.10166692406520256,-0.05554020638924198,-0.8596825909212871
1997-01-17,-0.18219170379394004,-0.438879947741292,0.3610103008852836,0.5427760602911125,0.38549540032793567,0.24330034268586334,-0.5591018602970521,-0.16262028975799095,0.14252671881757928,-0.10633663571305088,0.5934500274525263,-1.0091936926065599,-0.03902143384432664,0.17073975619986193,-0.7525647202892762
1997-01-18,-0.16982386866097463,-0.44770106720017255,0.5118539532809667,0.6202862171888565,0.6169436513933736,0.41599024810858004,-0.3904313287769116,-0.2941600632231017,0.4455294810381956,0.058383188244561325,0.8434191105013891,-0.4720365604342273,-0.282580982187336,0.15465855598855419,-0.5691575022931015
1997-01-19,-0.06700177690383785,-0.5785230662224234,0.6362439902172261,0.8030243346735081,0.41877648938304673,0.15461629852626266,-0.29684853250681886,-0.370700402865225,0.8904785969035967,0.30893834281278676,0.9227996456841706,-0.12061236441938891,-0.8653331754945481,-0.015093285723199037,-0.4618842320446364
1997-01-20,-0.050215825564740905,-0.41389810957155965,0.9205108769217548,0.9373384296133048,0.2528216136538812,0.14700613046173713,-0.20718084132190107,-0.5344014146659494,0.6192447671089113,0.3887189537462439,0.706859605946234,0.21165161822784467,-1.1434663353392194,-0.04723865150753908,-0.3768548978986964
1997-01-21,-0.26833372758476876,-0.27639967237172053,0.9862538437128583,0.8655173065414388,0.1034903646509158,0.5163950509330449,-0.4269199694666438,-0.4565719487793399,0.4003800376982501,0.2212840396799025,0.6217309391514209,0.4906600080202497,-1.4013556163836833,0.04339710386913251,-0.4677123976811662
1997-01-22,-0.4537521971456428,0.008660275647009667,0.6337404237305482,0.44486299133387286,-0.041064420593085973,0.3146214150194802,-0.31532628953990977,-0.5461462054459074,-0.19663798439726426,0.11484899920969883,0.09408024703042141,1.115499845539912,-1.5756410587543943,-0.07787659212631756,-0.3062831303368675
1997-01-23,-0.7659236105963623,0.40728468919360045,0.3747778432426405,0.3480967494991533,-0.1646669860965027,-0.14124811218472366,0.03009159248920338,-0.583319338166599,-0.9713206684082596,0.34916657284350155,-0.4000296032394104,1.4922847304232858,-1.9162593062472983,-0.25358094240342327,-0.1977520659175994
1997-01-24,-1.1487514615363097,0.6935522625111786,0.3769049973023722,0.1668603443256367,-0.20038332076814197,-0.559208854661532,0.189443729928478,-0.8514151102483903,-1.757113433066197,0.7052756130201089,-0.7341863565562197,1.3258408654150764,-1.9142964374726306,-0.05354340150322498,-0.3288425396416499
1997-01-25,-0.8496990010820533,0.9310918694077663,0.34487562933194243,0.17099649749738388,-0.016261990432819555,-0.8039145861208759,0.3717756005374511,-0.9056995959122178,-2.1287149820754854,0.9059368662724636,-0.5962998531050898,0.9305375257859577,-1.726309108198974,-0.17373968568409584,-0.5410078254995523
1997-01-26,-0.4651067176314308,0.8795356045554661,0.09896791851540959,0.19839783860470853,-0.18703229546513173,-1.3737325094319817,0.551354761731796,-0.8021705574433655,-2.367406206982112,0.6372652281530382,-0.3070750181511689,0.8544808020645807,-1.7322693208731565,-0.2554532585973416,-0.8651553351873168
1997-01-27,-0.39499114147809977,0.825022283281464,-0.09843935844799243,0.3297515269818781,-0.48493924302773345,-1.814040117856091,0.7622616132224916,-1.0117049075531204,-2.624004455051517,0.5048291279348149,-0.02930464444426564,0.5419597491676063,-1.7708896978344895,-0.34500451058152637,-0.9003730828576985
1997-01-28,-0.19948581604883775,0.7904882059485812,-0.14938626559889037,0.08677930959474449,-0.6890397490448082,-1.7893834736087197,1.0644336839909296,-1.4222796492692973,-2.5369325933634874,0.5580431037915758,0.09237470027619055,0.5764888777910386,-1.6503463263359477,-0.35458547185550326,-0.6621754565520224
1997-01-29,0.1574066579478519,0.6666530850727154,-0.4612627345025598,-0.3744529755892292,-0.7249715305330181,-1.7958760229803925,1.219988117698347,-1.4104169757865137,-2.564945643074459,0.24320809576052477,0.48634064122669424,0.7971557878119087,-1.4954382412727838,-0.5526084151263979,-0.7197920245545595
1997-01-30,0.5234833969610045,1.1398561759176293,-0.7269845313235426,-0.6543625545550567,-0.9244295115563346,-1.9021829553268028,0.8271073339227144,-1.136032818508792,-2.5542615213961395,0.16106297731881947,1.0094196582324217,0.8958606326962285,-1.46982969458092,-0.4509940658076667,-0.8420852503868543
1997-01-31,0.5633856306143548,1.3819974580844083,-0.9436905163522156,-0.6293515867412426,-0.983695325228818,-2.1197300452524668,0.3445929965453347,-0.8199946324439978,-2.407027757527312,0.1384038364041188,1.190356576012999,1.0803241697521162,-0.9000351185673873,-0.34821919943190616,-0.8123608982982593
1997-02-01,0.537983626683751,1.421662664656201,-1.1680795096499639,-0.7068147983106841,-1.0549130599157825,-2.3117020512928637,0.03658374528537025,-0.644570700483265,-2.357436101359351,0.1447736217563613,0.8141510976619076,0.7996149897756205,-0.41233005268936535,-0.44098418029770126,-0.7546641299029843
1997-02-02,0.7684573042055368,1.2489031796204693,-0.9399669616255636,-0.635071600489883,-1.2347992246323907,-2.032118721529933,-0.23935965930154995,-0.09952750385637772,-1.7243745727005169,0.03469249486385356,0.44819833031411266,0.9290893365276448,-0.3405628597776558,-0.46452603796023784,-0.7493624392126841
1997-02-03,0.8876308941006726,1.178342011932268,-0.7485981177200364,-0.6361941403794714,-1.1642856327053317,-1.450052295595244,-0.1907954912807664,0.12884945200472092,-0.8793969778464564,-0.4122344260543837,0.21612388429261722,0.6112064300874482,0.17682324467082156,0.018196133007964667,-0.4148937364961322
1997-02-04,0.7249926419016,0.9850008986971871,-0.9650509861609253,-0.2103778009118472,-0.6585094266639667,-1.2894824252460901,0.1155733409149482,0.27625021488523716,-0.17404721559326428,-0.3520278091555607,0.07491387621573455,0.13329268241188147,0.7318309597775872,0.32088288847706153,-0.2164886964843732
1997-02-05,0.41719585575279083,0.7357513777180501,-0.9414340797525408,0.11475681477031384,-0.1344999632956242,-1.3094435652105274,0.05840062688757732,0.177622586420229,0.42916037676363356,-0.3555430782005949,0.21755993691760414,-0.39307146144013655,0.5077462314977809,0.36897760587754,-0.2925289103547815
1997-02-06,0.3467842762351427,0.6012836782331239,-0.9508033801942992,0.7013558271557525,0.14140891170983833,-1.2541517696628504,-0.07770185599078601,0.49159515099258516,0.7134302280113338,-0.3726936056489707,-0.10715021853354077,-0.7790662345271065,-0.1262349305256639,0.20469055029239597,-0.5224699692069557
1997-02-07,0.63874139296336,0.5886967031349982,-0.894768788013327,0.5837242606924609,0.44705843951474955,-0.798417979649816,-0.18426930941130792,0.7057503458778237,0.6473105004038089,-0.6120904382407562,0.02646349309576744,-0.9695424591040035,-0.5609456608616011,0.06794295170398491,-0.7428643155176489
1997-02-08,0.9935954724641335,0.3295627000233281,-0.6330208688637912,0.7461355224931253,0.49200000387326653,-0.15714464829569796,-0.08618597815490817,0.5819029594965021,0.8277973509239648,-0.7460422199381773,0.2518781126449778,-0.8984590739919717,-0.547167171675751,0.30319708656211725,-0.9606420875600479
1997-02-09,0.9584642840492396,0.4043738343463261,-0.2864839997104497,1.0759573195747405,0.6555067385015825,0.1666723140865337,-0.24403260455195805,0.46248154291045124,0.8899896586256487,-0.8325984428783655,-0.04813359182999346,-0.7662937256434385,-0.27890400504347984,0.6757574362040067,-0.8606762171020912
1997-02-10,0.8334724956758158,0.35900734553418034,0.038745499652227545,1.5237718452206723,0.6889543459436598,0.511619883784522,-0.44946905233718554,0.39627121950028743,0.5826372528476148,-0.3619761090860762,-0.5894158662551753,-0.42336976420211403,-0.26658195149383485,0.9424380767434367,-0.5961663889664955
1997-02-11,0.7766050975912838,-0.03593550926065358,0.270753375374155,1.5180445016213893,0.8452976507753507,0.7373174429912049,-0.5408772387950976,0.6960177410351414,0.26712814558752734,0.04576380041003817,-1.161440502192994,-0.3396830690746676,-0.27998787356341964,0.9977792951910979,-0.4008268631427633
1997-02-12,0.6636370765621857,-0.591693240273107,0.6993769018013469,1.3414825943498985,0.7441640314610121,0.8466782240562838,-0.657091097568293,0.9330312567327664,-0.0656401509814151,0.2597885807146344,-1.4158123156016023,-0.2288426335131166,-0.5314186422482092,1.211622487946045,-0.11163057847296767
1997-02-13,0.5748996788154087,-0.7624061661327264,0.9006068096541427,1.0650764872375527,0.8719277732312419,0.5087712721184409,-0.6916894625571258,1.1476390150372877,-0.5073762350511655,-0.1266111334415366,-1.495437911784152,0.08620569165681018,-0.7611067281520878,1.103837520322513,0.2967234001282979
1997-02-14,0.4551508592547976,-0.8252704673107437,1.0226252541939562,0.5689178308725781,0.8229572053084335,0.2428519890437187,-0.5053666521068185,0.9933237561907555,-0.5675746725379645,-0.6336206862110212,-1.7655721877706476,0.2762510591670411,-0.7152691688664181,0.6597017490731614,0.36509300908704145
1997-02-15,0.20322252257574538,-0.8860706684276385,1.1428624190254906,0.13411471536426905,0.8809399303177746,0.0658694689308584,-0.30904843109854246,0.6956394186370968,-0.5437781779654989,-0.9223815851510726,-1.7164601662729158,0.7619314424177451,-0.46332815593654353,0.36581344017266765,0.5108976113592222
1997-02-16,0.056200146485957135,-0.804529296416629,1.6427250218941163,0.05394867988326011,0.8213109227923887,-0.07550256363331041,0.002080145860309085,0.8779946904370387,-0.3449209783537903,-0.5998573604283716,-1.7040948144210861,0.9323980926443192,0.029758143811452246,0.6644900109739252,0.3384874551797977
1997-02-17,0.053461808623264495,-0.9638045361947494,1.8090185196432775,0.04858977565684866,0.5620820956527011,-0.40054982811559575,0.07466447234766614,1.3301717258778782,-0.5898697482332395,-0.14154581015311607,-1.6361234102586855,0.8072866023137037,0.08664269436717272,0.7701921766736597,0.7887334806173285
1997-02-18,0.5855057254156183,-0.97477576798447,1.660456885130289,-0.02878214331151105,0.5193762155851727,-1.013773807018129,0.3114105418801914,1.5963777173627547,-0.7192183628055625,0.15706800897249495,-1.3486112732087865,1.0483342203460793,-0.006649631529260496,0.5919703834718442,1.2005657577483726
1997-02-19,0.961429195648389,-0.6100092814656168,1.593223841888671,-0.44475981861604874,0.7831375969720575,-1.216760917193529,0.46643210701742,1.5974832329520225,-0.9539434225889841,0.4400774143993047,-1.2716968881110542,1.3522309833247996,-0.09045606992521427,0.28946342571852224,1.1884747755071519
1997-02-20,1.2566888129783698,-0.5421330504351781,1.3624000092281736,-0.93053248339062,0.8047128806185592,-1.0981193615327356,0.18004851940528557,1.4455605975832522,-1.3040054792695428,0.5759460467702597,-1.6500602244474754,0.8967537740153968,-0.1877745623803598,0.6026337003416186,1.4415012128899363
1997-02-21,1.4197206471109312,-0.5227312954684438,1.0163576958903464,-0.9850301244416109,0.8641040035890146,-0.8705108264170738,0.24025999672153212,1.5104293323338265,-1.4012994362594071,0.7091976374146493,-1.557762526742459,0.23946330844486372,-0.23960026169427454,0.8428183614636394,1.588995869653835
1997-02-22,1.6707800182229098,-0.45267777492639966,0.4117335107749066,-1.0428758451194617,0.7966414128390975,-0.5948092448068368,0.32292039744879264,1.4154597665525224,-1.5434714239916487,1.4462602868311643,-0.9973047088107395,-0.24262606551689675,-0.03827925177229739,0.6099194248495157,1.3665921295361254
1997-02-23,1.8541880805338653,-0.5305051980933926,0.360210469669269,-1.0689535370959917,0.5771171632868028,-0.577149037197849,0.024295675739849452,1.2902281868286793,-1.947733523419541,1.7204030861391102,-0.7742988138029544,-0.5473604978976369,0.6564734345865046,0.3900025451510834,1.2517249741678644
1997-02-24,1.8623481770546595,-0.39420197839168764,0.41559100240066593,-1.108001092172227,0.2630975555462859,-0.6593602813180135,-0.4196293744336577,1.1956851726212774,-2.0893559105820585,2.041447186617374,-0.46184949870955117,-1.0898155819563091,1.1263052019854047,0.37780146919564805,1.3494673087045705
1997-02-25,1.568141375885918,-0.47102768007186213,-0.09729595809734973,-1.1771069565043148,-0.013011774586547328,-0.6918523616505216,-0.6004787886409344,1.4386714280973567,-2.0886625105350713,2.2733123538258138,-0.3833317447627697,-1.6725989597580875,1.6058767173180473,0.24693587481489357,1.2391156722595207
1997-02-26,1.2945761124404513,-0.8357002181998235,-0.5337083023203424,-1.25814463665671,-0.2185080508385864,-0.4432074978562683,-0.5069456892204156,1.6896825455996438,-2.018107042993786,2.2540369141073566,-0.13169276223995785,-1.863015948581806,1.6485701476359977,-0.05831606047601936,1.3123213470199422
1997-02-27,1.2094212616145334,-0.729458180475954,-0.962436143419285,-1.4752203240539445,-0.03604651892416143,-0.7114870374172577,-0.5577372388965937,1.6066603782168898,-2.1961125545418088,2.56488204758581,0.02504339380600437,-1.4707935323966592,1.7346631034575306,-0.2953861335219014,1.2119667208505578
1997-02-28,0.8991464545744273,-0.6834120874903202,-0.9861797343232355,-1.550535398882493,0.10549610047180498,-0.7319856330032656,-0.9570566758182539,1.4309522291983725,-2.0872719388560994,2.8151995574702817,0.019649095938282946,-1.3618290438950436,1.8163771413288168,-0.48484100030713256,0.9471592382035033
1997-03-01,0.4288193877386887,-0.6411627465835976,-0.7069647239032762,-1.4428475684454312,0.3643880073350548,-0.5341746891792678,-1.1632080931410935,0.9942469817944517,-1.9355616372848734,3.015189369378928,-0.05459992892780296,-1.5642332341047096,1.9602715009624898,-0.8670244427920561,0.7770998474324714
1997-03-02,0.2373155531296264,-0.6832836036460171,-0.4758399035604856,-1.7300438185644356,0.8835881782679247,-0.033317049699573095,-0.9343335555508137,0.7742760886632614,-2.219778505563055,2.7936193588503624,-0.129443933763748,-1.7720665835607392,2.2127331937638868,-1.161672897870744,0.6219709975412275
