,1,2,3,4,5,6,7,8,9,10,11,12,13,14,15
1997-09-03,0.5577501119155472,0.5577501119155472,0.5577501119155472,0.5577501119155472,0.5577501119155472,0.5577501119155472,0.5577501119155472,0.5577501119155472,0.5577501119155472,0.5577501119155472,0.5577501119155472,0.5577501119155472,0.5577501119155472,0.5577501119155472,0.5577501119155472
1997-09-04,0.3164821464140035,0.3164821464140035,0.3164821464140035,0.3164821464140035,0.3164821464140035,0.3164821464140035,0.3164821464140035,0.3164821464140035,0.3164821464140035,0.3164821464140035,0.3164821464140035,0.3164821464140035,0.3164821464140035,0.3164821464140035,0.3164821464140035
1997-09-05,0.08969089018687773,0.08969089018687773,0.08969089018687773,0.08969089018687773,0.08969089018687773,0.08969089018687773,0.08969089018687773,0.08969089018687773,0.08969089018687773,0.08969089018687773,0.08969089018687773,0.08969089018687773,0.08969089018687773,0.08969089018687773,0.08969089018687773
1997-09-06,0.022391628335881632,0.022391628335881632,0.022391628335881632,0.022391628335881632,0.022391628335881632,0.022391628335881632,0.022391628335881632,0.022391628335881632,0.022391628335881632,0.022391628335881632,0.022391628335881632,0.022391628335881632,0.022391628335881632,0.022391628335881632,0.022391628335881632
1997-09-07,0.12070597728657557,0.12070597728657557,0.12070597728657557,0.12070597728657557,0.12070597728657557,0.12070597728657557,0.12070597728657557,0.12070597728657557,0.12070597728657557,0.12070597728657557,0.12070597728657557,0.12070597728657557,0.12070597728657557,0.12070597728657557,0.12070597728657557
1997-09-08,-0.05924065999719666,-0.05924065999719666,-0.05924065999719666,-0.05924065999719666,-0.05924065999719666,-0.05924065999719666,-0.05924065999719666,-0.05924065999719666,-0.05924065999719666,-0.05924065999719666,-0.05924065999719666,-0.05924065999719666,-0.05924065999719666,-0.05924065999719666,-0.05924065999719666
1997-09-09,-0.11616953257084947,-0.11616953257084947,-0.11616953257084947,-0.11616953257084947,-0.11616953257084947,-0.11616953257084947,-0.11616953257084947,-0.11616953257084947,-0.11616953257084947,-0.11616953257084947,-0.11616953257084947,-0.11616953257084947,-0.11616953257084947,-0.11616953257084947,-0.11616953257084947
1997-09-10,0.025244509234407193,0.025244509234407193,0.025244509234407193,0.025244509234407193,0.025244509234407193,0.025244509234407193,0.025244509234407193,0.025244509234407193,0.025244509234407193,0.025244509234407193,0.025244509234407193,0.025244509234407193,0.025244509234407193,0.025244509234407193,0.025244509234407193
1997-09-11,0.003856242245321778,0.003856242245321778,0.003856242245321778,0.003856242245321778,0.003856242245321778,0.003856242245321778,0.003856242245321778,0.003856242245321778,0.003856242245321778,0.003856242245321778,0.003856242245321778,0.003856242245321778,0.003856242245321778,0.003856242245321778,0.003856242245321778
1997-09-12,0.15969856535535318,0.15969856535535318,0.15969856535535318,0.15969856535535318,0.15969856535535318,0.15969856535535318,0.15969856535535318,0.15969856535535318,0.15969856535535318,0.15969856535535318,0.15969856535535318,0.15969856535535318,0.15969856535535318,0.15969856535535318,0.15969856535535318
1997-09-13,-0.09699082905554234,-0.09699082905554234,-0.09699082905554234,-0.09699082905554234,-0.09699082905554234,-0.09699082905554234,-0.09699082905554234,-0.09699082905554234,-0.09699082905554234,-0.09699082905554234,-0.09699082905554234,-0.09699082905554234,-0.09699082905554234,-0.09699082905554234,-0.09699082905554234
1997-09-14,0.0736865349046428,0.0736865349046428,0.0736865349046428,0.0736865349046428,0.0736865349046428,0.0736865349046428,0.0736865349046428,0.0736865349046428,0.0736865349046428,0.0736865349046428,0.0736865349046428,0.0736865349046428,0.0736865349046428,0.0736865349046428,0.0736865349046428
1997-09-15,0.48676209401115905,0.48676209401115905,0.48676209401115905,0.48676209401115905,0.48676209401115905,0.48676209401115905,0.48676209401115905,0.48676209401115905,0.48676209401115905,0.48676209401115905,0.48676209401115905,0.48676209401115905,0.48676209401115905,0.48676209401115905,0.48676209401115905
1997-09-16,0.5800959415902582,0.5800959415902582,0.5800959415902582,0.5800959415902582,0.5800959415902582,0.5800959415902582,0.5800959415902582,0.5800959415902582,0.5800959415902582,0.5800959415902582,0.5800959415902582,0.5800959415902582,0.5800959415902582,0.5800959415902582,0.5800959415902582
1997-09-17,0.4152899657721488,0.4152899657721488,0.4152899657721488,0.4152899657721488,0.4152899657721488,0.4152899657721488,0.4152899657721488,0.4152899657721488,0.4152899657721488,0.4152899657721488,0.4152899657721488,0.4152899657721488,0.4152899657721488,0.4152899657721488,0.4152899657721488
1997-09-18,0.41456810505866226,0.41456810505866226,0.41456810505866226,0.41456810505866226,0.41456810505866226,0.41456810505866226,0.41456810505866226,0.41456810505866226,0.41456810505866226,0.41456810505866226,0.41456810505866226,0.41456810505866226,0.41456810505866226,0.41456810505866226,0.41456810505866226
1997-09-19,0.5037486510574112,0.5037486510574112,0.5037486510574112,0.5037486510574112,0.5037486510574112,0.5037486510574112,0.5037486510574112,0.5037486510574112,0.5037486510574112,0.5037486510574112,0.5037486510574112,0.5037486510574112,0.5037486510574112,0.5037486510574112,0.5037486510574112
1997-09-20,0.6170191003911586,0.6170191003911586,0.6170191003911586,0.6170191003911586,0.6170191003911586,0.6170191003911586,0.6170191003911586,0.6170191003911586,0.6170191003911586,0.6170191003911586,0.6170191003911586,0.6170191003911586,0.6170191003911586,0.6170191003911586,0.6170191003911586
1997-09-21,0.5266680390544826,0.5266680390544826,0.5266680390544826,0.5266680390544826,0.5266680390544826,0.5266680390544826,0.5266680390544826,0.5266680390544826,0.5266680390544826,0.5266680390544826,0.5266680390544826,0.5266680390544826,0.5266680390544826,0.5266680390544826,0.5266680390544826
1997-09-22,0.34292603967847146,0.34292603967847146,0.34292603967847146,0.34292603967847146,0.34292603967847146,0.34292603967847146,0.34292603967847146,0.34292603967847146,0.34292603967847146,0.34292603967847146,0.34292603967847146,0.34292603967847146,0.34292603967847146,0.34292603967847146,0.34292603967847146
1997-09-23,0.19215327757694622,0.19215327757694622,0.19215327757694622,0.19215327757694622,0.19215327757694622,0.19215327757694622,0.19215327757694622,0.19215327757694622,0.19215327757694622,0.19215327757694622,0.19215327757694622,0.19215327757694622,0.19215327757694622,0.19215327757694622,0.19215327757694622
1997-09-24,0.1728597233637465,0.1728597233637465,0.1728597233637465,0.1728597233637465,0.1728597233637465,0.1728597233637465,0.1728597233637465,0.1728597233637465,0.1728597233637465,0.1728597233637465,0.1728597233637465,0.1728597233637465,0.1728597233637465,0.1728597233637465,0.1728597233637465
1997-09-25,0.2879078126044553,0.2879078126044553,0.2879078126044553,0.2879078126044553,0.2879078126044553,0.2879078126044553,0.2879078126044553,0.2879078126044553,0.2879078126044553,0.2879078126044553,0.2879078126044553,0.2879078126044553,0.2879078126044553,0.2879078126044553,0.2879078126044553
1997-09-26,0.46757341449036877,0.46757341449036877,0.46757341449036877,0.46757341449036877,0.46757341449036877,0.46757341449036877,0.46757341449036877,0.46757341449036877,0.46757341449036877,0.46757341449036877,0.46757341449036877,0.46757341449036877,0.46757341449036877,0.46757341449036877,0.46757341449036877
1997-09-27,0.4175831265373762,0.4175831265373762,0.4175831265373762,0.4175831265373762,0.4175831265373762,0.4175831265373762,0.4175831265373762,0.4175831265373762,0.4175831265373762,0.4175831265373762,0.4175831265373762,0.4175831265373762,0.4175831265373762,0.4175831265373762,0.4175831265373762
1997-09-28,0.40292098824036005,0.40292098824036005,0.40292098824036005,0.40292098824036005,0.40292098824036005,0.40292098824036005,0.40292098824036005,0.40292098824036005,0.40292098824036005,0.40292098824036005,0.40292098824036005,0.40292098824036005,0.40292098824036005,0.40292098824036005,0.40292098824036005
1997-09-29,0.39020551959733707,0.39020551959733707,0.39020551959733707,0.39020551959733707,0.39020551959733707,0.39020551959733707,0.39020551959733707,0.39020551959733707,0.39020551959733707,0.39020551959733707,0.39020551959733707,0.39020551959733707,0.39020551959733707,0.39020551959733707,0.39020551959733707
1997-09-30,0.5140065110260865,0.5140065110260865,0.5140065110260865,0.5140065110260865,0.5140065110260865,0.5140065110260865,0.5140065110260865,0.5140065110260865,0.5140065110260865,0.5140065110260865,0.5140065110260865,0.5140065110260865,0.5140065110260865,0.5140065110260865,0.5140065110260865
1997-10-01,0.43451060993137797,0.43451060993137797,0.43451060993137797,0.43451060993137797,0.43451060993137797,0.43451060993137797,0.43451060993137797,0.43451060993137797,0.43451060993137797,0.43451060993137797,0.43451060993137797,0.43451060993137797,0.43451060993137797,0.43451060993137797,0.43451060993137797
1997-10-02,0.3505853382701136,0.3505853382701136,0.3505853382701136,0.3505853382701136,0.3505853382701136,0.3505853382701136,0.3505853382701136,0.3505853382701136,0.3505853382701136,0.3505853382701136,0.3505853382701136,0.3505853382701136,0.3505853382701136,0.3505853382701136,0.3505853382701136
1997-10-03,0.11636772819635682,0.11636772819635682,0.11636772819635682,0.11636772819635682,0.11636772819635682,0.11636772819635682,0.11636772819635682,0.11636772819635682,0.11636772819635682,0.11636772819635682,0.11636772819635682,0.11636772819635682,0.11636772819635682,0.11636772819635682,0.11636772819635682
1997-10-04,0.10361125632524018,0.10361125632524018,0.10361125632524018,0.10361125632524018,0.10361125632524018,0.10361125632524018,0.10361125632524018,0.10361125632524018,0.10361125632524018,0.10361125632524018,0.10361125632524018,0.10361125632524018,0.10361125632524018,0.10361125632524018,0.10361125632524018
1997-10-05,0.08480056700327736,0.08480056700327736,0.08480056700327736,0.08480056700327736,0.08480056700327736,0.08480056700327736,0.08480056700327736,0.08480056700327736,0.08480056700327736,0.08480056700327736,0.08480056700327736,0.08480056700327736,0.08480056700327736,0.08480056700327736,0.08480056700327736
1997-10-06,0.0406505049982334,0.0406505049982334,0.0406505049982334,0.0406505049982334,0.0406505049982334,0.0406505049982334,0.0406505049982334,0.0406505049982334,0.0406505049982334,0.0406505049982334,0.0406505049982334,0.0406505049982334,0.0406505049982334,0.0406505049982334,0.0406505049982334
1997-10-07,-0.11133300061310171,-0.11133300061310171,-0.11133300061310171,-0.11133300061310171,-0.11133300061310171,-0.11133300061310171,-0.11133300061310171,-0.11133300061310171,-0.11133300061310171,-0.11133300061310171,-0.11133300061310171,-0.11133300061310171,-0.11133300061310171,-0.11133300061310171,-0.11133300061310171
1997-10-08,-0.3120174060591621,-0.3120174060591621,-0.3120174060591621,-0.3120174060591621,-0.3120174060591621,-0.3120174060591621,-0.3120174060591621,-0.3120174060591621,-0.3120174060591621,-0.3120174060591621,-0.3120174060591621,-0.3120174060591621,-0.3120174060591621,-0.3120174060591621,-0.3120174060591621
1997-10-09,-0.37361235159651934,-0.37361235159651934,-0.37361235159651934,-0.37361235159651934,-0.37361235159651934,-0.37361235159651934,-0.37361235159651934,-0.37361235159651934,-0.37361235159651934,-0.37361235159651934,-0.37361235159651934,-0.37361235159651934,-0.37361235159651934,-0.37361235159651934,-0.37361235159651934
1997-10-10,-0.5681097234077873,-0.5681097234077873,-0.5681097234077873,-0.5681097234077873,-0.5681097234077873,-0.5681097234077873,-0.5681097234077873,-0.5681097234077873,-0.5681097234077873,-0.5681097234077873,-0.5681097234077873,-0.5681097234077873,-0.5681097234077873,-0.5681097234077873,-0.5681097234077873
1997-10-11,-0.9557155209746473,-0.9557155209746473,-0.9557155209746473,-0.9557155209746473,-0.9557155209746473,-0.9557155209746473,-0.9557155209746473,-0.9557155209746473,-0.9557155209746473,-0.9557155209746473,-0.9557155209746473,-0.9557155209746473,-0.9557155209746473,-0.9557155209746473,-0.9557155209746473
1997-10-12,-1.3617910521168106,-1.3617910521168106,-1.3617910521168106,-1.3617910521168106,-1.3617910521168106,-1.3617910521168106,-1.3617910521168106,-1.3617910521168106,-1.3617910521168106,-1.3617910521168106,-1.3617910521168106,-1.3617910521168106,-1.3617910521168106,-1.3617910521168106,-1.3617910521168106
1997-10-13,-1.4289164552653606,-1.4289164552653606,-1.4289164552653606,-1.4289164552653606,-1.4289164552653606,-1.4289164552653606,-1.4289164552653606,-1.4289164552653606,-1.4289164552653606,-1.4289164552653606,-1.4289164552653606,-1.4289164552653606,-1.4289164552653606,-1.4289164552653606,-1.4289164552653606
1997-10-14,-1.2705057124349044,-1.2705057124349044,-1.2705057124349044,-1.2705057124349044,-1.2705057124349044,-1.2705057124349044,-1.2705057124349044,-1.2705057124349044,-1.2705057124349044,-1.2705057124349044,-1.2705057124349044,-1.2705057124349044,-1.2705057124349044,-1.2705057124349044,-1.2705057124349044
1997-10-15,-0.9429256971338823,-0.9429256971338823,-0.9429256971338823,-0.9429256971338823,-0.9429256971338823,-0.9429256971338823,-0.9429256971338823,-0.9429256971338823,-0.9429256971338823,-0.9429256971338823,-0.9429256971338823,-0.9429256971338823,-0.9429256971338823,-0.9429256971338823,-0.9429256971338823
1997-10-16,-0.8610833916602451,-0.8610833916602451,-0.8610833916602451,-0.8610833916602451,-0.8610833916602451,-0.8610833916602451,-0.8610833916602451,-0.8610833916602451,-0.8610833916602451,-0.8610833916602451,-0.8610833916602451,-0.8610833916602451,-0.8610833916602451,-0.8610833916602451,-0.8610833916602451
1997-10-17,-0.5925425721225623,-0.5925425721225623,-0.5925425721225623,-0.5925425721225623,-0.5925425721225623,-0.5925425721225623,-0.5925425721225623,-0.5925425721225623,-0.5925425721225623,-0.5925425721225623,-0.5925425721225623,-0.5925425721225623,-0.5925425721225623,-0.5925425721225623,-0.5925425721225623
1997-10-18,-0.24312624402568497,-0.24312624402568497,-0.24312624402568497,-0.24312624402568497,-0.24312624402568497,-0.24312624402568497,-0.24312624402568497,-0.24312624402568497,-0.24312624402568497,-0.24312624402568497,-0.24312624402568497,-0.24312624402568497,-0.24312624402568497,-0.24312624402568497,-0.24312624402568497
1997-10-19,0.22931612951730984,0.22931612951730984,0.22931612951730984,0.22931612951730984,0.22931612951730984,0.22931612951730984,0.22931612951730984,0.22931612951730984,0.22931612951730984,0.22931612951730984,0.22931612951730984,0.22931612951730984,0.22931612951730984,0.22931612951730984,0.22931612951730984
1997-10-20,0.47561686863833696,0.47561686863833696,0.47561686863833696,0.47561686863833696,0.47561686863833696,0.47561686863833696,0.47561686863833696,0.47561686863833696,0.47561686863833696,0.47561686863833696,0.47561686863833696,0.47561686863833696,0.47561686863833696,0.47561686863833696,0.47561686863833696
1997-10-21,0.6333238668075027,0.6333238668075027,0.6333238668075027,0.6333238668075027,0.6333238668075027,0.6333238668075027,0.6333238668075027,0.6333238668075027,0.6333238668075027,0.6333238668075027,0.6333238668075027,0.6333238668075027,0.6333238668075027,0.6333238668075027,0.6333238668075027
1997-10-22,0.8101766432398957,0.8101766432398957,0.8101766432398957,0.8101766432398957,0.8101766432398957,0.8101766432398957,0.8101766432398957,0.8101766432398957,0.8101766432398957,0.8101766432398957,0.8101766432398957,0.8101766432398957,0.8101766432398957,0.8101766432398957,0.8101766432398957
1997-10-23,1.0029795357186615,1.0029795357186615,1.0029795357186615,1.0029795357186615,1.0029795357186615,1.0029795357186615,1.0029795357186615,1.0029795357186615,1.0029795357186615,1.0029795357186615,1.0029795357186615,1.0029795357186615,1.0029795357186615,1.0029795357186615,1.0029795357186615
1997-10-24,1.0183404904280353,1.0183404904280353,1.0183404904280353,1.0183404904280353,1.0183404904280353,1.0183404904280353,1.0183404904280353,1.0183404904280353,1.0183404904280353,1.0183404904280353,1.0183404904280353,1.0183404904280353,1.0183404904280353,1.0183404904280353,1.0183404904280353
1997-10-25,0.8722808775671065,0.8722808775671065,0.8722808775671065,0.8722808775671065,0.8722808775671065,0.8722808775671065,0.8722808775671065,0.8722808775671065,0.8722808775671065,0.8722808775671065,0.8722808775671065,0.8722808775671065,0.8722808775671065,0.8722808775671065,0.8722808775671065
1997-10-26,0.6529601582668506,0.6529601582668506,0.6529601582668506,0.6529601582668506,0.6529601582668506,0.6529601582668506,0.6529601582668506,0.6529601582668506,0.6529601582668506,0.6529601582668506,0.6529601582668506,0.6529601582668506,0.6529601582668506,0.6529601582668506,0.6529601582668506
1997-10-27,0.39316434686248747,0.39316434686248747,0.39316434686248747,0.39316434686248747,0.39316434686248747,0.39316434686248747,0.39316434686248747,0.39316434686248747,0.39316434686248747,0.39316434686248747,0.39316434686248747,0.39316434686248747,0.39316434686248747,0.39316434686248747,0.39316434686248747
1997-10-28,0.014124551113910344,0.014124551113910344,0.014124551113910344,0.014124551113910344,0.014124551113910344,0.014124551113910344,0.014124551113910344,0.014124551113910344,0.014124551113910344,0.014124551113910344,0.014124551113910344,0.014124551113910344,0.014124551113910344,0.014124551113910344,0.014124551113910344
1997-10-29,-0.0354659648315594,-0.0354659648315594,-0.0354659648315594,-0.0354659648315594,-0.0354659648315594,-0.0354659648315594,-0.0354659648315594,-0.0354659648315594,-0.0354659648315594,-0.0354659648315594,-0.0354659648315594,-0.0354659648315594,-0.0354659648315594,-0.0354659648315594,-0.0354659648315594
1997-10-30,0.035403245629744354,0.035403245629744354,0.035403245629744354,0.035403245629744354,0.035403245629744354,0.035403245629744354,0.035403245629744354,0.035403245629744354,0.035403245629744354,0.035403245629744354,0.035403245629744354,0.035403245629744354,0.035403245629744354,0.035403245629744354,0.035403245629744354
1997-10-31,0.16531056205500053,0.16531056205500053,0.16531056205500053,0.16531056205500053,0.16531056205500053,0.16531056205500053,0.16531056205500053,0.16531056205500053,0.16531056205500053,0.16531056205500053,0.16531056205500053,0.16531056205500053,0.16531056205500053,0.16531056205500053,0.16531056205500053
1997-11-01,0.009871258730833275,0.009871258730833275,0.009871258730833275,0.009871258730833275,0.009871258730833275,0.009871258730833275,0.009871258730833275,0.009871258730833275,0.009871258730833275,0.009871258730833275,0.009871258730833275,0.009871258730833275,0.009871258730833275,0.009871258730833275,0.009871258730833275
1997-11-02,-0.36756081831491677,-0.36756081831491677,-0.36756081831491677,-0.36756081831491677,-0.36756081831491677,-0.36756081831491677,-0.36756081831491677,-0.36756081831491677,-0.36756081831491677,-0.36756081831491677,-0.36756081831491677,-0.36756081831491677,-0.36756081831491677,-0.36756081831491677,-0.36756081831491677
1997-11-03,-0.6390809209589636,-0.6390809209589636,-0.6390809209589636,-0.6390809209589636,-0.6390809209589636,-0.6390809209589636,-0.6390809209589636,-0.6390809209589636,-0.6390809209589636,-0.6390809209589636,-0.6390809209589636,-0.6390809209589636,-0.6390809209589636,-0.6390809209589636,-0.6390809209589636
1997-11-04,-0.9370361386954927,-0.9370361386954927,-0.9370361386954927,-0.9370361386954927,-0.9370361386954927,-0.9370361386954927,-0.9370361386954927,-0.9370361386954927,-0.9370361386954927,-0.9370361386954927,-0.9370361386954927,-0.9370361386954927,-0.9370361386954927,-0.9370361386954927,-0.9370361386954927
1997-11-05,-0.9742738395527494,-0.9742738395527494,-0.9742738395527494,-0.9742738395527494,-0.9742738395527494,-0.9742738395527494,-0.9742738395527494,-0.9742738395527494,-0.9742738395527494,-0.9742738395527494,-0.9742738395527494,-0.9742738395527494,-0.9742738395527494,-0.9742738395527494,-0.9742738395527494
1997-11-06,-1.2582449074745756,-1.2582449074745756,-1.2582449074745756,-1.2582449074745756,-1.2582449074745756,-1.2582449074745756,-1.2582449074745756,-1.2582449074745756,-1.2582449074745756,-1.2582449074745756,-1.2582449074745756,-1.2582449074745756,-1.2582449074745756,-1.2582449074745756,-1.2582449074745756
1997-11-07,-1.236779689556642,-1.236779689556642,-1.236779689556642,-1.236779689556642,-1.236779689556642,-1.236779689556642,-1.236779689556642,-1.236779689556642,-1.236779689556642,-1.236779689556642,-1.236779689556642,-1.236779689556642,-1.236779689556642,-1.236779689556642,-1.236779689556642
1997-11-08,-1.4205261545354704,-1.4205261545354704,-1.4205261545354704,-1.4205261545354704,-1.4205261545354704,-1.4205261545354704,-1.4205261545354704,-1.4205261545354704,-1.4205261545354704,-1.4205261545354704,-1.4205261545354704,-1.4205261545354704,-1.4205261545354704,-1.4205261545354704,-1.4205261545354704
1997-11-09,-1.4229570905474067,-1.4229570905474067,-1.4229570905474067,-1.4229570905474067,-1.4229570905474067,-1.4229570905474067,-1.4229570905474067,-1.4229570905474067,-1.4229570905474067,-1.4229570905474067,-1.4229570905474067,-1.4229570905474067,-1.4229570905474067,-1.4229570905474067,-1.4229570905474067
1997-11-10,-1.2928206057693983,-1.2928206057693983,-1.2928206057693983,-1.2928206057693983,-1.2928206057693983,-1.2928206057693983,-1.2928206057693983,-1.2928206057693983,-1.2928206057693983,-1.2928206057693983,-1.2928206057693983,-1.2928206057693983,-1.2928206057693983,-1.2928206057693983,-1.2928206057693983
1997-11-11,-1.3762356407215488,-1.3762356407215488,-1.3762356407215488,-1.3762356407215488,-1.3762356407215488,-1.3762356407215488,-1.3762356407215488,-1.3762356407215488,-1.3762356407215488,-1.3762356407215488,-1.3762356407215488,-1.3762356407215488,-1.3762356407215488,-1.3762356407215488,-1.3762356407215488
1997-11-12,-1.012421587595496,-1.012421587595496,-1.012421587595496,-1.012421587595496,-1.012421587595496,-1.012421587595496,-1.012421587595496,-1.012421587595496,-1.012421587595496,-1.012421587595496,-1.012421587595496,-1.012421587595496,-1.012421587595496,-1.012421587595496,-1.012421587595496
1997-11-13,-0.781766788714352,-0.781766788714352,-0.781766788714352,-0.781766788714352,-0.781766788714352,-0.781766788714352,-0.781766788714352,-0.781766788714352,-0.781766788714352,-0.781766788714352,-0.781766788714352,-0.781766788714352,-0.781766788714352,-0.781766788714352,-0.781766788714352
1997-11-14,-0.4796939474554538,-0.4796939474554538,-0.4796939474554538,-0.4796939474554538,-0.4796939474554538,-0.4796939474554538,-0.4796939474554538,-0.4796939474554538,-0.4796939474554538,-0.4796939474554538,-0.4796939474554538,-0.4796939474554538,-0.4796939474554538,-0.4796939474554538,-0.4796939474554538
1997-11-15,-0.36803904393494136,-0.36803904393494136,-0.36803904393494136,-0.36803904393494136,-0.36803904393494136,-0.36803904393494136,-0.36803904393494136,-0.36803904393494136,-0.36803904393494136,-0.36803904393494136,-0.36803904393494136,-0.36803904393494136,-0.36803904393494136,-0.36803904393494136,-0.36803904393494136
1997-11-16,-0.08668679433572918,-0.08668679433572918,-0.08668679433572918,-0.08668679433572918,-0.08668679433572918,-0.08668679433572918,-0.08668679433572918,-0.08668679433572918,-0.08668679433572918,-0.08668679433572918,-0.08668679433572918,-0.08668679433572918,-0.08668679433572918,-0.08668679433572918,-0.08668679433572918
1997-11-17,0.3321351010492075,0.3321351010492075,0.3321351010492075,0.3321351010492075,0.3321351010492075,0.3321351010492075,0.3321351010492075,0.3321351010492075,0.3321351010492075,0.3321351010492075,0.3321351010492075,0.3321351010492075,0.3321351010492075,0.3321351010492075,0.3321351010492075
1997-11-18,0.4681223611647845,0.4681223611647845,0.4681223611647845,0.4681223611647845,0.4681223611647845,0.4681223611647845,0.4681223611647845,0.4681223611647845,0.4681223611647845,0.4681223611647845,0.4681223611647845,0.4681223611647845,0.4681223611647845,0.4681223611647845,0.4681223611647845
1997-11-19,0.4381152952568835,0.4381152952568835,0.4381152952568835,0.4381152952568835,0.4381152952568835,0.4381152952568835,0.4381152952568835,0.4381152952568835,0.4381152952568835,0.4381152952568835,0.4381152952568835,0.4381152952568835,0.4381152952568835,0.4381152952568835,0.4381152952568835
1997-11-20,0.5198215698366416,0.5198215698366416,0.5198215698366416,0.5198215698366416,0.5198215698366416,0.5198215698366416,0.5198215698366416,0.5198215698366416,0.5198215698366416,0.5198215698366416,0.5198215698366416,0.5198215698366416,0.5198215698366416,0.5198215698366416,0.5198215698366416
1997-11-21,0.5179703352049744,0.5179703352049744,0.5179703352049744,0.5179703352049744,0.5179703352049744,0.5179703352049744,0.5179703352049744,0.5179703352049744,0.5179703352049744,0.5179703352049744,0.5179703352049744,0.5179703352049744,0.5179703352049744,0.5179703352049744,0.5179703352049744
1997-11-22,0.5411831924839721,0.5411831924839721,0.5411831924839721,0.5411831924839721,0.5411831924839721,0.5411831924839721,0.5411831924839721,0.5411831924839721,0.5411831924839721,0.5411831924839721,0.5411831924839721,0.5411831924839721,0.5411831924839721,0.5411831924839721,0.5411831924839721
1997-11-23,0.36500909313215124,0.36500909313215124,0.36500909313215124,0.36500909313215124,0.36500909313215124,0.36500909313215124,0.36500909313215124,0.36500909313215124,0.36500909313215124,0.36500909313215124,0.36500909313215124,0.36500909313215124,0.36500909313215124,0.36500909313215124,0.36500909313215124
1997-11-24,0.046697127656597254,0.046697127656597254,0.046697127656597254,0.046697127656597254,0.046697127656597254,0.046697127656597254,0.046697127656597254,0.046697127656597254,0.046697127656597254,0.046697127656597254,0.046697127656597254,0.046697127656597254,0.046697127656597254,0.046697127656597254,0.046697127656597254
1997-11-25,-0.1963279621990149,-0.1963279621990149,-0.1963279621990149,-0.1963279621990149,-0.1963279621990149,-0.1963279621990149,-0.1963279621990149,-0.1963279621990149,-0.1963279621990149,-0.1963279621990149,-0.1963279621990149,-0.1963279621990149,-0.1963279621990149,-0.1963279621990149,-0.1963279621990149
1997-11-26,-0.45840144352189643,-0.45840144352189643,-0.45840144352189643,-0.45840144352189643,-0.45840144352189643,-0.45840144352189643,-0.45840144352189643,-0.45840144352189643,-0.45840144352189643,-0.45840144352189643,-0.45840144352189643,-0.45840144352189643,-0.45840144352189643,-0.45840144352189643,-0.45840144352189643
1997-11-27,-0.561816991917018,-0.561816991917018,-0.561816991917018,-0.561816991917018,-0.561816991917018,-0.561816991917018,-0.561816991917018,-0.561816991917018,-0.561816991917018,-0.561816991917018,-0.561816991917018,-0.561816991917018,-0.561816991917018,-0.561816991917018,-0.561816991917018
1997-11-28,-0.656227537528443,-0.656227537528443,-0.656227537528443,-0.656227537528443,-0.656227537528443,-0.656227537528443,-0.656227537528443,-0.656227537528443,-0.656227537528443,-0.656227537528443,-0.656227537528443,-0.656227537528443,-0.656227537528443,-0.656227537528443,-0.656227537528443
1997-11-29,-0.6882943024210034,-0.6882943024210034,-0.6882943024210034,-0.6882943024210034,-0.6882943024210034,-0.6882943024210034,-0.6882943024210034,-0.6882943024210034,-0.6882943024210034,-0.6882943024210034,-0.6882943024210034,-0.6882943024210034,-0.6882943024210034,-0.6882943024210034,-0.6882943024210034
1997-11-30,-0.794919794518747,-0.794919794518747,-0.794919794518747,-0.794919794518747,-0.794919794518747,-0.794919794518747,-0.794919794518747,-0.794919794518747,-0.794919794518747,-0.794919794518747,-0.794919794518747,-0.794919794518747,-0.794919794518747,-0.794919794518747,-0.794919794518747
1997-12-01,-0.987298950231428,-0.987298950231428,-0.987298950231428,-0.987298950231428,-0.987298950231428,-0.987298950231428,-0.987298950231428,-0.987298950231428,-0.987298950231428,-0.987298950231428,-0.987298950231428,-0.987298950231428,-0.987298950231428,-0.987298950231428,-0.987298950231428
1997-12-02,-0.7557904574481338,-0.7557904574481338,-0.7557904574481338,-0.7557904574481338,-0.7557904574481338,-0.7557904574481338,-0.7557904574481338,-0.7557904574481338,-0.7557904574481338,-0.7557904574481338,-0.7557904574481338,-0.7557904574481338,-0.7557904574481338,-0.7557904574481338,-0.7557904574481338
1997-12-03,-0.541388371508445,-0.541388371508445,-0.541388371508445,-0.541388371508445,-0.541388371508445,-0.541388371508445,-0.541388371508445,-0.541388371508445,-0.541388371508445,-0.541388371508445,-0.541388371508445,-0.541388371508445,-0.541388371508445,-0.541388371508445,-0.541388371508445
1997-12-04,-0.2855954060552408,-0.2855954060552408,-0.2855954060552408,-0.2855954060552408,-0.2855954060552408,-0.2855954060552408,-0.2855954060552408,-0.2855954060552408,-0.2855954060552408,-0.2855954060552408,-0.2855954060552408,-0.2855954060552408,-0.2855954060552408,-0.2855954060552408,-0.2855954060552408
1997-12-05,-0.42486404987880544,-0.42486404987880544,-0.42486404987880544,-0.42486404987880544,-0.42486404987880544,-0.42486404987880544,-0.42486404987880544,-0.42486404987880544,-0.42486404987880544,-0.42486404987880544,-0.42486404987880544,-0.42486404987880544,-0.42486404987880544,-0.42486404987880544,-0.42486404987880544
1997-12-06,-0.39668147158511985,-0.39668147158511985,-0.39668147158511985,-0.39668147158511985,-0.39668147158511985,-0.39668147158511985,-0.39668147158511985,-0.39668147158511985,-0.39668147158511985,-0.39668147158511985,-0.39668147158511985,-0.39668147158511985,-0.39668147158511985,-0.39668147158511985,-0.39668147158511985
1997-12-07,-0.31322821090027775,-0.31322821090027775,-0.31322821090027775,-0.31322821090027775,-0.31322821090027775,-0.31322821090027775,-0.31322821090027775,-0.31322821090027775,-0.31322821090027775,-0.31322821090027775,-0.31322821090027775,-0.31322821090027775,-0.31322821090027775,-0.31322821090027775,-0.31322821090027775
1997-12-08,-0.1680919116069859,-0.1680919116069859,-0.1680919116069859,-0.1680919116069859,-0.1680919116069859,-0.1680919116069859,-0.1680919116069859,-0.1680919116069859,-0.1680919116069859,-0.1680919116069859,-0.1680919116069859,-0.1680919116069859,-0.1680919116069859,-0.1680919116069859,-0.1680919116069859
1997-12-09,-0.25120176929577265,-0.25120176929577265,-0.25120176929577265,-0.25120176929577265,-0.25120176929577265,-0.25120176929577265,-0.25120176929577265,-0.25120176929577265,-0.25120176929577265,-0.25120176929577265,-0.25120176929577265,-0.25120176929577265,-0.25120176929577265,-0.25120176929577265,-0.25120176929577265
1997-12-10,-0.49874148353421677,-0.49874148353421677,-0.49874148353421677,-0.49874148353421677,-0.49874148353421677,-0.49874148353421677,-0.49874148353421677,-0.49874148353421677,-0.49874148353421677,-0.49874148353421677,-0.49874148353421677,-0.49874148353421677,-0.49874148353421677,-0.49874148353421677,-0.49874148353421677
1997-12-11,-0.32014759564459716,-0.32014759564459716,-0.32014759564459716,-0.32014759564459716,-0.32014759564459716,-0.32014759564459716,-0.32014759564459716,-0.32014759564459716,-0.32014759564459716,-0.32014759564459716,-0.32014759564459716,-0.32014759564459716,-0.32014759564459716,-0.32014759564459716,-0.32014759564459716
1997-12-12,-0.4293352492858317,-0.4293352492858317,-0.4293352492858317,-0.4293352492858317,-0.4293352492858317,-0.4293352492858317,-0.4293352492858317,-0.4293352492858317,-0.4293352492858317,-0.4293352492858317,-0.4293352492858317,-0.4293352492858317,-0.4293352492858317,-0.4293352492858317,-0.4293352492858317
1997-12-13,-0.48621457220167585,-0.48621457220167585,-0.48621457220167585,-0.48621457220167585,-0.48621457220167585,-0.48621457220167585,-0.48621457220167585,-0.48621457220167585,-0.48621457220167585,-0.48621457220167585,-0.48621457220167585,-0.48621457220167585,-0.48621457220167585,-0.48621457220167585,-0.48621457220167585
1997-12-14,-0.4652212219758431,-0.4652212219758431,-0.4652212219758431,-0.4652212219758431,-0.4652212219758431,-0.4652212219758431,-0.4652212219758431,-0.4652212219758431,-0.4652212219758431,-0.4652212219758431,-0.4652212219758431,-0.4652212219758431,-0.4652212219758431,-0.4652212219758431,-0.4652212219758431
1997-12-15,-0.08771251194366571,-0.08771251194366571,-0.08771251194366571,-0.08771251194366571,-0.08771251194366571,-0.08771251194366571,-0.08771251194366571,-0.08771251194366571,-0.08771251194366571,-0.08771251194366571,-0.08771251194366571,-0.08771251194366571,-0.08771251194366571,-0.08771251194366571,-0.08771251194366571
1997-12-16,0.04864953796294882,0.04864953796294882,0.04864953796294882,0.04864953796294882,0.04864953796294882,0.04864953796294882,0.04864953796294882,0.04864953796294882,0.04864953796294882,0.04864953796294882,0.04864953796294882,0.04864953796294882,0.04864953796294882,0.04864953796294882,0.04864953796294882
1997-12-17,0.2834291013702085,0.2834291013702085,0.2834291013702085,0.2834291013702085,0.2834291013702085,0.2834291013702085,0.2834291013702085,0.2834291013702085,0.2834291013702085,0.2834291013702085,0.2834291013702085,0.2834291013702085,0.2834291013702085,0.2834291013702085,0.2834291013702085
1997-12-18,0.5555732641883329,0.5555732641883329,0.5555732641883329,0.5555732641883329,0.5555732641883329,0.5555732641883329,0.5555732641883329,0.5555732641883329,0.5555732641883329,0.5555732641883329,0.5555732641883329,0.5555732641883329,0.5555732641883329,0.5555732641883329,0.5555732641883329
1997-12-19,0.815707586588988,0.815707586588988,0.815707586588988,0.815707586588988,0.815707586588988,0.815707586588988,0.815707586588988,0.815707586588988,0.815707586588988,0.815707586588988,0.815707586588988,0.815707586588988,0.815707586588988,0.815707586588988,0.815707586588988
1997-12-20,1.1528811586299692,1.1528811586299692,1.1528811586299692,1.1528811586299692,1.1528811586299692,1.1528811586299692,1.1528811586299692,1.1528811586299692,1.1528811586299692,1.1528811586299692,1.1528811586299692,1.1528811586299692,1.1528811586299692,1.1528811586299692,1.1528811586299692
1997-12-21,1.3192596894748378,1.3192596894748378,1.3192596894748378,1.3192596894748378,1.3192596894748378,1.3192596894748378,1.3192596894748378,1.3192596894748378,1.3192596894748378,1.3192596894748378,1.3192596894748378,1.3192596894748378,1.3192596894748378,1.3192596894748378,1.3192596894748378
1997-12-22,1.4769330228865296,1.4769330228865296,1.4769330228865296,1.4769330228865296,1.4769330228865296,1.4769330228865296,1.4769330228865296,1.4769330228865296,1.4769330228865296,1.4769330228865296,1.4769330228865296,1.4769330228865296,1.4769330228865296,1.4769330228865296,1.4769330228865296
1997-12-23,1.4877684334381125,1.4877684334381125,1.4877684334381125,1.4877684334381125,1.4877684334381125,1.4877684334381125,1.4877684334381125,1.4877684334381125,1.4877684334381125,1.4877684334381125,1.4877684334381125,1.4877684334381125,1.4877684334381125,1.4877684334381125,1.4877684334381125
1997-12-24,1.4252945360555118,1.4252945360555118,1.4252945360555118,1.4252945360555118,1.4252945360555118,1.4252945360555118,1.4252945360555118,1.4252945360555118,1.4252945360555118,1.4252945360555118,1.4252945360555118,1.4252945360555118,1.4252945360555118,1.4252945360555118,1.4252945360555118
1997-12-25,1.286403865843869,1.286403865843869,1.286403865843869,1.286403865843869,1.286403865843869,1.286403865843869,1.286403865843869,1.286403865843869,1.286403865843869,1.286403865843869,1.286403865843869,1.286403865843869,1.286403865843869,1.286403865843869,1.286403865843869
1997-12-26,1.030490884554583,1.030490884554583,1.030490884554583,1.030490884554583,1.030490884554583,1.030490884554583,1.030490884554583,1.030490884554583,1.030490884554583,1.030490884554583,1.030490884554583,1.030490884554583,1.030490884554583,1.030490884554583,1.030490884554583
1997-12-27,0.8074145094359444,0.8074145094359444,0.8074145094359444,0.8074145094359444,0.8074145094359444,0.8074145094359444,0.8074145094359444,0.8074145094359444,0.8074145094359444,0.8074145094359444,0.8074145094359444,0.8074145094359444,0.8074145094359444,0.8074145094359444,0.8074145094359444
1997-12-28,0.8972578900159128,0.8972578900159128,0.8972578900159128,0.8972578900159128,0.8972578900159128,0.8972578900159128,0.8972578900159128,0.8972578900159128,0.8972578900159128,0.8972578900159128,0.8972578900159128,0.8972578900159128,0.8972578900159128,0.8972578900159128,0.8972578900159128
1997-12-29,0.7186550144314893,0.7186550144314893,0.7186550144314893,0.7186550144314893,0.7186550144314893,0.7186550144314893,0.7186550144314893,0.7186550144314893,0.7186550144314893,0.7186550144314893,0.7186550144314893,0.7186550144314893,0.7186550144314893,0.7186550144314893,0.7186550144314893
1997-12-30,0.6712093213393588,0.6712093213393588,0.6712093213393588,0.6712093213393588,0.6712093213393588,0.6712093213393588,0.6712093213393588,0.6712093213393588,0.6712093213393588,0.6712093213393588,0.6712093213393588,0.6712093213393588,0.6712093213393588,0.6712093213393588,0.6712093213393588
1997-12-31,0.8239132083087631,0.8239132083087631,0.8239132083087631,0.8239132083087631,0.8239132083087631,0.8239132083087631,0.8239132083087631,0.8239132083087631,0.8239132083087631,0.8239132083087631,0.8239132083087631,0.8239132083087631,0.8239132083087631,0.8239132083087631,0.8239132083087631
1998-01-01,0.6572120861070359,0.7306130632779011,0.7183957930131247,0.6982232522352836,0.7377885836416911,0.728532721937014,0.7201399432228534,0.6952537143800019,0.7403513391881198,0.704421920637814,0.7359782278569281,0.6798662443461634,0.74001576586534,0.7610114380084069,0.6746704098183158
1998-01-02,0.8759371819445727,1.0224182619418125,0.793037800820206,0.9834623868184387,0.9706780560367211,1.1189617318278104,0.9329516777555243,0.8313447607014173,0.8778335256396025,0.9321753712301323,0.7815681698945718,0.9619144614698327,0.9298913878321914,0.7952408951247645,0.835676780904846
1998-01-03,0.42307659518650087,0.4625834755512248,0.3810460836276113,0.3943439181817906,0.44298925365126285,0.6243483181300246,0.6113350408881458,0.4008190081311774,0.4483757436912709,0.3510467704639544,0.1799849152029288,0.417089205595289,0.34934794101565947,0.33006658339585704,0.2247640252386577
1998-01-04,0.04774677300309611,0.08624631699749617,-0.15497817358341887,-0.021123805953910613,0.2074475469417731,0.142826963416157,0.3010627971502721,0.06121641511818747,0.1357298808654483,-0.09561975657576181,-0.26931694631645253,0.07568827001128339,-0.11216478741533409,0.07056640132140522,-0.04619432245867492
1998-01-05,-0.2427254813770714,-0.1990771554683675,-0.4530168660882587,-0.47391854871614253,-0.12415562735497718,-0.17943951904580577,0.11933128295827036,-0.20170296298806842,-0.3412816582342485,-0.2634991111989411,-0.5673852133803629,-0.10129654092762157,-0.5424859871637281,-0.25853542843270555,-0.25411567728309753
1998-01-06,-0.3313359177070581,-0.15595748766640907,-0.5589610183993814,-0.7207339201893144,-0.0444318643436308,-0.21479258760646044,0.12414607507133706,-0.2764978235201655,-0.5966624492102841,-0.5042700080429751,-0.5346013166059143,-0.21218498324653942,-1.0835529660336685,-0.3462743255320082,-0.2659743071823055
1998-01-07,-0.33729035084750486,-0.3077659757127077,-0.6208377543757366,-1.1034959695160576,-0.12897592852674544,-0.6651506908745259,0.020002572028226168,-0.37659630291264495,-0.8748230494647671,-0.7743836956503123,-0.7020638740964968,-0.5575508396552614,-1.437628741375268,-0.5133311765169217,-0.22699073578482148
1998-01-08,-0.5066755806180732,-0.7840229867959987,-0.763751742007784,-1.1995271545929531,-0.5149593606858353,-0.7019858828339306,-0.17801526716860988,-0.26560657774685026,-1.0854226868692598,-0.9670165807272292,-1.0714043551132846,-0.6960863404019548,-1.56113607928226,-1.1251792598981696,-0.3781882129846976
1998-01-09,-0.666243276105958,-0.9305806257934001,-0.8048065809512975,-1.358654407326032,-1.141669726891098,-0.801924265885874,-0.2158177142669423,-0.6112123649834111,-1.1543049942685382,-0.9229900517017755,-1.263482338282694,-0.8463952223248515,-1.6074208127060448,-1.323410067885928,-0.5664705309757101
1998-01-10,-0.8435505557757564,-0.9843194169124669,-0.9674930198493265,-1.4655019933705196,-1.2197159226676602,-0.9429421645158141,-0.12558674384096216,-1.02341591103164,-0.9381821961508994,-0.9566550385231711,-1.3841948971235747,-1.0704732570779683,-1.4458022614318564,-1.5515168726363109,-0.5706808058731689
1998-01-11,-0.9825979144581505,-1.128732491418945,-1.20583510468258,-1.1899520454347832,-1.4182849135139455,-1.0135577035692216,0.08225855504870394,-1.1797341382104958,-1.127988612896814,-0.8408520124038746,-1.4097963368807105,-1.3322982288231666,-0.9837716847352407,-1.37130380972801,-0.7128641596613586
1998-01-12,-1.0538257504142636,-1.2919659895514106,-1.5656313281367944,-1.0492202052194841,-1.6808120161293227,-0.8401589574491902,0.1998094983752596,-1.005005360898415,-1.3505776965593783,-0.901810531826288,-1.2348580628911727,-1.4717850047992092,-0.7006598471528586,-1.5599272891081783,-0.9589514534250008
1998-01-13,-0.9355985842591236,-1.1640768610535597,-1.5528017543334347,-0.820925801771004,-1.7913906535768642,-0.7479740123819697,0.3664822186864891,-1.1764687862109515,-1.5680780130699319,-0.7551235643656001,-0.911624821983091,-1.2572525784750361,-0.7941859554291445,-1.6609858047597796,-1.0317339153822143
1998-01-14,-0.8945753714836451,-0.9301091160020948,-1.7030908494478354,-0.5815054296278829,-1.7321337989844097,-0.5906854062204663,0.33389614005835355,-1.1251533579036643,-1.5909759753659278,-0.5647392115013089,-0.9734199936837828,-1.0512711715957637,-0.5996814177711818,-1.7044771485119623,-1.1640529334410301
1998-01-15,-0.7791034254055242,-0.8696544251931453,-1.6156847877973122,-0.3568258642675128,-1.634139591421663,-0.44632350035315377,0.5626285559291191,-0.9620118155859622,-1.2478857876978595,-0.3325792591513553,-1.1817236272667264,-1.1142298405654094,-0.3508466995082679,-1.3632388034591605,-1.0439218683861953
1998-01-16,-0.8002652045749166,-0.5503136552914294,-1.3085987102439551,-0.1367076470230748,-1.481562481012199,-0.1837823552919502,0.5236290098851087,-0.8310681724421881,-1.3954410116841542,-0.12921449984600203,-1.328213746226022,-0.990318515290873,-0.015096941212570584,-1.1992582035084765,-1.0950210888036769
1998-01-17,-0.6742196298185635,-0.4574611543032856,-0.876240231966425,-0.08558299620061423,-1.2682999599241196,-0.23046444638620142,0.38716818120968477,-0.6255551106869787,-1.895831407904025,-0.13768491764260707,-1.7323261409830675,-0.7555376836306585,0.38328340053014337,-1.3008891642318718,-1.510188312400762
1998-01-18,-0.6355813308150932,-0.6053709424452414,-0.7867636540623716,-0.012872257809036822,-1.0922250817820203,-0.24915737595444284,0.13611252503091284,-0.61616121011098,-2.222525453733446,-0.23327017628975533,-1.985413869885369,-0.36376188427150946,0.5533804601987351,-0.9530934091673507,-1.97447782232023
1998-01-19,-0.7387948018052414,-0.9108564126484765,-0.6004123673806139,-0.11697489532413509,-0.8630974631853404,-0.260012233787621,-0.1275030513130048,-0.6397081460779758,-1.8485003978419774,-0.2513936108207821,-1.86857650013136,-0.22382841365947992,0.8935158007207071,-0.7675784389802884,-2.098793363877827
1998-01-20,-0.6934251262015411,-1.049073698991644,-0.6095161029041072,-0.13144696269745496,-0.5586241380120364,-0.23257378522211414,-0.2679669140776181,-1.0226175529489263,-1.8567031508243068,-0.6763659152884973,-1.883004393578634,-0.4884177302566177,1.0988364054348632,-0.7723352678378198,-2.244924798825606
1998-01-21,-0.7416688169292777,-1.2971742301123774,-0.8593616841760984,-0.2802500262582119,-0.44457254769992927,-0.40425730686352374,-0.6171979411691326,-1.4848707130516003,-1.8279059382907055,-1.006792008206122,-2.0281764518156087,-0.7141194025032968,0.7247569768211906,-0.8092186695227973,-2.1544107687554863
1998-01-22,-0.8967574307460032,-1.5452582276829314,-1.513039435200936,-0.3612717905663997,-0.23084420675652087,-0.4835452407244509,-1.0210854054945693,-1.8067965083667334,-1.3718566475027727,-1.1559174393117184,-1.8108361521066942,-0.5697596986365744,0.31324702636924395,-0.9578761106185719,-1.8211396625856875
1998-01-23,-0.9755108641164068,-2.017054062723094,-2.1276134347979383,-0.23259038088500092,-0.3635354551269149,-0.6585533325643849,-1.1443158500643327,-2.1067543815575385,-1.0168649097328513,-0.8522412867098579,-1.6505739193358013,-0.5972343011128024,0.04056426253861855,-0.6874979434931758,-1.4416277058172877
1998-01-24,-0.8051522659479855,-1.9886560529956772,-2.812716600610295,-0.12820158140128063,-0.2739149365806029,-1.0701713675296451,-1.2119884542116988,-2.3684816240428397,-1.024545660211931,-0.6223528324512114,-1.7443357423471095,-0.6288756335870246,-0.5772703834884074,-0.4357255156138352,-1.3189484887516627
1998-01-25,-0.49132388370634533,-1.6693108810821513,-2.9411050480907903,-0.8067889998508743,0.042721534088432864,-1.375512482013347,-1.5561213944300454,-2.0248366335482157,-1.2852061496265668,-0.7142267301348169,-1.4152223784600364,-0.7882770572308447,-0.7744962481102203,-0.25271926741812795,-0.953573043159981
1998-01-26,-0.006881108719262917,-1.5351757925294693,-3.0662978300890864,-1.1721649005711878,0.6824823684575424,-1.607025392367705,-2.008069915377409,-1.7946988144321643,-1.1852323115957069,-0.683590406823591,-1.1407770944461921,-0.8712529719759237,-0.7174828745665125,-0.05248623309356009,-0.746687556644276
1998-01-27,0.3277187365784808,-1.493633628487932,-2.705554974393112,-1.061733988774894,0.9188593453025012,-1.514918434388877,-1.9845198851837274,-1.744495207329054,-0.9654647924588641,-0.2769452578454048,-0.6140879747712173,-0.7831749748376191,-0.7164116543640344,-0.0045747370187022,-0.6824769654506582
1998-01-28,0.725857306259082,-1.224628090339376,-2.5227733762315103,-0.9755198543832928,1.074069121732049,-1.5561080077924687,-1.6090688083680271,-1.5020561775536838,-0.747777253544151,0.11017283209125463,-0.11040936918765046,-0.6425190016565597,-0.9300711068770756,0.37848639967018727,-0.7200080949247931
1998-01-29,0.8641486191687039,-0.9565217006138408,-1.8977799584459039,-0.9546351206807944,1.1038515899473333,-1.248142171175045,-1.4279564766792576,-0.9469980263087672,-0.6922556124685715,0.17099211511284185,0.42270748811323283,-0.8316898782701974,-1.0037439428650428,0.6048242075799211,-0.9104411808193871
1998-01-30,0.7793494102604501,-0.7940546608277657,-1.1312105946188293,-0.8791451015258864,1.1276100718894686,-1.0704836498956407,-1.2548455300680939,-0.36870145341423405,-0.5007956963056306,0.13450143122407973,0.8798468851079262,-0.9893909430404942,-0.9919828746677214,0.6209065919268695,-1.009149420156704
1998-01-31,0.3997417953692759,-0.846473254638792,-0.3112386389276648,-1.0153881595922951,1.1132961733142948,-0.9368567198487884,-0.7787426308710342,0.08954688993739336,-0.1601030226236906,0.23052970294564576,1.4137702412989712,-0.9643622472026786,-0.5733209642650187,1.114529013283401,-1.1450409387322449
1998-02-01,0.36528181762640877,-0.4886358390199385,0.32361132538400894,-0.9596427719807219,0.6847456577273491,-0.7171965798733462,-0.06461336520967007,0.6733808236493407,0.29950411108438585,0.3331930420449365,2.0670628317984097,-0.7604586634964637,-0.45461923994076203,1.2810227946347914,-1.1130363341362886
1998-02-02,0.18963371053475475,-0.5281732639406242,0.6453125661368986,-0.9153348484503565,0.1807091888171274,-0.3228400518859287,0.4629081605791378,0.8581879710686793,0.5830088297732321,0.6067874092071934,2.121595968489127,-0.42182727351718596,-0.33538152463769333,0.984417689155195,-0.5931085657277587
1998-02-03,-0.036532379419718146,-0.9819116573147966,1.094880706167479,-1.2804506170375602,0.17260450739439623,-0.2934797554109636,0.5782271381611704,0.8912024300203656,0.90020977959922,0.8610484939067515,1.9875070703775333,-0.2711777397835201,-0.39278611561875326,0.5037706195991877,-0.17223623686897335
1998-02-04,-0.4183812182720241,-0.9560850470270079,1.1549200137473323,-1.249742860887711,0.27736628927166246,-0.4095595901660904,0.5478443446554732,1.015760518056962,1.677509356251892,0.7954020834633151,1.73485295588558,0.33948052861264955,-0.9734006291990227,-0.08534198085500459,0.4795340615591768
1998-02-05,-0.7386832438403337,-1.1058353038673883,1.1674308408711553,-1.2527632471947092,0.17273125613252624,-0.5657723027105968,0.6226276047633705,0.9970375885126234,1.9655729361125942,0.3288538028401441,1.3376851369450085,0.8806381090964528,-1.0459805685997674,0.04964117438981904,1.036759272648554
1998-02-06,-0.980899306170066,-0.9495655217153085,0.796810305604006,-1.2262897432558582,0.44645495726131984,-0.6853086011085339,0.8000398562598374,0.9251261494255824,2.1146693682585496,0.5009153400925412,1.0966913641658438,1.0891691582268055,-0.9583370657973733,-0.2506344288681034,1.1515360897164486
1998-02-07,-1.4072750794364834,-0.9676920834753857,0.9161508393316963,-1.0888456144849514,0.7461571863736223,-0.618706837911734,1.0520477587733217,0.65227568108192,1.6798249503011218,0.8178299957209726,0.8724918721633353,1.0292380560539456,-0.8403435951257086,-0.5930827397356555,1.3174583341825918
1998-02-08,-1.723382782834578,-0.6945869003003761,0.427842430061077,-0.8384386557005791,0.8072285907684432,-0.46055499096599684,1.333405212676016,0.6427878992090003,1.6417253490983752,1.0016312132033778,0.3125821331014297,0.8999895535862992,-0.563584252304217,-0.4966984681526178,1.726144234852876
1998-02-09,-2.040690483196457,-0.5137413943371731,0.4583744937394346,-0.5260412555147389,0.9070779036817842,-0.10280907237477505,1.4048796002975787,0.5622510072780199,1.6367539110678782,0.9260259463172077,-0.1351302181456873,0.6950829342444277,-0.1755817119202455,-0.6645473672128515,2.124099499421715
1998-02-10,-2.414562065638081,0.17712750289783194,0.20249111927726868,-0.253117938256724,0.7210951081339873,0.12297383009287399,1.4924601856919917,0.4640922465562976,1.7336106148768666,1.0605149887664076,-0.4224390176177015,0.8305850593683006,0.14437944261339491,-0.7433017956166604,2.295197216435536
1998-02-11,-2.852355785255918,0.5781331249385294,0.246664121568663,0.041723390068303376,0.4900271658046531,0.1664044886563918,1.4299832563673205,0.2566468686564029,1.5621932604257829,1.1017041388903122,-0.3837598989429853,0.5638122229553687,0.40531860303255274,-0.8731689560669322,1.997525077695704
1998-02-12,-3.1259848279619535,0.8925834647853143,0.4941573684191117,0.27228387398091725,0.07635624470331559,-0.04099158212055861,1.1348316212406495,-0.17890608843582992,1.6986320006290425,0.9433501120689164,-0.5286110547451085,0.23983928969773258,0.5416555053435838,-1.221739684958851,2.0788924005714766
1998-02-13,-3.1813353311718267,1.289355228889424,0.3915566695094761,0.3650388855806676,-0.3369424036689597,-0.22154235714449358,1.1756492439542119,-0.43819492198265186,1.4973424605529406,0.9179784361820967,-0.5454199807596141,0.2548717208758528,0.27799465972828796,-1.2947249714386329,2.2631617030777056
1998-02-14,-3.123538824284026,1.2642933830338314,-0.06174229824733293,0.616625065879419,-0.7476913301466538,-0.40849363515604653,1.1454671651900976,-0.05591771647221384,1.1236772283834056,0.9273776245583251,-0.9639731424816559,0.3309676009483917,0.12592481934689678,-1.5195106787739137,2.284628434974206
1998-02-15,-3.018310928792117,1.251350589946814,-0.26327376725810253,0.4093008174004711,-1.056526001076697,-0.6842779623532761,0.9596329642547438,0.12125171913735389,0.9417616680816104,0.5065984063768123,-0.8925770803222447,0.5460311444944004,0.22428161406572591,-1.2474918310516565,2.067788797158064
1998-02-16,-2.942663832448156,0.987891885225957,-0.07501655615264284,0.27367373242449416,-1.2521780945749739,-0.9140472639783085,0.6434292369614178,0.09940594601531469,0.884836244822623,0.43374380377210753,-0.6469234871626368,0.8887025904304413,0.5874526797453846,-1.0720038986847327,1.7717999285682184
1998-02-17,-2.7841614781733237,0.8511863862146598,-0.14432954011389737,0.169863831641885,-1.5017587492670676,-1.0778213457970807,0.35133396105826703,-0.004272387655361481,0.20564595978874403,0.30751228300319966,-0.14966381269006543,1.0317831755774003,0.8390554704171818,-0.7946822036990708,1.3287996972389962
1998-02-18,-2.3152227161196564,0.5304630441937327,-0.23271825666357296,-0.14992419652332198,-1.4161984203665539,-1.2389913239763706,0.0029611682629356166,-0.08882642290606106,0.16087878352283075,0.5942520954950659,0.3370513123956344,0.761217614260057,0.9156105096119753,-0.7271746808686034,0.6891599246722271
1998-02-19,-1.768094786853117,0.5053806045540616,-0.03285382972530753,0.14779143619681917,-1.4918160336410151,-1.51682846425472,-0.2416693679115694,-0.14148671121868572,0.29322798131632977,0.39211651080060445,0.42015326995879937,0.530525653974214,1.3386853828053218,-0.8309458597202727,0.08648602539191957
1998-02-20,-1.2852707777219392,0.3943262821395118,0.41937777580161173,0.6170881325242518,-1.3118047538554622,-1.8750725946767681,-0.36368288357012757,-0.005505606461540363,0.12345210342082207,0.3996905817654052,0.3269799078718391,0.27478379968173383,1.3078861647304552,-0.7058914163603153,0.19337432038476238
1998-02-21,-0.5486614814630572,0.07794167270290046,0.5230957116712088,1.136031546359082,-1.4383003816777782,-1.9856060642167537,-0.5602344297075845,-0.16126721747456915,-0.21599630194619635,0.5623869517646345,0.5968736188888835,-0.3267812378623796,1.0824832016756007,-0.6256897315734997,0.21507074513530305
1998-02-22,-0.03845591112473942,-0.6701698929830967,0.756995600841973,1.2052549364688634,-1.2211270562397627,-1.7740164969348033,-0.5688219925498733,-0.56085485704481,-0.5941358539087863,0.22493426569573602,0.6725464371653077,-0.8650996127249563,1.2437369268119183,-0.5062044523234873,0.21645880317474453
1998-02-23,0.4461568405308203,-0.729253946810833,1.0746443550311167,1.1144214243491612,-0.7027845762094665,-1.5755786974620964,-0.43884518590516386,-0.5830123539828684,-0.6386147468696473,0.24966320970616038,0.598284313443905,-0.7815102129897772,1.0773356933711975,-0.5201966286067045,0.3108382795221875
1998-02-24,0.6117717447402624,-0.8291819929084467,1.4551594670463235,1.0650350146643002,-0.5135750506643963,-1.4598180688204072,-0.4862356505451755,-0.26486303079549756,-0.6670882285297431,0.1792581309424603,0.5045406281281847,-0.9795968982626108,0.8206966570829701,-0.5168402329432653,0.2610918800484258
1998-02-25,0.8808207865254017,-1.0803431489828317,1.6830384920037116,0.9770805685905912,-0.26683592035959874,-1.3215596731720813,0.018197910283396995,-0.3340783592463366,-0.7859869497582631,0.33957465668291587,0.9468849903001976,-1.1185368000689584,0.3785608216250874,-0.09110871796272238,0.18889313492381166
1998-02-26,1.2846586177614707,-1.2873911184159135,1.6519326909000056,1.1657642729359767,0.3407066148216943,-1.2025320145562992,0.3696446032846445,-0.14129614847480532,-0.8997188558604207,-0.010843115306224038,0.7515875199651397,-1.7060690626556603,0.28527551332170203,0.33415093429716464,0.3909877599564174
1998-02-27,1.6094222522146653,-1.374858289752461,1.7797340393836025,1.3457740492629848,0.5186880133391629,-1.3656766138270342,0.5308904663068034,-0.1516884263083888,-0.5402744698129129,-0.2601247155188448,0.220464239512309,-1.5107436484298316,0.3207947892669123,0.598437390299977,0.0070576711821591425
1998-02-28,1.7778186001434524,-1.5315666513426391,1.6142991822041974,1.102900982977443,0.2646462117383782,-1.4767195134996123,0.43967955983654594,-0.0903043222905599,0.0027023627256135756,-0.5510342349127129,-0.2338455171027731,-1.5236632820363556,0.3777709453424995,0.47041824328951237,-0.4172430959016994
1998-03-01,1.8648666562537142,-1.6450099091356412,1.3763516860185765,0.6857087601393876,0.2250837012377536,-1.2119606056697547,0.3203919060876256,0.1649192003202713,0.7224988906358416,-0.6821124556379975,-0.15202906669664,-1.3561526765123941,0.7528951967801296,0.26783204456216925,-0.9616739563155318
1998-03-02,1.9881990137707295,-1.6019220374530583,1.1875693505142442,0.634447049442587,0.6782805509853627,-1.0179798664819724,0.20037231587663334,-0.029490813420281214,0.771875842977134,-0.993173138678684,-0.11921222128820519,-1.2691836699200565,1.0709412388580966,0.06113803312493185,-1.2357690292101486
