,1,2,3,4,5,6,7,8,9,10,11,12,13,14,15
1998-09-03,-0.17300318028851117,-0.17300318028851117,-0.17300318028851117,-0.17300318028851117,-0.17300318028851117,-0.17300318028851117,-0.17300318028851117,-0.17300318028851117,-0.17300318028851117,-0.17300318028851117,-0.17300318028851117,-0.17300318028851117,-0.17300318028851117,-0.17300318028851117,-0.17300318028851117
1998-09-04,-0.16916357287192346,-0.16916357287192346,-0.16916357287192346,-0.16916357287192346,-0.16916357287192346,-0.16916357287192346,-0.16916357287192346,-0.16916357287192346,-0.16916357287192346,-0.16916357287192346,-0.16916357287192346,-0.16916357287192346,-0.16916357287192346,-0.16916357287192346,-0.16916357287192346
1998-09-05,0.15223725334683477,0.15223725334683477,0.15223725334683477,0.15223725334683477,0.15223725334683477,0.15223725334683477,0.15223725334683477,0.15223725334683477,0.15223725334683477,0.15223725334683477,0.15223725334683477,0.15223725334683477,0.15223725334683477,0.15223725334683477,0.15223725334683477
1998-09-06,0.07650450273668741,0.07650450273668741,0.07650450273668741,0.07650450273668741,0.07650450273668741,0.07650450273668741,0.07650450273668741,0.07650450273668741,0.07650450273668741,0.07650450273668741,0.07650450273668741,0.07650450273668741,0.07650450273668741,0.07650450273668741,0.07650450273668741
1998-09-07,-0.2888346294741869,-0.2888346294741869,-0.2888346294741869,-0.2888346294741869,-0.2888346294741869,-0.2888346294741869,-0.2888346294741869,-0.2888346294741869,-0.2888346294741869,-0.2888346294741869,-0.2888346294741869,-0.2888346294741869,-0.2888346294741869,-0.2888346294741869,-0.2888346294741869
1998-09-08,-0.5941430264969727,-0.5941430264969727,-0.5941430264969727,-0.5941430264969727,-0.5941430264969727,-0.5941430264969727,-0.5941430264969727,-0.5941430264969727,-0.5941430264969727,-0.5941430264969727,-0.5941430264969727,-0.5941430264969727,-0.5941430264969727,-0.5941430264969727,-0.5941430264969727
1998-09-09,-0.5080560192167871,-0.5080560192167871,-0.5080560192167871,-0.5080560192167871,-0.5080560192167871,-0.5080560192167871,-0.5080560192167871,-0.5080560192167871,-0.5080560192167871,-0.5080560192167871,-0.5080560192167871,-0.5080560192167871,-0.5080560192167871,-0.5080560192167871,-0.5080560192167871
1998-09-10,-0.6587244119372101,-0.6587244119372101,-0.6587244119372101,-0.6587244119372101,-0.6587244119372101,-0.6587244119372101,-0.6587244119372101,-0.6587244119372101,-0.6587244119372101,-0.6587244119372101,-0.6587244119372101,-0.6587244119372101,-0.6587244119372101,-0.6587244119372101,-0.6587244119372101
1998-09-11,-0.953442999208629,-0.953442999208629,-0.953442999208629,-0.953442999208629,-0.953442999208629,-0.953442999208629,-0.953442999208629,-0.953442999208629,-0.953442999208629,-0.953442999208629,-0.953442999208629,-0.953442999208629,-0.953442999208629,-0.953442999208629,-0.953442999208629
1998-09-12,-1.2625420525126942,-1.2625420525126942,-1.2625420525126942,-1.2625420525126942,-1.2625420525126942,-1.2625420525126942,-1.2625420525126942,-1.2625420525126942,-1.2625420525126942,-1.2625420525126942,-1.2625420525126942,-1.2625420525126942,-1.2625420525126942,-1.2625420525126942,-1.2625420525126942
1998-09-13,-1.1366408445740965,-1.1366408445740965,-1.1366408445740965,-1.1366408445740965,-1.1366408445740965,-1.1366408445740965,-1.1366408445740965,-1.1366408445740965,-1.1366408445740965,-1.1366408445740965,-1.1366408445740965,-1.1366408445740965,-1.1366408445740965,-1.1366408445740965,-1.1366408445740965
1998-09-14,-1.0293241598738976,-1.0293241598738976,-1.0293241598738976,-1.0293241598738976,-1.0293241598738976,-1.0293241598738976,-1.0293241598738976,-1.0293241598738976,-1.0293241598738976,-1.0293241598738976,-1.0293241598738976,-1.0293241598738976,-1.0293241598738976,-1.0293241598738976,-1.0293241598738976
1998-09-15,-1.1671174097956385,-1.1671174097956385,-1.1671174097956385,-1.1671174097956385,-1.1671174097956385,-1.1671174097956385,-1.1671174097956385,-1.1671174097956385,-1.1671174097956385,-1.1671174097956385,-1.1671174097956385,-1.1671174097956385,-1.1671174097956385,-1.1671174097956385,-1.1671174097956385
1998-09-16,-1.406867198808691,-1.406867198808691,-1.406867198808691,-1.406867198808691,-1.406867198808691,-1.406867198808691,-1.406867198808691,-1.406867198808691,-1.406867198808691,-1.406867198808691,-1.406867198808691,-1.406867198808691,-1.406867198808691,-1.406867198808691,-1.406867198808691
1998-09-17,-1.5397597045238869,-1.5397597045238869,-1.5397597045238869,-1.5397597045238869,-1.5397597045238869,-1.5397597045238869,-1.5397597045238869,-1.5397597045238869,-1.5397597045238869,-1.5397597045238869,-1.5397597045238869,-1.5397597045238869,-1.5397597045238869,-1.5397597045238869,-1.5397597045238869
1998-09-18,-1.470512159078471,-1.470512159078471,-1.470512159078471,-1.470512159078471,-1.470512159078471,-1.470512159078471,-1.470512159078471,-1.470512159078471,-1.470512159078471,-1.470512159078471,-1.470512159078471,-1.470512159078471,-1.470512159078471,-1.470512159078471,-1.470512159078471
1998-09-19,-1.505618448952749,-1.505618448952749,-1.505618448952749,-1.505618448952749,-1.505618448952749,-1.505618448952749,-1.505618448952749,-1.505618448952749,-1.505618448952749,-1.505618448952749,-1.505618448952749,-1.505618448952749,-1.505618448952749,-1.505618448952749,-1.505618448952749
1998-09-20,-1.361619044474496,-1.361619044474496,-1.361619044474496,-1.361619044474496,-1.361619044474496,-1.361619044474496,-1.361619044474496,-1.361619044474496,-1.361619044474496,-1.361619044474496,-1.361619044474496,-1.361619044474496,-1.361619044474496,-1.361619044474496,-1.361619044474496
1998-09-21,-1.1805938853174751,-1.1805938853174751,-1.1805938853174751,-1.1805938853174751,-1.1805938853174751,-1.1805938853174751,-1.1805938853174751,-1.1805938853174751,-1.1805938853174751,-1.1805938853174751,-1.1805938853174751,-1.1805938853174751,-1.1805938853174751,-1.1805938853174751,-1.1805938853174751
1998-09-22,-1.1302558315950517,-1.1302558315950517,-1.1302558315950517,-1.1302558315950517,-1.1302558315950517,-1.1302558315950517,-1.1302558315950517,-1.1302558315950517,-1.1302558315950517,-1.1302558315950517,-1.1302558315950517,-1.1302558315950517,-1.1302558315950517,-1.1302558315950517,-1.1302558315950517
1998-09-23,-1.0499594960857477,-1.0499594960857477,-1.0499594960857477,-1.0499594960857477,-1.0499594960857477,-1.0499594960857477,-1.0499594960857477,-1.0499594960857477,-1.0499594960857477,-1.0499594960857477,-1.0499594960857477,-1.0499594960857477,-1.0499594960857477,-1.0499594960857477,-1.0499594960857477
1998-09-24,-0.8850842508223697,-0.8850842508223697,-0.8850842508223697,-0.8850842508223697,-0.8850842508223697,-0.8850842508223697,-0.8850842508223697,-0.8850842508223697,-0.8850842508223697,-0.8850842508223697,-0.8850842508223697,-0.8850842508223697,-0.8850842508223697,-0.8850842508223697,-0.8850842508223697
1998-09-25,-1.0202662062302603,-1.0202662062302603,-1.0202662062302603,-1.0202662062302603,-1.0202662062302603,-1.0202662062302603,-1.0202662062302603,-1.0202662062302603,-1.0202662062302603,-1.0202662062302603,-1.0202662062302603,-1.0202662062302603,-1.0202662062302603,-1.0202662062302603,-1.0202662062302603
1998-09-26,-1.1218053018103695,-1.1218053018103695,-1.1218053018103695,-1.1218053018103695,-1.1218053018103695,-1.1218053018103695,-1.1218053018103695,-1.1218053018103695,-1.1218053018103695,-1.1218053018103695,-1.1218053018103695,-1.1218053018103695,-1.1218053018103695,-1.1218053018103695,-1.1218053018103695
1998-09-27,-0.9051410576387274,-0.9051410576387274,-0.9051410576387274,-0.9051410576387274,-0.9051410576387274,-0.9051410576387274,-0.9051410576387274,-0.9051410576387274,-0.9051410576387274,-0.9051410576387274,-0.9051410576387274,-0.9051410576387274,-0.9051410576387274,-0.9051410576387274,-0.9051410576387274
1998-09-28,-0.8216939845311885,-0.8216939845311885,-0.8216939845311885,-0.8216939845311885,-0.8216939845311885,-0.8216939845311885,-0.8216939845311885,-0.8216939845311885,-0.8216939845311885,-0.8216939845311885,-0.8216939845311885,-0.8216939845311885,-0.8216939845311885,-0.8216939845311885,-0.8216939845311885
1998-09-29,-0.7028581056696317,-0.7028581056696317,-0.7028581056696317,-0.7028581056696317,-0.7028581056696317,-0.7028581056696317,-0.7028581056696317,-0.7028581056696317,-0.7028581056696317,-0.7028581056696317,-0.7028581056696317,-0.7028581056696317,-0.7028581056696317,-0.7028581056696317,-0.7028581056696317
1998-09-30,-0.7539443176341851,-0.7539443176341851,-0.7539443176341851,-0.7539443176341851,-0.7539443176341851,-0.7539443176341851,-0.7539443176341851,-0.7539443176341851,-0.7539443176341851,-0.7539443176341851,-0.7539443176341851,-0.7539443176341851,-0.7539443176341851,-0.7539443176341851,-0.7539443176341851
1998-10-01,-0.8925705094769838,-0.8925705094769838,-0.8925705094769838,-0.8925705094769838,-0.8925705094769838,-0.8925705094769838,-0.8925705094769838,-0.8925705094769838,-0.8925705094769838,-0.8925705094769838,-0.8925705094769838,-0.8925705094769838,-0.8925705094769838,-0.8925705094769838,-0.8925705094769838
1998-10-02,-1.0015164261391727,-1.0015164261391727,-1.0015164261391727,-1.0015164261391727,-1.0015164261391727,-1.0015164261391727,-1.0015164261391727,-1.0015164261391727,-1.0015164261391727,-1.0015164261391727,-1.0015164261391727,-1.0015164261391727,-1.0015164261391727,-1.0015164261391727,-1.0015164261391727
1998-10-03,-0.7525435156290783,-0.7525435156290783,-0.7525435156290783,-0.7525435156290783,-0.7525435156290783,-0.7525435156290783,-0.7525435156290783,-0.7525435156290783,-0.7525435156290783,-0.7525435156290783,-0.7525435156290783,-0.7525435156290783,-0.7525435156290783,-0.7525435156290783,-0.7525435156290783
1998-10-04,-0.45799059504554085,-0.45799059504554085,-0.45799059504554085,-0.45799059504554085,-0.45799059504554085,-0.45799059504554085,-0.45799059504554085,-0.45799059504554085,-0.45799059504554085,-0.45799059504554085,-0.45799059504554085,-0.45799059504554085,-0.45799059504554085,-0.45799059504554085,-0.45799059504554085
1998-10-05,-0.32886779999560756,-0.32886779999560756,-0.32886779999560756,-0.32886779999560756,-0.32886779999560756,-0.32886779999560756,-0.32886779999560756,-0.32886779999560756,-0.32886779999560756,-0.32886779999560756,-0.32886779999560756,-0.32886779999560756,-0.32886779999560756,-0.32886779999560756,-0.32886779999560756
1998-10-06,-0.13758491478971027,-0.13758491478971027,-0.13758491478971027,-0.13758491478971027,-0.13758491478971027,-0.13758491478971027,-0.13758491478971027,-0.13758491478971027,-0.13758491478971027,-0.13758491478971027,-0.13758491478971027,-0.13758491478971027,-0.13758491478971027,-0.13758491478971027,-0.13758491478971027
1998-10-07,-0.17730161798684554,-0.17730161798684554,-0.17730161798684554,-0.17730161798684554,-0.17730161798684554,-0.17730161798684554,-0.17730161798684554,-0.17730161798684554,-0.17730161798684554,-0.17730161798684554,-0.17730161798684554,-0.17730161798684554,-0.17730161798684554,-0.17730161798684554,-0.17730161798684554
1998-10-08,0.13021784765045016,0.13021784765045016,0.13021784765045016,0.13021784765045016,0.13021784765045016,0.13021784765045016,0.13021784765045016,0.13021784765045016,0.13021784765045016,0.13021784765045016,0.13021784765045016,0.13021784765045016,0.13021784765045016,0.13021784765045016,0.13021784765045016
1998-10-09,0.2129991622598303,0.2129991622598303,0.2129991622598303,0.2129991622598303,0.2129991622598303,0.2129991622598303,0.2129991622598303,0.2129991622598303,0.2129991622598303,0.2129991622598303,0.2129991622598303,0.2129991622598303,0.2129991622598303,0.2129991622598303,0.2129991622598303
1998-10-10,0.27793453569903037,0.27793453569903037,0.27793453569903037,0.27793453569903037,0.27793453569903037,0.27793453569903037,0.27793453569903037,0.27793453569903037,0.27793453569903037,0.27793453569903037,0.27793453569903037,0.27793453569903037,0.27793453569903037,0.27793453569903037,0.27793453569903037
1998-10-11,-0.046109872387581866,-0.046109872387581866,-0.046109872387581866,-0.046109872387581866,-0.046109872387581866,-0.046109872387581866,-0.046109872387581866,-0.046109872387581866,-0.046109872387581866,-0.046109872387581866,-0.046109872387581866,-0.046109872387581866,-0.046109872387581866,-0.046109872387581866,-0.046109872387581866
1998-10-12,-0.21144005426970075,-0.21144005426970075,-0.21144005426970075,-0.21144005426970075,-0.21144005426970075,-0.21144005426970075,-0.21144005426970075,-0.21144005426970075,-0.21144005426970075,-0.21144005426970075,-0.21144005426970075,-0.21144005426970075,-0.21144005426970075,-0.21144005426970075,-0.21144005426970075
1998-10-13,-0.09879904891736052,-0.09879904891736052,-0.09879904891736052,-0.09879904891736052,-0.09879904891736052,-0.09879904891736052,-0.09879904891736052,-0.09879904891736052,-0.09879904891736052,-0.09879904891736052,-0.09879904891736052,-0.09879904891736052,-0.09879904891736052,-0.09879904891736052,-0.09879904891736052
1998-10-14,-0.05508908825662036,-0.05508908825662036,-0.05508908825662036,-0.05508908825662036,-0.05508908825662036,-0.05508908825662036,-0.05508908825662036,-0.05508908825662036,-0.05508908825662036,-0.05508908825662036,-0.05508908825662036,-0.05508908825662036,-0.05508908825662036,-0.05508908825662036,-0.05508908825662036
1998-10-15,-0.046690352271567336,-0.046690352271567336,-0.046690352271567336,-0.046690352271567336,-0.046690352271567336,-0.046690352271567336,-0.046690352271567336,-0.046690352271567336,-0.046690352271567336,-0.046690352271567336,-0.046690352271567336,-0.046690352271567336,-0.046690352271567336,-0.046690352271567336,-0.046690352271567336
1998-10-16,-0.029207792951591656,-0.029207792951591656,-0.029207792951591656,-0.029207792951591656,-0.029207792951591656,-0.029207792951591656,-0.029207792951591656,-0.029207792951591656,-0.029207792951591656,-0.029207792951591656,-0.029207792951591656,-0.029207792951591656,-0.029207792951591656,-0.029207792951591656,-0.029207792951591656
1998-10-17,0.43742243460781566,0.43742243460781566,0.43742243460781566,0.43742243460781566,0.43742243460781566,0.43742243460781566,0.43742243460781566,0.43742243460781566,0.43742243460781566,0.43742243460781566,0.43742243460781566,0.43742243460781566,0.43742243460781566,0.43742243460781566,0.43742243460781566
1998-10-18,0.4567676618010175,0.4567676618010175,0.4567676618010175,0.4567676618010175,0.4567676618010175,0.4567676618010175,0.4567676618010175,0.4567676618010175,0.4567676618010175,0.4567676618010175,0.4567676618010175,0.4567676618010175,0.4567676618010175,0.4567676618010175,0.4567676618010175
1998-10-19,0.5380087874160101,0.5380087874160101,0.5380087874160101,0.5380087874160101,0.5380087874160101,0.5380087874160101,0.5380087874160101,0.5380087874160101,0.5380087874160101,0.5380087874160101,0.5380087874160101,0.5380087874160101,0.5380087874160101,0.5380087874160101,0.5380087874160101
1998-10-20,0.31306860033127093,0.31306860033127093,0.31306860033127093,0.31306860033127093,0.31306860033127093,0.31306860033127093,0.31306860033127093,0.31306860033127093,0.31306860033127093,0.31306860033127093,0.31306860033127093,0.31306860033127093,0.31306860033127093,0.31306860033127093,0.31306860033127093
1998-10-21,0.28514854022864955,0.28514854022864955,0.28514854022864955,0.28514854022864955,0.28514854022864955,0.28514854022864955,0.28514854022864955,0.28514854022864955,0.28514854022864955,0.28514854022864955,0.28514854022864955,0.28514854022864955,0.28514854022864955,0.28514854022864955,0.28514854022864955
1998-10-22,0.043070869403972,0.043070869403972,0.043070869403972,0.043070869403972,0.043070869403972,0.043070869403972,0.043070869403972,0.043070869403972,0.043070869403972,0.043070869403972,0.043070869403972,0.043070869403972,0.043070869403972,0.043070869403972,0.043070869403972
1998-10-23,-0.09797771342016671,-0.09797771342016671,-0.09797771342016671,-0.09797771342016671,-0.09797771342016671,-0.09797771342016671,-0.09797771342016671,-0.09797771342016671,-0.09797771342016671,-0.09797771342016671,-0.09797771342016671,-0.09797771342016671,-0.09797771342016671,-0.09797771342016671,-0.09797771342016671
1998-10-24,-0.3783282126882418,-0.3783282126882418,-0.3783282126882418,-0.3783282126882418,-0.3783282126882418,-0.3783282126882418,-0.3783282126882418,-0.3783282126882418,-0.3783282126882418,-0.3783282126882418,-0.3783282126882418,-0.3783282126882418,-0.3783282126882418,-0.3783282126882418,-0.3783282126882418
1998-10-25,-0.5213500479917875,-0.5213500479917875,-0.5213500479917875,-0.5213500479917875,-0.5213500479917875,-0.5213500479917875,-0.5213500479917875,-0.5213500479917875,-0.5213500479917875,-0.5213500479917875,-0.5213500479917875,-0.5213500479917875,-0.5213500479917875,-0.5213500479917875,-0.5213500479917875
1998-10-26,-0.4957745319344585,-0.4957745319344585,-0.4957745319344585,-0.4957745319344585,-0.4957745319344585,-0.4957745319344585,-0.4957745319344585,-0.4957745319344585,-0.4957745319344585,-0.4957745319344585,-0.4957745319344585,-0.4957745319344585,-0.4957745319344585,-0.4957745319344585,-0.4957745319344585
1998-10-27,-0.4662679209491329,-0.4662679209491329,-0.4662679209491329,-0.4662679209491329,-0.4662679209491329,-0.4662679209491329,-0.4662679209491329,-0.4662679209491329,-0.4662679209491329,-0.4662679209491329,-0.4662679209491329,-0.4662679209491329,-0.4662679209491329,-0.4662679209491329,-0.4662679209491329
1998-10-28,-0.35490492063935036,-0.35490492063935036,-0.35490492063935036,-0.35490492063935036,-0.35490492063935036,-0.35490492063935036,-0.35490492063935036,-0.35490492063935036,-0.35490492063935036,-0.35490492063935036,-0.35490492063935036,-0.35490492063935036,-0.35490492063935036,-0.35490492063935036,-0.35490492063935036
1998-10-29,-0.10461761219345546,-0.10461761219345546,-0.10461761219345546,-0.10461761219345546,-0.10461761219345546,-0.10461761219345546,-0.10461761219345546,-0.10461761219345546,-0.10461761219345546,-0.10461761219345546,-0.10461761219345546,-0.10461761219345546,-0.10461761219345546,-0.10461761219345546,-0.10461761219345546
1998-10-30,-0.2088758813890855,-0.2088758813890855,-0.2088758813890855,-0.2088758813890855,-0.2088758813890855,-0.2088758813890855,-0.2088758813890855,-0.2088758813890855,-0.2088758813890855,-0.2088758813890855,-0.2088758813890855,-0.2088758813890855,-0.2088758813890855,-0.2088758813890855,-0.2088758813890855
1998-10-31,-0.039467540311884076,-0.039467540311884076,-0.039467540311884076,-0.039467540311884076,-0.039467540311884076,-0.039467540311884076,-0.039467540311884076,-0.039467540311884076,-0.039467540311884076,-0.039467540311884076,-0.039467540311884076,-0.039467540311884076,-0.039467540311884076,-0.039467540311884076,-0.039467540311884076
1998-11-01,0.0796921395100083,0.0796921395100083,0.0796921395100083,0.0796921395100083,0.0796921395100083,0.0796921395100083,0.0796921395100083,0.0796921395100083,0.0796921395100083,0.0796921395100083,0.0796921395100083,0.0796921395100083,0.0796921395100083,0.0796921395100083,0.0796921395100083
1998-11-02,0.12112048694940558,0.12112048694940558,0.12112048694940558,0.12112048694940558,0.12112048694940558,0.12112048694940558,0.12112048694940558,0.12112048694940558,0.12112048694940558,0.12112048694940558,0.12112048694940558,0.12112048694940558,0.12112048694940558,0.12112048694940558,0.12112048694940558
1998-11-03,0.22149270711068464,0.22149270711068464,0.22149270711068464,0.22149270711068464,0.22149270711068464,0.22149270711068464,0.22149270711068464,0.22149270711068464,0.22149270711068464,0.22149270711068464,0.22149270711068464,0.22149270711068464,0.22149270711068464,0.22149270711068464,0.22149270711068464
1998-11-04,0.1362857383257049,0.1362857383257049,0.1362857383257049,0.1362857383257049,0.1362857383257049,0.1362857383257049,0.1362857383257049,0.1362857383257049,0.1362857383257049,0.1362857383257049,0.1362857383257049,0.1362857383257049,0.1362857383257049,0.1362857383257049,0.1362857383257049
1998-11-05,-0.2433793172634206,-0.2433793172634206,-0.2433793172634206,-0.2433793172634206,-0.2433793172634206,-0.2433793172634206,-0.2433793172634206,-0.2433793172634206,-0.2433793172634206,-0.2433793172634206,-0.2433793172634206,-0.2433793172634206,-0.2433793172634206,-0.2433793172634206,-0.2433793172634206
1998-11-06,-0.3251840233046513,-0.3251840233046513,-0.3251840233046513,-0.3251840233046513,-0.3251840233046513,-0.3251840233046513,-0.3251840233046513,-0.3251840233046513,-0.3251840233046513,-0.3251840233046513,-0.3251840233046513,-0.3251840233046513,-0.3251840233046513,-0.3251840233046513,-0.3251840233046513
1998-11-07,-0.28370822054337846,-0.28370822054337846,-0.28370822054337846,-0.28370822054337846,-0.28370822054337846,-0.28370822054337846,-0.28370822054337846,-0.28370822054337846,-0.28370822054337846,-0.28370822054337846,-0.28370822054337846,-0.28370822054337846,-0.28370822054337846,-0.28370822054337846,-0.28370822054337846
1998-11-08,-0.17155283847901834,-0.17155283847901834,-0.17155283847901834,-0.17155283847901834,-0.17155283847901834,-0.17155283847901834,-0.17155283847901834,-0.17155283847901834,-0.17155283847901834,-0.17155283847901834,-0.17155283847901834,-0.17155283847901834,-0.17155283847901834,-0.17155283847901834,-0.17155283847901834
1998-11-09,-0.15956856541031325,-0.15956856541031325,-0.15956856541031325,-0.15956856541031325,-0.15956856541031325,-0.15956856541031325,-0.15956856541031325,-0.15956856541031325,-0.15956856541031325,-0.15956856541031325,-0.15956856541031325,-0.15956856541031325,-0.15956856541031325,-0.15956856541031325,-0.15956856541031325
1998-11-10,-0.012996157424326223,-0.012996157424326223,-0.012996157424326223,-0.012996157424326223,-0.012996157424326223,-0.012996157424326223,-0.012996157424326223,-0.012996157424326223,-0.012996157424326223,-0.012996157424326223,-0.012996157424326223,-0.012996157424326223,-0.012996157424326223,-0.012996157424326223,-0.012996157424326223
1998-11-11,0.09280002828804633,0.09280002828804633,0.09280002828804633,0.09280002828804633,0.09280002828804633,0.09280002828804633,0.09280002828804633,0.09280002828804633,0.09280002828804633,0.09280002828804633,0.09280002828804633,0.09280002828804633,0.09280002828804633,0.09280002828804633,0.09280002828804633
1998-11-12,0.09283891158445551,0.09283891158445551,0.09283891158445551,0.09283891158445551,0.09283891158445551,0.09283891158445551,0.09283891158445551,0.09283891158445551,0.09283891158445551,0.09283891158445551,0.09283891158445551,0.09283891158445551,0.09283891158445551,0.09283891158445551,0.09283891158445551
1998-11-13,0.18790701756607145,0.18790701756607145,0.18790701756607145,0.18790701756607145,0.18790701756607145,0.18790701756607145,0.18790701756607145,0.18790701756607145,0.18790701756607145,0.18790701756607145,0.18790701756607145,0.18790701756607145,0.18790701756607145,0.18790701756607145,0.18790701756607145
1998-11-14,0.5352347063784562,0.5352347063784562,0.5352347063784562,0.5352347063784562,0.5352347063784562,0.5352347063784562,0.5352347063784562,0.5352347063784562,0.5352347063784562,0.5352347063784562,0.5352347063784562,0.5352347063784562,0.5352347063784562,0.5352347063784562,0.5352347063784562
1998-11-15,0.9694679906357896,0.9694679906357896,0.9694679906357896,0.9694679906357896,0.9694679906357896,0.9694679906357896,0.9694679906357896,0.9694679906357896,0.9694679906357896,0.9694679906357896,0.9694679906357896,0.9694679906357896,0.9694679906357896,0.9694679906357896,0.9694679906357896
1998-11-16,1.3047154743741316,1.3047154743741316,1.3047154743741316,1.3047154743741316,1.3047154743741316,1.3047154743741316,1.3047154743741316,1.3047154743741316,1.3047154743741316,1.3047154743741316,1.3047154743741316,1.3047154743741316,1.3047154743741316,1.3047154743741316,1.3047154743741316
1998-11-17,1.3771917797674875,1.3771917797674875,1.3771917797674875,1.3771917797674875,1.3771917797674875,1.3771917797674875,1.3771917797674875,1.3771917797674875,1.3771917797674875,1.3771917797674875,1.3771917797674875,1.3771917797674875,1.3771917797674875,1.3771917797674875,1.3771917797674875
1998-11-18,1.5421530696889576,1.5421530696889576,1.5421530696889576,1.5421530696889576,1.5421530696889576,1.5421530696889576,1.5421530696889576,1.5421530696889576,1.5421530696889576,1.5421530696889576,1.5421530696889576,1.5421530696889576,1.5421530696889576,1.5421530696889576,1.5421530696889576
1998-11-19,1.6372051335960836,1.6372051335960836,1.6372051335960836,1.6372051335960836,1.6372051335960836,1.6372051335960836,1.6372051335960836,1.6372051335960836,1.6372051335960836,1.6372051335960836,1.6372051335960836,1.6372051335960836,1.6372051335960836,1.6372051335960836,1.6372051335960836
1998-11-20,1.7258387173488545,1.7258387173488545,1.7258387173488545,1.7258387173488545,1.7258387173488545,1.7258387173488545,1.7258387173488545,1.7258387173488545,1.7258387173488545,1.7258387173488545,1.7258387173488545,1.7258387173488545,1.7258387173488545,1.7258387173488545,1.7258387173488545
1998-11-21,1.865603116987706,1.865603116987706,1.865603116987706,1.865603116987706,1.865603116987706,1.865603116987706,1.865603116987706,1.865603116987706,1.865603116987706,1.865603116987706,1.865603116987706,1.865603116987706,1.865603116987706,1.865603116987706,1.865603116987706
1998-11-22,1.6856709734474074,1.6856709734474074,1.6856709734474074,1.6856709734474074,1.6856709734474074,1.6856709734474074,1.6856709734474074,1.6856709734474074,1.6856709734474074,1.6856709734474074,1.6856709734474074,1.6856709734474074,1.6856709734474074,1.6856709734474074,1.6856709734474074
1998-11-23,1.6280097453968483,1.6280097453968483,1.6280097453968483,1.6280097453968483,1.6280097453968483,1.6280097453968483,1.6280097453968483,1.6280097453968483,1.6280097453968483,1.6280097453968483,1.6280097453968483,1.6280097453968483,1.6280097453968483,1.6280097453968483,1.6280097453968483
1998-11-24,1.4951540867540916,1.4951540867540916,1.4951540867540916,1.4951540867540916,1.4951540867540916,1.4951540867540916,1.4951540867540916,1.4951540867540916,1.4951540867540916,1.4951540867540916,1.4951540867540916,1.4951540867540916,1.4951540867540916,1.4951540867540916,1.4951540867540916
1998-11-25,1.5469324824366204,1.5469324824366204,1.5469324824366204,1.5469324824366204,1.5469324824366204,1.5469324824366204,1.5469324824366204,1.5469324824366204,1.5469324824366204,1.5469324824366204,1.5469324824366204,1.5469324824366204,1.5469324824366204,1.5469324824366204,1.5469324824366204
1998-11-26,1.613072323037962,1.613072323037962,1.613072323037962,1.613072323037962,1.613072323037962,1.613072323037962,1.613072323037962,1.613072323037962,1.613072323037962,1.613072323037962,1.613072323037962,1.613072323037962,1.613072323037962,1.613072323037962,1.613072323037962
1998-11-27,1.4989580644800813,1.4989580644800813,1.4989580644800813,1.4989580644800813,1.4989580644800813,1.4989580644800813,1.4989580644800813,1.4989580644800813,1.4989580644800813,1.4989580644800813,1.4989580644800813,1.4989580644800813,1.4989580644800813,1.4989580644800813,1.4989580644800813
1998-11-28,1.2580637760471136,1.2580637760471136,1.2580637760471136,1.2580637760471136,1.2580637760471136,1.2580637760471136,1.2580637760471136,1.2580637760471136,1.2580637760471136,1.2580637760471136,1.2580637760471136,1.2580637760471136,1.2580637760471136,1.2580637760471136,1.2580637760471136
1998-11-29,1.088157659608968,1.088157659608968,1.088157659608968,1.088157659608968,1.088157659608968,1.088157659608968,1.088157659608968,1.088157659608968,1.088157659608968,1.088157659608968,1.088157659608968,1.088157659608968,1.088157659608968,1.088157659608968,1.088157659608968
1998-11-30,1.335655034773688,1.335655034773688,1.335655034773688,1.335655034773688,1.335655034773688,1.335655034773688,1.335655034773688,1.335655034773688,1.335655034773688,1.335655034773688,1.335655034773688,1.335655034773688,1.335655034773688,1.335655034773688,1.335655034773688
1998-12-01,1.084691496905466,1.084691496905466,1.084691496905466,1.084691496905466,1.084691496905466,1.084691496905466,1.084691496905466,1.084691496905466,1.084691496905466,1.084691496905466,1.084691496905466,1.084691496905466,1.084691496905466,1.084691496905466,1.084691496905466
1998-12-02,0.8551599819990767,0.8551599819990767,0.8551599819990767,0.8551599819990767,0.8551599819990767,0.8551599819990767,0.8551599819990767,0.8551599819990767,0.8551599819990767,0.8551599819990767,0.8551599819990767,0.8551599819990767,0.8551599819990767,0.8551599819990767,0.8551599819990767
1998-12-03,0.3937306300614993,0.3937306300614993,0.3937306300614993,0.3937306300614993,0.3937306300614993,0.3937306300614993,0.3937306300614993,0.3937306300614993,0.3937306300614993,0.3937306300614993,0.3937306300614993,0.3937306300614993,0.3937306300614993,0.3937306300614993,0.3937306300614993
1998-12-04,0.035821478379109505,0.035821478379109505,0.035821478379109505,0.035821478379109505,0.035821478379109505,0.035821478379109505,0.035821478379109505,0.035821478379109505,0.035821478379109505,0.035821478379109505,0.035821478379109505,0.035821478379109505,0.035821478379109505,0.035821478379109505,0.035821478379109505
1998-12-05,-0.4015354547067869,-0.4015354547067869,-0.4015354547067869,-0.4015354547067869,-0.4015354547067869,-0.4015354547067869,-0.4015354547067869,-0.4015354547067869,-0.4015354547067869,-0.4015354547067869,-0.4015354547067869,-0.4015354547067869,-0.4015354547067869,-0.4015354547067869,-0.4015354547067869
1998-12-06,-0.6828433370053664,-0.6828433370053664,-0.6828433370053664,-0.6828433370053664,-0.6828433370053664,-0.6828433370053664,-0.6828433370053664,-0.6828433370053664,-0.6828433370053664,-0.6828433370053664,-0.6828433370053664,-0.6828433370053664,-0.6828433370053664,-0.6828433370053664,-0.6828433370053664
1998-12-07,-0.8326391371065864,-0.8326391371065864,-0.8326391371065864,-0.8326391371065864,-0.8326391371065864,-0.8326391371065864,-0.8326391371065864,-0.8326391371065864,-0.8326391371065864,-0.8326391371065864,-0.8326391371065864,-0.8326391371065864,-0.8326391371065864,-0.8326391371065864,-0.8326391371065864
1998-12-08,-1.067622484413689,-1.067622484413689,-1.067622484413689,-1.067622484413689,-1.067622484413689,-1.067622484413689,-1.067622484413689,-1.067622484413689,-1.067622484413689,-1.067622484413689,-1.067622484413689,-1.067622484413689,-1.067622484413689,-1.067622484413689,-1.067622484413689
1998-12-09,-0.7475599674356571,-0.7475599674356571,-0.7475599674356571,-0.7475599674356571,-0.7475599674356571,-0.7475599674356571,-0.7475599674356571,-0.7475599674356571,-0.7475599674356571,-0.7475599674356571,-0.7475599674356571,-0.7475599674356571,-0.7475599674356571,-0.7475599674356571,-0.7475599674356571
1998-12-10,-0.6518228690876353,-0.6518228690876353,-0.6518228690876353,-0.6518228690876353,-0.6518228690876353,-0.6518228690876353,-0.6518228690876353,-0.6518228690876353,-0.6518228690876353,-0.6518228690876353,-0.6518228690876353,-0.6518228690876353,-0.6518228690876353,-0.6518228690876353,-0.6518228690876353
1998-12-11,-0.4590592267763214,-0.4590592267763214,-0.4590592267763214,-0.4590592267763214,-0.4590592267763214,-0.4590592267763214,-0.4590592267763214,-0.4590592267763214,-0.4590592267763214,-0.4590592267763214,-0.4590592267763214,-0.4590592267763214,-0.4590592267763214,-0.4590592267763214,-0.4590592267763214
1998-12-12,-0.38373605680971945,-0.38373605680971945,-0.38373605680971945,-0.38373605680971945,-0.38373605680971945,-0.38373605680971945,-0.38373605680971945,-0.38373605680971945,-0.38373605680971945,-0.38373605680971945,-0.38373605680971945,-0.38373605680971945,-0.38373605680971945,-0.38373605680971945,-0.38373605680971945
1998-12-13,-0.07160370458626455,-0.07160370458626455,-0.07160370458626455,-0.07160370458626455,-0.07160370458626455,-0.07160370458626455,-0.07160370458626455,-0.07160370458626455,-0.07160370458626455,-0.07160370458626455,-0.07160370458626455,-0.07160370458626455,-0.07160370458626455,-0.07160370458626455,-0.07160370458626455
1998-12-14,0.2683240792082931,0.2683240792082931,0.2683240792082931,0.2683240792082931,0.2683240792082931,0.2683240792082931,0.2683240792082931,0.2683240792082931,0.2683240792082931,0.2683240792082931,0.2683240792082931,0.2683240792082931,0.2683240792082931,0.2683240792082931,0.2683240792082931
1998-12-15,0.30106158989471327,0.30106158989471327,0.30106158989471327,0.30106158989471327,0.30106158989471327,0.30106158989471327,0.30106158989471327,0.30106158989471327,0.30106158989471327,0.30106158989471327,0.30106158989471327,0.30106158989471327,0.30106158989471327,0.30106158989471327,0.30106158989471327
1998-12-16,0.36904501199885675,0.36904501199885675,0.36904501199885675,0.36904501199885675,0.36904501199885675,0.36904501199885675,0.36904501199885675,0.36904501199885675,0.36904501199885675,0.36904501199885675,0.36904501199885675,0.36904501199885675,0.36904501199885675,0.36904501199885675,0.36904501199885675
1998-12-17,0.5046172020308723,0.5046172020308723,0.5046172020308723,0.5046172020308723,0.5046172020308723,0.5046172020308723,0.5046172020308723,0.5046172020308723,0.5046172020308723,0.5046172020308723,0.5046172020308723,0.5046172020308723,0.5046172020308723,0.5046172020308723,0.5046172020308723
1998-12-18,0.7174387771991096,0.7174387771991096,0.7174387771991096,0.7174387771991096,0.7174387771991096,0.7174387771991096,0.7174387771991096,0.7174387771991096,0.7174387771991096,0.7174387771991096,0.7174387771991096,0.7174387771991096,0.7174387771991096,0.7174387771991096,0.7174387771991096
1998-12-19,0.8001084798646421,0.8001084798646421,0.8001084798646421,0.8001084798646421,0.8001084798646421,0.8001084798646421,0.8001084798646421,0.8001084798646421,0.8001084798646421,0.8001084798646421,0.8001084798646421,0.8001084798646421,0.8001084798646421,0.8001084798646421,0.8001084798646421
1998-12-20,0.8716804139335687,0.8716804139335687,0.8716804139335687,0.8716804139335687,0.8716804139335687,0.8716804139335687,0.8716804139335687,0.8716804139335687,0.8716804139335687,0.8716804139335687,0.8716804139335687,0.8716804139335687,0.8716804139335687,0.8716804139335687,0.8716804139335687
1998-12-21,0.9795772740374896,0.9795772740374896,0.9795772740374896,0.9795772740374896,0.9795772740374896,0.9795772740374896,0.9795772740374896,0.9795772740374896,0.9795772740374896,0.9795772740374896,0.9795772740374896,0.9795772740374896,0.9795772740374896,0.9795772740374896,0.9795772740374896
1998-12-22,1.0132817862426384,1.0132817862426384,1.0132817862426384,1.0132817862426384,1.0132817862426384,1.0132817862426384,1.0132817862426384,1.0132817862426384,1.0132817862426384,1.0132817862426384,1.0132817862426384,1.0132817862426384,1.0132817862426384,1.0132817862426384,1.0132817862426384
1998-12-23,0.6774350950437849,0.6774350950437849,0.6774350950437849,0.6774350950437849,0.6774350950437849,0.6774350950437849,0.6774350950437849,0.6774350950437849,0.6774350950437849,0.6774350950437849,0.6774350950437849,0.6774350950437849,0.6774350950437849,0.6774350950437849,0.6774350950437849
1998-12-24,0.5427233816788344,0.5427233816788344,0.5427233816788344,0.5427233816788344,0.5427233816788344,0.5427233816788344,0.5427233816788344,0.5427233816788344,0.5427233816788344,0.5427233816788344,0.5427233816788344,0.5427233816788344,0.5427233816788344,0.5427233816788344,0.5427233816788344
1998-12-25,0.3042703394966144,0.3042703394966144,0.3042703394966144,0.3042703394966144,0.3042703394966144,0.3042703394966144,0.3042703394966144,0.3042703394966144,0.3042703394966144,0.3042703394966144,0.3042703394966144,0.3042703394966144,0.3042703394966144,0.3042703394966144,0.3042703394966144
1998-12-26,0.0288057058328816,0.0288057058328816,0.0288057058328816,0.0288057058328816,0.0288057058328816,0.0288057058328816,0.0288057058328816,0.0288057058328816,0.0288057058328816,0.0288057058328816,0.0288057058328816,0.0288057058328816,0.0288057058328816,0.0288057058328816,0.0288057058328816
1998-12-27,0.07209894685583752,0.07209894685583752,0.07209894685583752,0.07209894685583752,0.07209894685583752,0.07209894685583752,0.07209894685583752,0.07209894685583752,0.07209894685583752,0.07209894685583752,0.07209894685583752,0.07209894685583752,0.07209894685583752,0.07209894685583752,0.07209894685583752
1998-12-28,0.21854648263042495,0.21854648263042495,0.21854648263042495,0.21854648263042495,0.21854648263042495,0.21854648263042495,0.21854648263042495,0.21854648263042495,0.21854648263042495,0.21854648263042495,0.21854648263042495,0.21854648263042495,0.21854648263042495,0.21854648263042495,0.21854648263042495
1998-12-29,0.18477688059631064,0.18477688059631064,0.18477688059631064,0.18477688059631064,0.18477688059631064,0.18477688059631064,0.18477688059631064,0.18477688059631064,0.18477688059631064,0.18477688059631064,0.18477688059631064,0.18477688059631064,0.18477688059631064,0.18477688059631064,0.18477688059631064
1998-12-30,0.009262235945692596,0.009262235945692596,0.009262235945692596,0.009262235945692596,0.009262235945692596,0.009262235945692596,0.009262235945692596,0.009262235945692596,0.009262235945692596,0.009262235945692596,0.009262235945692596,0.009262235945692596,0.009262235945692596,0.009262235945692596,0.009262235945692596
1998-12-31,-0.24776372222475004,-0.24776372222475004,-0.24776372222475004,-0.24776372222475004,-0.24776372222475004,-0.24776372222475004,-0.24776372222475004,-0.24776372222475004,-0.24776372222475004,-0.24776372222475004,-0.24776372222475004,-0.24776372222475004,-0.24776372222475004,-0.24776372222475004,-0.24776372222475004
1999-01-01,0.003856992249874477,-0.07209388252065628,-0.0035232787978636605,-0.09470049602388331,0.029462972490325617,0.005613710233779269,-0.06358581493135543,-0.007776190938472363,-0.09538018650018966,-0.030108197908268755,-0.04037909798282846,-0.03750579177408263,-0.0409009607811748,-0.05097200692818445,-0.0319416613072532
1999-01-02,-0.2994198260285883,-0.4208151708096343,-0.24846913906360177,-0.17474948869967075,-0.29900469766821625,-0.29414045084858464,-0.2573954558696547,-0.20360648762473527,-0.21921174067567156,-0.22485442599112837,-0.498984360763689,-0.3619798444677651,-0.4438118058339399,-0.3700589573022941,-0.28825087644803415
1999-01-03,-0.4756998722152219,-0.6590166763955585,-0.31157234222706914,-0.3300574993672401,-0.5404343929596398,-0.3038076336948662,-0.3777463506309175,-0.39393978925839396,-0.42607381056451515,-0.5150917980345135,-0.384359949089768,-0.21425544854146586,-0.6907122280899194,-0.2870325705680784,-0.5559522610869313
1999-01-04,-0.3006540727589616,-0.5493107289257728,0.23856951343881655,0.05393102651027048,-0.33721414486484597,-0.09390654090054379,-0.2781513195387476,-0.17691589387743287,-0.015649898402033534,-0.25678637697683054,-0.12519016956272183,0.1866993103203018,-0.49303253044429635,-0.17488203235852762,-0.2935314430572531
1999-01-05,0.07567247689610532,-0.46664490106556167,0.7258679351694354,0.5064933119807977,0.006589516589736121,0.14341406327958542,-0.08546506392195839,0.02261490343936403,0.3020624707598682,0.032551370639636736,0.206033115136616,0.8147880307082919,-0.23196315588440788,0.23419842675586316,0.13523094741744796
1999-01-06,0.0941201241352188,-0.421796832861239,1.0538650804323269,0.6462637041244755,0.1974308544281903,0.2722823036452368,-0.3266871544327434,0.14123954831458865,0.48929482860370654,0.41959660348388184,0.4554541264186119,1.0085542225368527,-0.06786664495289478,0.5559680972569895,0.49344273548076445
1999-01-07,-0.0915959514420184,-0.5257043412059897,0.6004874524304249,0.21684461902033852,0.18725923229953056,0.09018820659309067,-0.5969674323994386,0.00449142347866249,0.43245634447941694,0.36632065588915697,0.21525278853888807,0.6983922347524391,-0.07883481648461055,0.3259923145197283,0.2965768803773929
1999-01-08,-0.37646965486438866,-0.5662170516316288,0.1613064403841148,-0.3311571214281857,0.07566970457974137,-0.4087888979852006,-0.8266387794603784,-0.266046541565518,0.08135221229396128,0.3912986657632872,0.1374496168082525,0.22745019718022721,-0.5564529349146611,-0.07946078150561495,0.06672698271318489
1999-01-09,-0.7511704364843769,-0.869436892630582,-0.12572593234841317,-0.5939032333562813,-0.23857712661000638,-0.7721525333038002,-0.8773574302490231,-0.6387434211745331,-0.19591771864906815,0.07055002807539623,-0.05471735180055931,-0.1589040041984597,-0.8434748489254288,-0.3317526427250169,-0.5191145264305758
1999-01-10,-0.837050307450616,-0.603564981207938,-0.5211424234009842,-0.5155200861610997,-0.3856405140221018,-1.2185384275718043,-0.5207831659378941,-0.7216761212904338,-0.16286164471722903,-0.06166005010870858,-0.2656210477178029,-0.2801114252097256,-0.5537216779584551,-0.6251097571053679,-0.5151928007738945
1999-01-11,-0.8028996240292683,-0.38121220331370514,-0.7670307662619659,-0.7087332945501146,-0.6112525934832549,-1.6094361129699346,-0.4819600307555775,-0.5296368604506162,-0.26471257209803883,-0.1147690602716917,-0.4981895872974876,-0.3923809617038745,-0.4953804765324442,-0.6368540055308212,-0.5003327518651646
1999-01-12,-0.7608802680191722,-0.3723520313313597,-0.8627299594406672,-1.0635886600981643,-0.8252494973264035,-1.8758378166364866,-0.4799221002411765,-0.3864725574838947,-0.231052052732971,0.017502576636781994,-0.31218175907019063,-0.08713228135297141,-0.4938216536086878,-0.5278133495713743,-0.3321401341099285
1999-01-13,-0.5605279821129618,-0.08338636826548079,-1.0598433615791492,-1.37808576982848,-0.8441420191132756,-2.1236279862289584,-0.3957273969403898,-0.22694109112829272,-0.2830904403274232,0.24337983655952009,0.07779414034468446,0.3674325042338324,-0.3050375572720687,-0.38941179275984644,-0.20275129729786537
1999-01-14,-0.44871040606037127,0.2711015212620517,-0.9178907293898173,-1.4425841963976533,-0.7587635145523383,-2.2709635415258256,-0.4226336325846541,-0.055394870846398055,-0.3595549460478036,0.21987398136506608,0.12697486750992076,0.4947785259734613,-0.1830179826339686,-0.3156599861726846,-0.3563867875627594
1999-01-15,-0.4576649187634046,0.1371364033183751,-1.0230659299916698,-1.5244057305543006,-0.8214851198774799,-2.5781101513410225,-0.17513276505915668,-0.40364776244305683,-0.47236798997214746,0.2827496445791396,0.17529158977510256,0.41798099811125217,-0.03761840064761949,-0.04530621308974548,-0.301869112487961
1999-01-16,-0.49499347206899125,-0.0966978350638041,-0.9698772610051225,-1.3824068174990383,-0.7216538679804411,-2.7236634190928557,-0.062170350965505945,-0.6262778578079838,-0.6677030238380848,0.03868476958502228,-0.12350813344539043,0.2049940680609652,-0.08909566363584266,-0.07281321524465503,-0.5886351467814658
1999-01-17,-0.7527816065622591,-0.14256622426771282,-1.0937692263247127,-1.6792315462201286,-0.49430231575607586,-2.5739102368855327,0.08438517790134659,-0.9079386536892871,-0.8435266446176258,-0.10290598400518665,-0.5419355820244878,0.4344820192478036,-0.10010123635599633,-0.3345003278569815,-0.9353788858071692
1999-01-18,-0.9602665106692044,-0.3807097060992334,-1.2356158135509054,-1.7495200231007253,-0.4809095384599731,-2.383807383976919,-0.058180411721052615,-1.0749613486923368,-0.8499776296050301,-0.03152494505412073,-0.9568202337972781,0.6887469261300069,-0.04104586345152385,-0.5728220722954315,-0.9945286255245364
1999-01-19,-1.0577274648069044,-0.8288930676683429,-1.2498162004109545,-1.6247490030291587,-0.4262244178807399,-1.8751177349483645,-0.05345002225323779,-1.4411079370987565,-0.7808849029124724,0.0865304521220872,-0.8829420044566065,0.5507176263054492,-0.014186810181514138,-0.49435289719853165,-1.3073185389112323
1999-01-20,-1.1778238494271673,-1.1915971119400592,-1.2654517712669504,-1.3954697402370375,-0.4773344782104126,-1.6525471699811234,-0.03109061056376517,-1.7311038198419082,-0.8445270965467279,0.1302942758113105,-0.8105373581655309,0.20340839445044104,-0.04720484940817314,-0.28185783850942325,-1.7027208919412227
1999-01-21,-1.2513565955130872,-1.22169564237687,-1.2951193948650213,-1.2349886952092808,-0.4147888991591809,-1.4315971948440862,-0.09191509393815432,-1.7424141644358027,-1.2424501197174402,-0.12673776892487673,-0.92976855948053,-0.0021078364302570536,-0.1908537905499779,-0.37425299377705207,-1.7885631774489026
1999-01-22,-1.389201495275904,-1.0975935002570905,-1.3421448864938466,-1.179965567010332,-0.34442088599752646,-0.8187123056451099,-0.24851291038617287,-1.8809350691148898,-1.514278426644295,-0.21290079692166733,-1.4229245540173538,-0.31073280552622995,-0.5806818649166888,0.03720687405473141,-1.780474735587776
1999-01-23,-1.4583346911850743,-1.2388348515487124,-1.495630194986622,-1.392269112156768,-0.6148857263759945,-0.32889177412005355,-0.3556991133597587,-1.956972209351492,-1.6403045449376317,-0.05212860982025282,-1.4685329120356756,-0.2610792051541195,-0.9749107748681253,0.37288634825550876,-1.873525926453573
1999-01-24,-1.2554384888091037,-1.266201802744082,-1.6792615682188115,-1.6329231095926537,-1.2990261507045822,-0.11501208556532719,-0.5975490361428804,-2.2391298648310403,-1.7333112088155584,-0.15493584985623335,-1.8548721898241793,-0.06621284909947267,-1.299225170607871,0.2833517099727595,-2.0590688196834424
1999-01-25,-1.2554362367502667,-1.299422256228212,-1.6805175551373965,-1.3404090571849225,-1.7966395587738282,-0.20190807420508586,-0.6238271749591404,-2.3045270592315603,-1.6511015863770135,-0.4019235421184828,-1.7541141449857642,-0.025378611300158314,-1.6264896698400526,0.2907391438969774,-2.296246087563062
1999-01-26,-1.2590388016836223,-1.2183659291774926,-1.6532357764077066,-1.2004094421872897,-1.790855788329874,0.16522585650397104,-0.941912110848385,-2.1155407802052912,-1.7494972348049003,-0.6762907187898617,-1.8674245103424372,0.01881741563625911,-1.7873983138746339,0.1628788064565523,-2.1466290711754628
1999-01-27,-1.2188894125392058,-1.208400036694665,-1.9511872201873621,-1.3446356700565751,-1.4807875749020785,0.36526599414137095,-1.297240812848263,-2.026283317479697,-1.2166041000591599,-0.8316336527977649,-2.0266678907621842,0.2737602769456901,-1.7176927716968116,-0.19705735377423017,-2.1265238587685635
1999-01-28,-1.2570464177461982,-1.0201833341553854,-2.167391256792813,-1.4252651085545416,-1.267981099568407,0.5477899430798109,-1.5635824150234379,-1.5780330349510843,-0.587462700138119,-0.6014960020724389,-1.835039041841709,0.09916375796182539,-1.4581264743612854,-0.3734483367156584,-1.9821022893535971
1999-01-29,-1.5874477418071746,-0.8007018735079975,-2.0723545688509737,-1.6931301525670652,-1.179699761997952,0.6432972212929433,-2.001997843204904,-1.0772537096617405,-0.5788731636617463,-0.7957838907848899,-1.8916601645353208,-0.004267107983275815,-1.6362125479147802,-0.612234267537999,-1.4110847178087986
1999-01-30,-1.8549779932911281,-0.6458402835483473,-2.2015947529157973,-1.758525988471154,-1.2242861883694767,0.3765506060506027,-2.3548412732118864,-0.641611485045003,-0.5607008403631925,-1.0178486183230668,-1.7930690563959193,0.21291399553979948,-1.6284459794158914,-0.7649069698352824,-1.1042849660867553
1999-01-31,-2.090388059325769,-0.4648744748136811,-2.152148411454853,-1.4617584570261384,-1.237289108862049,0.5181928773115898,-2.4016316828505686,-0.5059889580907175,-0.5366954795453599,-1.4113489414586227,-1.8980518144496372,0.5690976940035793,-1.420463268718057,-0.4538500961563243,-0.6752405705079946
1999-02-01,-2.079922785444133,-0.47279056689059107,-1.8769329415775045,-0.9753551852098845,-1.1744447528588284,0.288088789250411,-2.2608398862800536,-0.34630225325672076,-0.6012251041598669,-1.6378175379661069,-1.7484167451772636,0.5853575842142199,-1.2190326323025633,-0.188882428509436,-0.7291636900033015
1999-02-02,-2.0149384904618244,-0.5895329297518249,-1.4864722199481786,-0.7820501569137371,-0.9809442162801413,-0.03439057995029493,-1.6926940281515563,-0.3580844813560528,-0.5666921817511509,-1.7598574661111446,-1.3440238262423905,0.18071093503580513,-1.3872861178174087,-0.1489009978318028,-0.6042115593844233
1999-02-03,-1.9589560434442235,-0.8203284190436588,-0.9722691686687503,-0.3939499662439949,-0.7076230233841074,-0.2626097637212504,-1.2694843706295014,-0.4399521579042355,-0.4639997286575823,-1.865823779328658,-1.3668721402956587,0.0437838064463279,-1.6715611087429543,0.05343816967612218,-0.18746660764440606
1999-02-04,-1.9075334608901733,-0.8610787544382984,-0.44916175455168406,0.06316162788033002,-0.9648735203338272,-0.3996665868634489,-1.311267188358164,-0.4570330757161674,0.03347179047719678,-1.8049711649163698,-1.6245738214587608,-0.28669432700235054,-1.9397215718219902,0.15907408057470793,-0.09536196246308079
1999-02-05,-1.5030859734868358,-0.9346475732423553,-0.3518175481616,0.6179082419617343,-0.9219931598489263,-0.46935981933450605,-1.5125685181282493,-0.5716992122700754,0.1335774353167003,-1.8467220786284406,-1.7032413766943335,-0.2877682234779227,-1.8470251272218567,0.3879972168464594,-0.16113646786132602
1999-02-06,-1.1552051899348859,-0.6073714814083297,-0.4179609639302738,0.6666884403569998,-1.1722332335587042,-0.007762629071000311,-1.7132660607138714,-0.3855978117727934,0.21860019195137362,-2.1697547116779434,-1.4678105240811978,-0.2555547983593704,-1.8128006753573644,0.649768046641192,-0.3276358188161746
1999-02-07,-1.1559387797601535,-0.3008807285304006,-0.1917248483132974,0.4030970529965979,-1.0325692480469564,0.062454157880380654,-1.9500368859342505,-0.22259812472391052,0.4307757316084036,-2.315726598034463,-1.4031262815483663,-0.17111492057175864,-1.7621585554385077,0.7496995346703648,-0.20971170825292212
1999-02-08,-1.3153303892849535,-0.17316803515919427,0.20323212701274027,0.47138195328109095,-1.136017969285956,-0.23240552522469152,-1.931739302212466,-0.26582401063307826,0.520150924535788,-2.382151864532593,-1.4670597223845816,-0.017824561248446617,-1.3310145314946957,1.0454525990847832,-0.34460153592726017
1999-02-09,-1.4513072887695637,-0.16825812856488226,0.36313233344283663,0.3586661701614918,-1.3523600420252961,-0.4319271032477348,-1.783220709079031,-0.16854342851078852,0.6734073314285023,-2.234992107232718,-1.5148399985897536,-0.10065249386489392,-1.1340349303837047,1.0261092356489434,-0.6204218350053151
1999-02-10,-1.3481981277208734,-0.18529260158020117,0.21819963376493987,0.03369472740242783,-1.5514367747732891,-0.15751660160422795,-1.7232391417860333,-0.00031147582028298994,0.8489378789855404,-2.4148128716335293,-1.3094446025954853,-0.4607391571924482,-1.0208549227143553,1.00118579064629,-0.9129532092023612
1999-02-11,-1.2219971113212915,-0.6240129705077856,0.3648499754302616,0.23392965400308582,-1.7992313071809056,0.17536239215765229,-2.0329574610997785,0.016412106874023585,0.745858056691879,-2.14346361087561,-1.1717248050500977,-0.537476636073456,-0.9152916624923293,0.9458724114555687,-0.8664310515138597
1999-02-12,-1.1379828830709582,-0.3813865421327385,0.16642206478848268,0.7707943813023445,-1.9604429496443252,0.16648196455484715,-1.9716400030046595,0.09757640746061405,0.6296612364883688,-1.7997633213118134,-0.8181133263757887,-0.7998207464381806,-0.8091883751314557,0.7145978167464134,-0.616729602218779
1999-02-13,-0.7099818076796586,-0.12307349749958281,0.1017328718023199,0.9870366856770624,-2.0058574773698736,0.18961671005885686,-2.141211330327048,0.22717642402617602,0.04673850160683247,-1.26326968666274,-0.7281666253077417,-1.1323717334968544,-0.661212367169055,0.4022196731453042,-0.594867388473628
1999-02-14,-0.6517530970273482,0.01035888379375332,0.03417053281679609,0.9706058135404965,-1.9272972486556976,0.4174016310753437,-2.4160776468108276,0.40077534229096934,-0.03499140907028123,-1.3211698711900257,-0.8932824495072613,-1.402362985912845,-0.8722609709328802,0.03451548598628854,-0.8164157241488568
1999-02-15,-0.5477349261022867,0.01592398661711297,-0.08106956387525972,1.0145981518415321,-1.6573031176992206,0.7056408951833719,-2.4373060949332186,1.0098782201518892,-0.07664826699038384,-1.145530842005199,-0.6961754635539387,-1.8849877344722468,-1.1242938503264321,-0.2627415010334037,-0.9777346980125912
1999-02-16,-0.43347072920861474,0.16198673356194682,0.05664822688496125,1.1274307448248573,-0.9991931219643728,0.7354557112495027,-2.4889101050048934,1.3350052836413202,0.4130873548003796,-0.9918192682449968,-0.5219698825848129,-1.8659699506670635,-1.2362034919655804,-0.32734047199547306,-1.5151539329512065
1999-02-17,0.01304453816964157,0.5329918817350808,0.6164671768971816,1.4645813529111524,-0.6341586934935725,0.8286206267210171,-2.3318839136461165,1.4060367404448346,0.38866168229077613,-0.8737753454004763,-0.31111924602437196,-1.838874895379757,-1.7111379181014092,-0.2456459547754372,-2.045637779305887
1999-02-18,0.27326358753440494,0.5667366339533544,0.44457527623160176,1.796585686891387,-0.15511919589832918,0.702387668302407,-2.13796111153088,1.488211288203788,0.478937208467097,-1.1649646355640257,-0.14118159599598148,-1.4144421886759693,-2.255392495262068,-0.023654458286385044,-1.8055436076603955
1999-02-19,0.20098544823592712,0.3738871291820614,0.4594261734592525,1.6153832843328118,0.4045839365435299,0.36636633145470665,-2.139126227845619,1.1875899689685212,0.3047199833897931,-1.2298937401037953,0.014365596753280691,-0.9201841190257407,-2.3567366091495763,0.14841275422633998,-1.664331197660863
1999-02-20,0.40111645285992237,0.09471654848369468,0.6476935993076566,1.617092670513721,0.49604963974840743,0.2852923618163013,-1.9166202504473744,1.4376905444218104,0.11016581047444733,-1.440326319162152,0.36484221000478295,-0.6980672094816832,-2.1868947215306256,0.2521339751262463,-1.6593044210819083
1999-02-21,0.5925195392188507,0.31590509022460034,0.7782966815812845,1.3940579366756805,0.4360702081580015,0.8897989852708106,-1.640999087729724,1.2765156898831902,-0.16540350980903284,-1.397748525821945,0.8502470134945505,-0.5767299347802274,-1.926288301934283,0.22194233865660315,-1.6489049788116028
1999-02-22,0.30298747042843827,0.4193571179564118,0.7014293044431325,1.1526492343401462,0.4448871414407845,1.1715844461143217,-1.1511752113214346,1.2655180284888459,-0.654037539054246,-1.1325477650226874,0.9402484119930613,-0.3645661477360329,-1.9732935003343646,0.35447810197588936,-1.4450849766587124
1999-02-23,-0.06423276540100989,0.09264189021702872,0.8436471052018595,0.8839526506722913,0.3077438792595479,1.3276438197978053,-0.954257874555877,1.0724752977683838,-1.1207275038197635,-0.7272191962377444,0.7003491205616694,0.03986709310056513,-2.020601397875177,0.10377060451245375,-1.3440621424220633
1999-02-24,-0.04943938461227531,0.058389055367352644,1.0766420739235238,0.5717754014032993,0.35182028576575686,1.6376868728777825,-1.1363409721121107,1.2632647741541934,-1.4827161137098985,-0.5509279231388214,0.31685770930984125,0.1575645619874459,-1.940286200187062,-0.04145709056462303,-1.2803721904250076
1999-02-25,0.1617292885158861,0.34970009596320534,1.5637347692009886,0.35124253011596285,0.3486173631136194,1.8744100105772497,-1.2082193162746557,1.4674779256994999,-1.6844362827544936,-0.697688663002813,0.39938836534269906,0.1961587197867379,-1.4934927747751696,-0.3554980588355771,-1.330593434941426
1999-02-26,0.24650825845789215,0.5625792881274853,1.9528617446811156,-0.09047790824362013,0.5302450007345939,2.3502409470509713,-1.333443712895075,1.1966921681754354,-1.7584419939510394,-0.5985019311722726,0.07242662128770008,-0.05538728217922374,-1.420082770654662,-0.43330559592696755,-1.1864462755888796
1999-02-27,0.36453220454028157,1.0207346128686599,2.30264174939716,-0.37752948083995175,1.0483469092897473,2.812217702018315,-1.4630395380253935,0.9838391424249462,-1.6006156447158795,-0.5586650006298197,-0.14727468627010826,-0.6235415035676601,-1.3473979069297224,-0.7048499464008758,-1.2903843104361428
1999-02-28,0.489538098006371,1.0512406384697268,2.713181938962702,-0.685838611359097,1.5006166028964998,2.577429346488816,-1.5053519439368679,0.9788102943655528,-1.967076343106903,-0.9119774691215453,-0.25652178722170016,-0.9176658208154829,-1.1740160316551786,-0.5255917937037414,-1.2401628861553198
1999-03-01,0.6140767919662561,1.1999096657182968,2.6886134565134907,-0.8125114855208169,1.481871568952062,2.468087978684276,-1.4423100611693027,1.1936337734624527,-2.400121051921739,-1.1005663517098725,-0.3221554001254385,-1.0872188975817152,-0.9261361679290023,-0.5823161643001636,-1.090998719648562
1999-03-02,0.6737854419537996,1.4169097368643202,2.5104370366801327,-1.0339070245116047,1.4904284269932149,2.3234631577906284,-0.895344247408153,0.980283406482052,-2.700960343007204,-0.9384849663150759,-0.5983380518575918,-0.869530499956798,-0.9437364685617251,-0.5474321947531544,-0.9303333956988963
