,1,2,3,4,5,6,7,8,9,10,11,12,13,14,15
1999-09-03,0.37662366291146415,0.37662366291146415,0.37662366291146415,0.37662366291146415,0.37662366291146415,0.37662366291146415,0.37662366291146415,0.37662366291146415,0.37662366291146415,0.37662366291146415,0.37662366291146415,0.37662366291146415,0.37662366291146415,0.37662366291146415,0.37662366291146415
1999-09-04,0.1638077605900768,0.1638077605900768,0.1638077605900768,0.1638077605900768,0.1638077605900768,0.1638077605900768,0.1638077605900768,0.1638077605900768,0.1638077605900768,0.1638077605900768,0.1638077605900768,0.1638077605900768,0.1638077605900768,0.1638077605900768,0.1638077605900768
1999-09-05,0.40181672029004806,0.40181672029004806,0.40181672029004806,0.40181672029004806,0.40181672029004806,0.40181672029004806,0.40181672029004806,0.40181672029004806,0.40181672029004806,0.40181672029004806,0.40181672029004806,0.40181672029004806,0.40181672029004806,0.40181672029004806,0.40181672029004806
1999-09-06,0.4384841999805511,0.4384841999805511,0.4384841999805511,0.4384841999805511,0.4384841999805511,0.4384841999805511,0.4384841999805511,0.4384841999805511,0.4384841999805511,0.4384841999805511,0.4384841999805511,0.4384841999805511,0.4384841999805511,0.4384841999805511,0.4384841999805511
1999-09-07,0.2627440605808057,0.2627440605808057,0.2627440605808057,0.2627440605808057,0.2627440605808057,0.2627440605808057,0.2627440605808057,0.2627440605808057,0.2627440605808057,0.2627440605808057,0.2627440605808057,0.2627440605808057,0.2627440605808057,0.2627440605808057,0.2627440605808057
1999-09-08,0.17803396867574292,0.17803396867574292,0.17803396867574292,0.17803396867574292,0.17803396867574292,0.17803396867574292,0.17803396867574292,0.17803396867574292,0.17803396867574292,0.17803396867574292,0.17803396867574292,0.17803396867574292,0.17803396867574292,0.17803396867574292,0.17803396867574292
1999-09-09,0.28812772591741703,0.28812772591741703,0.28812772591741703,0.28812772591741703,0.28812772591741703,0.28812772591741703,0.28812772591741703,0.28812772591741703,0.28812772591741703,0.28812772591741703,0.28812772591741703,0.28812772591741703,0.28812772591741703,0.28812772591741703,0.28812772591741703
1999-09-10,0.14367596347851957,0.14367596347851957,0.14367596347851957,0.14367596347851957,0.14367596347851957,0.14367596347851957,0.14367596347851957,0.14367596347851957,0.14367596347851957,0.14367596347851957,0.14367596347851957,0.14367596347851957,0.14367596347851957,0.14367596347851957,0.14367596347851957
1999-09-11,0.028718628828361008,0.028718628828361008,0.028718628828361008,0.028718628828361008,0.028718628828361008,0.028718628828361008,0.028718628828361008,0.028718628828361008,0.028718628828361008,0.028718628828361008,0.028718628828361008,0.028718628828361008,0.028718628828361008,0.028718628828361008,0.028718628828361008
1999-09-12,-0.43367146005830925,-0.43367146005830925,-0.43367146005830925,-0.43367146005830925,-0.43367146005830925,-0.43367146005830925,-0.43367146005830925,-0.43367146005830925,-0.43367146005830925,-0.43367146005830925,-0.43367146005830925,-0.43367146005830925,-0.43367146005830925,-0.43367146005830925,-0.43367146005830925
1999-09-13,-0.3815642578993895,-0.3815642578993895,-0.3815642578993895,-0.3815642578993895,-0.3815642578993895,-0.3815642578993895,-0.3815642578993895,-0.3815642578993895,-0.3815642578993895,-0.3815642578993895,-0.3815642578993895,-0.3815642578993895,-0.3815642578993895,-0.3815642578993895,-0.3815642578993895
1999-09-14,-0.22557278266750339,-0.22557278266750339,-0.22557278266750339,-0.22557278266750339,-0.22557278266750339,-0.22557278266750339,-0.22557278266750339,-0.22557278266750339,-0.22557278266750339,-0.22557278266750339,-0.22557278266750339,-0.22557278266750339,-0.22557278266750339,-0.22557278266750339,-0.22557278266750339
1999-09-15,-0.25978420549540554,-0.25978420549540554,-0.25978420549540554,-0.25978420549540554,-0.25978420549540554,-0.25978420549540554,-0.25978420549540554,-0.25978420549540554,-0.25978420549540554,-0.25978420549540554,-0.25978420549540554,-0.25978420549540554,-0.25978420549540554,-0.25978420549540554,-0.25978420549540554
1999-09-16,-0.2559868142474762,-0.2559868142474762,-0.2559868142474762,-0.2559868142474762,-0.2559868142474762,-0.2559868142474762,-0.2559868142474762,-0.2559868142474762,-0.2559868142474762,-0.2559868142474762,-0.2559868142474762,-0.2559868142474762,-0.2559868142474762,-0.2559868142474762,-0.2559868142474762
1999-09-17,-0.1805327607289023,-0.1805327607289023,-0.1805327607289023,-0.1805327607289023,-0.1805327607289023,-0.1805327607289023,-0.1805327607289023,-0.1805327607289023,-0.1805327607289023,-0.1805327607289023,-0.1805327607289023,-0.1805327607289023,-0.1805327607289023,-0.1805327607289023,-0.1805327607289023
1999-09-18,-0.3386363426240523,-0.3386363426240523,-0.3386363426240523,-0.3386363426240523,-0.3386363426240523,-0.3386363426240523,-0.3386363426240523,-0.3386363426240523,-0.3386363426240523,-0.3386363426240523,-0.3386363426240523,-0.3386363426240523,-0.3386363426240523,-0.3386363426240523,-0.3386363426240523
1999-09-19,-0.38846802860307783,-0.38846802860307783,-0.38846802860307783,-0.38846802860307783,-0.38846802860307783,-0.38846802860307783,-0.38846802860307783,-0.38846802860307783,-0.38846802860307783,-0.38846802860307783,-0.38846802860307783,-0.38846802860307783,-0.38846802860307783,-0.38846802860307783,-0.38846802860307783
1999-09-20,-0.4929071278409241,-0.4929071278409241,-0.4929071278409241,-0.4929071278409241,-0.4929071278409241,-0.4929071278409241,-0.4929071278409241,-0.4929071278409241,-0.4929071278409241,-0.4929071278409241,-0.4929071278409241,-0.4929071278409241,-0.4929071278409241,-0.4929071278409241,-0.4929071278409241
1999-09-21,-0.5502290752365421,-0.5502290752365421,-0.5502290752365421,-0.5502290752365421,-0.5502290752365421,-0.5502290752365421,-0.5502290752365421,-0.5502290752365421,-0.5502290752365421,-0.5502290752365421,-0.5502290752365421,-0.5502290752365421,-0.5502290752365421,-0.5502290752365421,-0.5502290752365421
1999-09-22,-0.4491224477931208,-0.4491224477931208,-0.4491224477931208,-0.4491224477931208,-0.4491224477931208,-0.4491224477931208,-0.4491224477931208,-0.4491224477931208,-0.4491224477931208,-0.4491224477931208,-0.4491224477931208,-0.4491224477931208,-0.4491224477931208,-0.4491224477931208,-0.4491224477931208
1999-09-23,-0.6651949291992313,-0.6651949291992313,-0.6651949291992313,-0.6651949291992313,-0.6651949291992313,-0.6651949291992313,-0.6651949291992313,-0.6651949291992313,-0.6651949291992313,-0.6651949291992313,-0.6651949291992313,-0.6651949291992313,-0.6651949291992313,-0.6651949291992313,-0.6651949291992313
1999-09-24,-0.9846787059178792,-0.9846787059178792,-0.9846787059178792,-0.9846787059178792,-0.9846787059178792,-0.9846787059178792,-0.9846787059178792,-0.9846787059178792,-0.9846787059178792,-0.9846787059178792,-0.9846787059178792,-0.9846787059178792,-0.9846787059178792,-0.9846787059178792,-0.9846787059178792
1999-09-25,-1.3451673664110302,-1.3451673664110302,-1.3451673664110302,-1.3451673664110302,-1.3451673664110302,-1.3451673664110302,-1.3451673664110302,-1.3451673664110302,-1.3451673664110302,-1.3451673664110302,-1.3451673664110302,-1.3451673664110302,-1.3451673664110302,-1.3451673664110302,-1.3451673664110302
1999-09-26,-1.6710604915877556,-1.6710604915877556,-1.6710604915877556,-1.6710604915877556,-1.6710604915877556,-1.6710604915877556,-1.6710604915877556,-1.6710604915877556,-1.6710604915877556,-1.6710604915877556,-1.6710604915877556,-1.6710604915877556,-1.6710604915877556,-1.6710604915877556,-1.6710604915877556
1999-09-27,-1.732652802850018,-1.732652802850018,-1.732652802850018,-1.732652802850018,-1.732652802850018,-1.732652802850018,-1.732652802850018,-1.732652802850018,-1.732652802850018,-1.732652802850018,-1.732652802850018,-1.732652802850018,-1.732652802850018,-1.732652802850018,-1.732652802850018
1999-09-28,-1.9920823713533495,-1.9920823713533495,-1.9920823713533495,-1.9920823713533495,-1.9920823713533495,-1.9920823713533495,-1.9920823713533495,-1.9920823713533495,-1.9920823713533495,-1.9920823713533495,-1.9920823713533495,-1.9920823713533495,-1.9920823713533495,-1.9920823713533495,-1.9920823713533495
1999-09-29,-2.380249052567975,-2.380249052567975,-2.380249052567975,-2.380249052567975,-2.380249052567975,-2.380249052567975,-2.380249052567975,-2.380249052567975,-2.380249052567975,-2.380249052567975,-2.380249052567975,-2.380249052567975,-2.380249052567975,-2.380249052567975,-2.380249052567975
1999-09-30,-2.4701698608328186,-2.4701698608328186,-2.4701698608328186,-2.4701698608328186,-2.4701698608328186,-2.4701698608328186,-2.4701698608328186,-2.4701698608328186,-2.4701698608328186,-2.4701698608328186,-2.4701698608328186,-2.4701698608328186,-2.4701698608328186,-2.4701698608328186,-2.4701698608328186
1999-10-01,-2.306196741809317,-2.306196741809317,-2.306196741809317,-2.306196741809317,-2.306196741809317,-2.306196741809317,-2.306196741809317,-2.306196741809317,-2.306196741809317,-2.306196741809317,-2.306196741809317,-2.306196741809317,-2.306196741809317,-2.306196741809317,-2.306196741809317
1999-10-02,-2.160186084493951,-2.160186084493951,-2.160186084493951,-2.160186084493951,-2.160186084493951,-2.160186084493951,-2.160186084493951,-2.160186084493951,-2.160186084493951,-2.160186084493951,-2.160186084493951,-2.160186084493951,-2.160186084493951,-2.160186084493951,-2.160186084493951
1999-10-03,-1.9538537396169768,-1.9538537396169768,-1.9538537396169768,-1.9538537396169768,-1.9538537396169768,-1.9538537396169768,-1.9538537396169768,-1.9538537396169768,-1.9538537396169768,-1.9538537396169768,-1.9538537396169768,-1.9538537396169768,-1.9538537396169768,-1.9538537396169768,-1.9538537396169768
1999-10-04,-1.772463806984708,-1.772463806984708,-1.772463806984708,-1.772463806984708,-1.772463806984708,-1.772463806984708,-1.772463806984708,-1.772463806984708,-1.772463806984708,-1.772463806984708,-1.772463806984708,-1.772463806984708,-1.772463806984708,-1.772463806984708,-1.772463806984708
1999-10-05,-1.948773073471078,-1.948773073471078,-1.948773073471078,-1.948773073471078,-1.948773073471078,-1.948773073471078,-1.948773073471078,-1.948773073471078,-1.948773073471078,-1.948773073471078,-1.948773073471078,-1.948773073471078,-1.948773073471078,-1.948773073471078,-1.948773073471078
1999-10-06,-1.8142245193473594,-1.8142245193473594,-1.8142245193473594,-1.8142245193473594,-1.8142245193473594,-1.8142245193473594,-1.8142245193473594,-1.8142245193473594,-1.8142245193473594,-1.8142245193473594,-1.8142245193473594,-1.8142245193473594,-1.8142245193473594,-1.8142245193473594,-1.8142245193473594
1999-10-07,-1.6906379468354262,-1.6906379468354262,-1.6906379468354262,-1.6906379468354262,-1.6906379468354262,-1.6906379468354262,-1.6906379468354262,-1.6906379468354262,-1.6906379468354262,-1.6906379468354262,-1.6906379468354262,-1.6906379468354262,-1.6906379468354262,-1.6906379468354262,-1.6906379468354262
1999-10-08,-1.7677723990738479,-1.7677723990738479,-1.7677723990738479,-1.7677723990738479,-1.7677723990738479,-1.7677723990738479,-1.7677723990738479,-1.7677723990738479,-1.7677723990738479,-1.7677723990738479,-1.7677723990738479,-1.7677723990738479,-1.7677723990738479,-1.7677723990738479,-1.7677723990738479
1999-10-09,-1.7804741218413924,-1.7804741218413924,-1.7804741218413924,-1.7804741218413924,-1.7804741218413924,-1.7804741218413924,-1.7804741218413924,-1.7804741218413924,-1.7804741218413924,-1.7804741218413924,-1.7804741218413924,-1.7804741218413924,-1.7804741218413924,-1.7804741218413924,-1.7804741218413924
1999-10-10,-1.3709295884311252,-1.3709295884311252,-1.3709295884311252,-1.3709295884311252,-1.3709295884311252,-1.3709295884311252,-1.3709295884311252,-1.3709295884311252,-1.3709295884311252,-1.3709295884311252,-1.3709295884311252,-1.3709295884311252,-1.3709295884311252,-1.3709295884311252,-1.3709295884311252
1999-10-11,-1.1386205291035774,-1.1386205291035774,-1.1386205291035774,-1.1386205291035774,-1.1386205291035774,-1.1386205291035774,-1.1386205291035774,-1.1386205291035774,-1.1386205291035774,-1.1386205291035774,-1.1386205291035774,-1.1386205291035774,-1.1386205291035774,-1.1386205291035774,-1.1386205291035774
1999-10-12,-1.1500067452483227,-1.1500067452483227,-1.1500067452483227,-1.1500067452483227,-1.1500067452483227,-1.1500067452483227,-1.1500067452483227,-1.1500067452483227,-1.1500067452483227,-1.1500067452483227,-1.1500067452483227,-1.1500067452483227,-1.1500067452483227,-1.1500067452483227,-1.1500067452483227
1999-10-13,-0.8392742573296823,-0.8392742573296823,-0.8392742573296823,-0.8392742573296823,-0.8392742573296823,-0.8392742573296823,-0.8392742573296823,-0.8392742573296823,-0.8392742573296823,-0.8392742573296823,-0.8392742573296823,-0.8392742573296823,-0.8392742573296823,-0.8392742573296823,-0.8392742573296823
1999-10-14,-0.7706675273524743,-0.7706675273524743,-0.7706675273524743,-0.7706675273524743,-0.7706675273524743,-0.7706675273524743,-0.7706675273524743,-0.7706675273524743,-0.7706675273524743,-0.7706675273524743,-0.7706675273524743,-0.7706675273524743,-0.7706675273524743,-0.7706675273524743,-0.7706675273524743
1999-10-15,-0.9603208914110235,-0.9603208914110235,-0.9603208914110235,-0.9603208914110235,-0.9603208914110235,-0.9603208914110235,-0.9603208914110235,-0.9603208914110235,-0.9603208914110235,-0.9603208914110235,-0.9603208914110235,-0.9603208914110235,-0.9603208914110235,-0.9603208914110235,-0.9603208914110235
1999-10-16,-1.0708840482410074,-1.0708840482410074,-1.0708840482410074,-1.0708840482410074,-1.0708840482410074,-1.0708840482410074,-1.0708840482410074,-1.0708840482410074,-1.0708840482410074,-1.0708840482410074,-1.0708840482410074,-1.0708840482410074,-1.0708840482410074,-1.0708840482410074,-1.0708840482410074
1999-10-17,-1.03700956159208,-1.03700956159208,-1.03700956159208,-1.03700956159208,-1.03700956159208,-1.03700956159208,-1.03700956159208,-1.03700956159208,-1.03700956159208,-1.03700956159208,-1.03700956159208,-1.03700956159208,-1.03700956159208,-1.03700956159208,-1.03700956159208
1999-10-18,-1.0731147709987274,-1.0731147709987274,-1.0731147709987274,-1.0731147709987274,-1.0731147709987274,-1.0731147709987274,-1.0731147709987274,-1.0731147709987274,-1.0731147709987274,-1.0731147709987274,-1.0731147709987274,-1.0731147709987274,-1.0731147709987274,-1.0731147709987274,-1.0731147709987274
1999-10-19,-1.0301958803171223,-1.0301958803171223,-1.0301958803171223,-1.0301958803171223,-1.0301958803171223,-1.0301958803171223,-1.0301958803171223,-1.0301958803171223,-1.0301958803171223,-1.0301958803171223,-1.0301958803171223,-1.0301958803171223,-1.0301958803171223,-1.0301958803171223,-1.0301958803171223
1999-10-20,-0.8431659507502222,-0.8431659507502222,-0.8431659507502222,-0.8431659507502222,-0.8431659507502222,-0.8431659507502222,-0.8431659507502222,-0.8431659507502222,-0.8431659507502222,-0.8431659507502222,-0.8431659507502222,-0.8431659507502222,-0.8431659507502222,-0.8431659507502222,-0.8431659507502222
1999-10-21,-0.8809765802721483,-0.8809765802721483,-0.8809765802721483,-0.8809765802721483,-0.8809765802721483,-0.8809765802721483,-0.8809765802721483,-0.8809765802721483,-0.8809765802721483,-0.8809765802721483,-0.8809765802721483,-0.8809765802721483,-0.8809765802721483,-0.8809765802721483,-0.8809765802721483
1999-10-22,-0.6571221741732247,-0.6571221741732247,-0.6571221741732247,-0.6571221741732247,-0.6571221741732247,-0.6571221741732247,-0.6571221741732247,-0.6571221741732247,-0.6571221741732247,-0.6571221741732247,-0.6571221741732247,-0.6571221741732247,-0.6571221741732247,-0.6571221741732247,-0.6571221741732247
1999-10-23,-0.6430254771172834,-0.6430254771172834,-0.6430254771172834,-0.6430254771172834,-0.6430254771172834,-0.6430254771172834,-0.6430254771172834,-0.6430254771172834,-0.6430254771172834,-0.6430254771172834,-0.6430254771172834,-0.6430254771172834,-0.6430254771172834,-0.6430254771172834,-0.6430254771172834
1999-10-24,-0.6574975253337357,-0.6574975253337357,-0.6574975253337357,-0.6574975253337357,-0.6574975253337357,-0.6574975253337357,-0.6574975253337357,-0.6574975253337357,-0.6574975253337357,-0.6574975253337357,-0.6574975253337357,-0.6574975253337357,-0.6574975253337357,-0.6574975253337357,-0.6574975253337357
1999-10-25,-0.4718573765621905,-0.4718573765621905,-0.4718573765621905,-0.4718573765621905,-0.4718573765621905,-0.4718573765621905,-0.4718573765621905,-0.4718573765621905,-0.4718573765621905,-0.4718573765621905,-0.4718573765621905,-0.4718573765621905,-0.4718573765621905,-0.4718573765621905,-0.4718573765621905
1999-10-26,-0.2889959172187698,-0.2889959172187698,-0.2889959172187698,-0.2889959172187698,-0.2889959172187698,-0.2889959172187698,-0.2889959172187698,-0.2889959172187698,-0.2889959172187698,-0.2889959172187698,-0.2889959172187698,-0.2889959172187698,-0.2889959172187698,-0.2889959172187698,-0.2889959172187698
1999-10-27,-0.19814320103377692,-0.19814320103377692,-0.19814320103377692,-0.19814320103377692,-0.19814320103377692,-0.19814320103377692,-0.19814320103377692,-0.19814320103377692,-0.19814320103377692,-0.19814320103377692,-0.19814320103377692,-0.19814320103377692,-0.19814320103377692,-0.19814320103377692,-0.19814320103377692
1999-10-28,-0.34023471126150473,-0.34023471126150473,-0.34023471126150473,-0.34023471126150473,-0.34023471126150473,-0.34023471126150473,-0.34023471126150473,-0.34023471126150473,-0.34023471126150473,-0.34023471126150473,-0.34023471126150473,-0.34023471126150473,-0.34023471126150473,-0.34023471126150473,-0.34023471126150473
1999-10-29,-0.2159446533717343,-0.2159446533717343,-0.2159446533717343,-0.2159446533717343,-0.2159446533717343,-0.2159446533717343,-0.2159446533717343,-0.2159446533717343,-0.2159446533717343,-0.2159446533717343,-0.2159446533717343,-0.2159446533717343,-0.2159446533717343,-0.2159446533717343,-0.2159446533717343
1999-10-30,-0.09741288573855825,-0.09741288573855825,-0.09741288573855825,-0.09741288573855825,-0.09741288573855825,-0.09741288573855825,-0.09741288573855825,-0.09741288573855825,-0.09741288573855825,-0.09741288573855825,-0.09741288573855825,-0.09741288573855825,-0.09741288573855825,-0.09741288573855825,-0.09741288573855825
1999-10-31,0.05874800294003711,0.05874800294003711,0.05874800294003711,0.05874800294003711,0.05874800294003711,0.05874800294003711,0.05874800294003711,0.05874800294003711,0.05874800294003711,0.05874800294003711,0.05874800294003711,0.05874800294003711,0.05874800294003711,0.05874800294003711,0.05874800294003711
1999-11-01,0.43688673856594173,0.43688673856594173,0.43688673856594173,0.43688673856594173,0.43688673856594173,0.43688673856594173,0.43688673856594173,0.43688673856594173,0.43688673856594173,0.43688673856594173,0.43688673856594173,0.43688673856594173,0.43688673856594173,0.43688673856594173,0.43688673856594173
1999-11-02,0.6085029208202813,0.6085029208202813,0.6085029208202813,0.6085029208202813,0.6085029208202813,0.6085029208202813,0.6085029208202813,0.6085029208202813,0.6085029208202813,0.6085029208202813,0.6085029208202813,0.6085029208202813,0.6085029208202813,0.6085029208202813,0.6085029208202813
1999-11-03,1.0933203290684403,1.0933203290684403,1.0933203290684403,1.0933203290684403,1.0933203290684403,1.0933203290684403,1.0933203290684403,1.0933203290684403,1.0933203290684403,1.0933203290684403,1.0933203290684403,1.0933203290684403,1.0933203290684403,1.0933203290684403,1.0933203290684403
1999-11-04,1.362655350284739,1.362655350284739,1.362655350284739,1.362655350284739,1.362655350284739,1.362655350284739,1.362655350284739,1.362655350284739,1.362655350284739,1.362655350284739,1.362655350284739,1.362655350284739,1.362655350284739,1.362655350284739,1.362655350284739
1999-11-05,1.609533229724264,1.609533229724264,1.609533229724264,1.609533229724264,1.609533229724264,1.609533229724264,1.609533229724264,1.609533229724264,1.609533229724264,1.609533229724264,1.609533229724264,1.609533229724264,1.609533229724264,1.609533229724264,1.609533229724264
1999-11-06,2.001561338695638,2.001561338695638,2.001561338695638,2.001561338695638,2.001561338695638,2.001561338695638,2.001561338695638,2.001561338695638,2.001561338695638,2.001561338695638,2.001561338695638,2.001561338695638,2.001561338695638,2.001561338695638,2.001561338695638
1999-11-07,2.417372683005293,2.417372683005293,2.417372683005293,2.417372683005293,2.417372683005293,2.417372683005293,2.417372683005293,2.417372683005293,2.417372683005293,2.417372683005293,2.417372683005293,2.417372683005293,2.417372683005293,2.417372683005293,2.417372683005293
1999-11-08,2.517605084885215,2.517605084885215,2.517605084885215,2.517605084885215,2.517605084885215,2.517605084885215,2.517605084885215,2.517605084885215,2.517605084885215,2.517605084885215,2.517605084885215,2.517605084885215,2.517605084885215,2.517605084885215,2.517605084885215
1999-11-09,2.527968798069264,2.527968798069264,2.527968798069264,2.527968798069264,2.527968798069264,2.527968798069264,2.527968798069264,2.527968798069264,2.527968798069264,2.527968798069264,2.527968798069264,2.527968798069264,2.527968798069264,2.527968798069264,2.527968798069264
1999-11-10,2.273186477458818,2.273186477458818,2.273186477458818,2.273186477458818,2.273186477458818,2.273186477458818,2.273186477458818,2.273186477458818,2.273186477458818,2.273186477458818,2.273186477458818,2.273186477458818,2.273186477458818,2.273186477458818,2.273186477458818
1999-11-11,2.302641407797766,2.302641407797766,2.302641407797766,2.302641407797766,2.302641407797766,2.302641407797766,2.302641407797766,2.302641407797766,2.302641407797766,2.302641407797766,2.302641407797766,2.302641407797766,2.302641407797766,2.302641407797766,2.302641407797766
1999-11-12,2.06885045209494,2.06885045209494,2.06885045209494,2.06885045209494,2.06885045209494,2.06885045209494,2.06885045209494,2.06885045209494,2.06885045209494,2.06885045209494,2.06885045209494,2.06885045209494,2.06885045209494,2.06885045209494,2.06885045209494
1999-11-13,1.894532446319976,1.894532446319976,1.894532446319976,1.894532446319976,1.894532446319976,1.894532446319976,1.894532446319976,1.894532446319976,1.894532446319976,1.894532446319976,1.894532446319976,1.894532446319976,1.894532446319976,1.894532446319976,1.894532446319976
1999-11-14,1.8077066762802754,1.8077066762802754,1.8077066762802754,1.8077066762802754,1.8077066762802754,1.8077066762802754,1.8077066762802754,1.8077066762802754,1.8077066762802754,1.8077066762802754,1.8077066762802754,1.8077066762802754,1.8077066762802754,1.8077066762802754,1.8077066762802754
1999-11-15,1.4862051931151645,1.4862051931151645,1.4862051931151645,1.4862051931151645,1.4862051931151645,1.4862051931151645,1.4862051931151645,1.4862051931151645,1.4862051931151645,1.4862051931151645,1.4862051931151645,1.4862051931151645,1.4862051931151645,1.4862051931151645,1.4862051931151645
1999-11-16,1.1870445273051935,1.1870445273051935,1.1870445273051935,1.1870445273051935,1.1870445273051935,1.1870445273051935,1.1870445273051935,1.1870445273051935,1.1870445273051935,1.1870445273051935,1.1870445273051935,1.1870445273051935,1.1870445273051935,1.1870445273051935,1.1870445273051935
1999-11-17,1.2747926380215013,1.2747926380215013,1.2747926380215013,1.2747926380215013,1.2747926380215013,1.2747926380215013,1.2747926380215013,1.2747926380215013,1.2747926380215013,1.2747926380215013,1.2747926380215013,1.2747926380215013,1.2747926380215013,1.2747926380215013,1.2747926380215013
1999-11-18,1.2204633868912689,1.2204633868912689,1.2204633868912689,1.2204633868912689,1.2204633868912689,1.2204633868912689,1.2204633868912689,1.2204633868912689,1.2204633868912689,1.2204633868912689,1.2204633868912689,1.2204633868912689,1.2204633868912689,1.2204633868912689,1.2204633868912689
1999-11-19,1.0963980606024044,1.0963980606024044,1.0963980606024044,1.0963980606024044,1.0963980606024044,1.0963980606024044,1.0963980606024044,1.0963980606024044,1.0963980606024044,1.0963980606024044,1.0963980606024044,1.0963980606024044,1.0963980606024044,1.0963980606024044,1.0963980606024044
1999-11-20,0.8761728808803534,0.8761728808803534,0.8761728808803534,0.8761728808803534,0.8761728808803534,0.8761728808803534,0.8761728808803534,0.8761728808803534,0.8761728808803534,0.8761728808803534,0.8761728808803534,0.8761728808803534,0.8761728808803534,0.8761728808803534,0.8761728808803534
1999-11-21,0.7290658532732374,0.7290658532732374,0.7290658532732374,0.7290658532732374,0.7290658532732374,0.7290658532732374,0.7290658532732374,0.7290658532732374,0.7290658532732374,0.7290658532732374,0.7290658532732374,0.7290658532732374,0.7290658532732374,0.7290658532732374,0.7290658532732374
1999-11-22,0.28502077729858183,0.28502077729858183,0.28502077729858183,0.28502077729858183,0.28502077729858183,0.28502077729858183,0.28502077729858183,0.28502077729858183,0.28502077729858183,0.28502077729858183,0.28502077729858183,0.28502077729858183,0.28502077729858183,0.28502077729858183,0.28502077729858183
1999-11-23,-0.010439277209052628,-0.010439277209052628,-0.010439277209052628,-0.010439277209052628,-0.010439277209052628,-0.010439277209052628,-0.010439277209052628,-0.010439277209052628,-0.010439277209052628,-0.010439277209052628,-0.010439277209052628,-0.010439277209052628,-0.010439277209052628,-0.010439277209052628,-0.010439277209052628
1999-11-24,-0.16983022094192843,-0.16983022094192843,-0.16983022094192843,-0.16983022094192843,-0.16983022094192843,-0.16983022094192843,-0.16983022094192843,-0.16983022094192843,-0.16983022094192843,-0.16983022094192843,-0.16983022094192843,-0.16983022094192843,-0.16983022094192843,-0.16983022094192843,-0.16983022094192843
1999-11-25,-0.3144377554016097,-0.3144377554016097,-0.3144377554016097,-0.3144377554016097,-0.3144377554016097,-0.3144377554016097,-0.3144377554016097,-0.3144377554016097,-0.3144377554016097,-0.3144377554016097,-0.3144377554016097,-0.3144377554016097,-0.3144377554016097,-0.3144377554016097,-0.3144377554016097
1999-11-26,-0.4412090353890587,-0.4412090353890587,-0.4412090353890587,-0.4412090353890587,-0.4412090353890587,-0.4412090353890587,-0.4412090353890587,-0.4412090353890587,-0.4412090353890587,-0.4412090353890587,-0.4412090353890587,-0.4412090353890587,-0.4412090353890587,-0.4412090353890587,-0.4412090353890587
1999-11-27,-0.4873871015929344,-0.4873871015929344,-0.4873871015929344,-0.4873871015929344,-0.4873871015929344,-0.4873871015929344,-0.4873871015929344,-0.4873871015929344,-0.4873871015929344,-0.4873871015929344,-0.4873871015929344,-0.4873871015929344,-0.4873871015929344,-0.4873871015929344,-0.4873871015929344
1999-11-28,-0.23193969881908416,-0.23193969881908416,-0.23193969881908416,-0.23193969881908416,-0.23193969881908416,-0.23193969881908416,-0.23193969881908416,-0.23193969881908416,-0.23193969881908416,-0.23193969881908416,-0.23193969881908416,-0.23193969881908416,-0.23193969881908416,-0.23193969881908416,-0.23193969881908416
1999-11-29,-0.4723574424159626,-0.4723574424159626,-0.4723574424159626,-0.4723574424159626,-0.4723574424159626,-0.4723574424159626,-0.4723574424159626,-0.4723574424159626,-0.4723574424159626,-0.4723574424159626,-0.4723574424159626,-0.4723574424159626,-0.4723574424159626,-0.4723574424159626,-0.4723574424159626
1999-11-30,-0.43997318399194196,-0.43997318399194196,-0.43997318399194196,-0.43997318399194196,-0.43997318399194196,-0.43997318399194196,-0.43997318399194196,-0.43997318399194196,-0.43997318399194196,-0.43997318399194196,-0.43997318399194196,-0.43997318399194196,-0.43997318399194196,-0.43997318399194196,-0.43997318399194196
1999-12-01,-0.7060880116405986,-0.7060880116405986,-0.7060880116405986,-0.7060880116405986,-0.7060880116405986,-0.7060880116405986,-0.7060880116405986,-0.7060880116405986,-0.7060880116405986,-0.7060880116405986,-0.7060880116405986,-0.7060880116405986,-0.7060880116405986,-0.7060880116405986,-0.7060880116405986
1999-12-02,-0.5269934174560004,-0.5269934174560004,-0.5269934174560004,-0.5269934174560004,-0.5269934174560004,-0.5269934174560004,-0.5269934174560004,-0.5269934174560004,-0.5269934174560004,-0.5269934174560004,-0.5269934174560004,-0.5269934174560004,-0.5269934174560004,-0.5269934174560004,-0.5269934174560004
1999-12-03,-0.6478873106821974,-0.6478873106821974,-0.6478873106821974,-0.6478873106821974,-0.6478873106821974,-0.6478873106821974,-0.6478873106821974,-0.6478873106821974,-0.6478873106821974,-0.6478873106821974,-0.6478873106821974,-0.6478873106821974,-0.6478873106821974,-0.6478873106821974,-0.6478873106821974
1999-12-04,-0.5462403293509286,-0.5462403293509286,-0.5462403293509286,-0.5462403293509286,-0.5462403293509286,-0.5462403293509286,-0.5462403293509286,-0.5462403293509286,-0.5462403293509286,-0.5462403293509286,-0.5462403293509286,-0.5462403293509286,-0.5462403293509286,-0.5462403293509286,-0.5462403293509286
1999-12-05,-0.36800791120415605,-0.36800791120415605,-0.36800791120415605,-0.36800791120415605,-0.36800791120415605,-0.36800791120415605,-0.36800791120415605,-0.36800791120415605,-0.36800791120415605,-0.36800791120415605,-0.36800791120415605,-0.36800791120415605,-0.36800791120415605,-0.36800791120415605,-0.36800791120415605
1999-12-06,-0.20289792074261692,-0.20289792074261692,-0.20289792074261692,-0.20289792074261692,-0.20289792074261692,-0.20289792074261692,-0.20289792074261692,-0.20289792074261692,-0.20289792074261692,-0.20289792074261692,-0.20289792074261692,-0.20289792074261692,-0.20289792074261692,-0.20289792074261692,-0.20289792074261692
1999-12-07,-0.06042115351842828,-0.06042115351842828,-0.06042115351842828,-0.06042115351842828,-0.06042115351842828,-0.06042115351842828,-0.06042115351842828,-0.06042115351842828,-0.06042115351842828,-0.06042115351842828,-0.06042115351842828,-0.06042115351842828,-0.06042115351842828,-0.06042115351842828,-0.06042115351842828
1999-12-08,-0.03633398911057812,-0.03633398911057812,-0.03633398911057812,-0.03633398911057812,-0.03633398911057812,-0.03633398911057812,-0.03633398911057812,-0.03633398911057812,-0.03633398911057812,-0.03633398911057812,-0.03633398911057812,-0.03633398911057812,-0.03633398911057812,-0.03633398911057812,-0.03633398911057812
1999-12-09,0.17786409647147342,0.17786409647147342,0.17786409647147342,0.17786409647147342,0.17786409647147342,0.17786409647147342,0.17786409647147342,0.17786409647147342,0.17786409647147342,0.17786409647147342,0.17786409647147342,0.17786409647147342,0.17786409647147342,0.17786409647147342,0.17786409647147342
1999-12-10,0.3826786490095515,0.3826786490095515,0.3826786490095515,0.3826786490095515,0.3826786490095515,0.3826786490095515,0.3826786490095515,0.3826786490095515,0.3826786490095515,0.3826786490095515,0.3826786490095515,0.3826786490095515,0.3826786490095515,0.3826786490095515,0.3826786490095515
1999-12-11,0.6704601136730727,0.6704601136730727,0.6704601136730727,0.6704601136730727,0.6704601136730727,0.6704601136730727,0.6704601136730727,0.6704601136730727,0.6704601136730727,0.6704601136730727,0.6704601136730727,0.6704601136730727,0.6704601136730727,0.6704601136730727,0.6704601136730727
1999-12-12,0.511746277397616,0.511746277397616,0.511746277397616,0.511746277397616,0.511746277397616,0.511746277397616,0.511746277397616,0.511746277397616,0.511746277397616,0.511746277397616,0.511746277397616,0.511746277397616,0.511746277397616,0.511746277397616,0.511746277397616
1999-12-13,0.5731326545613881,0.5731326545613881,0.5731326545613881,0.5731326545613881,0.5731326545613881,0.5731326545613881,0.5731326545613881,0.5731326545613881,0.5731326545613881,0.5731326545613881,0.5731326545613881,0.5731326545613881,0.5731326545613881,0.5731326545613881,0.5731326545613881
1999-12-14,0.4675380177339408,0.4675380177339408,0.4675380177339408,0.4675380177339408,0.4675380177339408,0.4675380177339408,0.4675380177339408,0.4675380177339408,0.4675380177339408,0.4675380177339408,0.4675380177339408,0.4675380177339408,0.4675380177339408,0.4675380177339408,0.4675380177339408
1999-12-15,0.6063732622783687,0.6063732622783687,0.6063732622783687,0.6063732622783687,0.6063732622783687,0.6063732622783687,0.6063732622783687,0.6063732622783687,0.6063732622783687,0.6063732622783687,0.6063732622783687,0.6063732622783687,0.6063732622783687,0.6063732622783687,0.6063732622783687
1999-12-16,0.8377839130077271,0.8377839130077271,0.8377839130077271,0.8377839130077271,0.8377839130077271,0.8377839130077271,0.8377839130077271,0.8377839130077271,0.8377839130077271,0.8377839130077271,0.8377839130077271,0.8377839130077271,0.8377839130077271,0.8377839130077271,0.8377839130077271
1999-12-17,1.2203165834946923,1.2203165834946923,1.2203165834946923,1.2203165834946923,1.2203165834946923,1.2203165834946923,1.2203165834946923,1.2203165834946923,1.2203165834946923,1.2203165834946923,1.2203165834946923,1.2203165834946923,1.2203165834946923,1.2203165834946923,1.2203165834946923
1999-12-18,1.2494935671429879,1.2494935671429879,1.2494935671429879,1.2494935671429879,1.2494935671429879,1.2494935671429879,1.2494935671429879,1.2494935671429879,1.2494935671429879,1.2494935671429879,1.2494935671429879,1.2494935671429879,1.2494935671429879,1.2494935671429879,1.2494935671429879
1999-12-19,1.4202044794338182,1.4202044794338182,1.4202044794338182,1.4202044794338182,1.4202044794338182,1.4202044794338182,1.4202044794338182,1.4202044794338182,1.4202044794338182,1.4202044794338182,1.4202044794338182,1.4202044794338182,1.4202044794338182,1.4202044794338182,1.4202044794338182
1999-12-20,1.5521749412463626,1.5521749412463626,1.5521749412463626,1.5521749412463626,1.5521749412463626,1.5521749412463626,1.5521749412463626,1.5521749412463626,1.5521749412463626,1.5521749412463626,1.5521749412463626,1.5521749412463626,1.5521749412463626,1.5521749412463626,1.5521749412463626
1999-12-21,1.3385335081774257,1.3385335081774257,1.3385335081774257,1.3385335081774257,1.3385335081774257,1.3385335081774257,1.3385335081774257,1.3385335081774257,1.3385335081774257,1.3385335081774257,1.3385335081774257,1.3385335081774257,1.3385335081774257,1.3385335081774257,1.3385335081774257
1999-12-22,1.2757684543169712,1.2757684543169712,1.2757684543169712,1.2757684543169712,1.2757684543169712,1.2757684543169712,1.2757684543169712,1.2757684543169712,1.2757684543169712,1.2757684543169712,1.2757684543169712,1.2757684543169712,1.2757684543169712,1.2757684543169712,1.2757684543169712
1999-12-23,1.332968497393899,1.332968497393899,1.332968497393899,1.332968497393899,1.332968497393899,1.332968497393899,1.332968497393899,1.332968497393899,1.332968497393899,1.332968497393899,1.332968497393899,1.332968497393899,1.332968497393899,1.332968497393899,1.332968497393899
1999-12-24,1.4767225979095937,1.4767225979095937,1.4767225979095937,1.4767225979095937,1.4767225979095937,1.4767225979095937,1.4767225979095937,1.4767225979095937,1.4767225979095937,1.4767225979095937,1.4767225979095937,1.4767225979095937,1.4767225979095937,1.4767225979095937,1.4767225979095937
1999-12-25,1.3978201995438937,1.3978201995438937,1.3978201995438937,1.3978201995438937,1.3978201995438937,1.3978201995438937,1.3978201995438937,1.3978201995438937,1.3978201995438937,1.3978201995438937,1.3978201995438937,1.3978201995438937,1.3978201995438937,1.3978201995438937,1.3978201995438937
1999-12-26,1.2829080828383592,1.2829080828383592,1.2829080828383592,1.2829080828383592,1.2829080828383592,1.2829080828383592,1.2829080828383592,1.2829080828383592,1.2829080828383592,1.2829080828383592,1.2829080828383592,1.2829080828383592,1.2829080828383592,1.2829080828383592,1.2829080828383592
1999-12-27,0.8544444277133961,0.8544444277133961,0.8544444277133961,0.8544444277133961,0.8544444277133961,0.8544444277133961,0.8544444277133961,0.8544444277133961,0.8544444277133961,0.8544444277133961,0.8544444277133961,0.8544444277133961,0.8544444277133961,0.8544444277133961,0.8544444277133961
1999-12-28,0.7434288356326042,0.7434288356326042,0.7434288356326042,0.7434288356326042,0.7434288356326042,0.7434288356326042,0.7434288356326042,0.7434288356326042,0.7434288356326042,0.7434288356326042,0.7434288356326042,0.7434288356326042,0.7434288356326042,0.7434288356326042,0.7434288356326042
1999-12-29,0.6395886893208965,0.6395886893208965,0.6395886893208965,0.6395886893208965,0.6395886893208965,0.6395886893208965,0.6395886893208965,0.6395886893208965,0.6395886893208965,0.6395886893208965,0.6395886893208965,0.6395886893208965,0.6395886893208965,0.6395886893208965,0.6395886893208965
1999-12-30,0.3599395367645666,0.3599395367645666,0.3599395367645666,0.3599395367645666,0.3599395367645666,0.3599395367645666,0.3599395367645666,0.3599395367645666,0.3599395367645666,0.3599395367645666,0.3599395367645666,0.3599395367645666,0.3599395367645666,0.3599395367645666,0.3599395367645666
1999-12-31,-0.2381079787324912,-0.2381079787324912,-0.2381079787324912,-0.2381079787324912,-0.2381079787324912,-0.2381079787324912,-0.2381079787324912,-0.2381079787324912,-0.2381079787324912,-0.2381079787324912,-0.2381079787324912,-0.2381079787324912,-0.2381079787324912,-0.2381079787324912,-0.2381079787324912
2000-01-01,-0.38364384233553517,-0.4238439350575678,-0.37617837944875093,-0.4583496455418645,-0.33496298402913044,-0.3549718120937862,-0.4275865099725955,-0.3332202768537653,-0.44581196691963176,-0.37651639332515957,-0.4008606336318266,-0.39235290699222936,-0.4075066526526854,-0.39465715168349325,-0.38800471650119267
2000-01-02,-0.6139203096908039,-0.5269623927349173,-0.5124336972755277,-0.6165983441649195,-0.5173318272944316,-0.6995321745201595,-0.702074135689049,-0.6156417144526818,-0.7235147193135024,-0.5483621211560191,-0.6966705950611981,-0.6404205127489226,-0.728607976857234,-0.7181752830988254,-0.5536593539370734
2000-01-03,-0.902192982262716,-0.6799418741103767,-0.42451592989166415,-0.7883448963180896,-0.6485618322592549,-0.7979750756048413,-0.9850604633913703,-0.8839568471012955,-0.9432808439845436,-0.7207253003834252,-0.8096046129674677,-0.7643553584204318,-1.1623886286177918,-0.7052478182377827,-0.9921940192211797
2000-01-04,-1.0983252778925072,-0.8099690232326304,-0.5416641832767721,-0.8551901412654248,-0.864606083884723,-0.8063134530494455,-1.1660827368348212,-1.1216264036303636,-1.3204832262942776,-0.7666689020741851,-0.8328367619730968,-0.7591050254297558,-1.482623889613202,-0.6586341120933689,-1.119013351024947
2000-01-05,-1.010981990934646,-0.8039622886976431,-0.6677644124344772,-0.8042448882323654,-0.8811722949016781,-0.6606452433040308,-1.0392966547737164,-0.9990966165855757,-1.2445181244477905,-0.8671171496686282,-0.6293524522797556,-0.6286804606956009,-1.5393727122957697,-0.5934574788591838,-0.9465991157383894
2000-01-06,-0.7920171305293914,-0.5212182982172586,-0.41920648773532115,-0.6044259466783447,-0.7773923158147404,-0.23895845996411524,-0.8364442539438812,-0.835662149841207,-0.9105304834977754,-0.6827147993488946,-0.13145888543993248,-0.46027012579984544,-1.480082626050806,-0.1774205567832465,-0.6761836758691259
2000-01-07,-0.8850483074141451,-0.7615729165675592,-0.4357817817745731,-0.6998405983783034,-0.9034953177689616,-0.13138063275719278,-0.8620993427641076,-0.905261994704948,-0.8437949804118631,-0.8398467165867497,-0.046364716965356254,-0.8871498563963872,-1.53517985421108,-0.3911334647541526,-0.7088465138950613
2000-01-08,-1.087088449415081,-0.9366215469246353,-0.6502376277235062,-0.8942495493719541,-1.0577612442612043,-0.26223936435580936,-0.8861641810981934,-1.1091012154769597,-1.0198541106547552,-1.1611382154973886,-0.30796731063321964,-1.1571367412839741,-1.527187544668923,-0.45602710249704526,-0.8279462385629957
2000-01-09,-1.0450550139197028,-0.9927616775977968,-0.7492983738370709,-0.8161227726838141,-1.3552937977383037,-0.08912805787028809,-0.5793804624151375,-0.8874699432843992,-0.8927814934801234,-1.446656436728871,-0.42852107404871886,-1.0894416650537415,-1.3667301054431344,-0.3073693481919515,-1.0515141592592694
2000-01-10,-0.8447223449060646,-0.8917671603258267,-0.7076539461495274,-0.8151756695296627,-1.2732756736431197,0.2309061745974466,-0.5813122365772269,-1.0323685981664856,-0.6538693273360964,-1.48093996441703,-0.440977978414864,-0.7802068815602593,-1.228002766482214,0.005465830115395652,-1.0383570391926427
2000-01-11,-0.8554498587931253,-0.8907072597633424,-0.8187655734897689,-1.1119798339507418,-1.4863879425189166,0.050968213946298836,-0.5939693099435894,-0.8739039681301365,-0.6551854222816478,-1.644551033527139,-0.6247081861967343,-0.6608627115294191,-1.2753281191290802,0.5001703626270422,-1.128158466351394
2000-01-12,-0.8842622602228434,-1.1764417549531454,-1.0554417624527859,-1.1477190604360592,-1.7517351545671707,-0.23204398653552472,-0.3404676197493269,-0.8721802750641714,-0.8829342338158512,-2.045364303716737,-0.7362609538059897,-0.578147372543868,-1.3336129312377862,0.8056836605645661,-0.9485849466030625
2000-01-13,-0.7975243764375289,-1.1128716613373546,-1.0002276675204242,-1.1326805587851512,-1.7465935801758974,0.0002487045373691888,0.09087126319534691,-0.5760443492691376,-0.856711336122719,-2.299902171916017,-0.4902171131147726,-0.5326281447515219,-1.0579588224966574,0.8930469372260669,-1.1671745447575639
2000-01-14,-0.8229914063264279,-1.0859816766185826,-0.8485410113679849,-0.9834100569545052,-1.6366566266091975,0.17138827455970937,0.7077113805624499,-0.7306491403584862,-1.029038497360098,-2.300601249609598,-0.38588769489739855,-0.2785394352332163,-0.5620256569097932,1.0344491244790421,-1.3197996442162656
2000-01-15,-0.7978850468496819,-1.3101484107628112,-0.858985243261755,-0.7422454202298706,-1.4672155974754788,0.5879040375591849,1.044803428566816,-0.48454486040379663,-1.0361065696566754,-2.1481073417230863,-0.5121534310477159,-0.326110176113351,-0.33430485401999455,1.0633900031332437,-1.27772741627833
2000-01-16,-0.6441351595246729,-1.448125821093858,-0.7602815638463785,-0.7195511680819776,-1.4006310875802732,0.7758067383411928,1.3407443624167654,-0.4063691314762998,-0.9060287131713082,-1.8424705260619028,-0.6005682215780723,-0.33110238775971623,-0.3795551496494092,1.2655950817217791,-0.9570840663763217
2000-01-17,-0.49920717033913864,-1.249263294207605,-0.7789468859687744,-0.5662509418719907,-1.1165713808227058,1.1041413348029923,1.7233038747454157,-0.3407486214753825,-0.9891253168923967,-1.548347554584339,-0.8041818055221107,-0.07251691564247557,-0.5645851984278111,1.4845838260090105,-0.6550202950097046
2000-01-18,-0.4829919497743424,-1.2210338138417625,-0.5270982633914074,-0.732477653972124,-0.9371543575652531,1.0458704406117556,1.6906260129796695,-0.4855101156800032,-1.0608704295390297,-1.4923339462810628,-0.890215174671393,0.04043874908696307,-0.9134742862910211,1.2981944352817547,-0.3839444222113549
2000-01-19,-0.5750758384481013,-1.2300792019247637,-0.3960594339835228,-0.7123991870869543,-0.8674838258229198,0.9294545839001832,1.3448005844079811,-0.35850284482925054,-1.209914032034572,-1.2401361667327606,-0.8047868847898114,-0.1269671714148308,-1.1819722573386542,0.9696750071985506,0.053691535520761474
2000-01-20,-0.7306685536419438,-1.104318632135436,-0.31543794123747926,-0.838114068210851,-0.9663726919559169,0.6606399946682403,0.9200913956034426,-0.5523370703892553,-1.0142890292413629,-0.8874362501901947,-1.1639761369573993,-0.2753782842811867,-1.0407146107253027,0.8454099031560365,0.1398222303839248
2000-01-21,-0.9447826062233431,-0.7121498150203843,-0.5146882978409356,-1.0123472011720003,-0.9917785388658974,0.6553875186956476,0.4606043887227974,-0.5974461531068183,-0.6315820631657917,-0.8858118902027754,-1.5044091862480444,-0.21214080458714643,-1.1671172178824665,0.9386150934566825,-0.014756012900389547
2000-01-22,-1.236226690893567,-0.5080778522628434,-0.4368193455130733,-0.8699983248542432,-1.0920143685143102,0.552105809192266,0.09209280893801963,-0.9552564656405875,-0.35503248794903053,-1.0830987146563196,-1.6423497709350732,-0.43404512487846225,-1.287736120566749,0.5106254206682809,0.00011091803787002481
2000-01-23,-1.7317189961397306,-0.5729021328510641,-0.44999627103373285,-0.78462594136938,-1.2188961219653016,0.6677265683061885,-0.044866130024330944,-0.956433817982061,-0.146697333110103,-1.3574689558846398,-1.5003886478076212,-0.8264213715308617,-1.0592370144791794,0.10143972261520319,-0.13924226766505113
2000-01-24,-1.8459866141068677,-0.5969276476681604,-0.4169169172183985,-0.7377140329551366,-0.9627346572209365,0.8398552646091033,-0.09138982733325761,-1.1087313602331144,-0.2542560890696005,-1.525252199030378,-1.5789123640528582,-1.0973929985958568,-0.9962912809066462,-0.057290628035617644,0.08800833630708745
2000-01-25,-2.072373165436189,-0.6965938030962336,-0.6983250987953423,-1.0131743023337916,-0.5739282792308096,1.1855713963273027,-0.043334874202553504,-1.1149238348619765,-0.3884737434347948,-1.215362902313424,-1.7582223903407865,-1.2175571682338064,-0.8066725513520051,-0.25363752934943506,0.11369248399009588
2000-01-26,-2.3669746819310435,-0.874505032620708,-0.793621772521337,-0.971648115741354,-0.2769972622115732,0.9708156117136164,-0.4446667138906405,-0.881986590307348,-0.6436445539683099,-1.0479800588527086,-1.5325035647329808,-1.2499921836863792,-0.6064232246988839,-0.70344854079782,0.1647620910454706
2000-01-27,-2.6340699876753577,-1.1570560437524855,-0.7902617199100154,-0.8368638124269467,0.01864102056542003,0.8964809120206293,-0.884113613563807,-0.7688049288742471,-0.7679783754048091,-0.8553156920459674,-1.3569712278529047,-1.3255756870607265,-0.5589683025419022,-0.963271253898845,0.3377956578642211
2000-01-28,-2.7160324468219073,-1.3948951341369344,-0.46203514561968034,-0.756514282257043,0.01772175998676385,1.0265703925848393,-1.0780005627654525,-0.5623155797565558,-1.203639263490894,-0.8406263778763257,-1.3901092837214386,-1.2507404694716255,-0.31467196700202615,-1.131985810121965,0.6875252954445231
2000-01-29,-2.7851442839833385,-1.845493440597213,-0.2580715226652035,-0.8044000008949026,-0.1761913526201588,1.1484694929973378,-0.7960077079393021,-0.3869106712490884,-1.5796682286156682,-0.6528423394709849,-1.410021121348233,-0.8886137074064727,0.008055776068069502,-1.1354077009486507,0.6649797937900183
2000-01-30,-2.6742222604396737,-2.358528152543237,0.109095327663162,-0.7690939103891006,-0.30436181407753254,1.4049769943355932,-0.5109020934624319,-0.4968077555671819,-1.9642760016541034,-0.6674826954453147,-1.2311158533352708,-1.1178321340924575,0.3083161495996947,-1.066123794574106,0.3643378177002051
2000-01-31,-2.4795760184136886,-2.494898056426143,0.7617646281649098,-0.6816596513290514,-0.2691129233832075,1.1230619585568642,-0.29894186916163407,-0.8625369074739068,-1.5085515047715832,-0.5898754131834488,-1.3363071621728486,-1.332132085088218,0.7072842398509501,-1.1962566256087332,0.045257587936105945
2000-02-01,-2.379910764664019,-2.329236533268948,1.0696746673292394,-0.30103558988941276,-0.317997523165031,0.8630777204999953,-0.0162430988022618,-0.9168864605534022,-1.1213736201243565,-0.4670171373972489,-1.3875060147051361,-1.6409498595467513,0.5993522101336796,-1.2979824543003804,-0.16315754534833446
2000-02-02,-2.2553161795228927,-2.2287637047468523,1.4020661416173763,-0.07682356027066213,-0.22704044845158267,0.4733689236802743,0.16221121451725468,-0.8448500870830236,-0.7441824808726828,-0.27871937477719705,-1.4721783370399144,-1.7514477943937945,0.24841576549035474,-1.0956159430924073,-0.2792754198524844
2000-02-03,-2.1797044132867205,-1.9815296174317714,1.605764984915071,-0.10490484033205341,0.022277389138277204,0.11080117815818273,-0.05118925081804817,-0.8934615435179741,-0.5525940689228367,-0.019457407969213587,-1.3033111841123406,-1.6859092137526186,0.23876143908511252,-0.8628131990804738,-0.46021770088380054
2000-02-04,-1.987185719308908,-1.6963975685008532,1.7578461680076365,-0.1982761430528335,0.046627844008216124,-0.14822931139229759,-0.12415334540161899,-0.8316632491004786,-0.15854674813019018,0.15480791775380306,-0.9962020835686207,-1.5916342475025071,0.19019755166175578,-0.24517515038860516,-0.6272387976856375
2000-02-05,-1.8607976224088496,-1.4420684615486794,2.0800979133530215,-0.4101609881678159,-0.09483511883794501,-0.44897300156047515,-0.09753460070442789,-1.066206680933036,-0.045681171753735865,0.11856134279539114,-0.9869362341418451,-1.5166476440786705,0.4950544941069963,0.00453912533090029,-0.37123199035867427
2000-02-06,-1.7473291907436959,-1.381132751241653,2.15547748678746,-0.685919597416989,-0.11693558826274436,-0.5126545377279613,-0.04228092984712267,-1.0811738737538572,0.020702460011205556,0.18235613993961772,-1.0636875238524328,-1.2724700816343022,0.7108837267886349,0.7090078129336761,-0.09286390845051912
2000-02-07,-2.030027381398895,-1.1772582776536835,2.108087232179808,-0.6933921765961272,-0.1379484329815237,-0.5744175831703151,0.050899936816538004,-1.227019003187376,0.10396516117152946,0.28905802873373976,-1.1156196462742183,-0.9850927340989579,0.6598658591653649,1.2389700136861057,-0.12090884130882397
2000-02-08,-2.092228807691497,-1.1487306038305645,2.1296364249315802,-0.5441946226607427,-0.36136673004355946,-0.45338796700542083,-0.12352302874361157,-1.3502945902885692,-0.16442594938167368,0.19880107205945588,-1.3292955866450464,-0.5429151861479119,0.26586859091550397,1.7587531653042012,-0.20112833891239615
2000-02-09,-2.0836812192338945,-1.509085285775828,2.2613768008426405,-0.4285687209196721,-0.521229209368648,-0.44354094952893247,0.21425377822850672,-1.2664268533435123,-0.27887867374589054,0.07885379760936122,-1.2022099951052108,-0.30735674763770066,0.3676440471131188,1.9703965092090707,-0.1578434813653618
2000-02-10,-2.013561417399426,-1.5792796737474561,2.225572491825448,-0.30577005726514556,-0.6957168664956094,-0.1545966228944092,0.19569232783424634,-1.1375099675132312,-0.36751242394727063,-0.10253060277769382,-1.1967121306907025,-0.39540987334025096,0.5528029034423385,2.1640002011017483,-0.27602318660115627
2000-02-11,-2.121122188129733,-1.502328177096106,2.2689940972016354,-0.1986302098343019,-0.5251677668377124,-0.30277476284622257,-0.011276090377979813,-1.1275024057446177,-0.07050533461326529,0.10614986635295759,-1.3368163382565619,-0.17582685457353772,0.6372070411673341,2.3237166983048727,-0.23575209898932786
2000-02-12,-2.24201834317382,-1.4267922946477738,2.5002390300777297,-0.3304590806001971,-0.46045046808593576,-0.7977867448774555,-0.23482681234947447,-0.8229742387459844,0.2773014246835757,0.1426982273169384,-0.914046011350618,0.5230012491676409,0.599643152581676,2.438666014519285,-0.3348598091573854
2000-02-13,-1.8685896813911602,-1.2531288188094871,2.934656950350536,-0.5783089550823464,-0.10812638291282156,-1.1545329169468022,-0.024082075322683912,-0.6218009097989037,0.2087946203488038,0.30329352295698647,-0.8620480659799734,1.1497586423320159,0.38166664942855033,2.1770112762992366,-0.2528159849134741
2000-02-14,-1.2099585515739737,-1.0997765886841826,3.1440240944569258,-0.5832190482468602,0.37841153392257026,-1.3121416226380935,0.2724034058910542,-0.6968485388335717,0.0027886242865572414,0.4215875355957183,-0.9515608482650816,1.6536902286218735,-0.14550106967343338,1.7612548282065619,-0.15988174276018907
2000-02-15,-0.7043041863670364,-0.8016273059272766,3.1471512362657084,-0.9023579540331779,0.8285449719950954,-1.7242701418109363,0.3936342743678195,-0.766344071177421,0.03848009457603274,0.46496743293862985,-1.009042737626678,2.0596280112829093,-0.39190575191357024,2.3514866343112577,0.3400683487593064
2000-02-16,-0.33999153363372414,-0.6988942381109946,2.7527607865595454,-0.8752059223710553,1.3811710776196933,-2.2681795705725176,0.5632379418493483,-0.8066635861022462,0.20797988716546115,0.5464291514095192,-0.596462924738256,2.0112110871557975,-0.5640893143629262,2.6486272882161406,0.731134925493322
2000-02-17,-0.10470420435447436,-0.6975831190790444,2.6176031133689928,-0.9911729592087515,1.5175968933189061,-1.969769111813032,0.8663765260845588,-1.0053786422564648,0.41495395953128955,0.7835490638030405,-0.22667488776876404,1.952245312685485,-0.5860063696572891,2.6749642606909028,1.1167058479021237
2000-02-18,-0.053480480809040956,-0.8777132015943219,2.33002104524314,-1.0737583241338815,1.7763737093533165,-2.0432072744853467,1.1056173335713901,-1.0904444015789787,0.4160916714291238,0.724058256796229,-0.055600783734150665,1.6329508773310042,-0.6402206722408456,2.2722466590051495,1.6626991700660791
2000-02-19,-0.0666183377884223,-1.0767545330947441,2.0386921182233517,-1.0654048160634035,1.8049352393017049,-2.1253495560287616,1.150655846146783,-1.2438656786085012,0.7011009041296526,0.6742254282634461,0.30185373800490545,1.4310958843202077,-0.4194534242171494,2.0432630716057947,1.891186837748551
2000-02-20,-0.09895809292458754,-1.2436729552405619,1.8532376770261836,-1.1084276691845818,1.343171807498631,-2.0641195969260555,1.2037123597700392,-1.0848003542302336,0.9497381078087653,0.7720979994928999,0.5494529146197533,1.5836931514256252,-0.17334548823073753,1.9544506659569985,2.2133934306836553
2000-02-21,0.04998162986627946,-1.0144735239857758,1.799184291353144,-0.9493599119903943,0.8661045063314797,-1.935555113457111,1.2759934675222369,-0.829918654131508,1.206184318624452,0.9575569446136999,0.7211156927515262,1.6385223368684687,0.036122603665828326,1.9953834136977673,2.3043467484880202
2000-02-22,0.18606257356243563,-0.7120167243069879,1.6227419411770612,-0.7156103935761301,0.44273782176746534,-1.6072808678319819,0.9389187777811916,-0.6014444063360259,1.1013456964901174,1.162108727275584,0.958337728213809,1.4110491421666786,0.0037490453681616512,1.6081420464916012,2.1691350017458073
2000-02-23,-0.024009809566124595,-0.8114805656916547,1.1798328048481368,-0.6635098524284787,0.1253967364932257,-1.545998949844645,0.6449771969744813,-0.4514641538727624,0.9386128931547894,1.4938712692161322,0.831256701345957,1.1925833811125688,-0.17362915041088703,1.287682088258448,2.20099823426138
2000-02-24,-0.3475323833613299,-0.9301820755797948,0.8881724556901638,-0.49964213411684316,-0.1826695023142986,-1.237094768929263,0.49994929427898027,-0.12864099129472117,0.6190154247345113,1.9852050591962316,0.6172644219024922,0.8881656556694935,-0.005934649730689642,1.2990702362657154,1.9495980507399793
2000-02-25,-0.4768809251561779,-0.6937863733565881,0.34696069168266125,-0.3831165305304592,0.10828885015285335,-0.7327947217729177,0.6279664336492164,0.08546475060722762,0.2395109653741532,2.3487328843861133,0.262791672231439,0.7541607342429272,-0.14308263552682693,1.5391880114957452,1.828559184631546
2000-02-26,-0.42136394306780334,-0.40576671023240846,0.1712704263130115,-0.6220312416881448,-0.03437395294380813,-0.2806254368414796,0.6786743679575594,0.5377946842417224,-0.2480143302317756,2.6030409256464355,-0.3072355373189808,1.0043906670594382,-0.19393069844411373,1.8428196759002395,1.9037698466905233
2000-02-27,-0.5679408015410828,-0.37577950047002723,0.09492279333955855,-0.2056969551940685,-0.4607259919524208,-0.14548207364354002,0.740283903391029,0.5462263490289726,-0.6879266516908807,2.3362632312774334,-0.636235079198848,1.1603486738030426,-0.8519238529744897,2.120668633004249,1.865769677982635
2000-02-28,-0.639957730584637,-0.25865593418022303,0.12951399574935454,-0.006272224730233109,-0.5316310349456456,-0.07630023001843235,0.8192004708008114,0.40907347087846047,-0.47233681409259365,2.2147231326151973,-0.5734233297359179,1.2848838769979114,-1.1332912703130937,2.1455065722264064,2.0164559696612847
2000-02-29,-0.5699966063684637,-0.00984641975040309,-0.08089369719350181,-0.2160265765929677,-0.5598941676910933,0.026187020942158766,0.6288021054954277,0.3487608345772024,-0.37097684819348664,2.1637424277872888,-0.5247714836307031,1.2403454962895177,-1.3345780705373926,1.6565624186555594,1.889721033855706
2000-03-01,-0.6306678872636112,0.2340297723765173,0.1863214199909512,-0.22170760023949987,-0.5891078980986364,0.05311617749814048,0.26814181194216685,0.39277636925293685,-0.07177409561760559,2.114032954592113,-0.5245123599843754,0.8893934386982031,-1.4418891140588332,1.4847368249572164,1.4691450762816387
