,1,2,3,4,5,6,7,8,9,10,11,12,13,14,15
1999-09-03,-0.09910495104217219,-0.09910495104217219,-0.09910495104217219,-0.09910495104217219,-0.09910495104217219,-0.09910495104217219,-0.09910495104217219,-0.09910495104217219,-0.09910495104217219,-0.09910495104217219,-0.09910495104217219,-0.09910495104217219,-0.09910495104217219,-0.09910495104217219,-0.09910495104217219
1999-09-04,-0.343010802852377,-0.343010802852377,-0.343010802852377,-0.343010802852377,-0.343010802852377,-0.343010802852377,-0.343010802852377,-0.343010802852377,-0.343010802852377,-0.343010802852377,-0.343010802852377,-0.343010802852377,-0.343010802852377,-0.343010802852377,-0.343010802852377
1999-09-05,-0.45295446986757326,-0.45295446986757326,-0.45295446986757326,-0.45295446986757326,-0.45295446986757326,-0.45295446986757326,-0.45295446986757326,-0.45295446986757326,-0.45295446986757326,-0.45295446986757326,-0.45295446986757326,-0.45295446986757326,-0.45295446986757326,-0.45295446986757326,-0.45295446986757326
1999-09-06,-0.6477388216218858,-0.6477388216218858,-0.6477388216218858,-0.6477388216218858,-0.6477388216218858,-0.6477388216218858,-0.6477388216218858,-0.6477388216218858,-0.6477388216218858,-0.6477388216218858,-0.6477388216218858,-0.6477388216218858,-0.6477388216218858,-0.6477388216218858,-0.6477388216218858
1999-09-07,-1.033945085147532,-1.033945085147532,-1.033945085147532,-1.033945085147532,-1.033945085147532,-1.033945085147532,-1.033945085147532,-1.033945085147532,-1.033945085147532,-1.033945085147532,-1.033945085147532,-1.033945085147532,-1.033945085147532,-1.033945085147532,-1.033945085147532
1999-09-08,-1.3159604413209907,-1.3159604413209907,-1.3159604413209907,-1.3159604413209907,-1.3159604413209907,-1.3159604413209907,-1.3159604413209907,-1.3159604413209907,-1.3159604413209907,-1.3159604413209907,-1.3159604413209907,-1.3159604413209907,-1.3159604413209907,-1.3159604413209907,-1.3159604413209907
1999-09-09,-1.1269158884919002,-1.1269158884919002,-1.1269158884919002,-1.1269158884919002,-1.1269158884919002,-1.1269158884919002,-1.1269158884919002,-1.1269158884919002,-1.1269158884919002,-1.1269158884919002,-1.1269158884919002,-1.1269158884919002,-1.1269158884919002,-1.1269158884919002,-1.1269158884919002
1999-09-10,-0.8215984904016372,-0.8215984904016372,-0.8215984904016372,-0.8215984904016372,-0.8215984904016372,-0.8215984904016372,-0.8215984904016372,-0.8215984904016372,-0.8215984904016372,-0.8215984904016372,-0.8215984904016372,-0.8215984904016372,-0.8215984904016372,-0.8215984904016372,-0.8215984904016372
1999-09-11,-0.6028912057389748,-0.6028912057389748,-0.6028912057389748,-0.6028912057389748,-0.6028912057389748,-0.6028912057389748,-0.6028912057389748,-0.6028912057389748,-0.6028912057389748,-0.6028912057389748,-0.6028912057389748,-0.6028912057389748,-0.6028912057389748,-0.6028912057389748,-0.6028912057389748
1999-09-12,-0.6219258717290342,-0.6219258717290342,-0.6219258717290342,-0.6219258717290342,-0.6219258717290342,-0.6219258717290342,-0.6219258717290342,-0.6219258717290342,-0.6219258717290342,-0.6219258717290342,-0.6219258717290342,-0.6219258717290342,-0.6219258717290342,-0.6219258717290342,-0.6219258717290342
1999-09-13,-0.7901455369327748,-0.7901455369327748,-0.7901455369327748,-0.7901455369327748,-0.7901455369327748,-0.7901455369327748,-0.7901455369327748,-0.7901455369327748,-0.7901455369327748,-0.7901455369327748,-0.7901455369327748,-0.7901455369327748,-0.7901455369327748,-0.7901455369327748,-0.7901455369327748
1999-09-14,-0.806430111697351,-0.806430111697351,-0.806430111697351,-0.806430111697351,-0.806430111697351,-0.806430111697351,-0.806430111697351,-0.806430111697351,-0.806430111697351,-0.806430111697351,-0.806430111697351,-0.806430111697351,-0.806430111697351,-0.806430111697351,-0.806430111697351
1999-09-15,-0.5544851209026985,-0.5544851209026985,-0.5544851209026985,-0.5544851209026985,-0.5544851209026985,-0.5544851209026985,-0.5544851209026985,-0.5544851209026985,-0.5544851209026985,-0.5544851209026985,-0.5544851209026985,-0.5544851209026985,-0.5544851209026985,-0.5544851209026985,-0.5544851209026985
1999-09-16,-0.3858721720519417,-0.3858721720519417,-0.3858721720519417,-0.3858721720519417,-0.3858721720519417,-0.3858721720519417,-0.3858721720519417,-0.3858721720519417,-0.3858721720519417,-0.3858721720519417,-0.3858721720519417,-0.3858721720519417,-0.3858721720519417,-0.3858721720519417,-0.3858721720519417
1999-09-17,-0.7156448818200764,-0.7156448818200764,-0.7156448818200764,-0.7156448818200764,-0.7156448818200764,-0.7156448818200764,-0.7156448818200764,-0.7156448818200764,-0.7156448818200764,-0.7156448818200764,-0.7156448818200764,-0.7156448818200764,-0.7156448818200764,-0.7156448818200764,-0.7156448818200764
1999-09-18,-0.7087399345552523,-0.7087399345552523,-0.7087399345552523,-0.7087399345552523,-0.7087399345552523,-0.7087399345552523,-0.7087399345552523,-0.7087399345552523,-0.7087399345552523,-0.7087399345552523,-0.7087399345552523,-0.7087399345552523,-0.7087399345552523,-0.7087399345552523,-0.7087399345552523
1999-09-19,-1.1036445453310382,-1.1036445453310382,-1.1036445453310382,-1.1036445453310382,-1.1036445453310382,-1.1036445453310382,-1.1036445453310382,-1.1036445453310382,-1.1036445453310382,-1.1036445453310382,-1.1036445453310382,-1.1036445453310382,-1.1036445453310382,-1.1036445453310382,-1.1036445453310382
1999-09-20,-1.5908218900829159,-1.5908218900829159,-1.5908218900829159,-1.5908218900829159,-1.5908218900829159,-1.5908218900829159,-1.5908218900829159,-1.5908218900829159,-1.5908218900829159,-1.5908218900829159,-1.5908218900829159,-1.5908218900829159,-1.5908218900829159,-1.5908218900829159,-1.5908218900829159
1999-09-21,-1.589246433050272,-1.589246433050272,-1.589246433050272,-1.589246433050272,-1.589246433050272,-1.589246433050272,-1.589246433050272,-1.589246433050272,-1.589246433050272,-1.589246433050272,-1.589246433050272,-1.589246433050272,-1.589246433050272,-1.589246433050272,-1.589246433050272
1999-09-22,-1.541186315981101,-1.541186315981101,-1.541186315981101,-1.541186315981101,-1.541186315981101,-1.541186315981101,-1.541186315981101,-1.541186315981101,-1.541186315981101,-1.541186315981101,-1.541186315981101,-1.541186315981101,-1.541186315981101,-1.541186315981101,-1.541186315981101
1999-09-23,-1.6155073276453153,-1.6155073276453153,-1.6155073276453153,-1.6155073276453153,-1.6155073276453153,-1.6155073276453153,-1.6155073276453153,-1.6155073276453153,-1.6155073276453153,-1.6155073276453153,-1.6155073276453153,-1.6155073276453153,-1.6155073276453153,-1.6155073276453153,-1.6155073276453153
1999-09-24,-2.043968516124848,-2.043968516124848,-2.043968516124848,-2.043968516124848,-2.043968516124848,-2.043968516124848,-2.043968516124848,-2.043968516124848,-2.043968516124848,-2.043968516124848,-2.043968516124848,-2.043968516124848,-2.043968516124848,-2.043968516124848,-2.043968516124848
1999-09-25,-1.979044517425708,-1.979044517425708,-1.979044517425708,-1.979044517425708,-1.979044517425708,-1.979044517425708,-1.979044517425708,-1.979044517425708,-1.979044517425708,-1.979044517425708,-1.979044517425708,-1.979044517425708,-1.979044517425708,-1.979044517425708,-1.979044517425708
1999-09-26,-2.0500426820346656,-2.0500426820346656,-2.0500426820346656,-2.0500426820346656,-2.0500426820346656,-2.0500426820346656,-2.0500426820346656,-2.0500426820346656,-2.0500426820346656,-2.0500426820346656,-2.0500426820346656,-2.0500426820346656,-2.0500426820346656,-2.0500426820346656,-2.0500426820346656
1999-09-27,-2.216843267922633,-2.216843267922633,-2.216843267922633,-2.216843267922633,-2.216843267922633,-2.216843267922633,-2.216843267922633,-2.216843267922633,-2.216843267922633,-2.216843267922633,-2.216843267922633,-2.216843267922633,-2.216843267922633,-2.216843267922633,-2.216843267922633
1999-09-28,-2.19696734092098,-2.19696734092098,-2.19696734092098,-2.19696734092098,-2.19696734092098,-2.19696734092098,-2.19696734092098,-2.19696734092098,-2.19696734092098,-2.19696734092098,-2.19696734092098,-2.19696734092098,-2.19696734092098,-2.19696734092098,-2.19696734092098
1999-09-29,-2.096727506044139,-2.096727506044139,-2.096727506044139,-2.096727506044139,-2.096727506044139,-2.096727506044139,-2.096727506044139,-2.096727506044139,-2.096727506044139,-2.096727506044139,-2.096727506044139,-2.096727506044139,-2.096727506044139,-2.096727506044139,-2.096727506044139
1999-09-30,-1.9889745224432152,-1.9889745224432152,-1.9889745224432152,-1.9889745224432152,-1.9889745224432152,-1.9889745224432152,-1.9889745224432152,-1.9889745224432152,-1.9889745224432152,-1.9889745224432152,-1.9889745224432152,-1.9889745224432152,-1.9889745224432152,-1.9889745224432152,-1.9889745224432152
1999-10-01,-1.7402256073838116,-1.7402256073838116,-1.7402256073838116,-1.7402256073838116,-1.7402256073838116,-1.7402256073838116,-1.7402256073838116,-1.7402256073838116,-1.7402256073838116,-1.7402256073838116,-1.7402256073838116,-1.7402256073838116,-1.7402256073838116,-1.7402256073838116,-1.7402256073838116
1999-10-02,-1.5522986865731006,-1.5522986865731006,-1.5522986865731006,-1.5522986865731006,-1.5522986865731006,-1.5522986865731006,-1.5522986865731006,-1.5522986865731006,-1.5522986865731006,-1.5522986865731006,-1.5522986865731006,-1.5522986865731006,-1.5522986865731006,-1.5522986865731006,-1.5522986865731006
1999-10-03,-1.368994852150016,-1.368994852150016,-1.368994852150016,-1.368994852150016,-1.368994852150016,-1.368994852150016,-1.368994852150016,-1.368994852150016,-1.368994852150016,-1.368994852150016,-1.368994852150016,-1.368994852150016,-1.368994852150016,-1.368994852150016,-1.368994852150016
1999-10-04,-1.3540010449859972,-1.3540010449859972,-1.3540010449859972,-1.3540010449859972,-1.3540010449859972,-1.3540010449859972,-1.3540010449859972,-1.3540010449859972,-1.3540010449859972,-1.3540010449859972,-1.3540010449859972,-1.3540010449859972,-1.3540010449859972,-1.3540010449859972,-1.3540010449859972
1999-10-05,-1.4746482040982516,-1.4746482040982516,-1.4746482040982516,-1.4746482040982516,-1.4746482040982516,-1.4746482040982516,-1.4746482040982516,-1.4746482040982516,-1.4746482040982516,-1.4746482040982516,-1.4746482040982516,-1.4746482040982516,-1.4746482040982516,-1.4746482040982516,-1.4746482040982516
1999-10-06,-1.3262146165554296,-1.3262146165554296,-1.3262146165554296,-1.3262146165554296,-1.3262146165554296,-1.3262146165554296,-1.3262146165554296,-1.3262146165554296,-1.3262146165554296,-1.3262146165554296,-1.3262146165554296,-1.3262146165554296,-1.3262146165554296,-1.3262146165554296,-1.3262146165554296
1999-10-07,-0.9525770312364065,-0.9525770312364065,-0.9525770312364065,-0.9525770312364065,-0.9525770312364065,-0.9525770312364065,-0.9525770312364065,-0.9525770312364065,-0.9525770312364065,-0.9525770312364065,-0.9525770312364065,-0.9525770312364065,-0.9525770312364065,-0.9525770312364065,-0.9525770312364065
1999-10-08,-0.7262406627823842,-0.7262406627823842,-0.7262406627823842,-0.7262406627823842,-0.7262406627823842,-0.7262406627823842,-0.7262406627823842,-0.7262406627823842,-0.7262406627823842,-0.7262406627823842,-0.7262406627823842,-0.7262406627823842,-0.7262406627823842,-0.7262406627823842,-0.7262406627823842
1999-10-09,-0.48530020333325224,-0.48530020333325224,-0.48530020333325224,-0.48530020333325224,-0.48530020333325224,-0.48530020333325224,-0.48530020333325224,-0.48530020333325224,-0.48530020333325224,-0.48530020333325224,-0.48530020333325224,-0.48530020333325224,-0.48530020333325224,-0.48530020333325224,-0.48530020333325224
1999-10-10,0.0550172622786643,0.0550172622786643,0.0550172622786643,0.0550172622786643,0.0550172622786643,0.0550172622786643,0.0550172622786643,0.0550172622786643,0.0550172622786643,0.0550172622786643,0.0550172622786643,0.0550172622786643,0.0550172622786643,0.0550172622786643,0.0550172622786643
1999-10-11,0.19310344573026694,0.19310344573026694,0.19310344573026694,0.19310344573026694,0.19310344573026694,0.19310344573026694,0.19310344573026694,0.19310344573026694,0.19310344573026694,0.19310344573026694,0.19310344573026694,0.19310344573026694,0.19310344573026694,0.19310344573026694,0.19310344573026694
1999-10-12,0.37760267406556763,0.37760267406556763,0.37760267406556763,0.37760267406556763,0.37760267406556763,0.37760267406556763,0.37760267406556763,0.37760267406556763,0.37760267406556763,0.37760267406556763,0.37760267406556763,0.37760267406556763,0.37760267406556763,0.37760267406556763,0.37760267406556763
1999-10-13,0.34777076329541023,0.34777076329541023,0.34777076329541023,0.34777076329541023,0.34777076329541023,0.34777076329541023,0.34777076329541023,0.34777076329541023,0.34777076329541023,0.34777076329541023,0.34777076329541023,0.34777076329541023,0.34777076329541023,0.34777076329541023,0.34777076329541023
1999-10-14,0.281424918141232,0.281424918141232,0.281424918141232,0.281424918141232,0.281424918141232,0.281424918141232,0.281424918141232,0.281424918141232,0.281424918141232,0.281424918141232,0.281424918141232,0.281424918141232,0.281424918141232,0.281424918141232,0.281424918141232
1999-10-15,0.5228421154458887,0.5228421154458887,0.5228421154458887,0.5228421154458887,0.5228421154458887,0.5228421154458887,0.5228421154458887,0.5228421154458887,0.5228421154458887,0.5228421154458887,0.5228421154458887,0.5228421154458887,0.5228421154458887,0.5228421154458887,0.5228421154458887
1999-10-16,0.7844563230836391,0.7844563230836391,0.7844563230836391,0.7844563230836391,0.7844563230836391,0.7844563230836391,0.7844563230836391,0.7844563230836391,0.7844563230836391,0.7844563230836391,0.7844563230836391,0.7844563230836391,0.7844563230836391,0.7844563230836391,0.7844563230836391
1999-10-17,0.9397690376624785,0.9397690376624785,0.9397690376624785,0.9397690376624785,0.9397690376624785,0.9397690376624785,0.9397690376624785,0.9397690376624785,0.9397690376624785,0.9397690376624785,0.9397690376624785,0.9397690376624785,0.9397690376624785,0.9397690376624785,0.9397690376624785
1999-10-18,1.020627316009084,1.020627316009084,1.020627316009084,1.020627316009084,1.020627316009084,1.020627316009084,1.020627316009084,1.020627316009084,1.020627316009084,1.020627316009084,1.020627316009084,1.020627316009084,1.020627316009084,1.020627316009084,1.020627316009084
1999-10-19,0.9888318618716125,0.9888318618716125,0.9888318618716125,0.9888318618716125,0.9888318618716125,0.9888318618716125,0.9888318618716125,0.9888318618716125,0.9888318618716125,0.9888318618716125,0.9888318618716125,0.9888318618716125,0.9888318618716125,0.9888318618716125,0.9888318618716125
1999-10-20,1.0552717210963436,1.0552717210963436,1.0552717210963436,1.0552717210963436,1.0552717210963436,1.0552717210963436,1.0552717210963436,1.0552717210963436,1.0552717210963436,1.0552717210963436,1.0552717210963436,1.0552717210963436,1.0552717210963436,1.0552717210963436,1.0552717210963436
1999-10-21,1.1283598934946624,1.1283598934946624,1.1283598934946624,1.1283598934946624,1.1283598934946624,1.1283598934946624,1.1283598934946624,1.1283598934946624,1.1283598934946624,1.1283598934946624,1.1283598934946624,1.1283598934946624,1.1283598934946624,1.1283598934946624,1.1283598934946624
1999-10-22,1.195904171985422,1.195904171985422,1.195904171985422,1.195904171985422,1.195904171985422,1.195904171985422,1.195904171985422,1.195904171985422,1.195904171985422,1.195904171985422,1.195904171985422,1.195904171985422,1.195904171985422,1.195904171985422,1.195904171985422
1999-10-23,1.048136329944873,1.048136329944873,1.048136329944873,1.048136329944873,1.048136329944873,1.048136329944873,1.048136329944873,1.048136329944873,1.048136329944873,1.048136329944873,1.048136329944873,1.048136329944873,1.048136329944873,1.048136329944873,1.048136329944873
1999-10-24,1.0705935550369448,1.0705935550369448,1.0705935550369448,1.0705935550369448,1.0705935550369448,1.0705935550369448,1.0705935550369448,1.0705935550369448,1.0705935550369448,1.0705935550369448,1.0705935550369448,1.0705935550369448,1.0705935550369448,1.0705935550369448,1.0705935550369448
1999-10-25,1.0358242343631732,1.0358242343631732,1.0358242343631732,1.0358242343631732,1.0358242343631732,1.0358242343631732,1.0358242343631732,1.0358242343631732,1.0358242343631732,1.0358242343631732,1.0358242343631732,1.0358242343631732,1.0358242343631732,1.0358242343631732,1.0358242343631732
1999-10-26,1.3417151209207352,1.3417151209207352,1.3417151209207352,1.3417151209207352,1.3417151209207352,1.3417151209207352,1.3417151209207352,1.3417151209207352,1.3417151209207352,1.3417151209207352,1.3417151209207352,1.3417151209207352,1.3417151209207352,1.3417151209207352,1.3417151209207352
1999-10-27,1.259257395879302,1.259257395879302,1.259257395879302,1.259257395879302,1.259257395879302,1.259257395879302,1.259257395879302,1.259257395879302,1.259257395879302,1.259257395879302,1.259257395879302,1.259257395879302,1.259257395879302,1.259257395879302,1.259257395879302
1999-10-28,1.5209624509073107,1.5209624509073107,1.5209624509073107,1.5209624509073107,1.5209624509073107,1.5209624509073107,1.5209624509073107,1.5209624509073107,1.5209624509073107,1.5209624509073107,1.5209624509073107,1.5209624509073107,1.5209624509073107,1.5209624509073107,1.5209624509073107
1999-10-29,1.7269010486591712,1.7269010486591712,1.7269010486591712,1.7269010486591712,1.7269010486591712,1.7269010486591712,1.7269010486591712,1.7269010486591712,1.7269010486591712,1.7269010486591712,1.7269010486591712,1.7269010486591712,1.7269010486591712,1.7269010486591712,1.7269010486591712
1999-10-30,1.8427993714063151,1.8427993714063151,1.8427993714063151,1.8427993714063151,1.8427993714063151,1.8427993714063151,1.8427993714063151,1.8427993714063151,1.8427993714063151,1.8427993714063151,1.8427993714063151,1.8427993714063151,1.8427993714063151,1.8427993714063151,1.8427993714063151
1999-10-31,2.057367816891622,2.057367816891622,2.057367816891622,2.057367816891622,2.057367816891622,2.057367816891622,2.057367816891622,2.057367816891622,2.057367816891622,2.057367816891622,2.057367816891622,2.057367816891622,2.057367816891622,2.057367816891622,2.057367816891622
1999-11-01,2.185469220957286,2.185469220957286,2.185469220957286,2.185469220957286,2.185469220957286,2.185469220957286,2.185469220957286,2.185469220957286,2.185469220957286,2.185469220957286,2.185469220957286,2.185469220957286,2.185469220957286,2.185469220957286,2.185469220957286
1999-11-02,2.094680810664224,2.094680810664224,2.094680810664224,2.094680810664224,2.094680810664224,2.094680810664224,2.094680810664224,2.094680810664224,2.094680810664224,2.094680810664224,2.094680810664224,2.094680810664224,2.094680810664224,2.094680810664224,2.094680810664224
1999-11-03,2.412394604260151,2.412394604260151,2.412394604260151,2.412394604260151,2.412394604260151,2.412394604260151,2.412394604260151,2.412394604260151,2.412394604260151,2.412394604260151,2.412394604260151,2.412394604260151,2.412394604260151,2.412394604260151,2.412394604260151
1999-11-04,2.4650643918907207,2.4650643918907207,2.4650643918907207,2.4650643918907207,2.4650643918907207,2.4650643918907207,2.4650643918907207,2.4650643918907207,2.4650643918907207,2.4650643918907207,2.4650643918907207,2.4650643918907207,2.4650643918907207,2.4650643918907207,2.4650643918907207
1999-11-05,2.1138331140929445,2.1138331140929445,2.1138331140929445,2.1138331140929445,2.1138331140929445,2.1138331140929445,2.1138331140929445,2.1138331140929445,2.1138331140929445,2.1138331140929445,2.1138331140929445,2.1138331140929445,2.1138331140929445,2.1138331140929445,2.1138331140929445
1999-11-06,1.6922351032666643,1.6922351032666643,1.6922351032666643,1.6922351032666643,1.6922351032666643,1.6922351032666643,1.6922351032666643,1.6922351032666643,1.6922351032666643,1.6922351032666643,1.6922351032666643,1.6922351032666643,1.6922351032666643,1.6922351032666643,1.6922351032666643
1999-11-07,1.6039829073485752,1.6039829073485752,1.6039829073485752,1.6039829073485752,1.6039829073485752,1.6039829073485752,1.6039829073485752,1.6039829073485752,1.6039829073485752,1.6039829073485752,1.6039829073485752,1.6039829073485752,1.6039829073485752,1.6039829073485752,1.6039829073485752
1999-11-08,1.2984011843016185,1.2984011843016185,1.2984011843016185,1.2984011843016185,1.2984011843016185,1.2984011843016185,1.2984011843016185,1.2984011843016185,1.2984011843016185,1.2984011843016185,1.2984011843016185,1.2984011843016185,1.2984011843016185,1.2984011843016185,1.2984011843016185
1999-11-09,0.8631412352555178,0.8631412352555178,0.8631412352555178,0.8631412352555178,0.8631412352555178,0.8631412352555178,0.8631412352555178,0.8631412352555178,0.8631412352555178,0.8631412352555178,0.8631412352555178,0.8631412352555178,0.8631412352555178,0.8631412352555178,0.8631412352555178
1999-11-10,0.4562377822835538,0.4562377822835538,0.4562377822835538,0.4562377822835538,0.4562377822835538,0.4562377822835538,0.4562377822835538,0.4562377822835538,0.4562377822835538,0.4562377822835538,0.4562377822835538,0.4562377822835538,0.4562377822835538,0.4562377822835538,0.4562377822835538
1999-11-11,0.19060276378501956,0.19060276378501956,0.19060276378501956,0.19060276378501956,0.19060276378501956,0.19060276378501956,0.19060276378501956,0.19060276378501956,0.19060276378501956,0.19060276378501956,0.19060276378501956,0.19060276378501956,0.19060276378501956,0.19060276378501956,0.19060276378501956
1999-11-12,-0.06431980464716497,-0.06431980464716497,-0.06431980464716497,-0.06431980464716497,-0.06431980464716497,-0.06431980464716497,-0.06431980464716497,-0.06431980464716497,-0.06431980464716497,-0.06431980464716497,-0.06431980464716497,-0.06431980464716497,-0.06431980464716497,-0.06431980464716497,-0.06431980464716497
1999-11-13,-0.24119497314159752,-0.24119497314159752,-0.24119497314159752,-0.24119497314159752,-0.24119497314159752,-0.24119497314159752,-0.24119497314159752,-0.24119497314159752,-0.24119497314159752,-0.24119497314159752,-0.24119497314159752,-0.24119497314159752,-0.24119497314159752,-0.24119497314159752,-0.24119497314159752
1999-11-14,-0.4091636776606343,-0.4091636776606343,-0.4091636776606343,-0.4091636776606343,-0.4091636776606343,-0.4091636776606343,-0.4091636776606343,-0.4091636776606343,-0.4091636776606343,-0.4091636776606343,-0.4091636776606343,-0.4091636776606343,-0.4091636776606343,-0.4091636776606343,-0.4091636776606343
1999-11-15,-0.6947822248007692,-0.6947822248007692,-0.6947822248007692,-0.6947822248007692,-0.6947822248007692,-0.6947822248007692,-0.6947822248007692,-0.6947822248007692,-0.6947822248007692,-0.6947822248007692,-0.6947822248007692,-0.6947822248007692,-0.6947822248007692,-0.6947822248007692,-0.6947822248007692
1999-11-16,-0.8921056377087699,-0.8921056377087699,-0.8921056377087699,-0.8921056377087699,-0.8921056377087699,-0.8921056377087699,-0.8921056377087699,-0.8921056377087699,-0.8921056377087699,-0.8921056377087699,-0.8921056377087699,-0.8921056377087699,-0.8921056377087699,-0.8921056377087699,-0.8921056377087699
1999-11-17,-0.6598968508475269,-0.6598968508475269,-0.6598968508475269,-0.6598968508475269,-0.6598968508475269,-0.6598968508475269,-0.6598968508475269,-0.6598968508475269,-0.6598968508475269,-0.6598968508475269,-0.6598968508475269,-0.6598968508475269,-0.6598968508475269,-0.6598968508475269,-0.6598968508475269
1999-11-18,-0.493044047514736,-0.493044047514736,-0.493044047514736,-0.493044047514736,-0.493044047514736,-0.493044047514736,-0.493044047514736,-0.493044047514736,-0.493044047514736,-0.493044047514736,-0.493044047514736,-0.493044047514736,-0.493044047514736,-0.493044047514736,-0.493044047514736
1999-11-19,-0.3440909545881908,-0.3440909545881908,-0.3440909545881908,-0.3440909545881908,-0.3440909545881908,-0.3440909545881908,-0.3440909545881908,-0.3440909545881908,-0.3440909545881908,-0.3440909545881908,-0.3440909545881908,-0.3440909545881908,-0.3440909545881908,-0.3440909545881908,-0.3440909545881908
1999-11-20,-0.5321394954307407,-0.5321394954307407,-0.5321394954307407,-0.5321394954307407,-0.5321394954307407,-0.5321394954307407,-0.5321394954307407,-0.5321394954307407,-0.5321394954307407,-0.5321394954307407,-0.5321394954307407,-0.5321394954307407,-0.5321394954307407,-0.5321394954307407,-0.5321394954307407
1999-11-21,-0.46489105481559356,-0.46489105481559356,-0.46489105481559356,-0.46489105481559356,-0.46489105481559356,-0.46489105481559356,-0.46489105481559356,-0.46489105481559356,-0.46489105481559356,-0.46489105481559356,-0.46489105481559356,-0.46489105481559356,-0.46489105481559356,-0.46489105481559356,-0.46489105481559356
1999-11-22,-0.6986773686076307,-0.6986773686076307,-0.6986773686076307,-0.6986773686076307,-0.6986773686076307,-0.6986773686076307,-0.6986773686076307,-0.6986773686076307,-0.6986773686076307,-0.6986773686076307,-0.6986773686076307,-0.6986773686076307,-0.6986773686076307,-0.6986773686076307,-0.6986773686076307
1999-11-23,-0.9824722128277736,-0.9824722128277736,-0.9824722128277736,-0.9824722128277736,-0.9824722128277736,-0.9824722128277736,-0.9824722128277736,-0.9824722128277736,-0.9824722128277736,-0.9824722128277736,-0.9824722128277736,-0.9824722128277736,-0.9824722128277736,-0.9824722128277736,-0.9824722128277736
1999-11-24,-0.9144979309211839,-0.9144979309211839,-0.9144979309211839,-0.9144979309211839,-0.9144979309211839,-0.9144979309211839,-0.9144979309211839,-0.9144979309211839,-0.9144979309211839,-0.9144979309211839,-0.9144979309211839,-0.9144979309211839,-0.9144979309211839,-0.9144979309211839,-0.9144979309211839
1999-11-25,-0.3364729651636828,-0.3364729651636828,-0.3364729651636828,-0.3364729651636828,-0.3364729651636828,-0.3364729651636828,-0.3364729651636828,-0.3364729651636828,-0.3364729651636828,-0.3364729651636828,-0.3364729651636828,-0.3364729651636828,-0.3364729651636828,-0.3364729651636828,-0.3364729651636828
1999-11-26,-0.08038627222156182,-0.08038627222156182,-0.08038627222156182,-0.08038627222156182,-0.08038627222156182,-0.08038627222156182,-0.08038627222156182,-0.08038627222156182,-0.08038627222156182,-0.08038627222156182,-0.08038627222156182,-0.08038627222156182,-0.08038627222156182,-0.08038627222156182,-0.08038627222156182
1999-11-27,0.024460114578329962,0.024460114578329962,0.024460114578329962,0.024460114578329962,0.024460114578329962,0.024460114578329962,0.024460114578329962,0.024460114578329962,0.024460114578329962,0.024460114578329962,0.024460114578329962,0.024460114578329962,0.024460114578329962,0.024460114578329962,0.024460114578329962
1999-11-28,0.1537129270240986,0.1537129270240986,0.1537129270240986,0.1537129270240986,0.1537129270240986,0.1537129270240986,0.1537129270240986,0.1537129270240986,0.1537129270240986,0.1537129270240986,0.1537129270240986,0.1537129270240986,0.1537129270240986,0.1537129270240986,0.1537129270240986
1999-11-29,0.2753673920512986,0.2753673920512986,0.2753673920512986,0.2753673920512986,0.2753673920512986,0.2753673920512986,0.2753673920512986,0.2753673920512986,0.2753673920512986,0.2753673920512986,0.2753673920512986,0.2753673920512986,0.2753673920512986,0.2753673920512986,0.2753673920512986
1999-11-30,0.6425229565397172,0.6425229565397172,0.6425229565397172,0.6425229565397172,0.6425229565397172,0.6425229565397172,0.6425229565397172,0.6425229565397172,0.6425229565397172,0.6425229565397172,0.6425229565397172,0.6425229565397172,0.6425229565397172,0.6425229565397172,0.6425229565397172
1999-12-01,0.7315867317065883,0.7315867317065883,0.7315867317065883,0.7315867317065883,0.7315867317065883,0.7315867317065883,0.7315867317065883,0.7315867317065883,0.7315867317065883,0.7315867317065883,0.7315867317065883,0.7315867317065883,0.7315867317065883,0.7315867317065883,0.7315867317065883
1999-12-02,0.7279130516832801,0.7279130516832801,0.7279130516832801,0.7279130516832801,0.7279130516832801,0.7279130516832801,0.7279130516832801,0.7279130516832801,0.7279130516832801,0.7279130516832801,0.7279130516832801,0.7279130516832801,0.7279130516832801,0.7279130516832801,0.7279130516832801
1999-12-03,0.562364987409203,0.562364987409203,0.562364987409203,0.562364987409203,0.562364987409203,0.562364987409203,0.562364987409203,0.562364987409203,0.562364987409203,0.562364987409203,0.562364987409203,0.562364987409203,0.562364987409203,0.562364987409203,0.562364987409203
1999-12-04,0.3400565106503385,0.3400565106503385,0.3400565106503385,0.3400565106503385,0.3400565106503385,0.3400565106503385,0.3400565106503385,0.3400565106503385,0.3400565106503385,0.3400565106503385,0.3400565106503385,0.3400565106503385,0.3400565106503385,0.3400565106503385,0.3400565106503385
1999-12-05,0.6475375718849143,0.6475375718849143,0.6475375718849143,0.6475375718849143,0.6475375718849143,0.6475375718849143,0.6475375718849143,0.6475375718849143,0.6475375718849143,0.6475375718849143,0.6475375718849143,0.6475375718849143,0.6475375718849143,0.6475375718849143,0.6475375718849143
1999-12-06,0.8700099473731824,0.8700099473731824,0.8700099473731824,0.8700099473731824,0.8700099473731824,0.8700099473731824,0.8700099473731824,0.8700099473731824,0.8700099473731824,0.8700099473731824,0.8700099473731824,0.8700099473731824,0.8700099473731824,0.8700099473731824,0.8700099473731824
1999-12-07,1.1326667876535426,1.1326667876535426,1.1326667876535426,1.1326667876535426,1.1326667876535426,1.1326667876535426,1.1326667876535426,1.1326667876535426,1.1326667876535426,1.1326667876535426,1.1326667876535426,1.1326667876535426,1.1326667876535426,1.1326667876535426,1.1326667876535426
1999-12-08,1.3360268035960887,1.3360268035960887,1.3360268035960887,1.3360268035960887,1.3360268035960887,1.3360268035960887,1.3360268035960887,1.3360268035960887,1.3360268035960887,1.3360268035960887,1.3360268035960887,1.3360268035960887,1.3360268035960887,1.3360268035960887,1.3360268035960887
1999-12-09,1.2393735826915695,1.2393735826915695,1.2393735826915695,1.2393735826915695,1.2393735826915695,1.2393735826915695,1.2393735826915695,1.2393735826915695,1.2393735826915695,1.2393735826915695,1.2393735826915695,1.2393735826915695,1.2393735826915695,1.2393735826915695,1.2393735826915695
1999-12-10,1.1226016938705206,1.1226016938705206,1.1226016938705206,1.1226016938705206,1.1226016938705206,1.1226016938705206,1.1226016938705206,1.1226016938705206,1.1226016938705206,1.1226016938705206,1.1226016938705206,1.1226016938705206,1.1226016938705206,1.1226016938705206,1.1226016938705206
1999-12-11,1.2208388998256552,1.2208388998256552,1.2208388998256552,1.2208388998256552,1.2208388998256552,1.2208388998256552,1.2208388998256552,1.2208388998256552,1.2208388998256552,1.2208388998256552,1.2208388998256552,1.2208388998256552,1.2208388998256552,1.2208388998256552,1.2208388998256552
1999-12-12,0.9652400187439282,0.9652400187439282,0.9652400187439282,0.9652400187439282,0.9652400187439282,0.9652400187439282,0.9652400187439282,0.9652400187439282,0.9652400187439282,0.9652400187439282,0.9652400187439282,0.9652400187439282,0.9652400187439282,0.9652400187439282,0.9652400187439282
1999-12-13,0.8247591598618003,0.8247591598618003,0.8247591598618003,0.8247591598618003,0.8247591598618003,0.8247591598618003,0.8247591598618003,0.8247591598618003,0.8247591598618003,0.8247591598618003,0.8247591598618003,0.8247591598618003,0.8247591598618003,0.8247591598618003,0.8247591598618003
1999-12-14,0.9830130953401467,0.9830130953401467,0.9830130953401467,0.9830130953401467,0.9830130953401467,0.9830130953401467,0.9830130953401467,0.9830130953401467,0.9830130953401467,0.9830130953401467,0.9830130953401467,0.9830130953401467,0.9830130953401467,0.9830130953401467,0.9830130953401467
1999-12-15,1.044889790112505,1.044889790112505,1.044889790112505,1.044889790112505,1.044889790112505,1.044889790112505,1.044889790112505,1.044889790112505,1.044889790112505,1.044889790112505,1.044889790112505,1.044889790112505,1.044889790112505,1.044889790112505,1.044889790112505
1999-12-16,0.9626588138662073,0.9626588138662073,0.9626588138662073,0.9626588138662073,0.9626588138662073,0.9626588138662073,0.9626588138662073,0.9626588138662073,0.9626588138662073,0.9626588138662073,0.9626588138662073,0.9626588138662073,0.9626588138662073,0.9626588138662073,0.9626588138662073
1999-12-17,1.130935647843993,1.130935647843993,1.130935647843993,1.130935647843993,1.130935647843993,1.130935647843993,1.130935647843993,1.130935647843993,1.130935647843993,1.130935647843993,1.130935647843993,1.130935647843993,1.130935647843993,1.130935647843993,1.130935647843993
1999-12-18,0.9159269512274866,0.9159269512274866,0.9159269512274866,0.9159269512274866,0.9159269512274866,0.9159269512274866,0.9159269512274866,0.9159269512274866,0.9159269512274866,0.9159269512274866,0.9159269512274866,0.9159269512274866,0.9159269512274866,0.9159269512274866,0.9159269512274866
1999-12-19,0.3920923427895082,0.3920923427895082,0.3920923427895082,0.3920923427895082,0.3920923427895082,0.3920923427895082,0.3920923427895082,0.3920923427895082,0.3920923427895082,0.3920923427895082,0.3920923427895082,0.3920923427895082,0.3920923427895082,0.3920923427895082,0.3920923427895082
1999-12-20,-0.005642635333537537,-0.005642635333537537,-0.005642635333537537,-0.005642635333537537,-0.005642635333537537,-0.005642635333537537,-0.005642635333537537,-0.005642635333537537,-0.005642635333537537,-0.005642635333537537,-0.005642635333537537,-0.005642635333537537,-0.005642635333537537,-0.005642635333537537,-0.005642635333537537
1999-12-21,-0.48006778741103157,-0.48006778741103157,-0.48006778741103157,-0.48006778741103157,-0.48006778741103157,-0.48006778741103157,-0.48006778741103157,-0.48006778741103157,-0.48006778741103157,-0.48006778741103157,-0.48006778741103157,-0.48006778741103157,-0.48006778741103157,-0.48006778741103157,-0.48006778741103157
1999-12-22,-0.7313543010919948,-0.7313543010919948,-0.7313543010919948,-0.7313543010919948,-0.7313543010919948,-0.7313543010919948,-0.7313543010919948,-0.7313543010919948,-0.7313543010919948,-0.7313543010919948,-0.7313543010919948,-0.7313543010919948,-0.7313543010919948,-0.7313543010919948,-0.7313543010919948
1999-12-23,-0.5536476758244696,-0.5536476758244696,-0.5536476758244696,-0.5536476758244696,-0.5536476758244696,-0.5536476758244696,-0.5536476758244696,-0.5536476758244696,-0.5536476758244696,-0.5536476758244696,-0.5536476758244696,-0.5536476758244696,-0.5536476758244696,-0.5536476758244696,-0.5536476758244696
1999-12-24,-0.4304342377192775,-0.4304342377192775,-0.4304342377192775,-0.4304342377192775,-0.4304342377192775,-0.4304342377192775,-0.4304342377192775,-0.4304342377192775,-0.4304342377192775,-0.4304342377192775,-0.4304342377192775,-0.4304342377192775,-0.4304342377192775,-0.4304342377192775,-0.4304342377192775
1999-12-25,-0.49825951556166564,-0.49825951556166564,-0.49825951556166564,-0.49825951556166564,-0.49825951556166564,-0.49825951556166564,-0.49825951556166564,-0.49825951556166564,-0.49825951556166564,-0.49825951556166564,-0.49825951556166564,-0.49825951556166564,-0.49825951556166564,-0.49825951556166564,-0.49825951556166564
1999-12-26,-0.5689592054248764,-0.5689592054248764,-0.5689592054248764,-0.5689592054248764,-0.5689592054248764,-0.5689592054248764,-0.5689592054248764,-0.5689592054248764,-0.5689592054248764,-0.5689592054248764,-0.5689592054248764,-0.5689592054248764,-0.5689592054248764,-0.5689592054248764,-0.5689592054248764
1999-12-27,-0.6324974233354745,-0.6324974233354745,-0.6324974233354745,-0.6324974233354745,-0.6324974233354745,-0.6324974233354745,-0.6324974233354745,-0.6324974233354745,-0.6324974233354745,-0.6324974233354745,-0.6324974233354745,-0.6324974233354745,-0.6324974233354745,-0.6324974233354745,-0.6324974233354745
1999-12-28,-0.6610888810268044,-0.6610888810268044,-0.6610888810268044,-0.6610888810268044,-0.6610888810268044,-0.6610888810268044,-0.6610888810268044,-0.6610888810268044,-0.6610888810268044,-0.6610888810268044,-0.6610888810268044,-0.6610888810268044,-0.6610888810268044,-0.6610888810268044,-0.6610888810268044
1999-12-29,-0.6800043859960895,-0.6800043859960895,-0.6800043859960895,-0.6800043859960895,-0.6800043859960895,-0.6800043859960895,-0.6800043859960895,-0.6800043859960895,-0.6800043859960895,-0.6800043859960895,-0.6800043859960895,-0.6800043859960895,-0.6800043859960895,-0.6800043859960895,-0.6800043859960895
1999-12-30,-0.34620664469746987,-0.34620664469746987,-0.34620664469746987,-0.34620664469746987,-0.34620664469746987,-0.34620664469746987,-0.34620664469746987,-0.34620664469746987,-0.34620664469746987,-0.34620664469746987,-0.34620664469746987,-0.34620664469746987,-0.34620664469746987,-0.34620664469746987,-0.34620664469746987
1999-12-31,-0.5216044967668657,-0.5216044967668657,-0.5216044967668657,-0.5216044967668657,-0.5216044967668657,-0.5216044967668657,-0.5216044967668657,-0.5216044967668657,-0.5216044967668657,-0.5216044967668657,-0.5216044967668657,-0.5216044967668657,-0.5216044967668657,-0.5216044967668657,-0.5216044967668657
2000-01-01,-0.6013231955437766,-0.512954485048267,-0.5347339494565962,-0.5832128334807598,-0.503724874524345,-0.5297797047576912,-0.5344669060465777,-0.5638733742821949,-0.5090748910607262,-0.5284078487765769,-0.529762453911478,-0.5845917606871748,-0.4925306066142027,-0.5033494328994459,-0.5803016797522821
2000-01-02,-0.3755561584873237,-0.26898903849522615,-0.2955285806377305,-0.42037416889739576,-0.43064946145646865,-0.18781120515621869,-0.4582031355163592,-0.5032968625465185,-0.51805086286296,-0.26116469787110447,-0.4531088253280838,-0.3366856655390361,-0.30017421981244397,-0.20349093302675725,-0.5408127795600973
2000-01-03,-0.029293041681380666,0.05896798241583785,0.17780637425015963,0.1292668866249371,-0.2587918768378704,0.46473344169111547,-0.07845240889371936,-0.14276974440352147,-0.13316434987995707,0.056402111771325564,-0.0329785930385428,0.17469422128705273,0.08593570597220758,0.44739233998112693,-0.30721725998550364
2000-01-04,0.1189174641338821,0.25664322253590227,0.13972244841732281,0.20179811825311664,-0.3998440252926826,0.6133069539309539,0.12402465645047092,-0.1101367471275531,-0.047287175173742486,0.06667092911403985,0.1693864183530056,0.4041569354856389,0.3666671090133847,0.8643617448469395,-0.20516550917709672
2000-01-05,0.15763199258276073,0.06962874108138123,0.14592781583132247,0.3059609158202201,-0.590238699558372,0.8664423174447768,0.025056182306627577,-0.24953468409490998,0.2500946136304106,-0.08469057433921015,0.11976609536704114,0.588028916967839,0.4767080129374392,1.097363378175769,-0.09705226911711375
2000-01-06,0.4686233796781187,0.1888754809210325,0.37469514927554143,0.5140419542629093,-0.722385104608173,1.385332658639232,0.29414553400542737,0.0032878744157269642,0.6085612293825892,-0.09509654711549904,0.27470901136862486,0.7157364909711362,0.700777845595278,1.5381392713627904,-0.03515549167269325
2000-01-07,0.33205984208897704,-0.27338455890254043,0.3381185884203271,0.7432688846774638,-1.0472866113835597,1.2145819134094067,0.4890371472493499,0.12523100579168003,0.6792609192505286,-0.589224347655736,0.18522004307319576,0.6253321533744204,0.6841182472417997,1.4035257091423028,-0.063775010560579
2000-01-08,0.23190885416355578,-0.5473943547710537,0.15336749593214472,0.36297246877186606,-1.2904673322682017,0.8321859075394293,0.7766916106892212,0.13593367811584095,0.4341051838115503,-0.6138629070566044,-0.1563444930811512,0.5774056490236998,0.798594333046672,1.278451796692774,0.04280456341171559
2000-01-09,0.5139994573796793,-0.6537133562550679,0.3221282052143703,0.5255919458590245,-0.9470321601465658,0.6925231833330143,1.2930113321166217,0.5158605989887765,0.543028048814021,-0.506438613379788,-0.24308213308657514,0.7851126914232402,1.1200391742714275,1.6719259238495474,0.2376099937310253
2000-01-10,0.5390522164836762,-0.5699911790137477,0.4558188667314672,0.36740497261392424,-0.8431161982771761,0.7261324521579401,1.4400923520855147,0.5755811616215103,0.39012232917051765,-0.6279382683709029,-0.34291950555616957,0.9751237206894875,1.5147181628483881,1.7162243593721072,0.11864546097312262
2000-01-11,0.5624295445514815,-0.4364754725043275,0.5524872483769806,0.4040019939799975,-0.45566585925723335,0.9670814591320084,1.661295980546276,0.45121002267629357,0.39444709724364974,-0.6869041541138524,-0.4261033616547469,1.1551784285442097,1.8792700187686657,1.4247809492541594,0.3534130058751421
2000-01-12,0.517599585002209,-0.45610323307932815,0.7177580398716311,0.36453969444699896,-0.4684683715455243,0.7595717380015122,1.6838530235582563,0.31569269921042126,0.8348251387904905,-0.7354543712254612,-0.5471002406993377,1.243382922920469,2.157424220168174,0.9965851546305614,0.8914294487838567
2000-01-13,0.5110473216717051,-0.6726763774539293,0.636304172251912,0.2575051091291521,-0.23033680528097758,0.6903526829712716,1.3879634722752783,0.5532195837245175,1.2865633120998423,-0.5873072448949077,-0.5936036489676266,1.00194483382528,2.401518370497157,0.6787267566288244,0.9641895281296012
2000-01-14,0.5140337638317152,-0.7875068998034164,0.4345626596554184,0.3425629349369819,-0.18092151164571646,0.7696764980598663,1.2961295622404057,0.607486902506365,1.4143437562802006,-0.33968674137685506,-0.55397022051625,0.9264888838700371,2.2596784236214784,0.5990561447513938,0.9690511150405688
2000-01-15,0.6288014612369187,-0.8442039147707179,0.19045407844485937,0.36691033696050085,-0.054132810643906966,0.8410088743947017,0.9570423693375756,0.5494370341952082,1.2378180610010154,-0.10620245006542073,-0.22129408828782457,0.6589405172105846,1.4007025893537532,0.5809860390163979,0.81022823816146
2000-01-16,0.6749847219056324,-0.8789943209583415,0.23811650357904254,0.16127523036210875,0.2470260545883197,0.6641127341559815,0.3868359698742228,0.1476960267843333,1.3133437829147803,0.3546473218932065,-0.4335666116112677,0.2903043755127849,0.8063828816606232,0.45015234230905393,1.1046048900921732
2000-01-17,0.43044055306017265,-0.6993126324027336,0.3635834581599879,0.25346081358511285,0.49104998931037797,0.17548046927857314,-0.29844106981624763,-0.19792632617695402,1.1442999259648616,0.4027624078801091,-0.21915019969026994,-0.11497192277486801,0.9478683405231871,0.31883318990520526,1.640147811330802
2000-01-18,0.14411197129658634,-0.42124583935483295,0.5316593207937889,0.12397539710592098,0.8431113250780113,0.338663634897202,-0.6007607794572424,-0.6071488538627156,1.1180380518287276,0.3844744771309078,-0.02707611837189839,-0.15307882321061636,0.828348536696082,0.272114745333267,1.8598149939470228
2000-01-19,0.11805111991734009,-0.474108082651956,0.5794731927367879,0.15810808993336864,0.815600584198129,0.10963471017265786,-0.8004966779371058,-0.2745072986960527,1.0598009647759314,0.48274126201061146,-0.08304413227933288,-0.09491270367320094,0.8463418814635705,0.08856749283922315,1.8497543757202148
2000-01-20,0.13410345357332734,-0.825653886044823,0.6832115277799276,-0.08041679555553884,0.53824496135642,-0.09416066324939593,-0.8779557300238802,-0.08026485708433694,0.5458425401562896,0.6342464484198851,0.030710381513490093,0.09265788119469645,0.8577726144198332,-0.10186239510065542,1.3729638860900863
2000-01-21,-0.15561595369657985,-0.8887437691450799,0.7364350082710266,-0.14554767800867513,0.08787671549559047,-0.031149921271343018,-0.9262050224336421,0.28254018906987677,0.4379106283796084,0.4309211985046894,-0.025200189256646632,0.07513048714945542,0.7967919297895716,-0.5685018852211219,1.1017594968289663
2000-01-22,-0.25038778762629876,-1.1449478406766507,0.7759311516850357,-0.057574088156093606,-0.1596467862586837,0.3794928221824161,-1.0107778671681686,0.4724214131896588,0.35605625050117823,0.5514297880840604,-0.14221844175453568,0.17983787846618518,0.43758440592234493,-1.1388987230823593,0.787763269581069
2000-01-23,-0.34306956905580155,-1.148666717791241,0.8626349176440191,-0.08886800305763926,0.042994331222865605,0.6333950596145301,-1.0302798050629458,0.1841104331323764,0.41467808530362604,0.47882261946698607,-0.19863230160247225,0.13936546600574928,0.5518818357109779,-1.232977833993522,0.3271977903039148
2000-01-24,-0.39086705984192804,-1.1741408273710192,0.8568171467532221,-0.29602007816785364,-0.025533943726955582,0.2612200767287399,-1.176052742479751,0.039974759548256925,0.24993666001274706,0.4077424151345017,-0.048060708925752094,0.4105522544888823,0.6210305773897549,-0.8864550873593454,0.17371891109629212
2000-01-25,-0.5060627950974033,-1.4212503501027092,0.7904878381205614,-0.43960694895427893,-0.15832547401453517,0.15926996988958075,-1.1876032850186946,-0.6159388492159449,0.14688668944139177,0.5592579316973425,0.14198294585684548,0.33728686253425616,0.9897751761596261,-0.5909217784618686,-0.00266504171443058
2000-01-26,-0.3767287617888184,-1.533075270478405,0.9121069741725456,-0.6563923460727077,-0.10002168334992362,-0.12263306322943453,-1.3150457580832575,-0.569050682887971,0.14237066163311785,0.9498097340309104,-0.04807617484984403,0.12838982217340042,0.9145497961191378,-0.2853117224658342,-0.04636393815182312
2000-01-27,-0.14778050581712018,-1.3850556000725065,1.2376139416719163,-0.8131223132902892,-0.020784701567532864,-0.32782591204462547,-1.2007935241968466,-0.49103983266297785,0.2851391699893629,0.9885925934882839,0.06979659114836712,0.0706528271007273,1.36480720213003,-0.14245328606471946,-0.12182022165243389
2000-01-28,0.2170665742139894,-0.9162914526842056,1.5026109559865315,-0.8890792934227701,-0.09115737461687977,-0.48017976130833007,-0.7297517948740472,-0.38948827318075024,0.46294937784637785,1.0361498697806786,0.39553768262270095,-0.05903494503133234,1.4094611432653106,-0.09168233645875627,-0.10457422484341929
2000-01-29,0.637173259687721,-0.6972880023578297,1.3430241950839525,-0.9456707845557293,-0.12361457989729305,-0.4542898017768982,-0.4759774402577115,-0.6195657090829685,0.5747986598156254,1.1762685477262083,0.32708104211922795,-0.027704729974520795,1.5564127516511121,0.11910803867785963,-0.34925526081085867
2000-01-30,0.8869713702702896,-0.4914566060223639,1.344571268753026,-0.7050024605320941,0.05763542093321464,-0.48462323395720147,-0.12527011086926634,-0.792345788968829,0.46324598783028154,1.0094401290307515,0.26864717908814245,0.01246018534422395,1.5776265496166344,0.5918012286819798,-0.796659085984939
2000-01-31,0.8117250606844044,-0.13108206864122812,1.5532984165661539,-0.5057827534159055,0.14713395112766975,-0.4816267340986197,-0.03901035573066717,-0.4391440618344428,0.49067817613020254,1.0004460608604098,0.5227573192071984,-0.13455282516848982,1.4233258427318858,1.1494500496244664,-0.8360785442541934
2000-02-01,0.7465552269670374,0.4395375166958369,1.5548568594894625,-0.23238816438786217,0.11363148112773384,-0.5410213725108938,0.12300450734392086,-0.08229213905078539,0.5438977915210036,1.1993612860406029,0.7240314158940551,-0.055575756998169454,0.8842702585808025,1.359890609111692,-0.5789198835150055
2000-02-02,0.7522507470700222,0.788458507389009,1.5999461226066083,-0.0849484596988848,0.23735082320574494,-0.4586615175799243,0.15380574181998166,-0.04347011385168311,0.2935349176753012,1.390394921487205,0.3223676040265073,0.15125868895971248,0.22417986688157693,1.4685140333006284,-0.42676736181577196
2000-02-03,0.5331465429973329,0.9906614390672395,1.280581116455789,0.1287602598473355,0.41929189314882703,-0.6866663555873167,0.055160685404368436,-0.037452110180139,0.15313095648519512,1.1755210054518956,-0.0734552710727526,0.3361941499210582,-0.12380271717804298,1.5459853049119099,0.056675781024951154
2000-02-04,0.42606207718166217,1.0123816763773072,0.9503873245793719,0.1389011207671512,0.1852813328025426,-0.26315568935473516,0.09577033403049029,0.03417829355924452,-0.05517757809292643,1.2317763280931742,-0.29641650016762133,0.4879535353582609,0.1923083679173687,1.7294716240455283,0.018880412188934194
2000-02-05,0.4497570354779956,0.6332358357389474,0.999144080498165,0.08700215685120775,-0.027955600952680328,0.06482149570252017,-0.04210376018468015,-0.07722341777381345,-0.3247943373695096,1.2036669390158816,-0.06304344845900772,0.3446350779809718,0.2549031029812931,1.8045108577004676,-0.32364618978683785
2000-02-06,0.4094753038541112,0.38563273445692814,1.0434659632233936,-0.46167488193413597,-0.04252663940129512,0.2799407813093578,-0.17126308697017892,0.15585550729577524,-0.39527272705569827,1.0102746533319356,0.07940341839064918,0.15185630830679453,0.5200186368785974,1.9090094154549921,-0.7009695618209529
2000-02-07,0.4528940758935659,0.3901025931521293,1.464196005329623,-0.7484582273780768,0.0839205644973244,0.04892230150126006,-0.19399016224908228,-0.06566199409691714,-0.3545334870962876,0.9239534762473799,-0.06870205549955674,0.172278045284052,0.9384168431300266,1.8962165660991088,-0.8344113398982553
2000-02-08,0.3401065482405208,0.5649406520948789,1.7208200613430682,-0.9356239597177624,0.06152109805809737,0.18667698829377347,-0.2957888719898722,-0.22880053766768144,-0.5983259936743325,0.8354898250504027,-0.2609863489557865,0.35987491554441825,1.0584579443179183,1.7881379343908221,-0.7328684259936616
2000-02-09,0.0017877241670812177,0.49424443666679446,1.7637492730808835,-1.0630787230482774,0.2968732897977062,0.2607238147851525,-0.15343194095289125,-0.542261894601686,-0.940158036027171,0.8868732226671066,-0.2613864739027391,0.5946488291487652,0.8995030908767317,1.6482343557844599,-0.938972349757487
2000-02-10,0.09346161177216669,0.7952956088979262,1.9297142297487468,-0.8614952202431142,0.6473868261534682,0.27314097848594404,0.12303245105600515,-0.6799907347849925,-1.0508015042960621,0.6879528486489664,-0.2703696064405467,0.615110961746271,0.9105230077310157,1.633205551144415,-0.9353308223208434
2000-02-11,0.6404962267586837,1.1517855553028302,1.7652617254510903,-0.3298582642738276,0.7106885799001853,0.1732553387756188,0.2163516770054165,-0.9021677406916778,-0.636880747808766,0.41431275014670876,-0.06919853780347282,0.5256054650040527,0.6723549824475857,1.8831023512600318,-0.5970945201935863
2000-02-12,1.2410867324271637,1.181542371771103,1.6664930774727162,-0.3812711394967333,0.8543092129887313,-0.38096121763271323,0.5304090356998428,-0.9152041118730153,-0.23434209342959908,0.29492989681008563,0.35065704780143814,0.9127951897376745,0.4851454084139499,1.9948181816849773,-0.37598802340634896
2000-02-13,1.3617515002963778,1.0414094061989156,1.4359353756579432,-0.6671182355720814,1.1517856209549961,-0.9886174097707308,1.0481383664709207,-0.7377718464162525,-0.058438045464666626,0.28501133317531296,0.9097492824819169,1.2787560856579743,0.08928703848894373,1.6460990453989284,-0.15275409895898645
2000-02-14,1.4709830347323989,0.4271187607336306,1.2866109822465361,-0.5311508963500297,1.1758865294974035,-0.4826828999599062,1.2888375483252301,-0.6432558654202519,-0.29318590164661007,0.41534962198789177,1.1370787932006912,1.0008860133734343,-0.7293593967408841,1.377317826857461,0.07942138348742185
2000-02-15,1.5360541468331408,-0.06541358478288252,1.119971625080936,-0.3083209708541252,0.9597186812741053,-0.06567633557994702,1.455982444838415,-0.5842989681905829,-0.40022660259546744,0.18355667676623338,1.0273552485914108,0.529693119717221,-1.0087150098819782,1.1366054950818518,0.2044004165220449
2000-02-16,1.3491843105563117,0.055557608987853994,0.715502216919355,-0.3767945407828598,0.6858759371562257,0.23138475904057215,1.1602964479614517,-0.35086676982479187,-0.6197317007283676,0.13295959149381675,1.020054147355868,-0.006682001218086862,-0.897020374516293,0.7523034870388746,0.5311445499867928
2000-02-17,0.9381936457921592,-0.014597241666083538,0.07517876872903768,-0.733774543510082,0.4100462436770825,0.7935194244689031,0.6914278374609729,-0.15313188218931292,-0.7661317463919557,0.4155107229242396,1.159988980649698,-0.479640061055971,-0.878954355272206,0.32603157738272076,0.4261730930948045
2000-02-18,0.5748344438845535,0.13123262448494805,0.06940476052518688,-0.9747697054284572,0.05157476817486618,1.5409663498618182,0.28777027516686726,0.03712520529397673,-0.6866540981622821,0.48068158312914805,1.3955198609063963,-0.641160214263944,-0.9160458834741918,-0.2654265734674786,-0.07404697872317811
2000-02-19,0.20540486629277752,0.628703151907047,0.1464530283486523,-1.043699711028668,-0.08735825984389949,2.008488602726136,-0.010359036673093416,0.21906361697392812,-0.38806570022328,0.603909187362167,1.0617564171464369,-0.7519031849354818,-0.718248398233252,-0.8596563208119938,-0.5510313006009864
2000-02-20,-0.08127227627793583,0.5368279566074551,0.11339762300332708,-0.9193795700540296,-0.33495933027904873,2.084439708428213,0.25868745050874453,0.6868930016769654,-0.15239412428489982,0.36246473875689805,0.7648942969556368,-0.7618052616371807,-0.6747270108943815,-0.9484476105385402,-0.37234237187557917
2000-02-21,-0.15510458911291805,0.6484636182398765,0.046014122347965265,-0.7241812954902703,-0.6627461142474694,1.7438320012483153,-0.009447670271170027,1.0381900911464477,-0.2374193194455645,0.8335128193092498,0.43155041361057894,-0.8567818200519498,-0.5362632219634161,-0.68259539230058,-0.41998234237519405
2000-02-22,-0.2930853177342873,0.9784102581487611,0.026547868427372587,-0.708258221369373,-0.5605389009389345,1.9387572932784725,-0.2479008182496243,1.0670623395532801,-0.3584271852108863,1.2549581984866978,-0.10607398748732681,-1.0625711294206552,-0.5422312899558145,-0.4599872331463686,-0.335615187082672
2000-02-23,-0.3782414392232269,1.2510966397218855,-0.006851443693120969,-1.0896261716439608,-0.07350502818828913,2.0550244323630205,-0.2074688970691949,1.056325676124254,-0.5351011906934602,1.2311261519302177,-0.5125519513214519,-0.9832838776415749,-0.6307456281033124,-0.5739138277937533,-0.3740907685724476
2000-02-24,-0.25064090463767735,1.418147678601455,0.09335778630891212,-1.2273118407219727,-0.08873135456756294,1.8662988228457262,-0.02293437604966095,1.0486084059877383,-0.4350556087860003,0.7933105777842216,-0.8169272843835659,-0.8927640626458397,-0.42004668662896466,-0.2970391224899812,-1.0271728703528786
2000-02-25,-0.18502037976488986,1.5011996271618355,0.3598294345030294,-1.4454244214973693,-0.23250447078067624,1.7344258865343345,-0.07570120292491582,0.9578966873769791,-0.3339029918031325,0.7016191469343165,-0.6260134753819886,-0.7889483812280771,-0.14387788579993713,0.009306762941586166,-1.4934081607982015
2000-02-26,-0.0378566114892226,1.7750294303786267,0.13358990230259918,-1.4999440190603994,-0.36591251940417996,1.3640609813173417,-0.49359864915505547,0.4748779777950428,-0.45377879775762764,0.49454993610847925,-0.31706856696540636,-0.8298022277809979,-0.3975436915819994,0.36487725542660393,-1.3662641388948604
2000-02-27,0.09731595407620768,1.4959633394223675,0.21132050849986986,-1.1557655592782121,-0.36305277457866775,1.1555127116117447,-0.7082163216518474,0.35239417205928447,-0.29651373174231294,0.08384170634284742,0.08784218081570663,-1.0133704318038759,-0.8330513007540897,0.34500833174360823,-1.5921719002858252
2000-02-28,0.16954852502871587,1.1231025202074445,0.5476306282696313,-1.1445090391237305,0.0942226762277567,1.0868070911221979,-0.8314590437589586,0.48754800579939933,0.25388075618967026,-0.45196191813234576,0.6658944106432497,-0.9059819873359756,-0.9580072360736187,-0.10243873727112611,-1.6077533089798541
2000-02-29,0.1638992380173266,1.0360127379418722,1.3302581582816055,-1.0913976668056675,0.3819018445356148,1.1263108601723473,-1.027224737074756,0.28730105444745174,0.4582708357902324,-1.0406034269232685,1.5494443026498401,-0.593202874033566,-0.4890736795550016,-0.3429434614283141,-1.6006542191730484
2000-03-01,0.37551686534894274,1.0078776970609022,1.707348206987026,-1.1168876330685953,0.2733383064399007,0.9036829471471307,-1.2495286603085098,0.26344892497912575,0.4513548995566458,-1.2463887725280813,2.0487273127212666,-0.36555416429241344,-0.2132114749924598,-0.4724413665307731,-1.145963976145497
