,1,2,3,4,5,6,7,8,9,10,11,12,13,14,15
1999-09-03,-0.09910495104217219,-0.09910495104217219,-0.09910495104217219,-0.09910495104217219,-0.09910495104217219,-0.09910495104217219,-0.09910495104217219,-0.09910495104217219,-0.09910495104217219,-0.09910495104217219,-0.09910495104217219,-0.09910495104217219,-0.09910495104217219,-0.09910495104217219,-0.09910495104217219
1999-09-04,-0.343010802852377,-0.343010802852377,-0.343010802852377,-0.343010802852377,-0.343010802852377,-0.343010802852377,-0.343010802852377,-0.343010802852377,-0.343010802852377,-0.343010802852377,-0.343010802852377,-0.343010802852377,-0.343010802852377,-0.343010802852377,-0.343010802852377
1999-09-05,-0.45295446986757326,-0.45295446986757326,-0.45295446986757326,-0.45295446986757326,-0.45295446986757326,-0.45295446986757326,-0.45295446986757326,-0.45295446986757326,-0.45295446986757326,-0.45295446986757326,-0.45295446986757326,-0.45295446986757326,-0.45295446986757326,-0.45295446986757326,-0.45295446986757326
1999-09-06,-0.6477388216218858,-0.6477388216218858,-0.6477388216218858,-0.6477388216218858,-0.6477388216218858,-0.6477388216218858,-0.6477388216218858,-0.6477388216218858,-0.6477388216218858,-0.6477388216218858,-0.6477388216218858,-0.6477388216218858,-0.6477388216218858,-0.6477388216218858,-0.6477388216218858
1999-09-07,-1.033945085147532,-1.033945085147532,-1.033945085147532,-1.033945085147532,-1.033945085147532,-1.033945085147532,-1.033945085147532,-1.033945085147532,-1.033945085147532,-1.033945085147532,-1.033945085147532,-1.033945085147532,-1.033945085147532,-1.033945085147532,-1.033945085147532
1999-09-08,-1.3159604413209907,-1.3159604413209907,-1.3159604413209907,-1.3159604413209907,-1.3159604413209907,-1.3159604413209907,-1.3159604413209907,-1.3159604413209907,-1.3159604413209907,-1.3159604413209907,-1.3159604413209907,-1.3159604413209907,-1.3159604413209907,-1.3159604413209907,-1.3159604413209907
1999-09-09,-1.1269158884919002,-1.1269158884919002,-1.1269158884919002,-1.1269158884919002,-1.1269158884919002,-1.1269158884919002,-1.1269158884919002,-1.1269158884919002,-1.1269158884919002,-1.1269158884919002,-1.1269158884919002,-1.1269158884919002,-1.1269158884919002,-1.1269158884919002,-1.1269158884919002
1999-09-10,-0.8215984904016372,-0.8215984904016372,-0.8215984904016372,-0.8215984904016372,-0.8215984904016372,-0.8215984904016372,-0.8215984904016372,-0.8215984904016372,-0.8215984904016372,-0.8215984904016372,-0.8215984904016372,-0.8215984904016372,-0.8215984904016372,-0.8215984904016372,-0.8215984904016372
1999-09-11,-0.6028912057389748,-0.6028912057389748,-0.6028912057389748,-0.6028912057389748,-0.6028912057389748,-0.6028912057389748,-0.6028912057389748,-0.6028912057389748,-0.6028912057389748,-0.6028912057389748,-0.6028912057389748,-0.6028912057389748,-0.6028912057389748,-0.6028912057389748,-0.6028912057389748
1999-09-12,-0.6219258717290342,-0.6219258717290342,-0.6219258717290342,-0.6219258717290342,-0.6219258717290342,-0.6219258717290342,-0.6219258717290342,-0.6219258717290342,-0.6219258717290342,-0.6219258717290342,-0.6219258717290342,-0.6219258717290342,-0.6219258717290342,-0.6219258717290342,-0.6219258717290342
1999-09-13,-0.7901455369327748,-0.7901455369327748,-0.7901455369327748,-0.7901455369327748,-0.7901455369327748,-0.7901455369327748,-0.7901455369327748,-0.7901455369327748,-0.7901455369327748,-0.7901455369327748,-0.7901455369327748,-0.7901455369327748,-0.7901455369327748,-0.7901455369327748,-0.7901455369327748
1999-09-14,-0.806430111697351,-0.806430111697351,-0.806430111697351,-0.806430111697351,-0.806430111697351,-0.806430111697351,-0.806430111697351,-0.806430111697351,-0.806430111697351,-0.806430111697351,-0.806430111697351,-0.806430111697351,-0.806430111697351,-0.806430111697351,-0.806430111697351
1999-09-15,-0.5544851209026985,-0.5544851209026985,-0.5544851209026985,-0.5544851209026985,-0.5544851209026985,-0.5544851209026985,-0.5544851209026985,-0.5544851209026985,-0.5544851209026985,-0.5544851209026985,-0.5544851209026985,-0.5544851209026985,-0.5544851209026985,-0.5544851209026985,-0.5544851209026985
1999-09-16,-0.3858721720519417,-0.3858721720519417,-0.3858721720519417,-0.3858721720519417,-0.3858721720519417,-0.3858721720519417,-0.3858721720519417,-0.3858721720519417,-0.3858721720519417,-0.3858721720519417,-0.3858721720519417,-0.3858721720519417,-0.3858721720519417,-0.3858721720519417,-0.3858721720519417
1999-09-17,-0.7156448818200764,-0.7156448818200764,-0.7156448818200764,-0.7156448818200764,-0.7156448818200764,-0.7156448818200764,-0.7156448818200764,-0.7156448818200764,-0.7156448818200764,-0.7156448818200764,-0.7156448818200764,-0.7156448818200764,-0.7156448818200764,-0.7156448818200764,-0.7156448818200764
1999-09-18,-0.7087399345552523,-0.7087399345552523,-0.7087399345552523,-0.7087399345552523,-0.7087399345552523,-0.7087399345552523,-0.7087399345552523,-0.7087399345552523,-0.7087399345552523,-0.7087399345552523,-0.7087399345552523,-0.7087399345552523,-0.7087399345552523,-0.7087399345552523,-0.7087399345552523
1999-09-19,-1.1036445453310382,-1.1036445453310382,-1.1036445453310382,-1.1036445453310382,-1.1036445453310382,-1.1036445453310382,-1.1036445453310382,-1.1036445453310382,-1.1036445453310382,-1.1036445453310382,-1.1036445453310382,-1.1036445453310382,-1.1036445453310382,-1.1036445453310382,-1.1036445453310382
1999-09-20,-1.5908218900829159,-1.5908218900829159,-1.5908218900829159,-1.5908218900829159,-1.5908218900829159,-1.5908218900829159,-1.5908218900829159,-1.5908218900829159,-1.5908218900829159,-1.5908218900829159,-1.5908218900829159,-1.5908218900829159,-1.5908218900829159,-1.5908218900829159,-1.5908218900829159
1999-09-21,-1.589246433050272,-1.589246433050272,-1.589246433050272,-1.589246433050272,-1.589246433050272,-1.589246433050272,-1.589246433050272,-1.589246433050272,-1.589246433050272,-1.589246433050272,-1.589246433050272,-1.589246433050272,-1.589246433050272,-1.589246433050272,-1.589246433050272
1999-09-22,-1.541186315981101,-1.541186315981101,-1.541186315981101,-1.541186315981101,-1.541186315981101,-1.541186315981101,-1.541186315981101,-1.541186315981101,-1.541186315981101,-1.541186315981101,-1.541186315981101,-1.541186315981101,-1.541186315981101,-1.541186315981101,-1.541186315981101
1999-09-23,-1.6155073276453153,-1.6155073276453153,-1.6155073276453153,-1.6155073276453153,-1.6155073276453153,-1.6155073276453153,-1.6155073276453153,-1.6155073276453153,-1.6155073276453153,-1.6155073276453153,-1.6155073276453153,-1.6155073276453153,-1.6155073276453153,-1.6155073276453153,-1.6155073276453153
1999-09-24,-2.043968516124848,-2.043968516124848,-2.043968516124848,-2.043968516124848,-2.043968516124848,-2.043968516124848,-2.043968516124848,-2.043968516124848,-2.043968516124848,-2.043968516124848,-2.043968516124848,-2.043968516124848,-2.043968516124848,-2.043968516124848,-2.043968516124848
1999-09-25,-1.979044517425708,-1.979044517425708,-1.979044517425708,-1.979044517425708,-1.979044517425708,-1.979044517425708,-1.979044517425708,-1.979044517425708,-1.979044517425708,-1.979044517425708,-1.979044517425708,-1.979044517425708,-1.979044517425708,-1.979044517425708,-1.979044517425708
1999-09-26,-2.0500426820346656,-2.0500426820346656,-2.0500426820346656,-2.0500426820346656,-2.0500426820346656,-2.0500426820346656,-2.0500426820346656,-2.0500426820346656,-2.0500426820346656,-2.0500426820346656,-2.0500426820346656,-2.0500426820346656,-2.0500426820346656,-2.0500426820346656,-2.0500426820346656
1999-09-27,-2.216843267922633,-2.216843267922633,-2.216843267922633,-2.216843267922633,-2.216843267922633,-2.216843267922633,-2.216843267922633,-2.216843267922633,-2.216843267922633,-2.216843267922633,-2.216843267922633,-2.216843267922633,-2.216843267922633,-2.216843267922633,-2.216843267922633
1999-09-28,-2.19696734092098,-2.19696734092098,-2.19696734092098,-2.19696734092098,-2.19696734092098,-2.19696734092098,-2.19696734092098,-2.19696734092098,-2.19696734092098,-2.19696734092098,-2.19696734092098,-2.19696734092098,-2.19696734092098,-2.19696734092098,-2.19696734092098
1999-09-29,-2.096727506044139,-2.096727506044139,-2.096727506044139,-2.096727506044139,-2.096727506044139,-2.096727506044139,-2.096727506044139,-2.096727506044139,-2.096727506044139,-2.096727506044139,-2.096727506044139,-2.096727506044139,-2.096727506044139,-2.096727506044139,-2.096727506044139
1999-09-30,-1.9889745224432152,-1.9889745224432152,-1.9889745224432152,-1.9889745224432152,-1.9889745224432152,-1.9889745224432152,-1.9889745224432152,-1.9889745224432152,-1.9889745224432152,-1.9889745224432152,-1.9889745224432152,-1.9889745224432152,-1.9889745224432152,-1.9889745224432152,-1.9889745224432152
1999-10-01,-1.7402256073838116,-1.7402256073838116,-1.7402256073838116,-1.7402256073838116,-1.7402256073838116,-1.7402256073838116,-1.7402256073838116,-1.7402256073838116,-1.7402256073838116,-1.7402256073838116,-1.7402256073838116,-1.7402256073838116,-1.7402256073838116,-1.7402256073838116,-1.7402256073838116
1999-10-02,-1.5522986865731006,-1.5522986865731006,-1.5522986865731006,-1.5522986865731006,-1.5522986865731006,-1.5522986865731006,-1.5522986865731006,-1.5522986865731006,-1.5522986865731006,-1.5522986865731006,-1.5522986865731006,-1.5522986865731006,-1.5522986865731006,-1.5522986865731006,-1.5522986865731006
1999-10-03,-1.368994852150016,-1.368994852150016,-1.368994852150016,-1.368994852150016,-1.368994852150016,-1.368994852150016,-1.368994852150016,-1.368994852150016,-1.368994852150016,-1.368994852150016,-1.368994852150016,-1.368994852150016,-1.368994852150016,-1.368994852150016,-1.368994852150016
1999-10-04,-1.3540010449859972,-1.3540010449859972,-1.3540010449859972,-1.3540010449859972,-1.3540010449859972,-1.3540010449859972,-1.3540010449859972,-1.3540010449859972,-1.3540010449859972,-1.3540010449859972,-1.3540010449859972,-1.3540010449859972,-1.3540010449859972,-1.3540010449859972,-1.3540010449859972
1999-10-05,-1.4746482040982516,-1.4746482040982516,-1.4746482040982516,-1.4746482040982516,-1.4746482040982516,-1.4746482040982516,-1.4746482040982516,-1.4746482040982516,-1.4746482040982516,-1.4746482040982516,-1.4746482040982516,-1.4746482040982516,-1.4746482040982516,-1.4746482040982516,-1.4746482040982516
1999-10-06,-1.3262146165554296,-1.3262146165554296,-1.3262146165554296,-1.3262146165554296,-1.3262146165554296,-1.3262146165554296,-1.3262146165554296,-1.3262146165554296,-1.3262146165554296,-1.3262146165554296,-1.3262146165554296,-1.3262146165554296,-1.3262146165554296,-1.3262146165554296,-1.3262146165554296
1999-10-07,-0.9525770312364065,-0.9525770312364065,-0.9525770312364065,-0.9525770312364065,-0.9525770312364065,-0.9525770312364065,-0.9525770312364065,-0.9525770312364065,-0.9525770312364065,-0.9525770312364065,-0.9525770312364065,-0.9525770312364065,-0.9525770312364065,-0.9525770312364065,-0.9525770312364065
1999-10-08,-0.7262406627823842,-0.7262406627823842,-0.7262406627823842,-0.7262406627823842,-0.7262406627823842,-0.7262406627823842,-0.7262406627823842,-0.7262406627823842,-0.7262406627823842,-0.7262406627823842,-0.7262406627823842,-0.7262406627823842,-0.7262406627823842,-0.7262406627823842,-0.7262406627823842
1999-10-09,-0.48530020333325224,-0.48530020333325224,-0.48530020333325224,-0.48530020333325224,-0.48530020333325224,-0.48530020333325224,-0.48530020333325224,-0.48530020333325224,-0.48530020333325224,-0.48530020333325224,-0.48530020333325224,-0.48530020333325224,-0.48530020333325224,-0.48530020333325224,-0.48530020333325224
1999-10-10,0.0550172622786643,0.0550172622786643,0.0550172622786643,0.0550172622786643,0.0550172622786643,0.0550172622786643,0.0550172622786643,0.0550172622786643,0.0550172622786643,0.0550172622786643,0.0550172622786643,0.0550172622786643,0.0550172622786643,0.0550172622786643,0.0550172622786643
1999-10-11,0.19310344573026694,0.19310344573026694,0.19310344573026694,0.19310344573026694,0.19310344573026694,0.19310344573026694,0.19310344573026694,0.19310344573026694,0.19310344573026694,0.19310344573026694,0.19310344573026694,0.19310344573026694,0.19310344573026694,0.19310344573026694,0.19310344573026694
1999-10-12,0.37760267406556763,0.37760267406556763,0.37760267406556763,0.37760267406556763,0.37760267406556763,0.37760267406556763,0.37760267406556763,0.37760267406556763,0.37760267406556763,0.37760267406556763,0.37760267406556763,0.37760267406556763,0.37760267406556763,0.37760267406556763,0.37760267406556763
1999-10-13,0.34777076329541023,0.34777076329541023,0.34777076329541023,0.34777076329541023,0.34777076329541023,0.34777076329541023,0.34777076329541023,0.34777076329541023,0.34777076329541023,0.34777076329541023,0.34777076329541023,0.34777076329541023,0.34777076329541023,0.34777076329541023,0.34777076329541023
1999-10-14,0.281424918141232,0.281424918141232,0.281424918141232,0.281424918141232,0.281424918141232,0.281424918141232,0.281424918141232,0.281424918141232,0.281424918141232,0.281424918141232,0.281424918141232,0.281424918141232,0.281424918141232,0.281424918141232,0.281424918141232
1999-10-15,0.5228421154458887,0.5228421154458887,0.5228421154458887,0.5228421154458887,0.5228421154458887,0.5228421154458887,0.5228421154458887,0.5228421154458887,0.5228421154458887,0.5228421154458887,0.5228421154458887,0.5228421154458887,0.5228421154458887,0.5228421154458887,0.5228421154458887
1999-10-16,0.7844563230836391,0.7844563230836391,0.7844563230836391,0.7844563230836391,0.7844563230836391,0.7844563230836391,0.7844563230836391,0.7844563230836391,0.7844563230836391,0.7844563230836391,0.7844563230836391,0.7844563230836391,0.7844563230836391,0.7844563230836391,0.7844563230836391
1999-10-17,0.9397690376624785,0.9397690376624785,0.9397690376624785,0.9397690376624785,0.9397690376624785,0.9397690376624785,0.9397690376624785,0.9397690376624785,0.9397690376624785,0.9397690376624785,0.9397690376624785,0.9397690376624785,0.9397690376624785,0.9397690376624785,0.9397690376624785
1999-10-18,1.020627316009084,1.020627316009084,1.020627316009084,1.020627316009084,1.020627316009084,1.020627316009084,1.020627316009084,1.020627316009084,1.020627316009084,1.020627316009084,1.020627316009084,1.020627316009084,1.020627316009084,1.020627316009084,1.020627316009084
1999-10-19,0.9888318618716125,0.9888318618716125,0.9888318618716125,0.9888318618716125,0.9888318618716125,0.9888318618716125,0.9888318618716125,0.9888318618716125,0.9888318618716125,0.9888318618716125,0.9888318618716125,0.9888318618716125,0.9888318618716125,0.9888318618716125,0.9888318618716125
1999-10-20,1.0552717210963436,1.0552717210963436,1.0552717210963436,1.0552717210963436,1.0552717210963436,1.0552717210963436,1.0552717210963436,1.0552717210963436,1.0552717210963436,1.0552717210963436,1.0552717210963436,1.0552717210963436,1.0552717210963436,1.0552717210963436,1.0552717210963436
1999-10-21,1.1283598934946624,1.1283598934946624,1.1283598934946624,1.1283598934946624,1.1283598934946624,1.1283598934946624,1.1283598934946624,1.1283598934946624,1.1283598934946624,1.1283598934946624,1.1283598934946624,1.1283598934946624,1.1283598934946624,1.1283598934946624,1.1283598934946624
1999-10-22,1.195904171985422,1.195904171985422,1.195904171985422,1.195904171985422,1.195904171985422,1.195904171985422,1.195904171985422,1.195904171985422,1.195904171985422,1.195904171985422,1.195904171985422,1.195904171985422,1.195904171985422,1.195904171985422,1.195904171985422
1999-10-23,1.048136329944873,1.048136329944873,1.048136329944873,1.048136329944873,1.048136329944873,1.048136329944873,1.048136329944873,1.048136329944873,1.048136329944873,1.048136329944873,1.048136329944873,1.048136329944873,1.048136329944873,1.048136329944873,1.048136329944873
1999-10-24,1.0705935550369448,1.0705935550369448,1.0705935550369448,1.0705935550369448,1.0705935550369448,1.0705935550369448,1.0705935550369448,1.0705935550369448,1.0705935550369448,1.0705935550369448,1.0705935550369448,1.0705935550369448,1.0705935550369448,1.0705935550369448,1.0705935550369448
1999-10-25,1.0358242343631732,1.0358242343631732,1.0358242343631732,1.0358242343631732,1.0358242343631732,1.0358242343631732,1.0358242343631732,1.0358242343631732,1.0358242343631732,1.0358242343631732,1.0358242343631732,1.0358242343631732,1.0358242343631732,1.0358242343631732,1.0358242343631732
1999-10-26,1.3417151209207352,1.3417151209207352,1.3417151209207352,1.3417151209207352,1.3417151209207352,1.3417151209207352,1.3417151209207352,1.3417151209207352,1.3417151209207352,1.3417151209207352,1.3417151209207352,1.3417151209207352,1.3417151209207352,1.3417151209207352,1.3417151209207352
1999-10-27,1.259257395879302,1.259257395879302,1.259257395879302,1.259257395879302,1.259257395879302,1.259257395879302,1.259257395879302,1.259257395879302,1.259257395879302,1.259257395879302,1.259257395879302,1.259257395879302,1.259257395879302,1.259257395879302,1.259257395879302
1999-10-28,1.5209624509073107,1.5209624509073107,1.5209624509073107,1.5209624509073107,1.5209624509073107,1.5209624509073107,1.5209624509073107,1.5209624509073107,1.5209624509073107,1.5209624509073107,1.5209624509073107,1.5209624509073107,1.5209624509073107,1.5209624509073107,1.5209624509073107
1999-10-29,1.7269010486591712,1.7269010486591712,1.7269010486591712,1.7269010486591712,1.7269010486591712,1.7269010486591712,1.7269010486591712,1.7269010486591712,1.7269010486591712,1.7269010486591712,1.7269010486591712,1.7269010486591712,1.7269010486591712,1.7269010486591712,1.7269010486591712
1999-10-30,1.8427993714063151,1.8427993714063151,1.8427993714063151,1.8427993714063151,1.8427993714063151,1.8427993714063151,1.8427993714063151,1.8427993714063151,1.8427993714063151,1.8427993714063151,1.8427993714063151,1.8427993714063151,1.8427993714063151,1.8427993714063151,1.8427993714063151
1999-10-31,2.057367816891622,2.057367816891622,2.057367816891622,2.057367816891622,2.057367816891622,2.057367816891622,2.057367816891622,2.057367816891622,2.057367816891622,2.057367816891622,2.057367816891622,2.057367816891622,2.057367816891622,2.057367816891622,2.057367816891622
1999-11-01,2.185469220957286,2.185469220957286,2.185469220957286,2.185469220957286,2.185469220957286,2.185469220957286,2.185469220957286,2.185469220957286,2.185469220957286,2.185469220957286,2.185469220957286,2.185469220957286,2.185469220957286,2.185469220957286,2.185469220957286
1999-11-02,2.094680810664224,2.094680810664224,2.094680810664224,2.094680810664224,2.094680810664224,2.094680810664224,2.094680810664224,2.094680810664224,2.094680810664224,2.094680810664224,2.094680810664224,2.094680810664224,2.094680810664224,2.094680810664224,2.094680810664224
1999-11-03,2.412394604260151,2.412394604260151,2.412394604260151,2.412394604260151,2.412394604260151,2.412394604260151,2.412394604260151,2.412394604260151,2.412394604260151,2.412394604260151,2.412394604260151,2.412394604260151,2.412394604260151,2.412394604260151,2.412394604260151
1999-11-04,2.4650643918907207,2.4650643918907207,2.4650643918907207,2.4650643918907207,2.4650643918907207,2.4650643918907207,2.4650643918907207,2.4650643918907207,2.4650643918907207,2.4650643918907207,2.4650643918907207,2.4650643918907207,2.4650643918907207,2.4650643918907207,2.4650643918907207
1999-11-05,2.1138331140929445,2.1138331140929445,2.1138331140929445,2.1138331140929445,2.1138331140929445,2.1138331140929445,2.1138331140929445,2.1138331140929445,2.1138331140929445,2.1138331140929445,2.1138331140929445,2.1138331140929445,2.1138331140929445,2.1138331140929445,2.1138331140929445
1999-11-06,1.6922351032666643,1.6922351032666643,1.6922351032666643,1.6922351032666643,1.6922351032666643,1.6922351032666643,1.6922351032666643,1.6922351032666643,1.6922351032666643,1.6922351032666643,1.6922351032666643,1.6922351032666643,1.6922351032666643,1.6922351032666643,1.6922351032666643
1999-11-07,1.6039829073485752,1.6039829073485752,1.6039829073485752,1.6039829073485752,1.6039829073485752,1.6039829073485752,1.6039829073485752,1.6039829073485752,1.6039829073485752,1.6039829073485752,1.6039829073485752,1.6039829073485752,1.6039829073485752,1.6039829073485752,1.6039829073485752
1999-11-08,1.2984011843016185,1.2984011843016185,1.2984011843016185,1.2984011843016185,1.2984011843016185,1.2984011843016185,1.2984011843016185,1.2984011843016185,1.2984011843016185,1.2984011843016185,1.2984011843016185,1.2984011843016185,1.2984011843016185,1.2984011843016185,1.2984011843016185
1999-11-09,0.8631412352555178,0.8631412352555178,0.8631412352555178,0.8631412352555178,0.8631412352555178,0.8631412352555178,0.8631412352555178,0.8631412352555178,0.8631412352555178,0.8631412352555178,0.8631412352555178,0.8631412352555178,0.8631412352555178,0.8631412352555178,0.8631412352555178
1999-11-10,0.4562377822835538,0.4562377822835538,0.4562377822835538,0.4562377822835538,0.4562377822835538,0.4562377822835538,0.4562377822835538,0.4562377822835538,0.4562377822835538,0.4562377822835538,0.4562377822835538,0.4562377822835538,0.4562377822835538,0.4562377822835538,0.4562377822835538
1999-11-11,0.19060276378501956,0.19060276378501956,0.19060276378501956,0.19060276378501956,0.19060276378501956,0.19060276378501956,0.19060276378501956,0.19060276378501956,0.19060276378501956,0.19060276378501956,0.19060276378501956,0.19060276378501956,0.19060276378501956,0.19060276378501956,0.19060276378501956
1999-11-12,-0.06431980464716497,-0.06431980464716497,-0.06431980464716497,-0.06431980464716497,-0.06431980464716497,-0.06431980464716497,-0.06431980464716497,-0.06431980464716497,-0.06431980464716497,-0.06431980464716497,-0.06431980464716497,-0.06431980464716497,-0.06431980464716497,-0.06431980464716497,-0.06431980464716497
1999-11-13,-0.24119497314159752,-0.24119497314159752,-0.24119497314159752,-0.24119497314159752,-0.24119497314159752,-0.24119497314159752,-0.24119497314159752,-0.24119497314159752,-0.24119497314159752,-0.24119497314159752,-0.24119497314159752,-0.24119497314159752,-0.24119497314159752,-0.24119497314159752,-0.24119497314159752
1999-11-14,-0.4091636776606343,-0.4091636776606343,-0.4091636776606343,-0.4091636776606343,-0.4091636776606343,-0.4091636776606343,-0.4091636776606343,-0.4091636776606343,-0.4091636776606343,-0.4091636776606343,-0.4091636776606343,-0.4091636776606343,-0.4091636776606343,-0.4091636776606343,-0.4091636776606343
1999-11-15,-0.6947822248007692,-0.6947822248007692,-0.6947822248007692,-0.6947822248007692,-0.6947822248007692,-0.6947822248007692,-0.6947822248007692,-0.6947822248007692,-0.6947822248007692,-0.6947822248007692,-0.6947822248007692,-0.6947822248007692,-0.6947822248007692,-0.6947822248007692,-0.6947822248007692
1999-11-16,-0.8921056377087699,-0.8921056377087699,-0.8921056377087699,-0.8921056377087699,-0.8921056377087699,-0.8921056377087699,-0.8921056377087699,-0.8921056377087699,-0.8921056377087699,-0.8921056377087699,-0.8921056377087699,-0.8921056377087699,-0.8921056377087699,-0.8921056377087699,-0.8921056377087699
1999-11-17,-0.6598968508475269,-0.6598968508475269,-0.6598968508475269,-0.6598968508475269,-0.6598968508475269,-0.6598968508475269,-0.6598968508475269,-0.6598968508475269,-0.6598968508475269,-0.6598968508475269,-0.6598968508475269,-0.6598968508475269,-0.6598968508475269,-0.6598968508475269,-0.6598968508475269
1999-11-18,-0.493044047514736,-0.493044047514736,-0.493044047514736,-0.493044047514736,-0.493044047514736,-0.493044047514736,-0.493044047514736,-0.493044047514736,-0.493044047514736,-0.493044047514736,-0.493044047514736,-0.493044047514736,-0.493044047514736,-0.493044047514736,-0.493044047514736
1999-11-19,-0.3440909545881908,-0.3440909545881908,-0.3440909545881908,-0.3440909545881908,-0.3440909545881908,-0.3440909545881908,-0.3440909545881908,-0.3440909545881908,-0.3440909545881908,-0.3440909545881908,-0.3440909545881908,-0.3440909545881908,-0.3440909545881908,-0.3440909545881908,-0.3440909545881908
1999-11-20,-0.5321394954307407,-0.5321394954307407,-0.5321394954307407,-0.5321394954307407,-0.5321394954307407,-0.5321394954307407,-0.5321394954307407,-0.5321394954307407,-0.5321394954307407,-0.5321394954307407,-0.5321394954307407,-0.5321394954307407,-0.5321394954307407,-0.5321394954307407,-0.5321394954307407
1999-11-21,-0.46489105481559356,-0.46489105481559356,-0.46489105481559356,-0.46489105481559356,-0.46489105481559356,-0.46489105481559356,-0.46489105481559356,-0.46489105481559356,-0.46489105481559356,-0.46489105481559356,-0.46489105481559356,-0.46489105481559356,-0.46489105481559356,-0.46489105481559356,-0.46489105481559356
1999-11-22,-0.6986773686076307,-0.6986773686076307,-0.6986773686076307,-0.6986773686076307,-0.6986773686076307,-0.6986773686076307,-0.6986773686076307,-0.6986773686076307,-0.6986773686076307,-0.6986773686076307,-0.6986773686076307,-0.6986773686076307,-0.6986773686076307,-0.6986773686076307,-0.6986773686076307
1999-11-23,-0.9824722128277736,-0.9824722128277736,-0.9824722128277736,-0.9824722128277736,-0.9824722128277736,-0.9824722128277736,-0.9824722128277736,-0.9824722128277736,-0.9824722128277736,-0.9824722128277736,-0.9824722128277736,-0.9824722128277736,-0.9824722128277736,-0.9824722128277736,-0.9824722128277736
1999-11-24,-0.9144979309211839,-0.9144979309211839,-0.9144979309211839,-0.9144979309211839,-0.9144979309211839,-0.9144979309211839,-0.9144979309211839,-0.9144979309211839,-0.9144979309211839,-0.9144979309211839,-0.9144979309211839,-0.9144979309211839,-0.9144979309211839,-0.9144979309211839,-0.9144979309211839
1999-11-25,-0.3364729651636828,-0.3364729651636828,-0.3364729651636828,-0.3364729651636828,-0.3364729651636828,-0.3364729651636828,-0.3364729651636828,-0.3364729651636828,-0.3364729651636828,-0.3364729651636828,-0.3364729651636828,-0.3364729651636828,-0.3364729651636828,-0.3364729651636828,-0.3364729651636828
1999-11-26,-0.08038627222156182,-0.08038627222156182,-0.08038627222156182,-0.08038627222156182,-0.08038627222156182,-0.08038627222156182,-0.08038627222156182,-0.08038627222156182,-0.08038627222156182,-0.08038627222156182,-0.08038627222156182,-0.08038627222156182,-0.08038627222156182,-0.08038627222156182,-0.08038627222156182
1999-11-27,0.024460114578329962,0.024460114578329962,0.024460114578329962,0.024460114578329962,0.024460114578329962,0.024460114578329962,0.024460114578329962,0.024460114578329962,0.024460114578329962,0.024460114578329962,0.024460114578329962,0.024460114578329962,0.024460114578329962,0.024460114578329962,0.024460114578329962
1999-11-28,0.1537129270240986,0.1537129270240986,0.1537129270240986,0.1537129270240986,0.1537129270240986,0.1537129270240986,0.1537129270240986,0.1537129270240986,0.1537129270240986,0.1537129270240986,0.1537129270240986,0.1537129270240986,0.1537129270240986,0.1537129270240986,0.1537129270240986
1999-11-29,0.2753673920512986,0.2753673920512986,0.2753673920512986,0.2753673920512986,0.2753673920512986,0.2753673920512986,0.2753673920512986,0.2753673920512986,0.2753673920512986,0.2753673920512986,0.2753673920512986,0.2753673920512986,0.2753673920512986,0.2753673920512986,0.2753673920512986
1999-11-30,0.6425229565397172,0.6425229565397172,0.6425229565397172,0.6425229565397172,0.6425229565397172,0.6425229565397172,0.6425229565397172,0.6425229565397172,0.6425229565397172,0.6425229565397172,0.6425229565397172,0.6425229565397172,0.6425229565397172,0.6425229565397172,0.6425229565397172
1999-12-01,0.7315867317065883,0.7315867317065883,0.7315867317065883,0.7315867317065883,0.7315867317065883,0.7315867317065883,0.7315867317065883,0.7315867317065883,0.7315867317065883,0.7315867317065883,0.7315867317065883,0.7315867317065883,0.7315867317065883,0.7315867317065883,0.7315867317065883
1999-12-02,0.7279130516832801,0.7279130516832801,0.7279130516832801,0.7279130516832801,0.7279130516832801,0.7279130516832801,0.7279130516832801,0.7279130516832801,0.7279130516832801,0.7279130516832801,0.7279130516832801,0.7279130516832801,0.7279130516832801,0.7279130516832801,0.7279130516832801
1999-12-03,0.562364987409203,0.562364987409203,0.562364987409203,0.562364987409203,0.562364987409203,0.562364987409203,0.562364987409203,0.562364987409203,0.562364987409203,0.562364987409203,0.562364987409203,0.562364987409203,0.562364987409203,0.562364987409203,0.562364987409203
1999-12-04,0.3400565106503385,0.3400565106503385,0.3400565106503385,0.3400565106503385,0.3400565106503385,0.3400565106503385,0.3400565106503385,0.3400565106503385,0.3400565106503385,0.3400565106503385,0.3400565106503385,0.3400565106503385,0.3400565106503385,0.3400565106503385,0.3400565106503385
1999-12-05,0.6475375718849143,0.6475375718849143,0.6475375718849143,0.6475375718849143,0.6475375718849143,0.6475375718849143,0.6475375718849143,0.6475375718849143,0.6475375718849143,0.6475375718849143,0.6475375718849143,0.6475375718849143,0.6475375718849143,0.6475375718849143,0.6475375718849143
1999-12-06,0.8700099473731824,0.8700099473731824,0.8700099473731824,0.8700099473731824,0.8700099473731824,0.8700099473731824,0.8700099473731824,0.8700099473731824,0.8700099473731824,0.8700099473731824,0.8700099473731824,0.8700099473731824,0.8700099473731824,0.8700099473731824,0.8700099473731824
1999-12-07,1.1326667876535426,1.1326667876535426,1.1326667876535426,1.1326667876535426,1.1326667876535426,1.1326667876535426,1.1326667876535426,1.1326667876535426,1.1326667876535426,1.1326667876535426,1.1326667876535426,1.1326667876535426,1.1326667876535426,1.1326667876535426,1.1326667876535426
1999-12-08,1.3360268035960887,1.3360268035960887,1.3360268035960887,1.3360268035960887,1.3360268035960887,1.3360268035960887,1.3360268035960887,1.3360268035960887,1.3360268035960887,1.3360268035960887,1.3360268035960887,1.3360268035960887,1.3360268035960887,1.3360268035960887,1.3360268035960887
1999-12-09,1.2393735826915695,1.2393735826915695,1.2393735826915695,1.2393735826915695,1.2393735826915695,1.2393735826915695,1.2393735826915695,1.2393735826915695,1.2393735826915695,1.2393735826915695,1.2393735826915695,1.2393735826915695,1.2393735826915695,1.2393735826915695,1.2393735826915695
1999-12-10,1.1226016938705206,1.1226016938705206,1.1226016938705206,1.1226016938705206,1.1226016938705206,1.1226016938705206,1.1226016938705206,1.1226016938705206,1.1226016938705206,1.1226016938705206,1.1226016938705206,1.1226016938705206,1.1226016938705206,1.1226016938705206,1.1226016938705206
1999-12-11,1.2208388998256552,1.2208388998256552,1.2208388998256552,1.2208388998256552,1.2208388998256552,1.2208388998256552,1.2208388998256552,1.2208388998256552,1.2208388998256552,1.2208388998256552,1.2208388998256552,1.2208388998256552,1.2208388998256552,1.2208388998256552,1.2208388998256552
1999-12-12,0.9652400187439282,0.9652400187439282,0.9652400187439282,0.9652400187439282,0.9652400187439282,0.9652400187439282,0.9652400187439282,0.9652400187439282,0.9652400187439282,0.9652400187439282,0.9652400187439282,0.9652400187439282,0.9652400187439282,0.9652400187439282,0.9652400187439282
1999-12-13,0.8247591598618003,0.8247591598618003,0.8247591598618003,0.8247591598618003,0.8247591598618003,0.8247591598618003,0.8247591598618003,0.8247591598618003,0.8247591598618003,0.8247591598618003,0.8247591598618003,0.8247591598618003,0.8247591598618003,0.8247591598618003,0.8247591598618003
1999-12-14,0.9830130953401467,0.9830130953401467,0.9830130953401467,0.9830130953401467,0.9830130953401467,0.9830130953401467,0.9830130953401467,0.9830130953401467,0.9830130953401467,0.9830130953401467,0.9830130953401467,0.9830130953401467,0.9830130953401467,0.9830130953401467,0.9830130953401467
1999-12-15,1.044889790112505,1.044889790112505,1.044889790112505,1.044889790112505,1.044889790112505,1.044889790112505,1.044889790112505,1.044889790112505,1.044889790112505,1.044889790112505,1.044889790112505,1.044889790112505,1.044889790112505,1.044889790112505,1.044889790112505
1999-12-16,0.9626588138662073,0.9626588138662073,0.9626588138662073,0.9626588138662073,0.9626588138662073,0.9626588138662073,0.9626588138662073,0.9626588138662073,0.9626588138662073,0.9626588138662073,0.9626588138662073,0.9626588138662073,0.9626588138662073,0.9626588138662073,0.9626588138662073
1999-12-17,1.130935647843993,1.130935647843993,1.130935647843993,1.130935647843993,1.130935647843993,1.130935647843993,1.130935647843993,1.130935647843993,1.130935647843993,1.130935647843993,1.130935647843993,1.130935647843993,1.130935647843993,1.130935647843993,1.130935647843993
1999-12-18,0.9159269512274866,0.9159269512274866,0.9159269512274866,0.9159269512274866,0.9159269512274866,0.9159269512274866,0.9159269512274866,0.9159269512274866,0.9159269512274866,0.9159269512274866,0.9159269512274866,0.9159269512274866,0.9159269512274866,0.9159269512274866,0.9159269512274866
1999-12-19,0.3920923427895082,0.3920923427895082,0.3920923427895082,0.3920923427895082,0.3920923427895082,0.3920923427895082,0.3920923427895082,0.3920923427895082,0.3920923427895082,0.3920923427895082,0.3920923427895082,0.3920923427895082,0.3920923427895082,0.3920923427895082,0.3920923427895082
1999-12-20,-0.005642635333537537,-0.005642635333537537,-0.005642635333537537,-0.005642635333537537,-0.005642635333537537,-0.005642635333537537,-0.005642635333537537,-0.005642635333537537,-0.005642635333537537,-0.005642635333537537,-0.005642635333537537,-0.005642635333537537,-0.005642635333537537,-0.005642635333537537,-0.005642635333537537
1999-12-21,-0.48006778741103157,-0.48006778741103157,-0.48006778741103157,-0.48006778741103157,-0.48006778741103157,-0.48006778741103157,-0.48006778741103157,-0.48006778741103157,-0.48006778741103157,-0.48006778741103157,-0.48006778741103157,-0.48006778741103157,-0.48006778741103157,-0.48006778741103157,-0.48006778741103157
1999-12-22,-0.7313543010919948,-0.7313543010919948,-0.7313543010919948,-0.7313543010919948,-0.7313543010919948,-0.7313543010919948,-0.7313543010919948,-0.7313543010919948,-0.7313543010919948,-0.7313543010919948,-0.7313543010919948,-0.7313543010919948,-0.7313543010919948,-0.7313543010919948,-0.7313543010919948
1999-12-23,-0.5536476758244696,-0.5536476758244696,-0.5536476758244696,-0.5536476758244696,-0.5536476758244696,-0.5536476758244696,-0.5536476758244696,-0.5536476758244696,-0.5536476758244696,-0.5536476758244696,-0.5536476758244696,-0.5536476758244696,-0.5536476758244696,-0.5536476758244696,-0.5536476758244696
1999-12-24,-0.4304342377192775,-0.4304342377192775,-0.4304342377192775,-0.4304342377192775,-0.4304342377192775,-0.4304342377192775,-0.4304342377192775,-0.4304342377192775,-0.4304342377192775,-0.4304342377192775,-0.4304342377192775,-0.4304342377192775,-0.4304342377192775,-0.4304342377192775,-0.4304342377192775
1999-12-25,-0.49825951556166564,-0.49825951556166564,-0.49825951556166564,-0.49825951556166564,-0.49825951556166564,-0.49825951556166564,-0.49825951556166564,-0.49825951556166564,-0.49825951556166564,-0.49825951556166564,-0.49825951556166564,-0.49825951556166564,-0.49825951556166564,-0.49825951556166564,-0.49825951556166564
1999-12-26,-0.5689592054248764,-0.5689592054248764,-0.5689592054248764,-0.5689592054248764,-0.5689592054248764,-0.5689592054248764,-0.5689592054248764,-0.5689592054248764,-0.5689592054248764,-0.5689592054248764,-0.5689592054248764,-0.5689592054248764,-0.5689592054248764,-0.5689592054248764,-0.5689592054248764
1999-12-27,-0.6324974233354745,-0.6324974233354745,-0.6324974233354745,-0.6324974233354745,-0.6324974233354745,-0.6324974233354745,-0.6324974233354745,-0.6324974233354745,-0.6324974233354745,-0.6324974233354745,-0.6324974233354745,-0.6324974233354745,-0.6324974233354745,-0.6324974233354745,-0.6324974233354745
1999-12-28,-0.6610888810268044,-0.6610888810268044,-0.6610888810268044,-0.6610888810268044,-0.6610888810268044,-0.6610888810268044,-0.6610888810268044,-0.6610888810268044,-0.6610888810268044,-0.6610888810268044,-0.6610888810268044,-0.6610888810268044,-0.6610888810268044,-0.6610888810268044,-0.6610888810268044
1999-12-29,-0.6800043859960895,-0.6800043859960895,-0.6800043859960895,-0.6800043859960895,-0.6800043859960895,-0.6800043859960895,-0.6800043859960895,-0.6800043859960895,-0.6800043859960895,-0.6800043859960895,-0.6800043859960895,-0.6800043859960895,-0.6800043859960895,-0.6800043859960895,-0.6800043859960895
1999-12-30,-0.34620664469746987,-0.34620664469746987,-0.34620664469746987,-0.34620664469746987,-0.34620664469746987,-0.34620664469746987,-0.34620664469746987,-0.34620664469746987,-0.34620664469746987,-0.34620664469746987,-0.34620664469746987,-0.34620664469746987,-0.34620664469746987,-0.34620664469746987,-0.34620664469746987
1999-12-31,-0.5216044967668657,-0.5216044967668657,-0.5216044967668657,-0.5216044967668657,-0.5216044967668657,-0.5216044967668657,-0.5216044967668657,-0.5216044967668657,-0.5216044967668657,-0.5216044967668657,-0.5216044967668657,-0.5216044967668657,-0.5216044967668657,-0.5216044967668657,-0.5216044967668657
2000-01-01,-0.5650342711346769,-0.48323725543548396,-0.49068637740307763,-0.5426683690080806,-0.46059901000062253,-0.4931394073635393,-0.4968679526263442,-0.5261470944191267,-0.45685611890909167,-0.489986411197627,-0.49400871095634746,-0.5478792559650681,-0.45321263016886554,-0.47098388204345115,-0.5290313077082899
2000-01-02,-0.6069448018086032,-0.5036357714892331,-0.5418240535327555,-0.6778423438028979,-0.6660809884147735,-0.41177687734992063,-0.7328800165124179,-0.755478630210967,-0.7420203145874166,-0.513946752064925,-0.7086116304476967,-0.5788306069029,-0.5437105229105985,-0.4684906422900378,-0.7938256039291414
2000-01-03,-0.20984291148839865,-0.06573279588252519,0.028732152320145404,-0.026824294279065693,-0.39740176352493856,0.3573672467434354,-0.23190408249411323,-0.33675707601827815,-0.2637497697686296,-0.12253554983120116,-0.1231124576459815,0.006529514111934784,-0.05885298640831493,0.29386681128118547,-0.46180599095184927
2000-01-04,-0.10157794699422729,0.06317666579327073,-0.09858025430061455,-0.060219419319517825,-0.6230777072313742,0.45385618382609566,-0.08393046273650488,-0.29600511203977714,-0.16751226070381664,-0.09719476176031869,-0.013196386062039211,0.22643025227747784,0.21122356672926942,0.6503535546246244,-0.38623826047254706
2000-01-05,0.0006328833521266159,-0.1974457979601303,-0.011316142963746471,0.010962883914915187,-0.8105231792387833,0.6634109298389441,-0.12587183660578896,-0.36965214526524165,0.10018518160161824,-0.3168801225528933,-0.08724751569968561,0.5265917059139963,0.3175279072136971,0.8604955411052411,-0.3040789773572619
2000-01-06,0.29768308976317265,-0.06826295547388476,0.29686492981096607,0.3057353158686723,-0.9257896478583596,1.2516814109931576,0.15173067413632182,-0.04844529368955461,0.4354076331572845,-0.1775116126876736,0.06679864260989699,0.6571323166568487,0.7785807990570651,1.3037242591857723,-0.2683423494099151
2000-01-07,0.4692173771641621,-0.008292186395526596,0.35578451385924437,0.6010679090153184,-0.8327188681902538,1.3240853124795327,0.43285936306886885,0.13203871564825428,0.7721810303345572,-0.29351108636228374,0.03714904242835513,0.7176784517596502,1.0038827861915873,1.2652780061957385,-0.0317771723854322
2000-01-08,0.525255099808817,0.04579677347682784,0.19603064802368206,0.3919545399172495,-0.8227113407278207,1.0781835775773143,0.836172769151445,0.17949812851071034,0.7899261324573089,-0.3965100335892893,0.02117560120893375,0.8844349578581723,1.310755437470116,1.40330379642635,0.18946262627378477
2000-01-09,0.713753200476766,0.04405626150304205,0.21060934972058556,0.6128184994712349,-0.7431047179253715,0.8779637453526674,1.2946203360630533,0.30951567142895764,0.9268525190424808,-0.37859700336633917,-0.18585062438381095,1.218687526662563,1.348668265955998,1.6346250478261715,0.2882340167251641
2000-01-10,0.6417405171571502,0.05713627037012209,-0.012868513961301875,0.37355674636412545,-0.9494061731358886,0.7849854695852382,1.5659274051710685,0.4814421995495729,0.8902553073468323,-0.7016704696337046,-0.2270130419516743,1.443084199487328,1.4950986795364818,1.5799456972099706,0.15970458365472848
2000-01-11,0.4851599038095432,-0.5709648226337104,0.20808759818003908,0.33831727092845654,-0.9450565916001493,0.7553680020777911,1.4066195719374674,0.6681838135844501,0.8840428147795141,-0.8724536942965272,-0.18019255996032607,1.4033082297506483,1.8593780513503633,1.3933045187536377,0.25183985469141795
2000-01-12,0.4068070839915631,-0.971753535439526,0.4379155348414286,0.4216769882593211,-0.4580913098320115,0.6541616917589443,1.3894666418666821,0.6182248935521816,0.7659499889663504,-0.8196830634273199,-0.01668592687759922,1.3225755023084178,2.3030037147612124,0.9655646499745593,0.47105133901545443
2000-01-13,0.5114522736838363,-1.0995391204251177,0.8295563141800117,0.7169457365458309,-0.3901870012492709,0.6573793774021239,1.4942625903785065,0.2752804543219212,0.8467272045941383,-0.5784190194830704,-0.10895923131277217,1.1630466969416409,2.4973821806059107,0.6863821251108967,0.41446103463026035
2000-01-14,0.6236173344270507,-1.213899321028025,1.0143266430126396,0.8065581409606812,-0.6562167977474719,0.4572421391264372,1.2454482091955366,0.05226681808731748,0.6922559928460316,-0.4079832249961867,-0.6538988225390812,1.20690135827147,2.2795968417747523,0.8100361362020814,0.7236437073217885
2000-01-15,0.6870506298614161,-1.0607665387555156,0.8558953477654809,0.6767054500902138,-0.8506996917630297,0.15550193497199874,0.8060680400077197,-0.17545777460229314,0.3228589856400501,-0.026002317919273644,-0.9493429683537697,1.1658001411145629,1.590971834645611,0.6688452465571806,0.7539424789330187
2000-01-16,0.6058238808523295,-1.070108602370953,0.814085175971615,0.49329119258004206,-0.6576515346145732,0.05662881099337674,0.2630146261230365,-0.6091178080142098,0.18056586474990818,0.12140254359232698,-1.013091693882426,1.2528724519762864,0.7606345679076051,0.4305774211037596,0.7404902882296917
2000-01-17,0.36838558259221865,-0.914599619173168,0.6874755922720864,0.4055438515849681,-0.4885775894858313,-0.3783746710964064,0.07023379445234809,-0.5826542558995452,-0.009850385953417794,0.14108626098532412,-0.9701180137139155,1.2407224359008457,0.83650914128246,0.43083448982731887,1.1458949372220497
2000-01-18,0.23782515282711497,-0.7652378837132768,0.8595049910656628,-0.2125661715497292,-0.16984198154213168,-0.2701488450543394,-0.04852211832966267,-0.6515955030681304,-0.16210924034658303,0.2609225079178682,-0.7569712429842277,0.9978995378555564,0.5437864626009944,0.6763042221571486,1.4050885605195802
2000-01-19,0.03447658700092416,-0.6517388842437324,0.9936307888554669,-0.5997737305982251,0.23078297229469732,-0.20633985470734556,0.05056700087786134,-0.613354365240071,-0.0629013187607317,0.3895507308855848,-0.8842629482191829,0.6033602462802289,0.22081230362117304,0.5041015987840555,1.4510832120072286
2000-01-20,-0.13510769372319734,-0.6804866021070517,0.9235568317842161,-0.8584931092408403,0.2055219882497317,-0.10958405081715526,0.11345252050828997,-0.8532156031187603,0.172002260627469,0.4661351096179391,-0.8379593798770076,0.40769450157349774,-0.07695795999752941,0.3441923589539479,1.4702052602256583
2000-01-21,-0.3220769664294023,-0.8519540067191594,0.9145285582967181,-1.05188928880071,-0.06163198456847135,0.04324505344856482,0.2169322475104279,-0.6710687183763734,0.7345650488914484,0.5772059338178346,-0.5690748913669896,-0.059181267256359,0.15130604548829643,0.07822897819431839,1.3449257744558913
2000-01-22,-0.5971475139270414,-0.7405518878555651,0.6581751639961547,-0.7916896533827072,-0.45376491347569464,0.3350541936400281,0.06633094062367134,-0.6907806806053948,1.0441447990250479,0.4335068452470598,-0.32467254193968265,-0.13806660792566264,0.6552642745432682,-0.12698509029468996,0.6769371191920002
2000-01-23,-0.7646130467958647,-0.8045609727656996,0.4955566895024595,-0.7474364177530425,-0.5415922534129982,0.7656585296981995,0.0007965544138056361,-0.5047623787171119,0.6818464481600676,0.3733690274580015,-0.6356132993900779,0.039351696719859386,0.6190022152037278,-0.284396899285244,0.38235203407563373
2000-01-24,-0.631584994154703,-0.7984717149761091,0.6885878358479419,-0.9056869033806998,-0.17752110038096894,1.1927637426726412,-0.33575006153348197,-0.5117157904423272,0.3649014140917791,0.20980585052060727,-1.1738371223496455,0.26234438184545705,0.2004542516687806,-0.06730208482724422,0.6388690477046342
2000-01-25,-0.705613269885214,-0.8769001054042384,0.8174262763499003,-0.9586836050949574,-0.10968234410065347,1.090454428058729,-1.0192530170500835,-0.6984195485160521,0.17050355767229883,0.45462321960284374,-1.5208646695369001,0.4139742550374671,0.07327961891185998,0.13669311605740278,0.29633742939482116
2000-01-26,-0.7524424555122748,-0.5655679726721868,0.5498998956786249,-0.7189155194350343,0.2213178363050881,0.948632679138125,-1.2083692038550469,-0.48701471247037476,0.14799177718419904,0.9503903204540669,-1.531038340989178,0.15209989479608024,0.4287597518319791,0.2632589754718058,-0.01178648291816023
2000-01-27,-0.3563030903996106,-0.18474750929935213,0.6669313248368101,-0.984345094561845,0.24188110922340178,0.5871917701835458,-1.3734114712999643,-0.6208375666257832,-0.22089583443800173,1.3104509531732071,-1.6109285537483926,0.013068555953375608,0.60202822322207,0.4977417389292122,-0.18432768030366098
2000-01-28,0.12154029006708764,0.04050261209890414,0.91919241245108,-1.0436541306714808,0.12433208089360184,0.396177791270274,-1.2987280873038063,-0.7255477856478881,-0.540196498901795,1.4050033877921217,-1.8695423801024913,-0.1284202352359875,0.35063726578557136,0.5568785332847735,-0.20406975821004442
2000-01-29,0.20474417962077704,0.28785465964472545,1.0708508830552408,-0.9416813463757684,0.34041241220286395,-0.08067046577237191,-1.2781899479829546,-0.675842202507095,-0.7077649251383851,1.364583667113408,-1.856885149191537,-0.38148592316676855,0.32156958228374083,0.05354528759119889,-0.15333268728704738
2000-01-30,0.26641901618255126,0.21036938132812139,1.4211022423570452,-0.7098389743909005,0.3195830859355342,-0.3500662038040915,-1.1458131843062354,-0.6608445286840355,-0.7616447423675429,1.1023551166329713,-1.8988778402661526,-0.737661352661763,0.18302505018005402,-0.2215149148143769,-0.04597974474001399
2000-01-31,0.20463361165528,0.348761451610713,1.8396047700655542,-0.21851593737067948,0.4628178142810488,-0.45455314982769157,-1.0849302296828807,-0.5533755146739273,-0.5342596631748384,0.928371817094979,-1.819953409696723,-1.272186085500002,-0.003294889195561039,-0.24389463373821368,-0.01983159951132537
2000-02-01,0.07100512270993393,0.8053783240372621,1.5503852172196766,-0.039441943759909504,0.8816611510292408,-0.34631818848754164,-0.8779480503054021,0.02129962732920033,-0.3918673373245169,1.1155250772251133,-1.671358520836128,-1.427007908425902,-0.24594520692361987,-0.39640642270847515,0.1505565230620738
2000-02-02,-0.13187101080486993,0.8557284480696764,1.2172163193907595,0.3969654567129046,1.181097210208717,-0.19579913575402694,-0.66144904963542,0.25623903346055094,-0.26992111750225506,1.0544045581232622,-1.4651287583625887,-1.1775504484176926,-0.5916080701897619,-0.6909167944541283,0.06314109198662532
2000-02-03,-0.36824632366342147,0.8515277330580553,1.3950486930540313,0.5896825660190521,1.413607261134909,0.1808595416156616,-0.8079769597746439,0.3820618970218956,0.03789652027574259,0.7809455493550611,-1.0759329907135462,-1.022612894085544,-0.5573426843710348,-0.4940300005141544,0.12683971598148788
2000-02-04,-0.3243754954641929,0.379855290261853,1.6414685176074597,0.9442627359548973,1.4953360354035294,0.3564572335285789,-0.6741680321420757,0.5941954326158313,0.560110419209722,0.6993537889743414,-0.6343722645687988,-0.8374058061892097,-0.4455665280026334,-0.16473005053044634,-0.0943358011974938
2000-02-05,0.06401098093308591,0.029228851885550182,1.862544657756436,0.8967538101600786,1.487870535762249,0.1508332343685565,-0.684030283676499,0.6520525085307695,0.9260503216510922,0.8241285445741131,-0.3505984993735102,-0.8787827662009069,-0.17580289356126796,0.14713375072565876,-0.10845989721400559
2000-02-06,0.5580497647557796,-0.07920792129309899,1.4878791469460868,0.8497206371417875,1.2098756249813385,-0.017649212118990718,-0.8348518032948181,0.5468651352989139,1.1861920792164375,0.4002058934758675,-0.4535966618304048,-0.944721775135805,0.1146124908967793,0.23030987134109476,-0.5652925742699341
2000-02-07,0.732606684236615,0.011092170734560326,1.102202337459011,0.8958176607973013,0.8550028657073605,-0.002439987726787273,-0.9548997893110749,0.12196590736328006,1.299461237303866,0.2979061042514308,-0.1458284099672953,-0.6183744120752321,0.3074209457018975,0.525125883842673,-0.6488359134797252
2000-02-08,0.8619443814058027,0.18453994955971395,1.383248213195064,0.6247545958095706,0.42222578024691787,-0.2881049199490636,-1.0538037118611219,-0.1439892549723315,1.2589488335555707,0.21847729443412864,0.2251683484803094,-0.4370030529905872,0.5908626429586935,0.7979306610203832,-0.27341166346016554
2000-02-09,0.9694664845667638,0.3100711463603509,1.431701543035821,0.2907256772791103,0.3077124198621971,-0.5393163046398487,-0.966417492598082,-0.011973517694808096,1.0214405277800627,0.1044133916246777,0.33310864206627583,-0.36705735936432915,0.6517699802742121,1.077700647103463,-0.05952222524025124
2000-02-10,0.930771691120881,0.41179347707212566,1.109723835607369,0.12557660245537636,0.6041865041703722,-0.39599876145860863,-0.7898940324317729,0.013545319110237514,1.1890699684918153,0.25609136862257587,0.7173794185399307,-0.6434958065848072,0.6767278906875767,1.5414442120053014,-0.07355167290475359
2000-02-11,0.9512439826630003,0.5850739019983542,1.0773948786933887,-0.011128569157115081,1.1960729839372761,-0.29117487717519625,-0.3501373631465837,-0.11628173476385921,1.4267625251388738,0.43008213257630457,0.8737386600463587,-0.5029138356688174,0.6836858519599598,1.9419757326659368,-0.07958395325458034
2000-02-12,0.9362399155832624,0.6388635322613117,1.5833051918201688,-0.22709911641436023,1.6809128010732564,-0.3361893742735196,0.12256304908307906,-0.011851008096997257,1.2463051860776648,0.12136196176238855,0.7663683900314139,0.0002731162536054496,1.0166664444513684,2.4236218221234997,0.16476818738296672
2000-02-13,1.0214287493014822,0.7796174474022918,1.650730779135355,-0.6832793239444506,1.6871452429249054,-0.5237561174931329,0.6957149637044533,-0.050108890190628405,1.0853586497507461,-0.312650447946143,0.6702537852336242,0.4825182524965339,0.9501636012126641,2.162454749973857,0.5126321186245367
2000-02-14,1.195413367553987,0.5987661594885965,1.8510132622381965,-1.3356207178618813,1.6663672828653502,-0.22759676623363986,0.6776963633832693,-0.6141087046731105,1.0174703596951669,-0.23087659983786313,0.8414274944373653,0.35601986945233544,0.791224203280459,2.3519098885596605,0.6184692806819193
2000-02-15,0.9144466538449773,0.6018968504123253,1.427239610841074,-1.6118626484484668,1.3774844568899063,-0.026399605295950025,0.6884966268552777,-0.6761340331280743,1.1127124678790794,-0.025793252737601167,0.6946492471357056,0.06032193048776239,0.9311292710112389,2.755581856911484,0.444912511838346
2000-02-16,0.5561729715202324,0.5959570965853423,0.8397299356645921,-1.8536418953041127,1.1868789780877598,0.1017690481053407,0.582926074206424,-0.8292012022175974,1.1078383888303718,-0.110954367913488,0.5377592619074448,0.09834658153466062,0.8777718820129837,2.546763380079559,0.6938021901704536
2000-02-17,0.4000732793747921,0.5978081204961739,0.660485431379916,-2.0476871768782168,0.8749357997200456,-0.017944947116670825,0.5585825067653787,-0.8238312791036907,0.4708071502711917,-0.058736715899083546,0.6771409145722364,-0.16333534340401987,0.660159779855773,2.119470466205196,0.7269079788699877
2000-02-18,0.7632510273005361,0.5943631652432079,0.44596279760361496,-1.8894141759879082,0.4704677012272612,-0.21525261060953255,0.5052232327829257,-0.7683371233397938,0.08821847109234393,0.04757200855259312,0.4457478349154031,-0.317418140733598,0.6726458505771921,1.6730394810008142,0.4827612704742735
2000-02-19,1.0951544611422885,0.8504038459687947,0.2737194756345742,-1.524626924887345,0.3547933188104357,-0.20222855656380143,0.11973171220231409,-0.5085392410698691,0.08407418027074905,-0.06112634328500745,0.2577384913331208,-0.4495059047089988,0.815458591505982,1.5489459905534475,-0.3339897138970141
2000-02-20,1.1340956055341453,0.7358871140270612,0.11511353980669382,-1.3682431479720867,0.64839295242588,0.028647559371383205,-0.08383126451762143,-0.3356555108168525,0.21919347843369977,-0.0036185750261005793,-0.30824528429396675,-0.40473517663839603,0.7731907668468521,1.636454031046256,-0.8567621687054916
2000-02-21,1.15136179278057,0.7858482441488209,0.21243495888729227,-1.144638798962114,0.32149447833226596,0.337187899444304,0.18866232878001896,-0.16745594712352357,0.0990686840807624,0.2510024590979628,-0.8826203681022964,-0.3761486585941769,0.4271836140929165,1.3399276434384704,-1.3891436362015328
2000-02-22,1.1013342393003493,0.6399660026617152,0.5715248650500306,-1.094634700342126,-0.019318293582637244,0.23785867380488657,0.42584623682437334,0.05209076633917197,-0.3121905977007674,0.5114214094363302,-1.4183387033339985,-0.33098101140790914,0.15882290278934383,1.1641070905912723,-1.6023042735047364
2000-02-23,1.1743366997373474,0.5674603706764657,0.9973590667381411,-1.097151681737534,-0.15294077654652585,0.28067766543003886,0.716022736943757,0.37344392036240154,-0.6717419814287746,0.6374818602009215,-1.8981639861449495,-0.19426148895633125,0.02926058745470851,1.3900823778409195,-1.6685561436242193
2000-02-24,1.2135344634646437,0.659472515083437,0.8205039731015048,-1.0364194107913522,0.055919899159657206,0.4741522785529808,0.9126881818185587,0.3766419502870454,-0.8729456857298101,0.498791005566921,-2.1030107117054233,0.3518212422234299,0.07878441718243125,1.5425972776941184,-1.9593510361724427
2000-02-25,1.168652028065004,0.7185880746678324,0.7085222290526135,-1.1335960668216685,0.24119856466145273,0.5672510378758354,1.249640961404088,0.31684459552882577,-0.9921843786542208,0.0034621057190234745,-1.5272950832796766,0.8350407649447177,0.26959161986602104,1.8680143904361008,-2.082189157154388
2000-02-26,1.0197500504493882,1.121123399597863,0.9600411961997826,-0.9856288680293686,0.0807165926379394,0.461929290720011,1.042761684231756,0.26206040125874386,-1.3405104106521997,-0.15821025623729043,-1.31173136357823,0.8823275266326349,0.2982786052541775,1.7252385152267473,-2.0154014425313336
2000-02-27,1.155218149011712,1.1289325966719008,0.8846106196532552,-0.5676879763257866,-0.2614546524049252,0.4949370017373332,0.7453887597894419,0.37910129073669707,-1.4450685791949662,-0.4548050327849038,-1.2168493716424067,0.38941306403615567,0.1622415389322488,1.2487148308519078,-1.5921482341588944
2000-02-28,1.1256628296417457,1.2032463552058303,0.47857713101492905,-0.2855024596851742,-0.4634796219385162,0.650084519961422,0.1491585200237089,0.42540041435371356,-1.0731606898151629,-0.6063128779270693,-1.2005003867538537,0.21967953480297026,0.09771938212281496,0.8929105904084271,-1.024063862957692
2000-02-29,1.0810079388868228,1.3302218431425876,0.4483383877820077,-0.08555734482209902,-0.3039103883891303,0.9021359772026865,-0.005052708947605975,0.5448817889461501,-0.4965845751623931,-0.7393645448826812,-1.005337026970424,0.31422149790516885,0.3858791053239153,0.2349076777777453,-0.3978507330684489
2000-03-01,1.0698909138300627,1.5173166226970172,0.5736621978728841,0.1093138464016777,-0.4607032623497296,1.0507223672862207,-0.2343371348273953,0.65703486112506,-0.4404193225918887,-0.6667685058030106,-0.9211170496426901,0.4443735716918431,0.32587416600141306,-0.46420706090149627,-0.0009399055114077443
