,1,2,3,4,5,6,7,8,9,10,11,12,13,14,15
2005-09-03,0.9053386414681888,0.9053386414681888,0.9053386414681888,0.9053386414681888,0.9053386414681888,0.9053386414681888,0.9053386414681888,0.9053386414681888,0.9053386414681888,0.9053386414681888,0.9053386414681888,0.9053386414681888,0.9053386414681888,0.9053386414681888,0.9053386414681888
2005-09-04,1.0577149601918467,1.0577149601918467,1.0577149601918467,1.0577149601918467,1.0577149601918467,1.0577149601918467,1.0577149601918467,1.0577149601918467,1.0577149601918467,1.0577149601918467,1.0577149601918467,1.0577149601918467,1.0577149601918467,1.0577149601918467,1.0577149601918467
2005-09-05,1.3943140839649357,1.3943140839649357,1.3943140839649357,1.3943140839649357,1.3943140839649357,1.3943140839649357,1.3943140839649357,1.3943140839649357,1.3943140839649357,1.3943140839649357,1.3943140839649357,1.3943140839649357,1.3943140839649357,1.3943140839649357,1.3943140839649357
2005-09-06,1.6183986060646192,1.6183986060646192,1.6183986060646192,1.6183986060646192,1.6183986060646192,1.6183986060646192,1.6183986060646192,1.6183986060646192,1.6183986060646192,1.6183986060646192,1.6183986060646192,1.6183986060646192,1.6183986060646192,1.6183986060646192,1.6183986060646192
2005-09-07,1.8656261393774118,1.8656261393774118,1.8656261393774118,1.8656261393774118,1.8656261393774118,1.8656261393774118,1.8656261393774118,1.8656261393774118,1.8656261393774118,1.8656261393774118,1.8656261393774118,1.8656261393774118,1.8656261393774118,1.8656261393774118,1.8656261393774118
2005-09-08,1.93489894638506,1.93489894638506,1.93489894638506,1.93489894638506,1.93489894638506,1.93489894638506,1.93489894638506,1.93489894638506,1.93489894638506,1.93489894638506,1.93489894638506,1.93489894638506,1.93489894638506,1.93489894638506,1.93489894638506
2005-09-09,1.8691673080015783,1.8691673080015783,1.8691673080015783,1.8691673080015783,1.8691673080015783,1.8691673080015783,1.8691673080015783,1.8691673080015783,1.8691673080015783,1.8691673080015783,1.8691673080015783,1.8691673080015783,1.8691673080015783,1.8691673080015783,1.8691673080015783
2005-09-10,1.6589288477028168,1.6589288477028168,1.6589288477028168,1.6589288477028168,1.6589288477028168,1.6589288477028168,1.6589288477028168,1.6589288477028168,1.6589288477028168,1.6589288477028168,1.6589288477028168,1.6589288477028168,1.6589288477028168,1.6589288477028168,1.6589288477028168
2005-09-11,1.5240035596832124,1.5240035596832124,1.5240035596832124,1.5240035596832124,1.5240035596832124,1.5240035596832124,1.5240035596832124,1.5240035596832124,1.5240035596832124,1.5240035596832124,1.5240035596832124,1.5240035596832124,1.5240035596832124,1.5240035596832124,1.5240035596832124
2005-09-12,1.4581480692108948,1.4581480692108948,1.4581480692108948,1.4581480692108948,1.4581480692108948,1.4581480692108948,1.4581480692108948,1.4581480692108948,1.4581480692108948,1.4581480692108948,1.4581480692108948,1.4581480692108948,1.4581480692108948,1.4581480692108948,1.4581480692108948
2005-09-13,1.508788472230647,1.508788472230647,1.508788472230647,1.508788472230647,1.508788472230647,1.508788472230647,1.508788472230647,1.508788472230647,1.508788472230647,1.508788472230647,1.508788472230647,1.508788472230647,1.508788472230647,1.508788472230647,1.508788472230647
2005-09-14,1.4608260709503047,1.4608260709503047,1.4608260709503047,1.4608260709503047,1.4608260709503047,1.4608260709503047,1.4608260709503047,1.4608260709503047,1.4608260709503047,1.4608260709503047,1.4608260709503047,1.4608260709503047,1.4608260709503047,1.4608260709503047,1.4608260709503047
2005-09-15,1.342003966662697,1.342003966662697,1.342003966662697,1.342003966662697,1.342003966662697,1.342003966662697,1.342003966662697,1.342003966662697,1.342003966662697,1.342003966662697,1.342003966662697,1.342003966662697,1.342003966662697,1.342003966662697,1.342003966662697
2005-09-16,1.141743772344983,1.141743772344983,1.141743772344983,1.141743772344983,1.141743772344983,1.141743772344983,1.141743772344983,1.141743772344983,1.141743772344983,1.141743772344983,1.141743772344983,1.141743772344983,1.141743772344983,1.141743772344983,1.141743772344983
2005-09-17,0.5977226713857287,0.5977226713857287,0.5977226713857287,0.5977226713857287,0.5977226713857287,0.5977226713857287,0.5977226713857287,0.5977226713857287,0.5977226713857287,0.5977226713857287,0.5977226713857287,0.5977226713857287,0.5977226713857287,0.5977226713857287,0.5977226713857287
2005-09-18,0.12258266094360151,0.12258266094360151,0.12258266094360151,0.12258266094360151,0.12258266094360151,0.12258266094360151,0.12258266094360151,0.12258266094360151,0.12258266094360151,0.12258266094360151,0.12258266094360151,0.12258266094360151,0.12258266094360151,0.12258266094360151,0.12258266094360151
2005-09-19,-0.28803919267249223,-0.28803919267249223,-0.28803919267249223,-0.28803919267249223,-0.28803919267249223,-0.28803919267249223,-0.28803919267249223,-0.28803919267249223,-0.28803919267249223,-0.28803919267249223,-0.28803919267249223,-0.28803919267249223,-0.28803919267249223,-0.28803919267249223,-0.28803919267249223
2005-09-20,-0.7455506439683603,-0.7455506439683603,-0.7455506439683603,-0.7455506439683603,-0.7455506439683603,-0.7455506439683603,-0.7455506439683603,-0.7455506439683603,-0.7455506439683603,-0.7455506439683603,-0.7455506439683603,-0.7455506439683603,-0.7455506439683603,-0.7455506439683603,-0.7455506439683603
2005-09-21,-1.208721467942556,-1.208721467942556,-1.208721467942556,-1.208721467942556,-1.208721467942556,-1.208721467942556,-1.208721467942556,-1.208721467942556,-1.208721467942556,-1.208721467942556,-1.208721467942556,-1.208721467942556,-1.208721467942556,-1.208721467942556,-1.208721467942556
2005-09-22,-1.5331747613194244,-1.5331747613194244,-1.5331747613194244,-1.5331747613194244,-1.5331747613194244,-1.5331747613194244,-1.5331747613194244,-1.5331747613194244,-1.5331747613194244,-1.5331747613194244,-1.5331747613194244,-1.5331747613194244,-1.5331747613194244,-1.5331747613194244,-1.5331747613194244
2005-09-23,-1.5402892357391962,-1.5402892357391962,-1.5402892357391962,-1.5402892357391962,-1.5402892357391962,-1.5402892357391962,-1.5402892357391962,-1.5402892357391962,-1.5402892357391962,-1.5402892357391962,-1.5402892357391962,-1.5402892357391962,-1.5402892357391962,-1.5402892357391962,-1.5402892357391962
2005-09-24,-1.35839447062896,-1.35839447062896,-1.35839447062896,-1.35839447062896,-1.35839447062896,-1.35839447062896,-1.35839447062896,-1.35839447062896,-1.35839447062896,-1.35839447062896,-1.35839447062896,-1.35839447062896,-1.35839447062896,-1.35839447062896,-1.35839447062896
2005-09-25,-1.135465700936827,-1.135465700936827,-1.135465700936827,-1.135465700936827,-1.135465700936827,-1.135465700936827,-1.135465700936827,-1.135465700936827,-1.135465700936827,-1.135465700936827,-1.135465700936827,-1.135465700936827,-1.135465700936827,-1.135465700936827,-1.135465700936827
2005-09-26,-1.157847606820536,-1.157847606820536,-1.157847606820536,-1.157847606820536,-1.157847606820536,-1.157847606820536,-1.157847606820536,-1.157847606820536,-1.157847606820536,-1.157847606820536,-1.157847606820536,-1.157847606820536,-1.157847606820536,-1.157847606820536,-1.157847606820536
2005-09-27,-1.0675148108139183,-1.0675148108139183,-1.0675148108139183,-1.0675148108139183,-1.0675148108139183,-1.0675148108139183,-1.0675148108139183,-1.0675148108139183,-1.0675148108139183,-1.0675148108139183,-1.0675148108139183,-1.0675148108139183,-1.0675148108139183,-1.0675148108139183,-1.0675148108139183
2005-09-28,-0.9691132713806013,-0.9691132713806013,-0.9691132713806013,-0.9691132713806013,-0.9691132713806013,-0.9691132713806013,-0.9691132713806013,-0.9691132713806013,-0.9691132713806013,-0.9691132713806013,-0.9691132713806013,-0.9691132713806013,-0.9691132713806013,-0.9691132713806013,-0.9691132713806013
2005-09-29,-0.9561509109066688,-0.9561509109066688,-0.9561509109066688,-0.9561509109066688,-0.9561509109066688,-0.9561509109066688,-0.9561509109066688,-0.9561509109066688,-0.9561509109066688,-0.9561509109066688,-0.9561509109066688,-0.9561509109066688,-0.9561509109066688,-0.9561509109066688,-0.9561509109066688
2005-09-30,-0.9774345111422258,-0.9774345111422258,-0.9774345111422258,-0.9774345111422258,-0.9774345111422258,-0.9774345111422258,-0.9774345111422258,-0.9774345111422258,-0.9774345111422258,-0.9774345111422258,-0.9774345111422258,-0.9774345111422258,-0.9774345111422258,-0.9774345111422258,-0.9774345111422258
2005-10-01,-1.1136226327123229,-1.1136226327123229,-1.1136226327123229,-1.1136226327123229,-1.1136226327123229,-1.1136226327123229,-1.1136226327123229,-1.1136226327123229,-1.1136226327123229,-1.1136226327123229,-1.1136226327123229,-1.1136226327123229,-1.1136226327123229,-1.1136226327123229,-1.1136226327123229
2005-10-02,-1.0838022823227444,-1.0838022823227444,-1.0838022823227444,-1.0838022823227444,-1.0838022823227444,-1.0838022823227444,-1.0838022823227444,-1.0838022823227444,-1.0838022823227444,-1.0838022823227444,-1.0838022823227444,-1.0838022823227444,-1.0838022823227444,-1.0838022823227444,-1.0838022823227444
2005-10-03,-1.0017336674335398,-1.0017336674335398,-1.0017336674335398,-1.0017336674335398,-1.0017336674335398,-1.0017336674335398,-1.0017336674335398,-1.0017336674335398,-1.0017336674335398,-1.0017336674335398,-1.0017336674335398,-1.0017336674335398,-1.0017336674335398,-1.0017336674335398,-1.0017336674335398
2005-10-04,-1.1445096425474892,-1.1445096425474892,-1.1445096425474892,-1.1445096425474892,-1.1445096425474892,-1.1445096425474892,-1.1445096425474892,-1.1445096425474892,-1.1445096425474892,-1.1445096425474892,-1.1445096425474892,-1.1445096425474892,-1.1445096425474892,-1.1445096425474892,-1.1445096425474892
2005-10-05,-1.5444424175794833,-1.5444424175794833,-1.5444424175794833,-1.5444424175794833,-1.5444424175794833,-1.5444424175794833,-1.5444424175794833,-1.5444424175794833,-1.5444424175794833,-1.5444424175794833,-1.5444424175794833,-1.5444424175794833,-1.5444424175794833,-1.5444424175794833,-1.5444424175794833
2005-10-06,-1.7457669438784695,-1.7457669438784695,-1.7457669438784695,-1.7457669438784695,-1.7457669438784695,-1.7457669438784695,-1.7457669438784695,-1.7457669438784695,-1.7457669438784695,-1.7457669438784695,-1.7457669438784695,-1.7457669438784695,-1.7457669438784695,-1.7457669438784695,-1.7457669438784695
2005-10-07,-1.6893474969020352,-1.6893474969020352,-1.6893474969020352,-1.6893474969020352,-1.6893474969020352,-1.6893474969020352,-1.6893474969020352,-1.6893474969020352,-1.6893474969020352,-1.6893474969020352,-1.6893474969020352,-1.6893474969020352,-1.6893474969020352,-1.6893474969020352,-1.6893474969020352
2005-10-08,-1.5559110077988483,-1.5559110077988483,-1.5559110077988483,-1.5559110077988483,-1.5559110077988483,-1.5559110077988483,-1.5559110077988483,-1.5559110077988483,-1.5559110077988483,-1.5559110077988483,-1.5559110077988483,-1.5559110077988483,-1.5559110077988483,-1.5559110077988483,-1.5559110077988483
2005-10-09,-1.4238398667339363,-1.4238398667339363,-1.4238398667339363,-1.4238398667339363,-1.4238398667339363,-1.4238398667339363,-1.4238398667339363,-1.4238398667339363,-1.4238398667339363,-1.4238398667339363,-1.4238398667339363,-1.4238398667339363,-1.4238398667339363,-1.4238398667339363,-1.4238398667339363
2005-10-10,-1.1946962002740442,-1.1946962002740442,-1.1946962002740442,-1.1946962002740442,-1.1946962002740442,-1.1946962002740442,-1.1946962002740442,-1.1946962002740442,-1.1946962002740442,-1.1946962002740442,-1.1946962002740442,-1.1946962002740442,-1.1946962002740442,-1.1946962002740442,-1.1946962002740442
2005-10-11,-1.009375694365579,-1.009375694365579,-1.009375694365579,-1.009375694365579,-1.009375694365579,-1.009375694365579,-1.009375694365579,-1.009375694365579,-1.009375694365579,-1.009375694365579,-1.009375694365579,-1.009375694365579,-1.009375694365579,-1.009375694365579,-1.009375694365579
2005-10-12,-0.8470090103438114,-0.8470090103438114,-0.8470090103438114,-0.8470090103438114,-0.8470090103438114,-0.8470090103438114,-0.8470090103438114,-0.8470090103438114,-0.8470090103438114,-0.8470090103438114,-0.8470090103438114,-0.8470090103438114,-0.8470090103438114,-0.8470090103438114,-0.8470090103438114
2005-10-13,-0.5201498422792143,-0.5201498422792143,-0.5201498422792143,-0.5201498422792143,-0.5201498422792143,-0.5201498422792143,-0.5201498422792143,-0.5201498422792143,-0.5201498422792143,-0.5201498422792143,-0.5201498422792143,-0.5201498422792143,-0.5201498422792143,-0.5201498422792143,-0.5201498422792143
2005-10-14,0.009961173726654447,0.009961173726654447,0.009961173726654447,0.009961173726654447,0.009961173726654447,0.009961173726654447,0.009961173726654447,0.009961173726654447,0.009961173726654447,0.009961173726654447,0.009961173726654447,0.009961173726654447,0.009961173726654447,0.009961173726654447,0.009961173726654447
2005-10-15,0.6411001877261606,0.6411001877261606,0.6411001877261606,0.6411001877261606,0.6411001877261606,0.6411001877261606,0.6411001877261606,0.6411001877261606,0.6411001877261606,0.6411001877261606,0.6411001877261606,0.6411001877261606,0.6411001877261606,0.6411001877261606,0.6411001877261606
2005-10-16,0.9264482997611327,0.9264482997611327,0.9264482997611327,0.9264482997611327,0.9264482997611327,0.9264482997611327,0.9264482997611327,0.9264482997611327,0.9264482997611327,0.9264482997611327,0.9264482997611327,0.9264482997611327,0.9264482997611327,0.9264482997611327,0.9264482997611327
2005-10-17,0.8685376532315273,0.8685376532315273,0.8685376532315273,0.8685376532315273,0.8685376532315273,0.8685376532315273,0.8685376532315273,0.8685376532315273,0.8685376532315273,0.8685376532315273,0.8685376532315273,0.8685376532315273,0.8685376532315273,0.8685376532315273,0.8685376532315273
2005-10-18,0.9677630882833881,0.9677630882833881,0.9677630882833881,0.9677630882833881,0.9677630882833881,0.9677630882833881,0.9677630882833881,0.9677630882833881,0.9677630882833881,0.9677630882833881,0.9677630882833881,0.9677630882833881,0.9677630882833881,0.9677630882833881,0.9677630882833881
2005-10-19,1.0336610197496752,1.0336610197496752,1.0336610197496752,1.0336610197496752,1.0336610197496752,1.0336610197496752,1.0336610197496752,1.0336610197496752,1.0336610197496752,1.0336610197496752,1.0336610197496752,1.0336610197496752,1.0336610197496752,1.0336610197496752,1.0336610197496752
2005-10-20,0.9502531999171152,0.9502531999171152,0.9502531999171152,0.9502531999171152,0.9502531999171152,0.9502531999171152,0.9502531999171152,0.9502531999171152,0.9502531999171152,0.9502531999171152,0.9502531999171152,0.9502531999171152,0.9502531999171152,0.9502531999171152,0.9502531999171152
2005-10-21,0.5497787228726728,0.5497787228726728,0.5497787228726728,0.5497787228726728,0.5497787228726728,0.5497787228726728,0.5497787228726728,0.5497787228726728,0.5497787228726728,0.5497787228726728,0.5497787228726728,0.5497787228726728,0.5497787228726728,0.5497787228726728,0.5497787228726728
2005-10-22,0.32391152103615456,0.32391152103615456,0.32391152103615456,0.32391152103615456,0.32391152103615456,0.32391152103615456,0.32391152103615456,0.32391152103615456,0.32391152103615456,0.32391152103615456,0.32391152103615456,0.32391152103615456,0.32391152103615456,0.32391152103615456,0.32391152103615456
2005-10-23,0.19183131617836005,0.19183131617836005,0.19183131617836005,0.19183131617836005,0.19183131617836005,0.19183131617836005,0.19183131617836005,0.19183131617836005,0.19183131617836005,0.19183131617836005,0.19183131617836005,0.19183131617836005,0.19183131617836005,0.19183131617836005,0.19183131617836005
2005-10-24,0.08693566922471996,0.08693566922471996,0.08693566922471996,0.08693566922471996,0.08693566922471996,0.08693566922471996,0.08693566922471996,0.08693566922471996,0.08693566922471996,0.08693566922471996,0.08693566922471996,0.08693566922471996,0.08693566922471996,0.08693566922471996,0.08693566922471996
2005-10-25,0.25649414963118383,0.25649414963118383,0.25649414963118383,0.25649414963118383,0.25649414963118383,0.25649414963118383,0.25649414963118383,0.25649414963118383,0.25649414963118383,0.25649414963118383,0.25649414963118383,0.25649414963118383,0.25649414963118383,0.25649414963118383,0.25649414963118383
2005-10-26,0.5565816351466416,0.5565816351466416,0.5565816351466416,0.5565816351466416,0.5565816351466416,0.5565816351466416,0.5565816351466416,0.5565816351466416,0.5565816351466416,0.5565816351466416,0.5565816351466416,0.5565816351466416,0.5565816351466416,0.5565816351466416,0.5565816351466416
2005-10-27,0.7352833193432183,0.7352833193432183,0.7352833193432183,0.7352833193432183,0.7352833193432183,0.7352833193432183,0.7352833193432183,0.7352833193432183,0.7352833193432183,0.7352833193432183,0.7352833193432183,0.7352833193432183,0.7352833193432183,0.7352833193432183,0.7352833193432183
2005-10-28,0.8619038772370337,0.8619038772370337,0.8619038772370337,0.8619038772370337,0.8619038772370337,0.8619038772370337,0.8619038772370337,0.8619038772370337,0.8619038772370337,0.8619038772370337,0.8619038772370337,0.8619038772370337,0.8619038772370337,0.8619038772370337,0.8619038772370337
2005-10-29,1.224550778271134,1.224550778271134,1.224550778271134,1.224550778271134,1.224550778271134,1.224550778271134,1.224550778271134,1.224550778271134,1.224550778271134,1.224550778271134,1.224550778271134,1.224550778271134,1.224550778271134,1.224550778271134,1.224550778271134
2005-10-30,1.5380820040228647,1.5380820040228647,1.5380820040228647,1.5380820040228647,1.5380820040228647,1.5380820040228647,1.5380820040228647,1.5380820040228647,1.5380820040228647,1.5380820040228647,1.5380820040228647,1.5380820040228647,1.5380820040228647,1.5380820040228647,1.5380820040228647
2005-10-31,1.5089801668090788,1.5089801668090788,1.5089801668090788,1.5089801668090788,1.5089801668090788,1.5089801668090788,1.5089801668090788,1.5089801668090788,1.5089801668090788,1.5089801668090788,1.5089801668090788,1.5089801668090788,1.5089801668090788,1.5089801668090788,1.5089801668090788
2005-11-01,1.3749681134335892,1.3749681134335892,1.3749681134335892,1.3749681134335892,1.3749681134335892,1.3749681134335892,1.3749681134335892,1.3749681134335892,1.3749681134335892,1.3749681134335892,1.3749681134335892,1.3749681134335892,1.3749681134335892,1.3749681134335892,1.3749681134335892
2005-11-02,1.4009508634181533,1.4009508634181533,1.4009508634181533,1.4009508634181533,1.4009508634181533,1.4009508634181533,1.4009508634181533,1.4009508634181533,1.4009508634181533,1.4009508634181533,1.4009508634181533,1.4009508634181533,1.4009508634181533,1.4009508634181533,1.4009508634181533
2005-11-03,1.140404019725938,1.140404019725938,1.140404019725938,1.140404019725938,1.140404019725938,1.140404019725938,1.140404019725938,1.140404019725938,1.140404019725938,1.140404019725938,1.140404019725938,1.140404019725938,1.140404019725938,1.140404019725938,1.140404019725938
2005-11-04,0.8267645619405689,0.8267645619405689,0.8267645619405689,0.8267645619405689,0.8267645619405689,0.8267645619405689,0.8267645619405689,0.8267645619405689,0.8267645619405689,0.8267645619405689,0.8267645619405689,0.8267645619405689,0.8267645619405689,0.8267645619405689,0.8267645619405689
2005-11-05,0.7851426500250344,0.7851426500250344,0.7851426500250344,0.7851426500250344,0.7851426500250344,0.7851426500250344,0.7851426500250344,0.7851426500250344,0.7851426500250344,0.7851426500250344,0.7851426500250344,0.7851426500250344,0.7851426500250344,0.7851426500250344,0.7851426500250344
2005-11-06,0.7094220740774451,0.7094220740774451,0.7094220740774451,0.7094220740774451,0.7094220740774451,0.7094220740774451,0.7094220740774451,0.7094220740774451,0.7094220740774451,0.7094220740774451,0.7094220740774451,0.7094220740774451,0.7094220740774451,0.7094220740774451,0.7094220740774451
2005-11-07,0.5630232312386594,0.5630232312386594,0.5630232312386594,0.5630232312386594,0.5630232312386594,0.5630232312386594,0.5630232312386594,0.5630232312386594,0.5630232312386594,0.5630232312386594,0.5630232312386594,0.5630232312386594,0.5630232312386594,0.5630232312386594,0.5630232312386594
2005-11-08,0.4736827896641275,0.4736827896641275,0.4736827896641275,0.4736827896641275,0.4736827896641275,0.4736827896641275,0.4736827896641275,0.4736827896641275,0.4736827896641275,0.4736827896641275,0.4736827896641275,0.4736827896641275,0.4736827896641275,0.4736827896641275,0.4736827896641275
2005-11-09,0.2953770950762658,0.2953770950762658,0.2953770950762658,0.2953770950762658,0.2953770950762658,0.2953770950762658,0.2953770950762658,0.2953770950762658,0.2953770950762658,0.2953770950762658,0.2953770950762658,0.2953770950762658,0.2953770950762658,0.2953770950762658,0.2953770950762658
2005-11-10,0.3362703374802777,0.3362703374802777,0.3362703374802777,0.3362703374802777,0.3362703374802777,0.3362703374802777,0.3362703374802777,0.3362703374802777,0.3362703374802777,0.3362703374802777,0.3362703374802777,0.3362703374802777,0.3362703374802777,0.3362703374802777,0.3362703374802777
2005-11-11,0.5163690726500866,0.5163690726500866,0.5163690726500866,0.5163690726500866,0.5163690726500866,0.5163690726500866,0.5163690726500866,0.5163690726500866,0.5163690726500866,0.5163690726500866,0.5163690726500866,0.5163690726500866,0.5163690726500866,0.5163690726500866,0.5163690726500866
2005-11-12,0.4071462154388304,0.4071462154388304,0.4071462154388304,0.4071462154388304,0.4071462154388304,0.4071462154388304,0.4071462154388304,0.4071462154388304,0.4071462154388304,0.4071462154388304,0.4071462154388304,0.4071462154388304,0.4071462154388304,0.4071462154388304,0.4071462154388304
2005-11-13,0.34008834003364014,0.34008834003364014,0.34008834003364014,0.34008834003364014,0.34008834003364014,0.34008834003364014,0.34008834003364014,0.34008834003364014,0.34008834003364014,0.34008834003364014,0.34008834003364014,0.34008834003364014,0.34008834003364014,0.34008834003364014,0.34008834003364014
2005-11-14,0.28043343788900815,0.28043343788900815,0.28043343788900815,0.28043343788900815,0.28043343788900815,0.28043343788900815,0.28043343788900815,0.28043343788900815,0.28043343788900815,0.28043343788900815,0.28043343788900815,0.28043343788900815,0.28043343788900815,0.28043343788900815,0.28043343788900815
2005-11-15,0.21568084527551423,0.21568084527551423,0.21568084527551423,0.21568084527551423,0.21568084527551423,0.21568084527551423,0.21568084527551423,0.21568084527551423,0.21568084527551423,0.21568084527551423,0.21568084527551423,0.21568084527551423,0.21568084527551423,0.21568084527551423,0.21568084527551423
2005-11-16,-0.24719079181059564,-0.24719079181059564,-0.24719079181059564,-0.24719079181059564,-0.24719079181059564,-0.24719079181059564,-0.24719079181059564,-0.24719079181059564,-0.24719079181059564,-0.24719079181059564,-0.24719079181059564,-0.24719079181059564,-0.24719079181059564,-0.24719079181059564,-0.24719079181059564
2005-11-17,-0.7404649134379833,-0.7404649134379833,-0.7404649134379833,-0.7404649134379833,-0.7404649134379833,-0.7404649134379833,-0.7404649134379833,-0.7404649134379833,-0.7404649134379833,-0.7404649134379833,-0.7404649134379833,-0.7404649134379833,-0.7404649134379833,-0.7404649134379833,-0.7404649134379833
2005-11-18,-0.8388043338647836,-0.8388043338647836,-0.8388043338647836,-0.8388043338647836,-0.8388043338647836,-0.8388043338647836,-0.8388043338647836,-0.8388043338647836,-0.8388043338647836,-0.8388043338647836,-0.8388043338647836,-0.8388043338647836,-0.8388043338647836,-0.8388043338647836,-0.8388043338647836
2005-11-19,-1.0418665821114856,-1.0418665821114856,-1.0418665821114856,-1.0418665821114856,-1.0418665821114856,-1.0418665821114856,-1.0418665821114856,-1.0418665821114856,-1.0418665821114856,-1.0418665821114856,-1.0418665821114856,-1.0418665821114856,-1.0418665821114856,-1.0418665821114856,-1.0418665821114856
2005-11-20,-1.3458435366573998,-1.3458435366573998,-1.3458435366573998,-1.3458435366573998,-1.3458435366573998,-1.3458435366573998,-1.3458435366573998,-1.3458435366573998,-1.3458435366573998,-1.3458435366573998,-1.3458435366573998,-1.3458435366573998,-1.3458435366573998,-1.3458435366573998,-1.3458435366573998
2005-11-21,-1.4636711504809434,-1.4636711504809434,-1.4636711504809434,-1.4636711504809434,-1.4636711504809434,-1.4636711504809434,-1.4636711504809434,-1.4636711504809434,-1.4636711504809434,-1.4636711504809434,-1.4636711504809434,-1.4636711504809434,-1.4636711504809434,-1.4636711504809434,-1.4636711504809434
2005-11-22,-1.549636669726153,-1.549636669726153,-1.549636669726153,-1.549636669726153,-1.549636669726153,-1.549636669726153,-1.549636669726153,-1.549636669726153,-1.549636669726153,-1.549636669726153,-1.549636669726153,-1.549636669726153,-1.549636669726153,-1.549636669726153,-1.549636669726153
2005-11-23,-1.408509902943871,-1.408509902943871,-1.408509902943871,-1.408509902943871,-1.408509902943871,-1.408509902943871,-1.408509902943871,-1.408509902943871,-1.408509902943871,-1.408509902943871,-1.408509902943871,-1.408509902943871,-1.408509902943871,-1.408509902943871,-1.408509902943871
2005-11-24,-0.985757338805197,-0.985757338805197,-0.985757338805197,-0.985757338805197,-0.985757338805197,-0.985757338805197,-0.985757338805197,-0.985757338805197,-0.985757338805197,-0.985757338805197,-0.985757338805197,-0.985757338805197,-0.985757338805197,-0.985757338805197,-0.985757338805197
2005-11-25,-0.7002878085201346,-0.7002878085201346,-0.7002878085201346,-0.7002878085201346,-0.7002878085201346,-0.7002878085201346,-0.7002878085201346,-0.7002878085201346,-0.7002878085201346,-0.7002878085201346,-0.7002878085201346,-0.7002878085201346,-0.7002878085201346,-0.7002878085201346,-0.7002878085201346
2005-11-26,-0.5009484576564873,-0.5009484576564873,-0.5009484576564873,-0.5009484576564873,-0.5009484576564873,-0.5009484576564873,-0.5009484576564873,-0.5009484576564873,-0.5009484576564873,-0.5009484576564873,-0.5009484576564873,-0.5009484576564873,-0.5009484576564873,-0.5009484576564873,-0.5009484576564873
2005-11-27,-0.32730241253871806,-0.32730241253871806,-0.32730241253871806,-0.32730241253871806,-0.32730241253871806,-0.32730241253871806,-0.32730241253871806,-0.32730241253871806,-0.32730241253871806,-0.32730241253871806,-0.32730241253871806,-0.32730241253871806,-0.32730241253871806,-0.32730241253871806,-0.32730241253871806
2005-11-28,-0.36886730731351536,-0.36886730731351536,-0.36886730731351536,-0.36886730731351536,-0.36886730731351536,-0.36886730731351536,-0.36886730731351536,-0.36886730731351536,-0.36886730731351536,-0.36886730731351536,-0.36886730731351536,-0.36886730731351536,-0.36886730731351536,-0.36886730731351536,-0.36886730731351536
2005-11-29,-0.12043589473979893,-0.12043589473979893,-0.12043589473979893,-0.12043589473979893,-0.12043589473979893,-0.12043589473979893,-0.12043589473979893,-0.12043589473979893,-0.12043589473979893,-0.12043589473979893,-0.12043589473979893,-0.12043589473979893,-0.12043589473979893,-0.12043589473979893,-0.12043589473979893
2005-11-30,0.07615628408987414,0.07615628408987414,0.07615628408987414,0.07615628408987414,0.07615628408987414,0.07615628408987414,0.07615628408987414,0.07615628408987414,0.07615628408987414,0.07615628408987414,0.07615628408987414,0.07615628408987414,0.07615628408987414,0.07615628408987414,0.07615628408987414
2005-12-01,8.4384404837687e-06,8.4384404837687e-06,8.4384404837687e-06,8.4384404837687e-06,8.4384404837687e-06,8.4384404837687e-06,8.4384404837687e-06,8.4384404837687e-06,8.4384404837687e-06,8.4384404837687e-06,8.4384404837687e-06,8.4384404837687e-06,8.4384404837687e-06,8.4384404837687e-06,8.4384404837687e-06
2005-12-02,-0.32218139778017624,-0.32218139778017624,-0.32218139778017624,-0.32218139778017624,-0.32218139778017624,-0.32218139778017624,-0.32218139778017624,-0.32218139778017624,-0.32218139778017624,-0.32218139778017624,-0.32218139778017624,-0.32218139778017624,-0.32218139778017624,-0.32218139778017624,-0.32218139778017624
2005-12-03,-0.5231267683056698,-0.5231267683056698,-0.5231267683056698,-0.5231267683056698,-0.5231267683056698,-0.5231267683056698,-0.5231267683056698,-0.5231267683056698,-0.5231267683056698,-0.5231267683056698,-0.5231267683056698,-0.5231267683056698,-0.5231267683056698,-0.5231267683056698,-0.5231267683056698
2005-12-04,-0.8417949349746848,-0.8417949349746848,-0.8417949349746848,-0.8417949349746848,-0.8417949349746848,-0.8417949349746848,-0.8417949349746848,-0.8417949349746848,-0.8417949349746848,-0.8417949349746848,-0.8417949349746848,-0.8417949349746848,-0.8417949349746848,-0.8417949349746848,-0.8417949349746848
2005-12-05,-0.9083441196660431,-0.9083441196660431,-0.9083441196660431,-0.9083441196660431,-0.9083441196660431,-0.9083441196660431,-0.9083441196660431,-0.9083441196660431,-0.9083441196660431,-0.9083441196660431,-0.9083441196660431,-0.9083441196660431,-0.9083441196660431,-0.9083441196660431,-0.9083441196660431
2005-12-06,-0.4211633631164191,-0.4211633631164191,-0.4211633631164191,-0.4211633631164191,-0.4211633631164191,-0.4211633631164191,-0.4211633631164191,-0.4211633631164191,-0.4211633631164191,-0.4211633631164191,-0.4211633631164191,-0.4211633631164191,-0.4211633631164191,-0.4211633631164191,-0.4211633631164191
2005-12-07,-0.4444663863641479,-0.4444663863641479,-0.4444663863641479,-0.4444663863641479,-0.4444663863641479,-0.4444663863641479,-0.4444663863641479,-0.4444663863641479,-0.4444663863641479,-0.4444663863641479,-0.4444663863641479,-0.4444663863641479,-0.4444663863641479,-0.4444663863641479,-0.4444663863641479
2005-12-08,-0.5137357151055185,-0.5137357151055185,-0.5137357151055185,-0.5137357151055185,-0.5137357151055185,-0.5137357151055185,-0.5137357151055185,-0.5137357151055185,-0.5137357151055185,-0.5137357151055185,-0.5137357151055185,-0.5137357151055185,-0.5137357151055185,-0.5137357151055185,-0.5137357151055185
2005-12-09,-0.07530159426851553,-0.07530159426851553,-0.07530159426851553,-0.07530159426851553,-0.07530159426851553,-0.07530159426851553,-0.07530159426851553,-0.07530159426851553,-0.07530159426851553,-0.07530159426851553,-0.07530159426851553,-0.07530159426851553,-0.07530159426851553,-0.07530159426851553,-0.07530159426851553
2005-12-10,0.3377925065060764,0.3377925065060764,0.3377925065060764,0.3377925065060764,0.3377925065060764,0.3377925065060764,0.3377925065060764,0.3377925065060764,0.3377925065060764,0.3377925065060764,0.3377925065060764,0.3377925065060764,0.3377925065060764,0.3377925065060764,0.3377925065060764
2005-12-11,0.42710826324744866,0.42710826324744866,0.42710826324744866,0.42710826324744866,0.42710826324744866,0.42710826324744866,0.42710826324744866,0.42710826324744866,0.42710826324744866,0.42710826324744866,0.42710826324744866,0.42710826324744866,0.42710826324744866,0.42710826324744866,0.42710826324744866
2005-12-12,-0.008210210713068919,-0.008210210713068919,-0.008210210713068919,-0.008210210713068919,-0.008210210713068919,-0.008210210713068919,-0.008210210713068919,-0.008210210713068919,-0.008210210713068919,-0.008210210713068919,-0.008210210713068919,-0.008210210713068919,-0.008210210713068919,-0.008210210713068919,-0.008210210713068919
2005-12-13,-0.0955973390787409,-0.0955973390787409,-0.0955973390787409,-0.0955973390787409,-0.0955973390787409,-0.0955973390787409,-0.0955973390787409,-0.0955973390787409,-0.0955973390787409,-0.0955973390787409,-0.0955973390787409,-0.0955973390787409,-0.0955973390787409,-0.0955973390787409,-0.0955973390787409
2005-12-14,-0.137510791223005,-0.137510791223005,-0.137510791223005,-0.137510791223005,-0.137510791223005,-0.137510791223005,-0.137510791223005,-0.137510791223005,-0.137510791223005,-0.137510791223005,-0.137510791223005,-0.137510791223005,-0.137510791223005,-0.137510791223005,-0.137510791223005
2005-12-15,-0.3954626669618871,-0.3954626669618871,-0.3954626669618871,-0.3954626669618871,-0.3954626669618871,-0.3954626669618871,-0.3954626669618871,-0.3954626669618871,-0.3954626669618871,-0.3954626669618871,-0.3954626669618871,-0.3954626669618871,-0.3954626669618871,-0.3954626669618871,-0.3954626669618871
2005-12-16,-0.5410942126697397,-0.5410942126697397,-0.5410942126697397,-0.5410942126697397,-0.5410942126697397,-0.5410942126697397,-0.5410942126697397,-0.5410942126697397,-0.5410942126697397,-0.5410942126697397,-0.5410942126697397,-0.5410942126697397,-0.5410942126697397,-0.5410942126697397,-0.5410942126697397
2005-12-17,-0.08557412268641958,-0.08557412268641958,-0.08557412268641958,-0.08557412268641958,-0.08557412268641958,-0.08557412268641958,-0.08557412268641958,-0.08557412268641958,-0.08557412268641958,-0.08557412268641958,-0.08557412268641958,-0.08557412268641958,-0.08557412268641958,-0.08557412268641958,-0.08557412268641958
2005-12-18,0.15401105283380903,0.15401105283380903,0.15401105283380903,0.15401105283380903,0.15401105283380903,0.15401105283380903,0.15401105283380903,0.15401105283380903,0.15401105283380903,0.15401105283380903,0.15401105283380903,0.15401105283380903,0.15401105283380903,0.15401105283380903,0.15401105283380903
2005-12-19,0.5454593069675866,0.5454593069675866,0.5454593069675866,0.5454593069675866,0.5454593069675866,0.5454593069675866,0.5454593069675866,0.5454593069675866,0.5454593069675866,0.5454593069675866,0.5454593069675866,0.5454593069675866,0.5454593069675866,0.5454593069675866,0.5454593069675866
2005-12-20,0.7860311416367457,0.7860311416367457,0.7860311416367457,0.7860311416367457,0.7860311416367457,0.7860311416367457,0.7860311416367457,0.7860311416367457,0.7860311416367457,0.7860311416367457,0.7860311416367457,0.7860311416367457,0.7860311416367457,0.7860311416367457,0.7860311416367457
2005-12-21,0.7922033957549529,0.7922033957549529,0.7922033957549529,0.7922033957549529,0.7922033957549529,0.7922033957549529,0.7922033957549529,0.7922033957549529,0.7922033957549529,0.7922033957549529,0.7922033957549529,0.7922033957549529,0.7922033957549529,0.7922033957549529,0.7922033957549529
2005-12-22,0.5591997045069734,0.5591997045069734,0.5591997045069734,0.5591997045069734,0.5591997045069734,0.5591997045069734,0.5591997045069734,0.5591997045069734,0.5591997045069734,0.5591997045069734,0.5591997045069734,0.5591997045069734,0.5591997045069734,0.5591997045069734,0.5591997045069734
2005-12-23,0.44027509280651067,0.44027509280651067,0.44027509280651067,0.44027509280651067,0.44027509280651067,0.44027509280651067,0.44027509280651067,0.44027509280651067,0.44027509280651067,0.44027509280651067,0.44027509280651067,0.44027509280651067,0.44027509280651067,0.44027509280651067,0.44027509280651067
2005-12-24,0.06882536806432407,0.06882536806432407,0.06882536806432407,0.06882536806432407,0.06882536806432407,0.06882536806432407,0.06882536806432407,0.06882536806432407,0.06882536806432407,0.06882536806432407,0.06882536806432407,0.06882536806432407,0.06882536806432407,0.06882536806432407,0.06882536806432407
2005-12-25,-0.4419623751841075,-0.4419623751841075,-0.4419623751841075,-0.4419623751841075,-0.4419623751841075,-0.4419623751841075,-0.4419623751841075,-0.4419623751841075,-0.4419623751841075,-0.4419623751841075,-0.4419623751841075,-0.4419623751841075,-0.4419623751841075,-0.4419623751841075,-0.4419623751841075
2005-12-26,-0.5514061019737655,-0.5514061019737655,-0.5514061019737655,-0.5514061019737655,-0.5514061019737655,-0.5514061019737655,-0.5514061019737655,-0.5514061019737655,-0.5514061019737655,-0.5514061019737655,-0.5514061019737655,-0.5514061019737655,-0.5514061019737655,-0.5514061019737655,-0.5514061019737655
2005-12-27,-0.3324051016758889,-0.3324051016758889,-0.3324051016758889,-0.3324051016758889,-0.3324051016758889,-0.3324051016758889,-0.3324051016758889,-0.3324051016758889,-0.3324051016758889,-0.3324051016758889,-0.3324051016758889,-0.3324051016758889,-0.3324051016758889,-0.3324051016758889,-0.3324051016758889
2005-12-28,-0.5130224134014603,-0.5130224134014603,-0.5130224134014603,-0.5130224134014603,-0.5130224134014603,-0.5130224134014603,-0.5130224134014603,-0.5130224134014603,-0.5130224134014603,-0.5130224134014603,-0.5130224134014603,-0.5130224134014603,-0.5130224134014603,-0.5130224134014603,-0.5130224134014603
2005-12-29,-0.32934385280366324,-0.32934385280366324,-0.32934385280366324,-0.32934385280366324,-0.32934385280366324,-0.32934385280366324,-0.32934385280366324,-0.32934385280366324,-0.32934385280366324,-0.32934385280366324,-0.32934385280366324,-0.32934385280366324,-0.32934385280366324,-0.32934385280366324,-0.32934385280366324
2005-12-30,-0.611864902955891,-0.611864902955891,-0.611864902955891,-0.611864902955891,-0.611864902955891,-0.611864902955891,-0.611864902955891,-0.611864902955891,-0.611864902955891,-0.611864902955891,-0.611864902955891,-0.611864902955891,-0.611864902955891,-0.611864902955891,-0.611864902955891
2005-12-31,-1.1178554878445826,-1.1178554878445826,-1.1178554878445826,-1.1178554878445826,-1.1178554878445826,-1.1178554878445826,-1.1178554878445826,-1.1178554878445826,-1.1178554878445826,-1.1178554878445826,-1.1178554878445826,-1.1178554878445826,-1.1178554878445826,-1.1178554878445826,-1.1178554878445826
2006-01-01,-1.3298621430764659,-1.239021892739851,-1.259315019998371,-1.2851492803187652,-1.2476162886058249,-1.2535442473572804,-1.2698157792149953,-1.2618666797043236,-1.2453948014749947,-1.2524032161651828,-1.2410339272511972,-1.275497343318461,-1.2068395734939332,-1.1981496236844962,-1.3218061446031921
2006-01-02,-1.2090182816966166,-1.0818490994098453,-1.2494994023771908,-1.1408851363368029,-1.2289884673487923,-1.1416979958318039,-1.232149821903335,-1.2100055949176831,-1.1225430774008354,-1.1042574529274096,-1.2341608117876335,-1.163229957048907,-1.0735091425021108,-1.1129518786045238,-1.3180491374076
2006-01-03,-1.0217131271902666,-0.9468552290314166,-1.0361919045583583,-0.7830791533562214,-1.2213632266535281,-0.9026051000492953,-1.2400317317129645,-1.026132963897393,-0.9772371101335009,-0.9140557109449345,-1.019006488008795,-1.092028311395281,-0.8119252570984717,-0.9810588701344394,-1.0647918527848945
2006-01-04,-0.8486577052311108,-0.9166872791081442,-0.941280372522306,-0.5718788702199684,-1.0964023083700525,-0.7290604803063812,-0.9691414944578683,-0.6377941732781903,-0.6585443883923272,-0.6559608675770918,-0.958738979645066,-1.0493380293653767,-0.5332505544101175,-0.8862957550037098,-0.9329971409295164
2006-01-05,-0.5868172842617272,-0.6447654995044094,-0.8376032708369733,-0.406041468991575,-0.9559116498485165,-0.14667728001194869,-0.50434586031822,-0.33070623155557943,-0.4053642645373019,-0.6471481590515975,-0.6013094733989363,-0.8668532967603707,-0.19993821349306087,-0.9335468709266295,-0.5036086635396133
2006-01-06,-0.21396977972453465,-0.1625715862317318,-0.7311641204036686,-0.09440045891608007,-0.6040012732330029,0.4307105300254834,0.008576487154570912,0.01821019846851915,-0.15166416962831555,-0.21912207754429386,-0.21824652525891491,-0.3881950856735193,0.20786865559198073,-0.5064596835589674,-0.18570680405138215
2006-01-07,0.392446835668801,0.5491748950487625,-0.39770706897428526,0.7894317090331862,-0.16867140559660354,1.2457827791037681,0.6625472183941146,0.7100282306017902,0.4240974542859594,0.5531970860332904,0.4151163037557847,0.30635505861947193,0.958563809420798,-0.22142016876119616,0.553115937265408
2006-01-08,0.7961707039254275,0.7682050125277596,0.04463418903587411,1.1495150764798645,0.3684902855380939,1.5744825963986326,0.47860828848417825,1.035844376427486,0.8024765875010077,1.2102065553193853,0.676538086359168,0.8046882553292316,1.4421078936846408,-0.08439203253017798,0.8884150043701416
2006-01-09,0.7799254448932031,0.6101465490225402,0.06441653581069658,0.990763570740316,0.1806321841426169,1.577239595281721,0.12575539680374936,1.060844533927782,0.9038463043990498,1.2720576545140694,0.6400961735387269,0.7466918123596523,1.196604256284439,-0.11437000805606361,0.6984900177317899
2006-01-10,0.5445788157660661,0.37399648113999134,0.10033120731151919,0.8390415516513362,0.3672209632599375,1.4999823599282507,0.00781384387307748,0.9643660886071844,0.8785896250018944,0.8628742674227403,0.6323265706691701,0.5526814800159427,1.0452451100235698,0.03364177705053117,0.4663381936369498
2006-01-11,0.49510792952118926,0.6767236417910771,0.6974403469698055,1.074982837615428,0.8403429160021721,1.4592516006332892,0.33491801985113956,1.2222088580017996,1.1194399944377251,0.5283066822230981,0.6010713187692674,0.32237323793391603,1.2197361303923662,0.3010926517643109,0.49610299814588726
2006-01-12,0.6732035418324848,0.9109455947877577,1.356082661209237,1.1256836360776385,1.0728496053889833,1.614387331065035,0.8704057944758838,1.1803899293476958,0.9804082909151476,0.7147031612595655,0.6210255228235416,0.34896449779226435,1.3450877775388423,0.5272997185673384,0.6608362468289805
2006-01-13,0.7746899885044345,1.0410722142489384,1.6184945955643013,1.237417943876595,0.9702912060632903,1.8703123052402055,1.1184589478403446,1.004310499207366,0.838087206839259,1.038940578305822,0.6767087860115869,0.5479324255607579,1.3825702455670836,0.6117976328587783,0.8204631118221908
2006-01-14,1.0897998319463236,1.2483608821013576,1.9786630659975766,1.1720295638905907,0.9611120847663828,1.874306361898074,1.3423633937229835,0.6974393757547535,1.1823021377548693,1.2315205532916267,1.0218220871957837,0.5184842923454079,1.3367106939226472,0.7398429477663481,1.1302937379067024
2006-01-15,1.071526331585979,0.993761292911295,2.1998261903838943,1.072245156429034,0.8796455511137572,1.9135962479319306,1.456039515401726,0.1963107202700522,1.2579475458781697,1.1559373989179416,0.9571810282115897,0.7658864723379192,0.9443755157890341,0.9958443040698971,0.966296164422854
2006-01-16,1.0033322583069046,0.9928531134010357,1.9603901687282026,1.1904265052133707,0.9427768747881106,1.8366112317527439,1.275947542519897,-0.2215210370686882,1.3506044290314736,1.034641271016768,0.9540368853818743,0.772980155703198,1.1294158984445228,0.9645762081840217,0.9058499826758832
2006-01-17,0.9655352407707203,1.1683821936591423,1.761438617358962,1.096789015468888,0.7043197321427483,1.8387062276789845,1.0007422706057945,-0.42821358392667813,1.1684509875717553,0.8895773837335885,0.8832738353360542,0.917587180138502,1.3102885837480454,0.8602743168362565,0.5126559784949001
2006-01-18,0.7025303472280829,1.2166444748011567,1.2445877020655396,0.8624446294939302,1.018595744208077,1.3569671805028953,0.6444325062313624,-0.5065467564211882,0.9849997580497698,0.5042366868826202,0.6949782788781902,1.1720897768776397,1.3309387381816111,0.7738998800363779,0.4158413283305989
2006-01-19,0.2100170423170941,1.0370374283240416,0.8119859100769552,0.5972797492042798,0.831677362195553,0.8455287080653183,0.1817779613101239,-0.835862859463137,0.9583118724148428,0.31021246745698594,0.34781199183606787,1.025619810342635,1.153795821359859,0.9205920330988212,-0.03549193205788572
2006-01-20,0.02387410735819681,0.7697876220599761,0.2841753969890843,0.3412201590355708,0.6610350487172981,0.4676300327424973,-0.08318742235613652,-0.9648779826427675,1.0906562968301334,-0.14459666879959876,0.14746322046038834,1.2538728494165436,0.8479873794374208,1.2851916826802523,-0.34654393072700435
2006-01-21,-0.13677982829422053,0.1711444224111497,-0.09820386848872388,0.2344067136214734,0.8604754561837573,0.335551167850068,-0.5236529881803167,-0.7731526597281911,0.867707051018256,-0.35510891069316136,0.387017186367201,0.9886031858919023,0.39806402852624084,1.1923676397871639,-0.20775956191851241
2006-01-22,-0.30257747107797756,-0.263299730075564,-0.15988167535922732,0.34813224072256604,0.5946816743546034,0.20473224470172371,-0.765799917745542,-0.6040987977890555,0.7769600677280211,-0.45514474201605043,0.4810682979078413,0.35540097976609925,0.16820115552841233,1.1864113288780578,-0.031443957688944854
2006-01-23,-0.35428477398382113,-0.7453885305381465,-0.006905885011139023,0.518538921862129,0.1163274143367182,-0.003949598410772499,-0.9919969664956092,-0.5247217060561564,0.798133260812914,-0.39213071679266603,0.4791818154493411,-0.2414767881247921,-0.20730342747056296,0.9815503278151761,0.2707830592504441
2006-01-24,-0.353942780718695,-0.8365965055405031,0.33040984726519473,0.2709499387576541,0.2272757237343809,-0.40698414295659974,-1.047005679606738,-0.32455088948094646,0.5860185017599648,-0.37101212002299955,0.4571815164087604,-0.3313958146723401,-0.5991615722302448,0.8138884231762451,0.13896714412414887
2006-01-25,-0.32033885996324685,-1.0569741853022945,0.5192044495187275,-0.01006350063743884,0.14697737644143943,-0.9610371560458199,-0.9946504499083582,-0.42330672429480326,0.6371086666550555,-0.870520680591653,0.60380745140177,0.04236122702951295,-0.9412527058709316,0.6768597082175895,0.1926914822937816
2006-01-26,-0.2851465042742034,-1.2639897957364619,0.5842972129282662,0.30120731356380315,-0.3275213354209247,-1.2111494421463822,-0.8316766622477567,-0.41354831242312967,0.5448407961712868,-0.9914307658959948,0.6016328416488831,-0.018618898419796272,-1.259196199944817,0.5122865538530624,0.018188915561533257
2006-01-27,-0.3919747498328951,-0.5742412661158737,0.8189239646791862,-0.01873975220126577,-0.5297761847813958,-1.459122057124555,-0.42831036250379656,-0.6545879758466577,0.5294597067331762,-0.9509316158244208,0.585430821863977,0.18212000712302293,-0.9432766368625534,0.341718589307278,-0.37676423081587557
2006-01-28,-0.4676941647781546,-0.4390749216692615,0.9809289575075874,-0.5653449806991748,-0.9085320119518402,-1.242420828730467,-0.503399271468205,-1.1056430607558132,0.9242254815909439,-1.0491999442299225,0.4379591292434163,0.32296334248779257,-1.003240543569028,0.34229802743752724,-0.4208278559085854
2006-01-29,-0.6115622913996007,-0.6235406179332995,0.8969717580874421,-0.9318811921555069,-0.9946880679834516,-1.442324199945582,-0.7117125971496078,-1.8224825485978928,0.975242682059538,-0.9692191195251879,-0.1094390241362449,0.8455320481918518,-0.7022230008734762,0.2027708302002831,-0.38324745884291506
2006-01-30,-0.7710420203791583,-0.5531457928454367,0.8975117697584821,-1.181807263653323,-0.9692535961878352,-1.4569418062242196,-0.7983905121267523,-2.33409368175025,0.9650564883883871,-0.7746327544672633,-0.7692785451064711,0.8561971963638929,-0.6134796240097036,-0.1260939349921411,-0.6172137677169981
2006-01-31,-0.8132824452069195,-0.4083073502640247,0.7561625461858127,-1.556573559003229,-0.9451777764606849,-1.7256981300812833,-0.6035840481685678,-2.741148737795114,0.45954462576603106,-0.7490525367854944,-1.5161391749276694,0.7130021058092919,-0.5709795463947174,-0.023406823295115176,-0.854270840700807
2006-02-01,-0.736042799907206,-0.21121863650886083,0.41805532082533525,-1.8972871619515888,-1.3320560564990536,-1.6755503340640852,-0.5073113077955698,-2.99613696623776,0.29520810119871704,-0.564242049735929,-1.7482770312749296,0.7743976947940615,-0.5320303016947211,0.23285718477290038,-1.1686443329316403
2006-02-02,-1.0160548829771443,0.02841940257689306,0.1702615599509271,-2.0912155873852574,-1.4262229216518498,-1.4837381557451246,-0.5185127471033242,-3.047269115608471,-0.20072829145858273,-0.6177674273933671,-2.373272308551935,0.4847937793757563,-0.3474262107522485,0.2371111667593371,-1.3892999987182137
2006-02-03,-1.3740690774099016,-0.2885959462490555,-0.10805065756970116,-1.9582033822560538,-1.2639673250152508,-1.54472442888059,-0.6120809508608328,-3.0833431601320114,-0.8433493406927716,-0.9671984675861495,-2.803263566854332,0.09353362313816699,-0.23145600113536965,-0.2877068659101901,-1.8612063803936927
2006-02-04,-1.5013873424553492,-0.516626407167629,-0.6240514555706869,-1.3370591120360102,-1.180468810770947,-1.7951151121650855,-0.315632357647281,-3.2546003103524184,-1.0782485708955785,-0.9967076712182891,-2.6400158646075518,-0.1421941072843339,-0.2812883238255942,-0.473619244549427,-2.1906450100206794
2006-02-05,-1.607034707048602,-0.7597318406651409,-0.9814396908685916,-1.1677285319718773,-1.299697296235626,-1.3406710289320296,-0.4780402856287853,-2.982120992637718,-1.1973581525148436,-1.2594452676043426,-2.3298357819519313,-0.40905901508034054,-0.02552186013687781,-0.3125715752497174,-2.2262898290122144
2006-02-06,-1.540780454598934,-0.9022408260506586,-1.2994263241844402,-0.7883399417843713,-1.217367154716214,-1.0561221319191498,-0.6567241596949853,-2.778229519233846,-1.4172888664903558,-1.7860944782796937,-2.245810678032222,-0.6086059974541592,-0.11959850457951164,-0.3382347349710542,-2.0267588112539037
2006-02-07,-1.6602594944485598,-0.8573237552090008,-1.2650947501929926,-0.6941262800198253,-1.1977748931590195,-0.9118409284406452,-0.7051394620345413,-2.6314869649453643,-1.7840428543196274,-1.8838450947237535,-1.8344443449552539,-0.5849406898687467,-0.05052331016907473,-0.2904799454767625,-1.8412937039539328
2006-02-08,-1.6476629931641045,-0.831951543047641,-0.9123891484213739,-0.836498494644844,-1.2209213261965626,-0.591601922692403,-0.5527256284500056,-2.614015560195205,-2.0559722346666955,-1.6051281418909022,-1.2091597519053838,-0.8096779893723746,-0.0010256853535751701,-0.3007274401763936,-1.5537190825510583
2006-02-09,-1.7418646150432457,-0.9049251692996888,-0.17556318402560234,-1.100409938043026,-0.9510228258456227,-0.34470563151921857,-0.5605483893732713,-2.636228425385855,-2.1822076381765476,-1.3223159544388343,-0.9112588673737607,-0.9065846129303021,0.6082018830607895,-0.6812923853425294,-0.9352709664108676
2006-02-10,-1.7707606424266231,-1.1421658410210405,0.019368914123901158,-1.4917620571281172,-0.3100022468235086,-0.22976764456328208,-0.3609172009393471,-2.6943522379398885,-2.3391232110920357,-0.9805808832945572,-1.0868800167685129,-1.0912507295708582,1.4977816967758397,-0.738969344617807,-0.43637729509769274
2006-02-11,-1.6330197455497129,-1.2441875329879295,-0.05374994032171793,-1.4078317435461194,0.013191769658538712,0.32510851772301924,-0.08497812965256349,-2.7695447671926905,-2.4914582042743065,-1.0348530728697674,-1.5672522913527756,-1.41233891491078,1.9188399852995452,-0.48193671127163823,-0.027828676357320177
2006-02-12,-1.3354238536403422,-1.406944231238347,-0.11645850593836421,-1.2787578864281166,0.150060597124238,0.3836757635243346,0.3293314500901056,-2.855209652311614,-2.5838405436566956,-0.7707717130027953,-1.9466093861092577,-1.7916536005968986,1.5314054679482445,-0.24999970838835783,-0.09294620429772583
2006-02-13,-1.3053123684677201,-1.5844332647654167,0.1377452558831135,-1.1407104321902883,0.41072064537017283,0.36060146890838324,0.6841363251476985,-2.7688113400802115,-2.52971741582814,-0.5518607112309333,-2.3438180986098858,-1.887546116869142,1.255080429837907,-0.07402094469689285,-0.45219807793829586
2006-02-14,-1.1494500691642,-1.7788947720815853,0.08588764877879196,-0.8867894535740263,0.7015120621962229,0.27346931844867856,0.7775103326978224,-2.9074385367437388,-2.475698360897116,-0.8325659905271223,-2.6604472221411597,-1.6207333460220077,1.3617574836691861,0.37505721702579575,-0.6042980870052721
2006-02-15,-0.7460970236992118,-1.8363957394228008,0.12198076107087188,-0.3808431931974529,0.9882180278699257,0.12176654950715736,0.4971285274600203,-2.4854296460073604,-2.401594700498757,-1.1556051301079666,-2.469500251040462,-1.3903116423941408,1.5606812423699663,0.4776450480032238,-0.9253317889907242
2006-02-16,-0.55740719113611,-1.8786912178448818,-0.17578770822195575,-0.45013086569358135,0.9925426235489065,0.03382119136976035,0.6984091924522198,-2.0726839437468207,-1.9746666400833188,-1.287371148775688,-1.7875030675431078,-1.6685417373691307,1.2609341913737548,0.3911778383078922,-1.356943904341948
2006-02-17,-0.3181772204758262,-1.921044739816219,-0.5047594406444703,-1.0243583552602142,0.6975768313735283,0.3122413247798909,0.765467973636771,-1.4689994345341215,-1.6956455375819695,-1.413778672558081,-1.2781185752039557,-1.9378055370413172,0.6447546536169507,0.4276079833093717,-1.4308203292153043
2006-02-18,-0.3006980957420283,-2.0144324636078843,-1.0233928378957662,-1.9491140229284412,0.019901927668191273,0.43977260159549547,0.48844047800004353,-1.1221400206031817,-1.6658017029984764,-1.1853181867459275,-1.2840232432581278,-1.6645658771127299,0.3794862155481868,0.07644704284073485,-1.325558634527399
2006-02-19,-0.2099824434294272,-2.0155076127732046,-1.124502852425616,-2.2812718054422647,-0.0009446532271336731,0.3988819836437019,0.13540062586288681,-0.7958250695346343,-1.4976336615409722,-1.2372696548663196,-1.5303291633299434,-1.3971538409512818,0.44075845415588755,-0.5969459142950232,-1.2050572198106084
2006-02-20,-0.08798848701820082,-2.130313380139425,-0.5520081721740386,-2.2908536268463195,0.061179572000026584,-0.04751710330915707,-0.04273607965775584,-0.43867619797869384,-1.466889820620293,-1.15762634196748,-1.4520996524317722,-1.612647815095534,0.48768914776357003,-1.2780938153719745,-0.857677748203136
2006-02-21,-0.12114380345255746,-2.202255700358037,-0.3106214494089059,-2.146701144848719,0.28067837221132697,-0.289938885053025,0.03488139590187765,0.560451659501836,-1.6582605835050492,-1.0834613935799706,-1.4222120924354995,-1.6603748372400482,0.46720660175274115,-1.2149379399928324,-0.5392861388939117
2006-02-22,-0.18555465908603483,-2.0489986985817157,-0.6234536207129114,-2.1549609753647876,0.7379886604947432,-0.40414373177843904,0.16619115506760368,1.3522765696069485,-1.6890081745093235,-1.1740992027237676,-1.6668016385992517,-1.9217341814072089,0.3189272573806626,-1.1859902837535066,-0.39071394977201745
2006-02-23,-0.07349815377238973,-1.7236919660933974,-0.9373497895702659,-1.859998238916798,0.9928906570913203,-0.38516269914615414,0.26424122370137265,2.0874719731619735,-1.6494629553331606,-1.1071247977319754,-1.9267975915492794,-1.9571263262468355,0.21819664155637294,-1.0645416487635533,-0.4859027286630582
2006-02-24,-0.03865862330438406,-1.415782183772162,-1.053456151754697,-1.516983194378599,0.8474387816896218,-0.30449901915888605,0.20461324636026776,2.420505387554488,-1.7197978219607475,-0.710645414224063,-2.0292154471030837,-1.8284080527622235,0.3978196602569091,-1.3992248092699886,-0.6573208788360442
2006-02-25,-0.059198084471197364,-1.113727199965299,-1.1822938364400781,-1.0289424566343737,0.4690052123539026,-0.48725763806103106,0.5598634652856748,2.4605883937943407,-1.7107601703425925,-0.5533581744223974,-2.0560392333692783,-1.7089970840246889,0.7215621866920345,-1.7618174807733633,-0.6577171567800739
2006-02-26,0.12522497411542158,-0.7743571712370549,-1.311564754504673,-0.5850211967955651,0.5002907943085263,-0.5931006519118567,1.146757017161501,2.4559999398593,-1.4208032174300762,-0.403336710394662,-1.7025851235283134,-1.330131860368788,0.9342002561135063,-2.2071663866325872,-0.19367136913494007
2006-02-27,0.5294475357569796,-0.6912634653095583,-1.3155039502474695,-0.3495473575507709,0.8669349575757548,-0.44530713455807397,1.8319564282824585,2.3032160967986623,-1.006677625296858,-0.42724722753867467,-1.506464489898267,-1.2174877500312153,0.727940036751517,-2.594955203004422,-0.1416729437282883
2006-02-28,0.492238904727271,-0.9779235431765559,-1.1385946690881656,0.08610493854391371,0.850622127688141,-0.38776174857612683,2.1657537334892583,2.408264760471498,-0.9602120260772345,-0.06303513707299661,-1.1628712427794423,-0.9819190929166995,0.3837147338371164,-2.339644926730395,-0.00227892196677382
2006-03-01,0.401627028215303,-0.8881444423388423,-0.8530507338168191,0.4461093524731293,0.7384190704527323,-0.2938596806492362,1.9321126774802775,2.392068482387921,-1.0107483357115001,0.5110045544644349,-0.4630488793125518,-1.1534207381698114,-0.07683033705897668,-2.341044866881419,0.16863416519120428
2006-03-02,0.5602910319782362,-0.5921336427914743,-0.8830539218420779,0.5096199274083556,0.6240965981031608,-0.04768649209076818,1.7033672633735844,2.5032689570531135,-1.28996813509914,1.047567626356618,-0.2613314838794594,-0.8439651870047508,-0.4183601675138593,-1.9625430593831665,0.16882643648842874
