,1,2,3,4,5,6,7,8,9,10,11,12,13,14,15
2007-09-03,-0.7335585945278763,-0.7335585945278763,-0.7335585945278763,-0.7335585945278763,-0.7335585945278763,-0.7335585945278763,-0.7335585945278763,-0.7335585945278763,-0.7335585945278763,-0.7335585945278763,-0.7335585945278763,-0.7335585945278763,-0.7335585945278763,-0.7335585945278763,-0.7335585945278763
2007-09-04,-0.7670656048793584,-0.7670656048793584,-0.7670656048793584,-0.7670656048793584,-0.7670656048793584,-0.7670656048793584,-0.7670656048793584,-0.7670656048793584,-0.7670656048793584,-0.7670656048793584,-0.7670656048793584,-0.7670656048793584,-0.7670656048793584,-0.7670656048793584,-0.7670656048793584
2007-09-05,-0.6390088473395982,-0.6390088473395982,-0.6390088473395982,-0.6390088473395982,-0.6390088473395982,-0.6390088473395982,-0.6390088473395982,-0.6390088473395982,-0.6390088473395982,-0.6390088473395982,-0.6390088473395982,-0.6390088473395982,-0.6390088473395982,-0.6390088473395982,-0.6390088473395982
2007-09-06,-0.24587423886051343,-0.24587423886051343,-0.24587423886051343,-0.24587423886051343,-0.24587423886051343,-0.24587423886051343,-0.24587423886051343,-0.24587423886051343,-0.24587423886051343,-0.24587423886051343,-0.24587423886051343,-0.24587423886051343,-0.24587423886051343,-0.24587423886051343,-0.24587423886051343
2007-09-07,0.10951810569515925,0.10951810569515925,0.10951810569515925,0.10951810569515925,0.10951810569515925,0.10951810569515925,0.10951810569515925,0.10951810569515925,0.10951810569515925,0.10951810569515925,0.10951810569515925,0.10951810569515925,0.10951810569515925,0.10951810569515925,0.10951810569515925
2007-09-08,0.1919262468650451,0.1919262468650451,0.1919262468650451,0.1919262468650451,0.1919262468650451,0.1919262468650451,0.1919262468650451,0.1919262468650451,0.1919262468650451,0.1919262468650451,0.1919262468650451,0.1919262468650451,0.1919262468650451,0.1919262468650451,0.1919262468650451
2007-09-09,0.4083762512390982,0.4083762512390982,0.4083762512390982,0.4083762512390982,0.4083762512390982,0.4083762512390982,0.4083762512390982,0.4083762512390982,0.4083762512390982,0.4083762512390982,0.4083762512390982,0.4083762512390982,0.4083762512390982,0.4083762512390982,0.4083762512390982
2007-09-10,0.6091478018773554,0.6091478018773554,0.6091478018773554,0.6091478018773554,0.6091478018773554,0.6091478018773554,0.6091478018773554,0.6091478018773554,0.6091478018773554,0.6091478018773554,0.6091478018773554,0.6091478018773554,0.6091478018773554,0.6091478018773554,0.6091478018773554
2007-09-11,0.8365196551307035,0.8365196551307035,0.8365196551307035,0.8365196551307035,0.8365196551307035,0.8365196551307035,0.8365196551307035,0.8365196551307035,0.8365196551307035,0.8365196551307035,0.8365196551307035,0.8365196551307035,0.8365196551307035,0.8365196551307035,0.8365196551307035
2007-09-12,0.7155906388848622,0.7155906388848622,0.7155906388848622,0.7155906388848622,0.7155906388848622,0.7155906388848622,0.7155906388848622,0.7155906388848622,0.7155906388848622,0.7155906388848622,0.7155906388848622,0.7155906388848622,0.7155906388848622,0.7155906388848622,0.7155906388848622
2007-09-13,0.565259665475734,0.565259665475734,0.565259665475734,0.565259665475734,0.565259665475734,0.565259665475734,0.565259665475734,0.565259665475734,0.565259665475734,0.565259665475734,0.565259665475734,0.565259665475734,0.565259665475734,0.565259665475734,0.565259665475734
2007-09-14,0.4566562423359583,0.4566562423359583,0.4566562423359583,0.4566562423359583,0.4566562423359583,0.4566562423359583,0.4566562423359583,0.4566562423359583,0.4566562423359583,0.4566562423359583,0.4566562423359583,0.4566562423359583,0.4566562423359583,0.4566562423359583,0.4566562423359583
2007-09-15,0.7529837487883199,0.7529837487883199,0.7529837487883199,0.7529837487883199,0.7529837487883199,0.7529837487883199,0.7529837487883199,0.7529837487883199,0.7529837487883199,0.7529837487883199,0.7529837487883199,0.7529837487883199,0.7529837487883199,0.7529837487883199,0.7529837487883199
2007-09-16,0.8939000552231618,0.8939000552231618,0.8939000552231618,0.8939000552231618,0.8939000552231618,0.8939000552231618,0.8939000552231618,0.8939000552231618,0.8939000552231618,0.8939000552231618,0.8939000552231618,0.8939000552231618,0.8939000552231618,0.8939000552231618,0.8939000552231618
2007-09-17,1.0002215025817747,1.0002215025817747,1.0002215025817747,1.0002215025817747,1.0002215025817747,1.0002215025817747,1.0002215025817747,1.0002215025817747,1.0002215025817747,1.0002215025817747,1.0002215025817747,1.0002215025817747,1.0002215025817747,1.0002215025817747,1.0002215025817747
2007-09-18,0.902303165574864,0.902303165574864,0.902303165574864,0.902303165574864,0.902303165574864,0.902303165574864,0.902303165574864,0.902303165574864,0.902303165574864,0.902303165574864,0.902303165574864,0.902303165574864,0.902303165574864,0.902303165574864,0.902303165574864
2007-09-19,0.829053483924276,0.829053483924276,0.829053483924276,0.829053483924276,0.829053483924276,0.829053483924276,0.829053483924276,0.829053483924276,0.829053483924276,0.829053483924276,0.829053483924276,0.829053483924276,0.829053483924276,0.829053483924276,0.829053483924276
2007-09-20,0.8223026501733477,0.8223026501733477,0.8223026501733477,0.8223026501733477,0.8223026501733477,0.8223026501733477,0.8223026501733477,0.8223026501733477,0.8223026501733477,0.8223026501733477,0.8223026501733477,0.8223026501733477,0.8223026501733477,0.8223026501733477,0.8223026501733477
2007-09-21,0.6312933936969917,0.6312933936969917,0.6312933936969917,0.6312933936969917,0.6312933936969917,0.6312933936969917,0.6312933936969917,0.6312933936969917,0.6312933936969917,0.6312933936969917,0.6312933936969917,0.6312933936969917,0.6312933936969917,0.6312933936969917,0.6312933936969917
2007-09-22,0.5922430578420624,0.5922430578420624,0.5922430578420624,0.5922430578420624,0.5922430578420624,0.5922430578420624,0.5922430578420624,0.5922430578420624,0.5922430578420624,0.5922430578420624,0.5922430578420624,0.5922430578420624,0.5922430578420624,0.5922430578420624,0.5922430578420624
2007-09-23,0.6367071502703966,0.6367071502703966,0.6367071502703966,0.6367071502703966,0.6367071502703966,0.6367071502703966,0.6367071502703966,0.6367071502703966,0.6367071502703966,0.6367071502703966,0.6367071502703966,0.6367071502703966,0.6367071502703966,0.6367071502703966,0.6367071502703966
2007-09-24,0.5269247860504359,0.5269247860504359,0.5269247860504359,0.5269247860504359,0.5269247860504359,0.5269247860504359,0.5269247860504359,0.5269247860504359,0.5269247860504359,0.5269247860504359,0.5269247860504359,0.5269247860504359,0.5269247860504359,0.5269247860504359,0.5269247860504359
2007-09-25,0.352785821457114,0.352785821457114,0.352785821457114,0.352785821457114,0.352785821457114,0.352785821457114,0.352785821457114,0.352785821457114,0.352785821457114,0.352785821457114,0.352785821457114,0.352785821457114,0.352785821457114,0.352785821457114,0.352785821457114
2007-09-26,0.10919341016063887,0.10919341016063887,0.10919341016063887,0.10919341016063887,0.10919341016063887,0.10919341016063887,0.10919341016063887,0.10919341016063887,0.10919341016063887,0.10919341016063887,0.10919341016063887,0.10919341016063887,0.10919341016063887,0.10919341016063887,0.10919341016063887
2007-09-27,0.24098908637839947,0.24098908637839947,0.24098908637839947,0.24098908637839947,0.24098908637839947,0.24098908637839947,0.24098908637839947,0.24098908637839947,0.24098908637839947,0.24098908637839947,0.24098908637839947,0.24098908637839947,0.24098908637839947,0.24098908637839947,0.24098908637839947
2007-09-28,0.2928108233035783,0.2928108233035783,0.2928108233035783,0.2928108233035783,0.2928108233035783,0.2928108233035783,0.2928108233035783,0.2928108233035783,0.2928108233035783,0.2928108233035783,0.2928108233035783,0.2928108233035783,0.2928108233035783,0.2928108233035783,0.2928108233035783
2007-09-29,-0.03286987850495159,-0.03286987850495159,-0.03286987850495159,-0.03286987850495159,-0.03286987850495159,-0.03286987850495159,-0.03286987850495159,-0.03286987850495159,-0.03286987850495159,-0.03286987850495159,-0.03286987850495159,-0.03286987850495159,-0.03286987850495159,-0.03286987850495159,-0.03286987850495159
2007-09-30,-0.42486092685085314,-0.42486092685085314,-0.42486092685085314,-0.42486092685085314,-0.42486092685085314,-0.42486092685085314,-0.42486092685085314,-0.42486092685085314,-0.42486092685085314,-0.42486092685085314,-0.42486092685085314,-0.42486092685085314,-0.42486092685085314,-0.42486092685085314,-0.42486092685085314
2007-10-01,-0.3602938381145252,-0.3602938381145252,-0.3602938381145252,-0.3602938381145252,-0.3602938381145252,-0.3602938381145252,-0.3602938381145252,-0.3602938381145252,-0.3602938381145252,-0.3602938381145252,-0.3602938381145252,-0.3602938381145252,-0.3602938381145252,-0.3602938381145252,-0.3602938381145252
2007-10-02,-0.29707060857160633,-0.29707060857160633,-0.29707060857160633,-0.29707060857160633,-0.29707060857160633,-0.29707060857160633,-0.29707060857160633,-0.29707060857160633,-0.29707060857160633,-0.29707060857160633,-0.29707060857160633,-0.29707060857160633,-0.29707060857160633,-0.29707060857160633,-0.29707060857160633
2007-10-03,-0.24222030866191677,-0.24222030866191677,-0.24222030866191677,-0.24222030866191677,-0.24222030866191677,-0.24222030866191677,-0.24222030866191677,-0.24222030866191677,-0.24222030866191677,-0.24222030866191677,-0.24222030866191677,-0.24222030866191677,-0.24222030866191677,-0.24222030866191677,-0.24222030866191677
2007-10-04,-0.41996520106847923,-0.41996520106847923,-0.41996520106847923,-0.41996520106847923,-0.41996520106847923,-0.41996520106847923,-0.41996520106847923,-0.41996520106847923,-0.41996520106847923,-0.41996520106847923,-0.41996520106847923,-0.41996520106847923,-0.41996520106847923,-0.41996520106847923,-0.41996520106847923
2007-10-05,-0.38081214942575814,-0.38081214942575814,-0.38081214942575814,-0.38081214942575814,-0.38081214942575814,-0.38081214942575814,-0.38081214942575814,-0.38081214942575814,-0.38081214942575814,-0.38081214942575814,-0.38081214942575814,-0.38081214942575814,-0.38081214942575814,-0.38081214942575814,-0.38081214942575814
2007-10-06,-0.3758506720998825,-0.3758506720998825,-0.3758506720998825,-0.3758506720998825,-0.3758506720998825,-0.3758506720998825,-0.3758506720998825,-0.3758506720998825,-0.3758506720998825,-0.3758506720998825,-0.3758506720998825,-0.3758506720998825,-0.3758506720998825,-0.3758506720998825,-0.3758506720998825
2007-10-07,-0.48382554597540595,-0.48382554597540595,-0.48382554597540595,-0.48382554597540595,-0.48382554597540595,-0.48382554597540595,-0.48382554597540595,-0.48382554597540595,-0.48382554597540595,-0.48382554597540595,-0.48382554597540595,-0.48382554597540595,-0.48382554597540595,-0.48382554597540595,-0.48382554597540595
2007-10-08,-0.9389964802322281,-0.9389964802322281,-0.9389964802322281,-0.9389964802322281,-0.9389964802322281,-0.9389964802322281,-0.9389964802322281,-0.9389964802322281,-0.9389964802322281,-0.9389964802322281,-0.9389964802322281,-0.9389964802322281,-0.9389964802322281,-0.9389964802322281,-0.9389964802322281
2007-10-09,-1.0576401697698294,-1.0576401697698294,-1.0576401697698294,-1.0576401697698294,-1.0576401697698294,-1.0576401697698294,-1.0576401697698294,-1.0576401697698294,-1.0576401697698294,-1.0576401697698294,-1.0576401697698294,-1.0576401697698294,-1.0576401697698294,-1.0576401697698294,-1.0576401697698294
2007-10-10,-1.1918329523945963,-1.1918329523945963,-1.1918329523945963,-1.1918329523945963,-1.1918329523945963,-1.1918329523945963,-1.1918329523945963,-1.1918329523945963,-1.1918329523945963,-1.1918329523945963,-1.1918329523945963,-1.1918329523945963,-1.1918329523945963,-1.1918329523945963,-1.1918329523945963
2007-10-11,-1.4441207672920426,-1.4441207672920426,-1.4441207672920426,-1.4441207672920426,-1.4441207672920426,-1.4441207672920426,-1.4441207672920426,-1.4441207672920426,-1.4441207672920426,-1.4441207672920426,-1.4441207672920426,-1.4441207672920426,-1.4441207672920426,-1.4441207672920426,-1.4441207672920426
2007-10-12,-1.5508779238613088,-1.5508779238613088,-1.5508779238613088,-1.5508779238613088,-1.5508779238613088,-1.5508779238613088,-1.5508779238613088,-1.5508779238613088,-1.5508779238613088,-1.5508779238613088,-1.5508779238613088,-1.5508779238613088,-1.5508779238613088,-1.5508779238613088,-1.5508779238613088
2007-10-13,-1.5631074468780712,-1.5631074468780712,-1.5631074468780712,-1.5631074468780712,-1.5631074468780712,-1.5631074468780712,-1.5631074468780712,-1.5631074468780712,-1.5631074468780712,-1.5631074468780712,-1.5631074468780712,-1.5631074468780712,-1.5631074468780712,-1.5631074468780712,-1.5631074468780712
2007-10-14,-1.5518595662914239,-1.5518595662914239,-1.5518595662914239,-1.5518595662914239,-1.5518595662914239,-1.5518595662914239,-1.5518595662914239,-1.5518595662914239,-1.5518595662914239,-1.5518595662914239,-1.5518595662914239,-1.5518595662914239,-1.5518595662914239,-1.5518595662914239,-1.5518595662914239
2007-10-15,-1.3969551641161453,-1.3969551641161453,-1.3969551641161453,-1.3969551641161453,-1.3969551641161453,-1.3969551641161453,-1.3969551641161453,-1.3969551641161453,-1.3969551641161453,-1.3969551641161453,-1.3969551641161453,-1.3969551641161453,-1.3969551641161453,-1.3969551641161453,-1.3969551641161453
2007-10-16,-1.4444282154598618,-1.4444282154598618,-1.4444282154598618,-1.4444282154598618,-1.4444282154598618,-1.4444282154598618,-1.4444282154598618,-1.4444282154598618,-1.4444282154598618,-1.4444282154598618,-1.4444282154598618,-1.4444282154598618,-1.4444282154598618,-1.4444282154598618,-1.4444282154598618
2007-10-17,-1.5671785961534526,-1.5671785961534526,-1.5671785961534526,-1.5671785961534526,-1.5671785961534526,-1.5671785961534526,-1.5671785961534526,-1.5671785961534526,-1.5671785961534526,-1.5671785961534526,-1.5671785961534526,-1.5671785961534526,-1.5671785961534526,-1.5671785961534526,-1.5671785961534526
2007-10-18,-1.6105946653174015,-1.6105946653174015,-1.6105946653174015,-1.6105946653174015,-1.6105946653174015,-1.6105946653174015,-1.6105946653174015,-1.6105946653174015,-1.6105946653174015,-1.6105946653174015,-1.6105946653174015,-1.6105946653174015,-1.6105946653174015,-1.6105946653174015,-1.6105946653174015
2007-10-19,-1.6063183574049145,-1.6063183574049145,-1.6063183574049145,-1.6063183574049145,-1.6063183574049145,-1.6063183574049145,-1.6063183574049145,-1.6063183574049145,-1.6063183574049145,-1.6063183574049145,-1.6063183574049145,-1.6063183574049145,-1.6063183574049145,-1.6063183574049145,-1.6063183574049145
2007-10-20,-1.6681614870566817,-1.6681614870566817,-1.6681614870566817,-1.6681614870566817,-1.6681614870566817,-1.6681614870566817,-1.6681614870566817,-1.6681614870566817,-1.6681614870566817,-1.6681614870566817,-1.6681614870566817,-1.6681614870566817,-1.6681614870566817,-1.6681614870566817,-1.6681614870566817
2007-10-21,-1.2828144262730674,-1.2828144262730674,-1.2828144262730674,-1.2828144262730674,-1.2828144262730674,-1.2828144262730674,-1.2828144262730674,-1.2828144262730674,-1.2828144262730674,-1.2828144262730674,-1.2828144262730674,-1.2828144262730674,-1.2828144262730674,-1.2828144262730674,-1.2828144262730674
2007-10-22,-0.7425729312162318,-0.7425729312162318,-0.7425729312162318,-0.7425729312162318,-0.7425729312162318,-0.7425729312162318,-0.7425729312162318,-0.7425729312162318,-0.7425729312162318,-0.7425729312162318,-0.7425729312162318,-0.7425729312162318,-0.7425729312162318,-0.7425729312162318,-0.7425729312162318
2007-10-23,-0.4187292920068997,-0.4187292920068997,-0.4187292920068997,-0.4187292920068997,-0.4187292920068997,-0.4187292920068997,-0.4187292920068997,-0.4187292920068997,-0.4187292920068997,-0.4187292920068997,-0.4187292920068997,-0.4187292920068997,-0.4187292920068997,-0.4187292920068997,-0.4187292920068997
2007-10-24,0.08514363305393606,0.08514363305393606,0.08514363305393606,0.08514363305393606,0.08514363305393606,0.08514363305393606,0.08514363305393606,0.08514363305393606,0.08514363305393606,0.08514363305393606,0.08514363305393606,0.08514363305393606,0.08514363305393606,0.08514363305393606,0.08514363305393606
2007-10-25,0.5076844899352424,0.5076844899352424,0.5076844899352424,0.5076844899352424,0.5076844899352424,0.5076844899352424,0.5076844899352424,0.5076844899352424,0.5076844899352424,0.5076844899352424,0.5076844899352424,0.5076844899352424,0.5076844899352424,0.5076844899352424,0.5076844899352424
2007-10-26,0.5651287405791173,0.5651287405791173,0.5651287405791173,0.5651287405791173,0.5651287405791173,0.5651287405791173,0.5651287405791173,0.5651287405791173,0.5651287405791173,0.5651287405791173,0.5651287405791173,0.5651287405791173,0.5651287405791173,0.5651287405791173,0.5651287405791173
2007-10-27,0.7072867107333566,0.7072867107333566,0.7072867107333566,0.7072867107333566,0.7072867107333566,0.7072867107333566,0.7072867107333566,0.7072867107333566,0.7072867107333566,0.7072867107333566,0.7072867107333566,0.7072867107333566,0.7072867107333566,0.7072867107333566,0.7072867107333566
2007-10-28,1.127036097093362,1.127036097093362,1.127036097093362,1.127036097093362,1.127036097093362,1.127036097093362,1.127036097093362,1.127036097093362,1.127036097093362,1.127036097093362,1.127036097093362,1.127036097093362,1.127036097093362,1.127036097093362,1.127036097093362
2007-10-29,1.2527869737039072,1.2527869737039072,1.2527869737039072,1.2527869737039072,1.2527869737039072,1.2527869737039072,1.2527869737039072,1.2527869737039072,1.2527869737039072,1.2527869737039072,1.2527869737039072,1.2527869737039072,1.2527869737039072,1.2527869737039072,1.2527869737039072
2007-10-30,0.8002545893029233,0.8002545893029233,0.8002545893029233,0.8002545893029233,0.8002545893029233,0.8002545893029233,0.8002545893029233,0.8002545893029233,0.8002545893029233,0.8002545893029233,0.8002545893029233,0.8002545893029233,0.8002545893029233,0.8002545893029233,0.8002545893029233
2007-10-31,0.7442545749150418,0.7442545749150418,0.7442545749150418,0.7442545749150418,0.7442545749150418,0.7442545749150418,0.7442545749150418,0.7442545749150418,0.7442545749150418,0.7442545749150418,0.7442545749150418,0.7442545749150418,0.7442545749150418,0.7442545749150418,0.7442545749150418
2007-11-01,0.8193585616278898,0.8193585616278898,0.8193585616278898,0.8193585616278898,0.8193585616278898,0.8193585616278898,0.8193585616278898,0.8193585616278898,0.8193585616278898,0.8193585616278898,0.8193585616278898,0.8193585616278898,0.8193585616278898,0.8193585616278898,0.8193585616278898
2007-11-02,0.8743790160789952,0.8743790160789952,0.8743790160789952,0.8743790160789952,0.8743790160789952,0.8743790160789952,0.8743790160789952,0.8743790160789952,0.8743790160789952,0.8743790160789952,0.8743790160789952,0.8743790160789952,0.8743790160789952,0.8743790160789952,0.8743790160789952
2007-11-03,0.7056403960025672,0.7056403960025672,0.7056403960025672,0.7056403960025672,0.7056403960025672,0.7056403960025672,0.7056403960025672,0.7056403960025672,0.7056403960025672,0.7056403960025672,0.7056403960025672,0.7056403960025672,0.7056403960025672,0.7056403960025672,0.7056403960025672
2007-11-04,0.3231602354678787,0.3231602354678787,0.3231602354678787,0.3231602354678787,0.3231602354678787,0.3231602354678787,0.3231602354678787,0.3231602354678787,0.3231602354678787,0.3231602354678787,0.3231602354678787,0.3231602354678787,0.3231602354678787,0.3231602354678787,0.3231602354678787
2007-11-05,0.5584942813733846,0.5584942813733846,0.5584942813733846,0.5584942813733846,0.5584942813733846,0.5584942813733846,0.5584942813733846,0.5584942813733846,0.5584942813733846,0.5584942813733846,0.5584942813733846,0.5584942813733846,0.5584942813733846,0.5584942813733846,0.5584942813733846
2007-11-06,0.6038824809333913,0.6038824809333913,0.6038824809333913,0.6038824809333913,0.6038824809333913,0.6038824809333913,0.6038824809333913,0.6038824809333913,0.6038824809333913,0.6038824809333913,0.6038824809333913,0.6038824809333913,0.6038824809333913,0.6038824809333913,0.6038824809333913
2007-11-07,0.6562206981891496,0.6562206981891496,0.6562206981891496,0.6562206981891496,0.6562206981891496,0.6562206981891496,0.6562206981891496,0.6562206981891496,0.6562206981891496,0.6562206981891496,0.6562206981891496,0.6562206981891496,0.6562206981891496,0.6562206981891496,0.6562206981891496
2007-11-08,0.310980482241481,0.310980482241481,0.310980482241481,0.310980482241481,0.310980482241481,0.310980482241481,0.310980482241481,0.310980482241481,0.310980482241481,0.310980482241481,0.310980482241481,0.310980482241481,0.310980482241481,0.310980482241481,0.310980482241481
2007-11-09,-0.0025480858473203544,-0.0025480858473203544,-0.0025480858473203544,-0.0025480858473203544,-0.0025480858473203544,-0.0025480858473203544,-0.0025480858473203544,-0.0025480858473203544,-0.0025480858473203544,-0.0025480858473203544,-0.0025480858473203544,-0.0025480858473203544,-0.0025480858473203544,-0.0025480858473203544,-0.0025480858473203544
2007-11-10,0.009627680116277394,0.009627680116277394,0.009627680116277394,0.009627680116277394,0.009627680116277394,0.009627680116277394,0.009627680116277394,0.009627680116277394,0.009627680116277394,0.009627680116277394,0.009627680116277394,0.009627680116277394,0.009627680116277394,0.009627680116277394,0.009627680116277394
2007-11-11,0.23388203133971938,0.23388203133971938,0.23388203133971938,0.23388203133971938,0.23388203133971938,0.23388203133971938,0.23388203133971938,0.23388203133971938,0.23388203133971938,0.23388203133971938,0.23388203133971938,0.23388203133971938,0.23388203133971938,0.23388203133971938,0.23388203133971938
2007-11-12,0.409562047865715,0.409562047865715,0.409562047865715,0.409562047865715,0.409562047865715,0.409562047865715,0.409562047865715,0.409562047865715,0.409562047865715,0.409562047865715,0.409562047865715,0.409562047865715,0.409562047865715,0.409562047865715,0.409562047865715
2007-11-13,0.7878539698724711,0.7878539698724711,0.7878539698724711,0.7878539698724711,0.7878539698724711,0.7878539698724711,0.7878539698724711,0.7878539698724711,0.7878539698724711,0.7878539698724711,0.7878539698724711,0.7878539698724711,0.7878539698724711,0.7878539698724711,0.7878539698724711
2007-11-14,1.1759718869337128,1.1759718869337128,1.1759718869337128,1.1759718869337128,1.1759718869337128,1.1759718869337128,1.1759718869337128,1.1759718869337128,1.1759718869337128,1.1759718869337128,1.1759718869337128,1.1759718869337128,1.1759718869337128,1.1759718869337128,1.1759718869337128
2007-11-15,1.2671264497910892,1.2671264497910892,1.2671264497910892,1.2671264497910892,1.2671264497910892,1.2671264497910892,1.2671264497910892,1.2671264497910892,1.2671264497910892,1.2671264497910892,1.2671264497910892,1.2671264497910892,1.2671264497910892,1.2671264497910892,1.2671264497910892
2007-11-16,1.3087466382879478,1.3087466382879478,1.3087466382879478,1.3087466382879478,1.3087466382879478,1.3087466382879478,1.3087466382879478,1.3087466382879478,1.3087466382879478,1.3087466382879478,1.3087466382879478,1.3087466382879478,1.3087466382879478,1.3087466382879478,1.3087466382879478
2007-11-17,1.4518999933622205,1.4518999933622205,1.4518999933622205,1.4518999933622205,1.4518999933622205,1.4518999933622205,1.4518999933622205,1.4518999933622205,1.4518999933622205,1.4518999933622205,1.4518999933622205,1.4518999933622205,1.4518999933622205,1.4518999933622205,1.4518999933622205
2007-11-18,1.44921363402987,1.44921363402987,1.44921363402987,1.44921363402987,1.44921363402987,1.44921363402987,1.44921363402987,1.44921363402987,1.44921363402987,1.44921363402987,1.44921363402987,1.44921363402987,1.44921363402987,1.44921363402987,1.44921363402987
2007-11-19,1.1268440937967026,1.1268440937967026,1.1268440937967026,1.1268440937967026,1.1268440937967026,1.1268440937967026,1.1268440937967026,1.1268440937967026,1.1268440937967026,1.1268440937967026,1.1268440937967026,1.1268440937967026,1.1268440937967026,1.1268440937967026,1.1268440937967026
2007-11-20,0.7015201088516688,0.7015201088516688,0.7015201088516688,0.7015201088516688,0.7015201088516688,0.7015201088516688,0.7015201088516688,0.7015201088516688,0.7015201088516688,0.7015201088516688,0.7015201088516688,0.7015201088516688,0.7015201088516688,0.7015201088516688,0.7015201088516688
2007-11-21,0.40464353222901905,0.40464353222901905,0.40464353222901905,0.40464353222901905,0.40464353222901905,0.40464353222901905,0.40464353222901905,0.40464353222901905,0.40464353222901905,0.40464353222901905,0.40464353222901905,0.40464353222901905,0.40464353222901905,0.40464353222901905,0.40464353222901905
2007-11-22,0.48748197921293207,0.48748197921293207,0.48748197921293207,0.48748197921293207,0.48748197921293207,0.48748197921293207,0.48748197921293207,0.48748197921293207,0.48748197921293207,0.48748197921293207,0.48748197921293207,0.48748197921293207,0.48748197921293207,0.48748197921293207,0.48748197921293207
2007-11-23,0.7562193225968107,0.7562193225968107,0.7562193225968107,0.7562193225968107,0.7562193225968107,0.7562193225968107,0.7562193225968107,0.7562193225968107,0.7562193225968107,0.7562193225968107,0.7562193225968107,0.7562193225968107,0.7562193225968107,0.7562193225968107,0.7562193225968107
2007-11-24,0.9121132296108893,0.9121132296108893,0.9121132296108893,0.9121132296108893,0.9121132296108893,0.9121132296108893,0.9121132296108893,0.9121132296108893,0.9121132296108893,0.9121132296108893,0.9121132296108893,0.9121132296108893,0.9121132296108893,0.9121132296108893,0.9121132296108893
2007-11-25,0.4237669086728402,0.4237669086728402,0.4237669086728402,0.4237669086728402,0.4237669086728402,0.4237669086728402,0.4237669086728402,0.4237669086728402,0.4237669086728402,0.4237669086728402,0.4237669086728402,0.4237669086728402,0.4237669086728402,0.4237669086728402,0.4237669086728402
2007-11-26,0.14834584398315398,0.14834584398315398,0.14834584398315398,0.14834584398315398,0.14834584398315398,0.14834584398315398,0.14834584398315398,0.14834584398315398,0.14834584398315398,0.14834584398315398,0.14834584398315398,0.14834584398315398,0.14834584398315398,0.14834584398315398,0.14834584398315398
2007-11-27,-0.149090901097465,-0.149090901097465,-0.149090901097465,-0.149090901097465,-0.149090901097465,-0.149090901097465,-0.149090901097465,-0.149090901097465,-0.149090901097465,-0.149090901097465,-0.149090901097465,-0.149090901097465,-0.149090901097465,-0.149090901097465,-0.149090901097465
2007-11-28,-0.7258290806268363,-0.7258290806268363,-0.7258290806268363,-0.7258290806268363,-0.7258290806268363,-0.7258290806268363,-0.7258290806268363,-0.7258290806268363,-0.7258290806268363,-0.7258290806268363,-0.7258290806268363,-0.7258290806268363,-0.7258290806268363,-0.7258290806268363,-0.7258290806268363
2007-11-29,-1.5136001483512964,-1.5136001483512964,-1.5136001483512964,-1.5136001483512964,-1.5136001483512964,-1.5136001483512964,-1.5136001483512964,-1.5136001483512964,-1.5136001483512964,-1.5136001483512964,-1.5136001483512964,-1.5136001483512964,-1.5136001483512964,-1.5136001483512964,-1.5136001483512964
2007-11-30,-2.382767129322657,-2.382767129322657,-2.382767129322657,-2.382767129322657,-2.382767129322657,-2.382767129322657,-2.382767129322657,-2.382767129322657,-2.382767129322657,-2.382767129322657,-2.382767129322657,-2.382767129322657,-2.382767129322657,-2.382767129322657,-2.382767129322657
2007-12-01,-2.743071900258478,-2.743071900258478,-2.743071900258478,-2.743071900258478,-2.743071900258478,-2.743071900258478,-2.743071900258478,-2.743071900258478,-2.743071900258478,-2.743071900258478,-2.743071900258478,-2.743071900258478,-2.743071900258478,-2.743071900258478,-2.743071900258478
2007-12-02,-2.6010212876742114,-2.6010212876742114,-2.6010212876742114,-2.6010212876742114,-2.6010212876742114,-2.6010212876742114,-2.6010212876742114,-2.6010212876742114,-2.6010212876742114,-2.6010212876742114,-2.6010212876742114,-2.6010212876742114,-2.6010212876742114,-2.6010212876742114,-2.6010212876742114
2007-12-03,-2.747398967965029,-2.747398967965029,-2.747398967965029,-2.747398967965029,-2.747398967965029,-2.747398967965029,-2.747398967965029,-2.747398967965029,-2.747398967965029,-2.747398967965029,-2.747398967965029,-2.747398967965029,-2.747398967965029,-2.747398967965029,-2.747398967965029
2007-12-04,-2.69794655842894,-2.69794655842894,-2.69794655842894,-2.69794655842894,-2.69794655842894,-2.69794655842894,-2.69794655842894,-2.69794655842894,-2.69794655842894,-2.69794655842894,-2.69794655842894,-2.69794655842894,-2.69794655842894,-2.69794655842894,-2.69794655842894
2007-12-05,-2.5261277853926547,-2.5261277853926547,-2.5261277853926547,-2.5261277853926547,-2.5261277853926547,-2.5261277853926547,-2.5261277853926547,-2.5261277853926547,-2.5261277853926547,-2.5261277853926547,-2.5261277853926547,-2.5261277853926547,-2.5261277853926547,-2.5261277853926547,-2.5261277853926547
2007-12-06,-2.453891835610281,-2.453891835610281,-2.453891835610281,-2.453891835610281,-2.453891835610281,-2.453891835610281,-2.453891835610281,-2.453891835610281,-2.453891835610281,-2.453891835610281,-2.453891835610281,-2.453891835610281,-2.453891835610281,-2.453891835610281,-2.453891835610281
2007-12-07,-1.8043562360519392,-1.8043562360519392,-1.8043562360519392,-1.8043562360519392,-1.8043562360519392,-1.8043562360519392,-1.8043562360519392,-1.8043562360519392,-1.8043562360519392,-1.8043562360519392,-1.8043562360519392,-1.8043562360519392,-1.8043562360519392,-1.8043562360519392,-1.8043562360519392
2007-12-08,-1.016284425728684,-1.016284425728684,-1.016284425728684,-1.016284425728684,-1.016284425728684,-1.016284425728684,-1.016284425728684,-1.016284425728684,-1.016284425728684,-1.016284425728684,-1.016284425728684,-1.016284425728684,-1.016284425728684,-1.016284425728684,-1.016284425728684
2007-12-09,-0.5543933211716323,-0.5543933211716323,-0.5543933211716323,-0.5543933211716323,-0.5543933211716323,-0.5543933211716323,-0.5543933211716323,-0.5543933211716323,-0.5543933211716323,-0.5543933211716323,-0.5543933211716323,-0.5543933211716323,-0.5543933211716323,-0.5543933211716323,-0.5543933211716323
2007-12-10,-0.5020291965597645,-0.5020291965597645,-0.5020291965597645,-0.5020291965597645,-0.5020291965597645,-0.5020291965597645,-0.5020291965597645,-0.5020291965597645,-0.5020291965597645,-0.5020291965597645,-0.5020291965597645,-0.5020291965597645,-0.5020291965597645,-0.5020291965597645,-0.5020291965597645
2007-12-11,-0.20652514486082282,-0.20652514486082282,-0.20652514486082282,-0.20652514486082282,-0.20652514486082282,-0.20652514486082282,-0.20652514486082282,-0.20652514486082282,-0.20652514486082282,-0.20652514486082282,-0.20652514486082282,-0.20652514486082282,-0.20652514486082282,-0.20652514486082282,-0.20652514486082282
2007-12-12,-0.08535323801709864,-0.08535323801709864,-0.08535323801709864,-0.08535323801709864,-0.08535323801709864,-0.08535323801709864,-0.08535323801709864,-0.08535323801709864,-0.08535323801709864,-0.08535323801709864,-0.08535323801709864,-0.08535323801709864,-0.08535323801709864,-0.08535323801709864,-0.08535323801709864
2007-12-13,0.0990146300870744,0.0990146300870744,0.0990146300870744,0.0990146300870744,0.0990146300870744,0.0990146300870744,0.0990146300870744,0.0990146300870744,0.0990146300870744,0.0990146300870744,0.0990146300870744,0.0990146300870744,0.0990146300870744,0.0990146300870744,0.0990146300870744
2007-12-14,-0.02595612125268985,-0.02595612125268985,-0.02595612125268985,-0.02595612125268985,-0.02595612125268985,-0.02595612125268985,-0.02595612125268985,-0.02595612125268985,-0.02595612125268985,-0.02595612125268985,-0.02595612125268985,-0.02595612125268985,-0.02595612125268985,-0.02595612125268985,-0.02595612125268985
2007-12-15,-0.21355870869580354,-0.21355870869580354,-0.21355870869580354,-0.21355870869580354,-0.21355870869580354,-0.21355870869580354,-0.21355870869580354,-0.21355870869580354,-0.21355870869580354,-0.21355870869580354,-0.21355870869580354,-0.21355870869580354,-0.21355870869580354,-0.21355870869580354,-0.21355870869580354
2007-12-16,-0.3134619147693533,-0.3134619147693533,-0.3134619147693533,-0.3134619147693533,-0.3134619147693533,-0.3134619147693533,-0.3134619147693533,-0.3134619147693533,-0.3134619147693533,-0.3134619147693533,-0.3134619147693533,-0.3134619147693533,-0.3134619147693533,-0.3134619147693533,-0.3134619147693533
2007-12-17,-0.21001357982405647,-0.21001357982405647,-0.21001357982405647,-0.21001357982405647,-0.21001357982405647,-0.21001357982405647,-0.21001357982405647,-0.21001357982405647,-0.21001357982405647,-0.21001357982405647,-0.21001357982405647,-0.21001357982405647,-0.21001357982405647,-0.21001357982405647,-0.21001357982405647
2007-12-18,0.2750250550081248,0.2750250550081248,0.2750250550081248,0.2750250550081248,0.2750250550081248,0.2750250550081248,0.2750250550081248,0.2750250550081248,0.2750250550081248,0.2750250550081248,0.2750250550081248,0.2750250550081248,0.2750250550081248,0.2750250550081248,0.2750250550081248
2007-12-19,0.7868451944887374,0.7868451944887374,0.7868451944887374,0.7868451944887374,0.7868451944887374,0.7868451944887374,0.7868451944887374,0.7868451944887374,0.7868451944887374,0.7868451944887374,0.7868451944887374,0.7868451944887374,0.7868451944887374,0.7868451944887374,0.7868451944887374
2007-12-20,0.8143523074774526,0.8143523074774526,0.8143523074774526,0.8143523074774526,0.8143523074774526,0.8143523074774526,0.8143523074774526,0.8143523074774526,0.8143523074774526,0.8143523074774526,0.8143523074774526,0.8143523074774526,0.8143523074774526,0.8143523074774526,0.8143523074774526
2007-12-21,1.113927571792353,1.113927571792353,1.113927571792353,1.113927571792353,1.113927571792353,1.113927571792353,1.113927571792353,1.113927571792353,1.113927571792353,1.113927571792353,1.113927571792353,1.113927571792353,1.113927571792353,1.113927571792353,1.113927571792353
2007-12-22,1.500415434337294,1.500415434337294,1.500415434337294,1.500415434337294,1.500415434337294,1.500415434337294,1.500415434337294,1.500415434337294,1.500415434337294,1.500415434337294,1.500415434337294,1.500415434337294,1.500415434337294,1.500415434337294,1.500415434337294
2007-12-23,1.579529420810074,1.579529420810074,1.579529420810074,1.579529420810074,1.579529420810074,1.579529420810074,1.579529420810074,1.579529420810074,1.579529420810074,1.579529420810074,1.579529420810074,1.579529420810074,1.579529420810074,1.579529420810074,1.579529420810074
2007-12-24,1.9566500321299414,1.9566500321299414,1.9566500321299414,1.9566500321299414,1.9566500321299414,1.9566500321299414,1.9566500321299414,1.9566500321299414,1.9566500321299414,1.9566500321299414,1.9566500321299414,1.9566500321299414,1.9566500321299414,1.9566500321299414,1.9566500321299414
2007-12-25,1.551433943824443,1.551433943824443,1.551433943824443,1.551433943824443,1.551433943824443,1.551433943824443,1.551433943824443,1.551433943824443,1.551433943824443,1.551433943824443,1.551433943824443,1.551433943824443,1.551433943824443,1.551433943824443,1.551433943824443
2007-12-26,1.184372826845332,1.184372826845332,1.184372826845332,1.184372826845332,1.184372826845332,1.184372826845332,1.184372826845332,1.184372826845332,1.184372826845332,1.184372826845332,1.184372826845332,1.184372826845332,1.184372826845332,1.184372826845332,1.184372826845332
2007-12-27,1.0395166745862885,1.0395166745862885,1.0395166745862885,1.0395166745862885,1.0395166745862885,1.0395166745862885,1.0395166745862885,1.0395166745862885,1.0395166745862885,1.0395166745862885,1.0395166745862885,1.0395166745862885,1.0395166745862885,1.0395166745862885,1.0395166745862885
2007-12-28,1.1741681247048101,1.1741681247048101,1.1741681247048101,1.1741681247048101,1.1741681247048101,1.1741681247048101,1.1741681247048101,1.1741681247048101,1.1741681247048101,1.1741681247048101,1.1741681247048101,1.1741681247048101,1.1741681247048101,1.1741681247048101,1.1741681247048101
2007-12-29,1.4530769533732244,1.4530769533732244,1.4530769533732244,1.4530769533732244,1.4530769533732244,1.4530769533732244,1.4530769533732244,1.4530769533732244,1.4530769533732244,1.4530769533732244,1.4530769533732244,1.4530769533732244,1.4530769533732244,1.4530769533732244,1.4530769533732244
2007-12-30,1.2131441999328072,1.2131441999328072,1.2131441999328072,1.2131441999328072,1.2131441999328072,1.2131441999328072,1.2131441999328072,1.2131441999328072,1.2131441999328072,1.2131441999328072,1.2131441999328072,1.2131441999328072,1.2131441999328072,1.2131441999328072,1.2131441999328072
2007-12-31,1.0954293890585958,1.0954293890585958,1.0954293890585958,1.0954293890585958,1.0954293890585958,1.0954293890585958,1.0954293890585958,1.0954293890585958,1.0954293890585958,1.0954293890585958,1.0954293890585958,1.0954293890585958,1.0954293890585958,1.0954293890585958,1.0954293890585958
2008-01-01,1.1533886862218479,1.2113305137962107,1.1685945743461859,1.1743052237475302,1.2412560392267682,1.2144364774772811,1.1738633458182854,1.1582725428181366,1.2389720089935654,1.1941531486968464,1.1767771662562068,1.1183168761839755,1.223128683918888,1.2476719889683028,1.161673224202576
2008-01-02,0.9547121138215379,0.9168292765954316,0.8298724169277684,0.931472329817212,1.0146580227366908,0.9395976297478962,0.7952020663842585,0.9102704197098515,0.9424708930282851,1.0185153572445769,0.8753534890217552,1.0828355770093294,0.9122930168390873,1.0011163752459777,0.8656534535684796
2008-01-03,1.2554980793434782,1.1267145828015153,1.3806715269130536,1.3403337839805394,1.61530919078122,1.4154706305832154,1.0744097091523435,1.2824252494860529,1.3258615780244802,1.3375875570927054,1.4107199920893947,1.5546745482227262,1.2501498362426258,1.452670184998961,1.0730386209785485
2008-01-04,1.0390235561071832,0.8264192451087192,1.3590927614951331,0.9506989721399305,1.6375897619786166,1.3715658164925306,0.9254544779207055,1.0619217612439589,0.9367032096515566,1.2138853957985647,1.297712475396243,1.4443465055704174,1.148207300683051,1.4067200371079254,0.8069598559464433
2008-01-05,0.8576380700993508,0.6875546713802452,1.3041176354890693,0.5118300459683439,1.540985273719392,1.4668713341805848,0.7870506654570087,0.8754826024554307,0.8012374149268061,1.0766523575945253,1.1144438067521871,1.232990750512684,1.1015761760808764,1.2600794534148376,0.3852108188916621
2008-01-06,0.6536122145807965,0.5440545280265652,0.9739589237785777,0.06219070810590508,1.1000702698578035,1.2404452999059108,0.843060599943521,1.0033475149829292,0.6734227735071554,0.8203230944602402,0.9738992503668029,1.0246484447060524,1.1302853771613215,1.0463120533111063,-0.11850320475692182
2008-01-07,0.41548606603434407,0.5399820685556781,0.6610674022939586,0.05823769633264529,0.8579866649874233,0.9385743839810805,0.6384772737057253,0.8608236631114325,0.6709687219405503,0.5702848765495947,0.673796973805892,0.8892724476880686,0.7286814298099965,0.7225504987153946,-0.22687210503806854
2008-01-08,0.17550088531282998,0.6265552562162489,0.11103794812958233,-0.009841307196662832,0.5819465070359631,0.5917625791294153,0.4197291724629627,0.9560766224281398,0.5106200989995283,0.17489628507983895,0.40873341282089654,0.8471830996729802,0.2538908346737344,0.32161600559786246,-0.6169695284559078
2008-01-09,-0.319916592043526,0.30968531402700156,-0.15249811000603128,-0.09516516098663293,0.31091510759115604,-0.014347601566173545,-0.06750554240450655,0.8310043906491277,0.23725053171500413,0.07927890538215758,0.18630170583739605,0.6771296024493654,-0.3481334508520048,-0.020951914272022653,-0.6376331050923786
2008-01-10,-0.5295273521175389,0.24437788721954493,-0.45127861705741595,-0.20330701374184482,-0.0006638561493991341,-0.21334967468802948,-0.6507639028947477,0.7644198346113786,-0.14989547937805667,0.037414232083418555,0.0066749429913220085,0.32327780034675535,-0.8786909234335527,-0.10000800612023873,-0.8834116700251599
2008-01-11,-0.37917302738964687,0.5779655507326306,-0.5864474177148198,-0.272065314049541,-0.3225855324040805,-0.11979742610931257,-0.8314327498032311,0.8465694600078194,-0.2743801227536096,0.1188407500467442,-0.10367659448477509,0.2535580790755285,-1.062725970002794,-0.03196455346569371,-0.8885919921045944
2008-01-12,-0.09752183162070722,0.6877540233974161,-0.4141972692757687,0.012905492624022628,-0.3580520945714862,-0.0001420153393944764,-0.6269850093445447,0.8448428273770103,-0.2008219905695158,0.34920667606373945,0.14447189769106467,0.2414479859766999,-1.0605448232930348,0.6564808335215405,-0.7689392718141751
2008-01-13,0.13509747863925925,0.7248946028434415,-0.6504489006144366,-0.1402193493484527,0.05860795437969468,0.06899600881846281,-0.5671847284111278,0.6816711684247997,0.1557324854466648,0.6307189929955512,0.44554760655011466,0.6072606896168949,-1.19295075712863,1.0765248598599564,-0.34549588737796677
2008-01-14,0.2147754503418201,0.4886263653369974,-0.6323036234808836,-0.4570364048283897,0.3924379767765547,0.1871355858466289,-0.6584893660809589,0.5360254025597505,0.5472753816910362,0.7651199966109752,0.2531798355072649,0.8014987555295517,-1.284663289384061,0.9558408819169439,-0.07014908951042349
2008-01-15,0.23639013776268838,0.2742726518476509,-0.9382106823591686,-0.5017010262406244,0.7052477157106753,0.1137747091840944,-0.29259410223491805,0.10403978067883468,0.47828349083005817,0.5407901203666302,-0.07454163627157141,0.5630641690104574,-1.4607084788898699,0.40941450885699276,-0.3639140285505486
2008-01-16,0.3420418242100385,0.34238182365342046,-0.6458056749901627,-0.3795512853932247,0.4639335542753263,0.15783296048440967,0.31937063387985687,0.03578094673863291,0.38668798999327697,0.27755166256861064,-0.14438683396918336,0.623470461791363,-1.08750748081677,0.15922876259195676,-0.23648995670062412
2008-01-17,0.12731139270703967,0.06591087910793404,-0.06949701965395898,-0.4860795919039612,0.2775674702493671,-0.01848658854816274,0.4815112597087067,-0.04609665897975167,0.5663425102035528,0.2610934624984345,-0.1230774361478708,0.7466910578179428,-0.8317584290173565,-0.012787765276448303,-0.13637859683738107
2008-01-18,-0.4472322816148355,-0.07738310439527789,0.19009503864204533,-1.0485751178642242,-0.16294912186811283,-0.7830494200191678,0.47739388582252495,-0.3699429405866941,0.8257142860248092,0.34857614183738483,-0.2041864741363376,0.1896450451777537,-0.7884630046182333,-0.44955848416904676,-0.21005997190540623
2008-01-19,-1.3102008756483992,-0.03225829024191263,0.223381278774566,-1.3928879662640734,-0.8544601559286251,-1.0926538858424344,0.2132556114153704,-0.39269070445829973,0.23548952715956298,0.4188021090357634,-0.5389725060645671,-0.5945830012729292,-0.9993405125508762,-0.8141531645505307,-0.24596712692395967
2008-01-20,-1.7280775981928849,-0.05689779862831579,0.006202015106110291,-1.1783765428314945,-1.2507868648077123,-1.4279595359848423,-0.19504529153752562,-0.4583890092570962,-0.3498252333626721,0.32142087746376097,-0.7032687645439716,-1.2397661217244764,-1.292083777155414,-0.9821390552071125,-0.46449361817528545
2008-01-21,-1.654147765245577,-0.08207810375332161,-0.31695707387583083,-0.9361917911427353,-1.1719806576714897,-1.715551020597779,-0.46945955564312947,-0.20784351138231927,-0.5582435466781506,0.21300272633525388,-0.9094899224871091,-1.8775141966301254,-1.353491173940748,-0.9277412264486367,-0.5313925257880174
2008-01-22,-1.7311506387456805,0.1669932640132707,-0.38780692984077453,-1.000796971491845,-0.6912941072428767,-2.0413608619902126,-0.5971547821268395,-0.07341478876479175,-0.9627500770721056,-0.2754038173297109,-0.714866022661722,-1.8977790224028923,-1.4744556251748673,-0.784712574557673,-0.7569474266466754
2008-01-23,-2.0279252001451216,0.3246593944351978,-0.20060345573561708,-0.8499478594007626,-0.20757242689602506,-2.1687745253296855,-0.6682280115037229,-0.13092568420580164,-1.6477282739355452,-0.529643202519179,-0.24649949856773098,-1.777420851046536,-1.6078715721450205,-0.9637022954734825,-0.5397526798272804
2008-01-24,-1.9216801125956533,0.4964988386138315,-0.30335526994164697,-0.8661145376133449,0.16999564102677636,-2.054844300642663,-0.6255861745273062,-0.2131181359017586,-1.959103670717155,-0.43992660740895406,0.12965243308310181,-1.6826420444024723,-1.3035908168451111,-1.7228201414635904,-0.2125769466219471
2008-01-25,-1.570836919780024,0.7785660186867635,-0.4587621410583586,-1.0328610299261285,0.24645098569701032,-1.9204454268758162,-0.39842225293562794,-0.30734128780443715,-2.2719124144612834,-0.43578437773504175,0.3842931428971851,-1.5565433903791135,-0.9780237178911146,-2.178280556780063,0.19587344544991106
2008-01-26,-1.3163920897937025,0.5975441188263763,-0.6828758508195607,-1.1762689521228695,0.31653716538601784,-1.9406858568115817,0.08467162367931894,-0.5451498981129911,-2.5271976313811724,-0.6051284102300882,0.15553016370290665,-1.684900283649033,-0.8809270851978654,-2.460735869943601,0.3133204933187773
2008-01-27,-1.0204605217358411,0.19140602860232833,-0.8007084658015907,-1.1388577538080855,0.23605674072920338,-2.113951872255289,0.3369725579494814,-0.24813495119008996,-2.6201929399974224,-0.5897094423333789,0.15266307104115634,-1.3327564153117486,-0.9343415649829011,-2.3450844398800714,0.2556047626754041
2008-01-28,-0.7924233144030511,-0.19012599393238885,-0.5117396861169865,-1.0081946209925297,0.21244956208606106,-1.9337942394225254,0.6186484446668561,-0.13864731578649095,-2.316230756082398,-0.4667866847305835,0.35035809477486685,-1.1433593847177168,-0.8083560393067037,-1.8475412149720938,0.17077205954412625
2008-01-29,-0.6315814406773201,-0.17978477583806496,-0.45734401516126766,-1.1420847793757758,-0.12198821943479833,-1.7184252558727926,0.5886893083762428,0.036148443936190135,-1.9094864286173765,-0.5797036503696928,0.5611637049914437,-0.7891275505707275,-0.4786228245628818,-1.5327136855171275,0.2715805991384835
2008-01-30,-0.36791448229698964,-0.21063499701715616,-0.5330034243912711,-0.8885826090767471,0.03582591031320713,-2.0677173191490796,0.48450740918754653,0.03182801645370002,-1.7751170979576922,-0.6399809062270395,1.019356312093749,-0.5983921483991093,-0.2948824928773526,-1.4024119481315231,0.31075714058430903
2008-01-31,0.24032981819944707,-0.4718617247360851,-0.5799166721911971,-0.844527858923539,0.07820182047145972,-1.9104731160135133,0.1972820287370882,-0.17933980278431683,-1.4193301783970682,-0.6633601591673202,0.8618371121497982,-0.2816052310690076,-0.19447457498746848,-1.2412443088297327,0.28786440418689274
2008-02-01,0.5536540038175434,-0.5477728367216921,-0.7175993786560506,-0.7721205447643704,-0.07885575160164662,-1.6664532291687615,-0.16274761929790857,-0.2128107107944378,-1.291852269496987,-0.43657405185106396,0.8827168016111832,0.04347533910140046,-0.0792160080115226,-0.7843195844194422,0.8607165060230897
2008-02-02,0.9164317012858078,-0.6611081483534288,-0.7757655201401625,-0.5984008398751526,0.371770206746831,-1.3716047919484387,-0.1876854325950768,-0.1748099771622852,-1.1220510551599063,-0.4827235428414454,0.8168861688236168,0.2134552867878951,0.11759709907518008,-0.4898308930481426,1.1597584244540209
2008-02-03,1.1479991876499696,-0.6614797845529403,-1.1978008567407241,-0.24032015775753482,0.5891469987718758,-1.1342153958651588,0.19612171552033036,0.009801977820262122,-0.9465583831820004,-0.291310796695572,0.7496736945414916,0.5289423251887787,0.30973158349304936,-0.49758677587139755,1.0994792950624925
2008-02-04,1.1688484053386847,-0.31615933707637395,-1.2929982164108618,-0.1643413653876885,0.37657719001156614,-0.7842185075895365,0.38047983291115645,0.24723858263490509,-0.7647841986656382,-0.0896845590219096,0.43585624721586674,0.6337821350972082,0.6591733922123764,-0.40975546998032464,0.7797787424020957
2008-02-05,1.1121296774425122,-0.06671597155383589,-1.2900717280605922,-0.456908823205168,0.20086523260695607,-0.46120770626240803,0.040762847160537144,0.5978435606780093,-0.26572971455232297,0.05479351268510779,0.2748246902471785,0.6304851049857286,0.6744720567703306,0.13985253522145993,0.9598535342199657
2008-02-06,0.8653188823672078,-0.28958078763340145,-1.0325097922752688,-0.8704697658157923,0.05455322982750651,-0.13913752500355414,-0.35737842719373186,0.7253996669412328,0.10338255263211274,-0.13791159187448876,0.3002862947021905,0.3576906196904602,0.7386621868357397,0.6392220310409599,1.5082750154122917
2008-02-07,0.06846750187664713,-0.5478293986120497,-1.1609409933377546,-0.8083063883371647,-0.00730252549007722,0.3845164038545102,-0.4832419971945966,0.7347848902633213,-0.041643199719442935,-0.4372508464751264,0.25162263077920904,0.20573719572252258,0.6923742463188403,1.224949696906192,1.6847038916785135
2008-02-08,-0.5535011680311301,-0.5068472266741405,-1.6299672110834282,-0.6726361121509865,-0.29391890188688746,0.6926182969375217,-0.3582670742434527,0.6765717800669246,0.03437838684426748,-1.0019743056459756,0.17966646413103624,-0.07886504769591456,0.5586218046818199,1.684960715938088,1.9286494398289153
2008-02-09,-0.7738768872723939,-0.4406579671819244,-1.6436610623979673,-0.7734774679233224,-0.058213636013803194,1.249771664813529,-0.23508649794152653,0.369614393799779,-0.0186248597740452,-0.8653542947290794,0.036145652969613876,-0.42611080571876264,0.2644975715667853,1.5765485691655303,1.8466052224288898
2008-02-10,-0.8310172520243039,-0.48100979221934903,-1.2618882830199682,-1.0877828680576667,-0.02450801691079888,1.4886702369767286,-0.2157864899914145,0.004818076059229285,-0.009642187779479044,-1.0761390748697337,0.10629723315806469,-0.721960318823372,0.0329332771470665,1.8732338002237983,1.6431611987815078
2008-02-11,-0.9995140097299255,-0.7098242268147297,-1.21070166550764,-0.7534446917448903,-0.24194548631692842,1.531245810443787,-0.35142626121787945,-0.2009426611359557,-0.5142059613492872,-1.1509582652233217,-0.2665551389757661,-0.6065056847651639,-0.052009265242015455,2.0728772789702914,0.8894264617503875
2008-02-12,-1.2185724658205934,-0.8085285823331912,-1.1011436447539575,-0.4474150549528726,-0.026042350539235114,1.4727437051502625,-0.3496500605697439,-0.20236639775703877,-0.7230616915967202,-1.3833311819250673,-0.5923458543870034,-0.35359853472794506,0.1104463779027026,1.8011747842221728,0.04145151199918302
2008-02-13,-1.4428578070454992,-1.1148604295344946,-0.9470486048548833,-0.40101020693822653,0.511111704580838,1.3984932419032237,-0.25328701353712013,-0.13776819262022197,-0.7375478400617089,-1.482734803780879,-0.6573407295772772,-0.13635508642777086,0.16704199427950497,1.5992901284670842,-0.5125383290335221
2008-02-14,-1.5468624373563205,-1.5779915108633107,-0.4358737867130575,-0.46941455413088173,0.6037853818483427,1.0850779679656037,-0.06845107655140444,-0.21530921178905885,-0.7717899881313706,-1.3324463529960584,-0.6490548144095645,-0.05522254715515706,0.2758693344524078,1.459689304208044,-0.37371927890279905
2008-02-15,-1.4649826244067794,-1.8336674297633346,-0.28108547976824166,-0.38686891667524914,0.4904989842630849,0.97796622221885,0.23622312283016797,-0.011796082970952073,-0.7923607830951215,-1.5731646046135745,-0.5466250536408207,-0.4072354281889493,0.06463143657103923,1.4738880068853872,-0.4140529538882659
2008-02-16,-1.3985235404680723,-2.2882000571395857,-0.07609268165579486,-0.09567231211348858,0.2508928328435084,1.008947169831348,0.6487805232633242,-0.03786864662958328,-0.27310876870750356,-1.7418384034697625,-0.38966128569090397,-0.5099681646714948,-0.1701457637486615,1.275168907977234,-0.45359534621122627
2008-02-17,-1.358276001047152,-2.514603345303608,-0.21139982112502595,-0.09419598363739312,0.5818315210702265,0.7955646264035089,0.7699772538634154,-0.1253646803000602,0.3034976332394599,-1.4645064895649578,-0.5507956380778077,-0.6085569981611657,-0.2526902597672854,0.7927827513636027,-0.24613799903581535
2008-02-18,-1.2943503393833946,-2.6541542780306644,0.23144626050165965,-0.19697989312783307,0.764921739642731,0.010658607685933151,0.976912494547422,-0.190574616574798,0.6175614585215509,-1.3997134179984339,-0.405817867825679,-0.37121716399013494,-0.305648491656795,0.46562950643964873,-0.48779683289702935
2008-02-19,-1.2220434313601578,-2.6118804147309547,0.08574082650912769,-0.2307130068510596,0.898835553209302,-0.36134678865225195,0.7593937164446901,-0.3642824838763575,0.9222691589813834,-1.2283684131456127,-0.13455072850454147,-0.24734257342707844,-0.8086904967153548,0.09384998675170858,-0.6467835198468864
2008-02-20,-1.045103320566725,-2.4525277235454728,-0.16033041603457224,-0.32697374750385805,1.0000717668564714,-0.36263807518399094,0.3954852875212931,-0.5131449652594353,1.211546748069594,-1.1243924141464838,0.25694314245693467,0.26176543508977357,-1.19255641601436,-0.4029965808233561,-0.5290883394936003
2008-02-21,-1.2391853885531336,-2.1839821384289873,-0.24347171742821083,-0.26798267272713855,1.1759635558381383,-0.35880104271023366,0.3976241470938962,-0.5561329841785951,1.4286244851242902,-0.5215977941728508,0.30010393173393407,0.6941539990465785,-1.2528622076324625,-0.6364970898171112,-0.5539187615330674
2008-02-22,-1.687049571677647,-2.1190028995142787,0.07261913821702363,-0.17352366265589286,1.4158445547378304,-0.171215067986489,0.8121334617190967,-0.644312158260454,1.7509034372997765,0.19517429467239486,0.7465357063191457,0.9672510820391892,-1.1638215969620438,-0.7392074722958236,-0.9906220707946773
2008-02-23,-1.7020004355674012,-1.988652753005272,0.10066323514490631,-0.10493104652661331,1.2735041493945423,-0.0924264075907739,1.3176699679479977,-0.42618720870170085,1.752320918205916,0.7623332305895998,0.8056722814025897,1.2847534321867276,-0.8619493150019767,-0.6139870833034279,-1.8474562077567598
2008-02-24,-1.8047707465850025,-1.9120589493138458,0.16756915687813906,0.08202750704664474,0.9043998727281846,0.022713651913042296,1.641204048469885,-0.34231783384028364,1.8396928433178092,1.1654055891573327,0.6325464913216918,1.1481986475693566,-0.30877253020956114,-0.16980303407398362,-2.080104035359576
2008-02-25,-1.5254241679069978,-1.6246658207834,0.1781165155720035,0.44911130909219144,0.7173139907413411,0.3823722807394828,1.5068187711248457,-0.2603430865254276,2.037767327392886,1.415580285995907,0.5299785112005692,1.180226675617577,0.18962239907700937,0.6618196938227938,-2.053947941952877
2008-02-26,-1.4627567964460964,-1.586984963918885,0.14922230485851928,0.5962447420209964,0.558236611385122,0.35663817578975693,1.691846679446953,-0.2493193132834933,2.6089776211920004,1.3084643949110106,0.8305615339298077,1.3352016818506993,0.24355657037817569,1.1845126648507458,-1.8541078628538823
2008-02-27,-1.5931583732455066,-1.5543119325046402,-0.05915726095883035,0.303784165783433,0.45959045313074354,0.049019472406713734,2.0519260328532,-0.19065699933543806,2.827812450513167,1.20284660294317,0.9508247945654353,1.4803409736017599,-0.051840614294797416,1.4644832846278715,-1.5100377196231942
2008-02-28,-1.4112133709801733,-1.5643568693475636,-0.23936670530479884,-0.1555833247652273,0.5046197899159013,0.033182818333562424,2.036071395677873,-0.2743513508464274,2.6912688427576095,1.084013424849964,1.1750023927117277,1.761949387843977,-0.025546250940603633,1.325700987035121,-0.8940549844011159
2008-02-29,-1.230065644039421,-1.5719109024129265,-0.4294695481488666,-0.29535393360563905,0.4446510824566602,0.27794692266048066,1.5247709350747674,-0.2933179453845374,2.629975466770437,1.0571293020664456,1.5941291254084573,1.5164277488404532,0.30929018410772463,1.2506787757087208,-0.3847670099069682
2008-03-01,-1.0252254715804674,-1.6069979373878804,-0.49109182103728677,-0.356786172876143,0.3670953444837478,0.6588279352163064,0.8727829586649956,-0.20713174396408965,2.478744705960924,0.8732558608264527,1.9238433407840212,1.28902478127398,0.554231885084139,1.1210274101673456,-0.35451025770614014
