,1,2,3,4,5,6,7,8,9,10,11,12,13,14,15
2010-09-03,-0.8908593654592879,-0.8908593654592879,-0.8908593654592879,-0.8908593654592879,-0.8908593654592879,-0.8908593654592879,-0.8908593654592879,-0.8908593654592879,-0.8908593654592879,-0.8908593654592879,-0.8908593654592879,-0.8908593654592879,-0.8908593654592879,-0.8908593654592879,-0.8908593654592879
2010-09-04,-1.218241929957954,-1.218241929957954,-1.218241929957954,-1.218241929957954,-1.218241929957954,-1.218241929957954,-1.218241929957954,-1.218241929957954,-1.218241929957954,-1.218241929957954,-1.218241929957954,-1.218241929957954,-1.218241929957954,-1.218241929957954,-1.218241929957954
2010-09-05,-1.4016151083841388,-1.4016151083841388,-1.4016151083841388,-1.4016151083841388,-1.4016151083841388,-1.4016151083841388,-1.4016151083841388,-1.4016151083841388,-1.4016151083841388,-1.4016151083841388,-1.4016151083841388,-1.4016151083841388,-1.4016151083841388,-1.4016151083841388,-1.4016151083841388
2010-09-06,-1.3725248000437849,-1.3725248000437849,-1.3725248000437849,-1.3725248000437849,-1.3725248000437849,-1.3725248000437849,-1.3725248000437849,-1.3725248000437849,-1.3725248000437849,-1.3725248000437849,-1.3725248000437849,-1.3725248000437849,-1.3725248000437849,-1.3725248000437849,-1.3725248000437849
2010-09-07,-1.261685668781403,-1.261685668781403,-1.261685668781403,-1.261685668781403,-1.261685668781403,-1.261685668781403,-1.261685668781403,-1.261685668781403,-1.261685668781403,-1.261685668781403,-1.261685668781403,-1.261685668781403,-1.261685668781403,-1.261685668781403,-1.261685668781403
2010-09-08,-1.3429340229940987,-1.3429340229940987,-1.3429340229940987,-1.3429340229940987,-1.3429340229940987,-1.3429340229940987,-1.3429340229940987,-1.3429340229940987,-1.3429340229940987,-1.3429340229940987,-1.3429340229940987,-1.3429340229940987,-1.3429340229940987,-1.3429340229940987,-1.3429340229940987
2010-09-09,-1.1070890183219526,-1.1070890183219526,-1.1070890183219526,-1.1070890183219526,-1.1070890183219526,-1.1070890183219526,-1.1070890183219526,-1.1070890183219526,-1.1070890183219526,-1.1070890183219526,-1.1070890183219526,-1.1070890183219526,-1.1070890183219526,-1.1070890183219526,-1.1070890183219526
2010-09-10,-0.9100320539921284,-0.9100320539921284,-0.9100320539921284,-0.9100320539921284,-0.9100320539921284,-0.9100320539921284,-0.9100320539921284,-0.9100320539921284,-0.9100320539921284,-0.9100320539921284,-0.9100320539921284,-0.9100320539921284,-0.9100320539921284,-0.9100320539921284,-0.9100320539921284
2010-09-11,-0.6888820616585478,-0.6888820616585478,-0.6888820616585478,-0.6888820616585478,-0.6888820616585478,-0.6888820616585478,-0.6888820616585478,-0.6888820616585478,-0.6888820616585478,-0.6888820616585478,-0.6888820616585478,-0.6888820616585478,-0.6888820616585478,-0.6888820616585478,-0.6888820616585478
2010-09-12,-0.6510689719668467,-0.6510689719668467,-0.6510689719668467,-0.6510689719668467,-0.6510689719668467,-0.6510689719668467,-0.6510689719668467,-0.6510689719668467,-0.6510689719668467,-0.6510689719668467,-0.6510689719668467,-0.6510689719668467,-0.6510689719668467,-0.6510689719668467,-0.6510689719668467
2010-09-13,-0.6655791483749655,-0.6655791483749655,-0.6655791483749655,-0.6655791483749655,-0.6655791483749655,-0.6655791483749655,-0.6655791483749655,-0.6655791483749655,-0.6655791483749655,-0.6655791483749655,-0.6655791483749655,-0.6655791483749655,-0.6655791483749655,-0.6655791483749655,-0.6655791483749655
2010-09-14,-0.8593377971741317,-0.8593377971741317,-0.8593377971741317,-0.8593377971741317,-0.8593377971741317,-0.8593377971741317,-0.8593377971741317,-0.8593377971741317,-0.8593377971741317,-0.8593377971741317,-0.8593377971741317,-0.8593377971741317,-0.8593377971741317,-0.8593377971741317,-0.8593377971741317
2010-09-15,-0.7690357129970091,-0.7690357129970091,-0.7690357129970091,-0.7690357129970091,-0.7690357129970091,-0.7690357129970091,-0.7690357129970091,-0.7690357129970091,-0.7690357129970091,-0.7690357129970091,-0.7690357129970091,-0.7690357129970091,-0.7690357129970091,-0.7690357129970091,-0.7690357129970091
2010-09-16,-0.5743009033062224,-0.5743009033062224,-0.5743009033062224,-0.5743009033062224,-0.5743009033062224,-0.5743009033062224,-0.5743009033062224,-0.5743009033062224,-0.5743009033062224,-0.5743009033062224,-0.5743009033062224,-0.5743009033062224,-0.5743009033062224,-0.5743009033062224,-0.5743009033062224
2010-09-17,-0.6475102780982279,-0.6475102780982279,-0.6475102780982279,-0.6475102780982279,-0.6475102780982279,-0.6475102780982279,-0.6475102780982279,-0.6475102780982279,-0.6475102780982279,-0.6475102780982279,-0.6475102780982279,-0.6475102780982279,-0.6475102780982279,-0.6475102780982279,-0.6475102780982279
2010-09-18,-0.775003593258662,-0.775003593258662,-0.775003593258662,-0.775003593258662,-0.775003593258662,-0.775003593258662,-0.775003593258662,-0.775003593258662,-0.775003593258662,-0.775003593258662,-0.775003593258662,-0.775003593258662,-0.775003593258662,-0.775003593258662,-0.775003593258662
2010-09-19,-0.5347750263535919,-0.5347750263535919,-0.5347750263535919,-0.5347750263535919,-0.5347750263535919,-0.5347750263535919,-0.5347750263535919,-0.5347750263535919,-0.5347750263535919,-0.5347750263535919,-0.5347750263535919,-0.5347750263535919,-0.5347750263535919,-0.5347750263535919,-0.5347750263535919
2010-09-20,-0.7898031273264312,-0.7898031273264312,-0.7898031273264312,-0.7898031273264312,-0.7898031273264312,-0.7898031273264312,-0.7898031273264312,-0.7898031273264312,-0.7898031273264312,-0.7898031273264312,-0.7898031273264312,-0.7898031273264312,-0.7898031273264312,-0.7898031273264312,-0.7898031273264312
2010-09-21,-0.7783096819713253,-0.7783096819713253,-0.7783096819713253,-0.7783096819713253,-0.7783096819713253,-0.7783096819713253,-0.7783096819713253,-0.7783096819713253,-0.7783096819713253,-0.7783096819713253,-0.7783096819713253,-0.7783096819713253,-0.7783096819713253,-0.7783096819713253,-0.7783096819713253
2010-09-22,-0.9688643374029631,-0.9688643374029631,-0.9688643374029631,-0.9688643374029631,-0.9688643374029631,-0.9688643374029631,-0.9688643374029631,-0.9688643374029631,-0.9688643374029631,-0.9688643374029631,-0.9688643374029631,-0.9688643374029631,-0.9688643374029631,-0.9688643374029631,-0.9688643374029631
2010-09-23,-0.725057770653408,-0.725057770653408,-0.725057770653408,-0.725057770653408,-0.725057770653408,-0.725057770653408,-0.725057770653408,-0.725057770653408,-0.725057770653408,-0.725057770653408,-0.725057770653408,-0.725057770653408,-0.725057770653408,-0.725057770653408,-0.725057770653408
2010-09-24,-0.5069259381969322,-0.5069259381969322,-0.5069259381969322,-0.5069259381969322,-0.5069259381969322,-0.5069259381969322,-0.5069259381969322,-0.5069259381969322,-0.5069259381969322,-0.5069259381969322,-0.5069259381969322,-0.5069259381969322,-0.5069259381969322,-0.5069259381969322,-0.5069259381969322
2010-09-25,-0.5143748046395543,-0.5143748046395543,-0.5143748046395543,-0.5143748046395543,-0.5143748046395543,-0.5143748046395543,-0.5143748046395543,-0.5143748046395543,-0.5143748046395543,-0.5143748046395543,-0.5143748046395543,-0.5143748046395543,-0.5143748046395543,-0.5143748046395543,-0.5143748046395543
2010-09-26,-0.5246567329959484,-0.5246567329959484,-0.5246567329959484,-0.5246567329959484,-0.5246567329959484,-0.5246567329959484,-0.5246567329959484,-0.5246567329959484,-0.5246567329959484,-0.5246567329959484,-0.5246567329959484,-0.5246567329959484,-0.5246567329959484,-0.5246567329959484,-0.5246567329959484
2010-09-27,-0.3393423287423366,-0.3393423287423366,-0.3393423287423366,-0.3393423287423366,-0.3393423287423366,-0.3393423287423366,-0.3393423287423366,-0.3393423287423366,-0.3393423287423366,-0.3393423287423366,-0.3393423287423366,-0.3393423287423366,-0.3393423287423366,-0.3393423287423366,-0.3393423287423366
2010-09-28,-0.22660182788396668,-0.22660182788396668,-0.22660182788396668,-0.22660182788396668,-0.22660182788396668,-0.22660182788396668,-0.22660182788396668,-0.22660182788396668,-0.22660182788396668,-0.22660182788396668,-0.22660182788396668,-0.22660182788396668,-0.22660182788396668,-0.22660182788396668,-0.22660182788396668
2010-09-29,-0.4360531638050915,-0.4360531638050915,-0.4360531638050915,-0.4360531638050915,-0.4360531638050915,-0.4360531638050915,-0.4360531638050915,-0.4360531638050915,-0.4360531638050915,-0.4360531638050915,-0.4360531638050915,-0.4360531638050915,-0.4360531638050915,-0.4360531638050915,-0.4360531638050915
2010-09-30,-0.7067607843871218,-0.7067607843871218,-0.7067607843871218,-0.7067607843871218,-0.7067607843871218,-0.7067607843871218,-0.7067607843871218,-0.7067607843871218,-0.7067607843871218,-0.7067607843871218,-0.7067607843871218,-0.7067607843871218,-0.7067607843871218,-0.7067607843871218,-0.7067607843871218
2010-10-01,-1.0059598086974755,-1.0059598086974755,-1.0059598086974755,-1.0059598086974755,-1.0059598086974755,-1.0059598086974755,-1.0059598086974755,-1.0059598086974755,-1.0059598086974755,-1.0059598086974755,-1.0059598086974755,-1.0059598086974755,-1.0059598086974755,-1.0059598086974755,-1.0059598086974755
2010-10-02,-1.504168531453504,-1.504168531453504,-1.504168531453504,-1.504168531453504,-1.504168531453504,-1.504168531453504,-1.504168531453504,-1.504168531453504,-1.504168531453504,-1.504168531453504,-1.504168531453504,-1.504168531453504,-1.504168531453504,-1.504168531453504,-1.504168531453504
2010-10-03,-1.7130227554860413,-1.7130227554860413,-1.7130227554860413,-1.7130227554860413,-1.7130227554860413,-1.7130227554860413,-1.7130227554860413,-1.7130227554860413,-1.7130227554860413,-1.7130227554860413,-1.7130227554860413,-1.7130227554860413,-1.7130227554860413,-1.7130227554860413,-1.7130227554860413
2010-10-04,-1.6795246768127965,-1.6795246768127965,-1.6795246768127965,-1.6795246768127965,-1.6795246768127965,-1.6795246768127965,-1.6795246768127965,-1.6795246768127965,-1.6795246768127965,-1.6795246768127965,-1.6795246768127965,-1.6795246768127965,-1.6795246768127965,-1.6795246768127965,-1.6795246768127965
2010-10-05,-1.5774015713378764,-1.5774015713378764,-1.5774015713378764,-1.5774015713378764,-1.5774015713378764,-1.5774015713378764,-1.5774015713378764,-1.5774015713378764,-1.5774015713378764,-1.5774015713378764,-1.5774015713378764,-1.5774015713378764,-1.5774015713378764,-1.5774015713378764,-1.5774015713378764
2010-10-06,-1.3465337524295737,-1.3465337524295737,-1.3465337524295737,-1.3465337524295737,-1.3465337524295737,-1.3465337524295737,-1.3465337524295737,-1.3465337524295737,-1.3465337524295737,-1.3465337524295737,-1.3465337524295737,-1.3465337524295737,-1.3465337524295737,-1.3465337524295737,-1.3465337524295737
2010-10-07,-1.144958719852226,-1.144958719852226,-1.144958719852226,-1.144958719852226,-1.144958719852226,-1.144958719852226,-1.144958719852226,-1.144958719852226,-1.144958719852226,-1.144958719852226,-1.144958719852226,-1.144958719852226,-1.144958719852226,-1.144958719852226,-1.144958719852226
2010-10-08,-0.9430085377759879,-0.9430085377759879,-0.9430085377759879,-0.9430085377759879,-0.9430085377759879,-0.9430085377759879,-0.9430085377759879,-0.9430085377759879,-0.9430085377759879,-0.9430085377759879,-0.9430085377759879,-0.9430085377759879,-0.9430085377759879,-0.9430085377759879,-0.9430085377759879
2010-10-09,-0.4389337737380653,-0.4389337737380653,-0.4389337737380653,-0.4389337737380653,-0.4389337737380653,-0.4389337737380653,-0.4389337737380653,-0.4389337737380653,-0.4389337737380653,-0.4389337737380653,-0.4389337737380653,-0.4389337737380653,-0.4389337737380653,-0.4389337737380653,-0.4389337737380653
2010-10-10,-0.005935444951361879,-0.005935444951361879,-0.005935444951361879,-0.005935444951361879,-0.005935444951361879,-0.005935444951361879,-0.005935444951361879,-0.005935444951361879,-0.005935444951361879,-0.005935444951361879,-0.005935444951361879,-0.005935444951361879,-0.005935444951361879,-0.005935444951361879,-0.005935444951361879
2010-10-11,0.41064369455008853,0.41064369455008853,0.41064369455008853,0.41064369455008853,0.41064369455008853,0.41064369455008853,0.41064369455008853,0.41064369455008853,0.41064369455008853,0.41064369455008853,0.41064369455008853,0.41064369455008853,0.41064369455008853,0.41064369455008853,0.41064369455008853
2010-10-12,0.8269127792783191,0.8269127792783191,0.8269127792783191,0.8269127792783191,0.8269127792783191,0.8269127792783191,0.8269127792783191,0.8269127792783191,0.8269127792783191,0.8269127792783191,0.8269127792783191,0.8269127792783191,0.8269127792783191,0.8269127792783191,0.8269127792783191
2010-10-13,1.5155937296026722,1.5155937296026722,1.5155937296026722,1.5155937296026722,1.5155937296026722,1.5155937296026722,1.5155937296026722,1.5155937296026722,1.5155937296026722,1.5155937296026722,1.5155937296026722,1.5155937296026722,1.5155937296026722,1.5155937296026722,1.5155937296026722
2010-10-14,1.6048281318925135,1.6048281318925135,1.6048281318925135,1.6048281318925135,1.6048281318925135,1.6048281318925135,1.6048281318925135,1.6048281318925135,1.6048281318925135,1.6048281318925135,1.6048281318925135,1.6048281318925135,1.6048281318925135,1.6048281318925135,1.6048281318925135
2010-10-15,1.6621767984643587,1.6621767984643587,1.6621767984643587,1.6621767984643587,1.6621767984643587,1.6621767984643587,1.6621767984643587,1.6621767984643587,1.6621767984643587,1.6621767984643587,1.6621767984643587,1.6621767984643587,1.6621767984643587,1.6621767984643587,1.6621767984643587
2010-10-16,1.3961607253196022,1.3961607253196022,1.3961607253196022,1.3961607253196022,1.3961607253196022,1.3961607253196022,1.3961607253196022,1.3961607253196022,1.3961607253196022,1.3961607253196022,1.3961607253196022,1.3961607253196022,1.3961607253196022,1.3961607253196022,1.3961607253196022
2010-10-17,1.1262952247813842,1.1262952247813842,1.1262952247813842,1.1262952247813842,1.1262952247813842,1.1262952247813842,1.1262952247813842,1.1262952247813842,1.1262952247813842,1.1262952247813842,1.1262952247813842,1.1262952247813842,1.1262952247813842,1.1262952247813842,1.1262952247813842
2010-10-18,0.9727913204151326,0.9727913204151326,0.9727913204151326,0.9727913204151326,0.9727913204151326,0.9727913204151326,0.9727913204151326,0.9727913204151326,0.9727913204151326,0.9727913204151326,0.9727913204151326,0.9727913204151326,0.9727913204151326,0.9727913204151326,0.9727913204151326
2010-10-19,0.8226153929726976,0.8226153929726976,0.8226153929726976,0.8226153929726976,0.8226153929726976,0.8226153929726976,0.8226153929726976,0.8226153929726976,0.8226153929726976,0.8226153929726976,0.8226153929726976,0.8226153929726976,0.8226153929726976,0.8226153929726976,0.8226153929726976
2010-10-20,0.7387824574169508,0.7387824574169508,0.7387824574169508,0.7387824574169508,0.7387824574169508,0.7387824574169508,0.7387824574169508,0.7387824574169508,0.7387824574169508,0.7387824574169508,0.7387824574169508,0.7387824574169508,0.7387824574169508,0.7387824574169508,0.7387824574169508
2010-10-21,0.5981879978586336,0.5981879978586336,0.5981879978586336,0.5981879978586336,0.5981879978586336,0.5981879978586336,0.5981879978586336,0.5981879978586336,0.5981879978586336,0.5981879978586336,0.5981879978586336,0.5981879978586336,0.5981879978586336,0.5981879978586336,0.5981879978586336
2010-10-22,0.1786152426875062,0.1786152426875062,0.1786152426875062,0.1786152426875062,0.1786152426875062,0.1786152426875062,0.1786152426875062,0.1786152426875062,0.1786152426875062,0.1786152426875062,0.1786152426875062,0.1786152426875062,0.1786152426875062,0.1786152426875062,0.1786152426875062
2010-10-23,0.053437969358656155,0.053437969358656155,0.053437969358656155,0.053437969358656155,0.053437969358656155,0.053437969358656155,0.053437969358656155,0.053437969358656155,0.053437969358656155,0.053437969358656155,0.053437969358656155,0.053437969358656155,0.053437969358656155,0.053437969358656155,0.053437969358656155
2010-10-24,-0.06079067339657109,-0.06079067339657109,-0.06079067339657109,-0.06079067339657109,-0.06079067339657109,-0.06079067339657109,-0.06079067339657109,-0.06079067339657109,-0.06079067339657109,-0.06079067339657109,-0.06079067339657109,-0.06079067339657109,-0.06079067339657109,-0.06079067339657109,-0.06079067339657109
2010-10-25,-0.15284106835495107,-0.15284106835495107,-0.15284106835495107,-0.15284106835495107,-0.15284106835495107,-0.15284106835495107,-0.15284106835495107,-0.15284106835495107,-0.15284106835495107,-0.15284106835495107,-0.15284106835495107,-0.15284106835495107,-0.15284106835495107,-0.15284106835495107,-0.15284106835495107
2010-10-26,0.08879581747141015,0.08879581747141015,0.08879581747141015,0.08879581747141015,0.08879581747141015,0.08879581747141015,0.08879581747141015,0.08879581747141015,0.08879581747141015,0.08879581747141015,0.08879581747141015,0.08879581747141015,0.08879581747141015,0.08879581747141015,0.08879581747141015
2010-10-27,0.06016927306118476,0.06016927306118476,0.06016927306118476,0.06016927306118476,0.06016927306118476,0.06016927306118476,0.06016927306118476,0.06016927306118476,0.06016927306118476,0.06016927306118476,0.06016927306118476,0.06016927306118476,0.06016927306118476,0.06016927306118476,0.06016927306118476
2010-10-28,0.06102150167270184,0.06102150167270184,0.06102150167270184,0.06102150167270184,0.06102150167270184,0.06102150167270184,0.06102150167270184,0.06102150167270184,0.06102150167270184,0.06102150167270184,0.06102150167270184,0.06102150167270184,0.06102150167270184,0.06102150167270184,0.06102150167270184
2010-10-29,0.29871915408413247,0.29871915408413247,0.29871915408413247,0.29871915408413247,0.29871915408413247,0.29871915408413247,0.29871915408413247,0.29871915408413247,0.29871915408413247,0.29871915408413247,0.29871915408413247,0.29871915408413247,0.29871915408413247,0.29871915408413247,0.29871915408413247
2010-10-30,-0.10688664537248824,-0.10688664537248824,-0.10688664537248824,-0.10688664537248824,-0.10688664537248824,-0.10688664537248824,-0.10688664537248824,-0.10688664537248824,-0.10688664537248824,-0.10688664537248824,-0.10688664537248824,-0.10688664537248824,-0.10688664537248824,-0.10688664537248824,-0.10688664537248824
2010-10-31,-0.01830273670519444,-0.01830273670519444,-0.01830273670519444,-0.01830273670519444,-0.01830273670519444,-0.01830273670519444,-0.01830273670519444,-0.01830273670519444,-0.01830273670519444,-0.01830273670519444,-0.01830273670519444,-0.01830273670519444,-0.01830273670519444,-0.01830273670519444,-0.01830273670519444
2010-11-01,-0.06823396287611122,-0.06823396287611122,-0.06823396287611122,-0.06823396287611122,-0.06823396287611122,-0.06823396287611122,-0.06823396287611122,-0.06823396287611122,-0.06823396287611122,-0.06823396287611122,-0.06823396287611122,-0.06823396287611122,-0.06823396287611122,-0.06823396287611122,-0.06823396287611122
2010-11-02,0.17497934052593986,0.17497934052593986,0.17497934052593986,0.17497934052593986,0.17497934052593986,0.17497934052593986,0.17497934052593986,0.17497934052593986,0.17497934052593986,0.17497934052593986,0.17497934052593986,0.17497934052593986,0.17497934052593986,0.17497934052593986,0.17497934052593986
2010-11-03,0.34885042343011957,0.34885042343011957,0.34885042343011957,0.34885042343011957,0.34885042343011957,0.34885042343011957,0.34885042343011957,0.34885042343011957,0.34885042343011957,0.34885042343011957,0.34885042343011957,0.34885042343011957,0.34885042343011957,0.34885042343011957,0.34885042343011957
2010-11-04,0.44297942683446284,0.44297942683446284,0.44297942683446284,0.44297942683446284,0.44297942683446284,0.44297942683446284,0.44297942683446284,0.44297942683446284,0.44297942683446284,0.44297942683446284,0.44297942683446284,0.44297942683446284,0.44297942683446284,0.44297942683446284,0.44297942683446284
2010-11-05,0.6254080602889472,0.6254080602889472,0.6254080602889472,0.6254080602889472,0.6254080602889472,0.6254080602889472,0.6254080602889472,0.6254080602889472,0.6254080602889472,0.6254080602889472,0.6254080602889472,0.6254080602889472,0.6254080602889472,0.6254080602889472,0.6254080602889472
2010-11-06,0.8564485326835646,0.8564485326835646,0.8564485326835646,0.8564485326835646,0.8564485326835646,0.8564485326835646,0.8564485326835646,0.8564485326835646,0.8564485326835646,0.8564485326835646,0.8564485326835646,0.8564485326835646,0.8564485326835646,0.8564485326835646,0.8564485326835646
2010-11-07,1.0247679516305082,1.0247679516305082,1.0247679516305082,1.0247679516305082,1.0247679516305082,1.0247679516305082,1.0247679516305082,1.0247679516305082,1.0247679516305082,1.0247679516305082,1.0247679516305082,1.0247679516305082,1.0247679516305082,1.0247679516305082,1.0247679516305082
2010-11-08,1.187045564514937,1.187045564514937,1.187045564514937,1.187045564514937,1.187045564514937,1.187045564514937,1.187045564514937,1.187045564514937,1.187045564514937,1.187045564514937,1.187045564514937,1.187045564514937,1.187045564514937,1.187045564514937,1.187045564514937
2010-11-09,1.0734202969499016,1.0734202969499016,1.0734202969499016,1.0734202969499016,1.0734202969499016,1.0734202969499016,1.0734202969499016,1.0734202969499016,1.0734202969499016,1.0734202969499016,1.0734202969499016,1.0734202969499016,1.0734202969499016,1.0734202969499016,1.0734202969499016
2010-11-10,1.1819516299479882,1.1819516299479882,1.1819516299479882,1.1819516299479882,1.1819516299479882,1.1819516299479882,1.1819516299479882,1.1819516299479882,1.1819516299479882,1.1819516299479882,1.1819516299479882,1.1819516299479882,1.1819516299479882,1.1819516299479882,1.1819516299479882
2010-11-11,1.2732407498379474,1.2732407498379474,1.2732407498379474,1.2732407498379474,1.2732407498379474,1.2732407498379474,1.2732407498379474,1.2732407498379474,1.2732407498379474,1.2732407498379474,1.2732407498379474,1.2732407498379474,1.2732407498379474,1.2732407498379474,1.2732407498379474
2010-11-12,1.0619237497694671,1.0619237497694671,1.0619237497694671,1.0619237497694671,1.0619237497694671,1.0619237497694671,1.0619237497694671,1.0619237497694671,1.0619237497694671,1.0619237497694671,1.0619237497694671,1.0619237497694671,1.0619237497694671,1.0619237497694671,1.0619237497694671
2010-11-13,0.891566002370698,0.891566002370698,0.891566002370698,0.891566002370698,0.891566002370698,0.891566002370698,0.891566002370698,0.891566002370698,0.891566002370698,0.891566002370698,0.891566002370698,0.891566002370698,0.891566002370698,0.891566002370698,0.891566002370698
2010-11-14,0.7342508427607188,0.7342508427607188,0.7342508427607188,0.7342508427607188,0.7342508427607188,0.7342508427607188,0.7342508427607188,0.7342508427607188,0.7342508427607188,0.7342508427607188,0.7342508427607188,0.7342508427607188,0.7342508427607188,0.7342508427607188,0.7342508427607188
2010-11-15,0.4881944884407909,0.4881944884407909,0.4881944884407909,0.4881944884407909,0.4881944884407909,0.4881944884407909,0.4881944884407909,0.4881944884407909,0.4881944884407909,0.4881944884407909,0.4881944884407909,0.4881944884407909,0.4881944884407909,0.4881944884407909,0.4881944884407909
2010-11-16,0.13416721837687667,0.13416721837687667,0.13416721837687667,0.13416721837687667,0.13416721837687667,0.13416721837687667,0.13416721837687667,0.13416721837687667,0.13416721837687667,0.13416721837687667,0.13416721837687667,0.13416721837687667,0.13416721837687667,0.13416721837687667,0.13416721837687667
2010-11-17,0.030979409641529135,0.030979409641529135,0.030979409641529135,0.030979409641529135,0.030979409641529135,0.030979409641529135,0.030979409641529135,0.030979409641529135,0.030979409641529135,0.030979409641529135,0.030979409641529135,0.030979409641529135,0.030979409641529135,0.030979409641529135,0.030979409641529135
2010-11-18,0.3582321167715155,0.3582321167715155,0.3582321167715155,0.3582321167715155,0.3582321167715155,0.3582321167715155,0.3582321167715155,0.3582321167715155,0.3582321167715155,0.3582321167715155,0.3582321167715155,0.3582321167715155,0.3582321167715155,0.3582321167715155,0.3582321167715155
2010-11-19,0.4311323219630429,0.4311323219630429,0.4311323219630429,0.4311323219630429,0.4311323219630429,0.4311323219630429,0.4311323219630429,0.4311323219630429,0.4311323219630429,0.4311323219630429,0.4311323219630429,0.4311323219630429,0.4311323219630429,0.4311323219630429,0.4311323219630429
2010-11-20,0.26137565661987155,0.26137565661987155,0.26137565661987155,0.26137565661987155,0.26137565661987155,0.26137565661987155,0.26137565661987155,0.26137565661987155,0.26137565661987155,0.26137565661987155,0.26137565661987155,0.26137565661987155,0.26137565661987155,0.26137565661987155,0.26137565661987155
2010-11-21,0.2571689518659074,0.2571689518659074,0.2571689518659074,0.2571689518659074,0.2571689518659074,0.2571689518659074,0.2571689518659074,0.2571689518659074,0.2571689518659074,0.2571689518659074,0.2571689518659074,0.2571689518659074,0.2571689518659074,0.2571689518659074,0.2571689518659074
2010-11-22,0.12048623261933832,0.12048623261933832,0.12048623261933832,0.12048623261933832,0.12048623261933832,0.12048623261933832,0.12048623261933832,0.12048623261933832,0.12048623261933832,0.12048623261933832,0.12048623261933832,0.12048623261933832,0.12048623261933832,0.12048623261933832,0.12048623261933832
2010-11-23,-0.1017281547860836,-0.1017281547860836,-0.1017281547860836,-0.1017281547860836,-0.1017281547860836,-0.1017281547860836,-0.1017281547860836,-0.1017281547860836,-0.1017281547860836,-0.1017281547860836,-0.1017281547860836,-0.1017281547860836,-0.1017281547860836,-0.1017281547860836,-0.1017281547860836
2010-11-24,-0.18820262267693247,-0.18820262267693247,-0.18820262267693247,-0.18820262267693247,-0.18820262267693247,-0.18820262267693247,-0.18820262267693247,-0.18820262267693247,-0.18820262267693247,-0.18820262267693247,-0.18820262267693247,-0.18820262267693247,-0.18820262267693247,-0.18820262267693247,-0.18820262267693247
2010-11-25,-0.2606410425021527,-0.2606410425021527,-0.2606410425021527,-0.2606410425021527,-0.2606410425021527,-0.2606410425021527,-0.2606410425021527,-0.2606410425021527,-0.2606410425021527,-0.2606410425021527,-0.2606410425021527,-0.2606410425021527,-0.2606410425021527,-0.2606410425021527,-0.2606410425021527
2010-11-26,-0.33548381221716683,-0.33548381221716683,-0.33548381221716683,-0.33548381221716683,-0.33548381221716683,-0.33548381221716683,-0.33548381221716683,-0.33548381221716683,-0.33548381221716683,-0.33548381221716683,-0.33548381221716683,-0.33548381221716683,-0.33548381221716683,-0.33548381221716683,-0.33548381221716683
2010-11-27,-0.48885184033791856,-0.48885184033791856,-0.48885184033791856,-0.48885184033791856,-0.48885184033791856,-0.48885184033791856,-0.48885184033791856,-0.48885184033791856,-0.48885184033791856,-0.48885184033791856,-0.48885184033791856,-0.48885184033791856,-0.48885184033791856,-0.48885184033791856,-0.48885184033791856
2010-11-28,-0.5801717918142587,-0.5801717918142587,-0.5801717918142587,-0.5801717918142587,-0.5801717918142587,-0.5801717918142587,-0.5801717918142587,-0.5801717918142587,-0.5801717918142587,-0.5801717918142587,-0.5801717918142587,-0.5801717918142587,-0.5801717918142587,-0.5801717918142587,-0.5801717918142587
2010-11-29,-0.41639088102122657,-0.41639088102122657,-0.41639088102122657,-0.41639088102122657,-0.41639088102122657,-0.41639088102122657,-0.41639088102122657,-0.41639088102122657,-0.41639088102122657,-0.41639088102122657,-0.41639088102122657,-0.41639088102122657,-0.41639088102122657,-0.41639088102122657,-0.41639088102122657
2010-11-30,-0.3817801684278383,-0.3817801684278383,-0.3817801684278383,-0.3817801684278383,-0.3817801684278383,-0.3817801684278383,-0.3817801684278383,-0.3817801684278383,-0.3817801684278383,-0.3817801684278383,-0.3817801684278383,-0.3817801684278383,-0.3817801684278383,-0.3817801684278383,-0.3817801684278383
2010-12-01,-0.628449844689223,-0.628449844689223,-0.628449844689223,-0.628449844689223,-0.628449844689223,-0.628449844689223,-0.628449844689223,-0.628449844689223,-0.628449844689223,-0.628449844689223,-0.628449844689223,-0.628449844689223,-0.628449844689223,-0.628449844689223,-0.628449844689223
2010-12-02,-0.6027097856621205,-0.6027097856621205,-0.6027097856621205,-0.6027097856621205,-0.6027097856621205,-0.6027097856621205,-0.6027097856621205,-0.6027097856621205,-0.6027097856621205,-0.6027097856621205,-0.6027097856621205,-0.6027097856621205,-0.6027097856621205,-0.6027097856621205,-0.6027097856621205
2010-12-03,-0.661076632181101,-0.661076632181101,-0.661076632181101,-0.661076632181101,-0.661076632181101,-0.661076632181101,-0.661076632181101,-0.661076632181101,-0.661076632181101,-0.661076632181101,-0.661076632181101,-0.661076632181101,-0.661076632181101,-0.661076632181101,-0.661076632181101
2010-12-04,-0.5992910177323658,-0.5992910177323658,-0.5992910177323658,-0.5992910177323658,-0.5992910177323658,-0.5992910177323658,-0.5992910177323658,-0.5992910177323658,-0.5992910177323658,-0.5992910177323658,-0.5992910177323658,-0.5992910177323658,-0.5992910177323658,-0.5992910177323658,-0.5992910177323658
2010-12-05,-0.36014964500127294,-0.36014964500127294,-0.36014964500127294,-0.36014964500127294,-0.36014964500127294,-0.36014964500127294,-0.36014964500127294,-0.36014964500127294,-0.36014964500127294,-0.36014964500127294,-0.36014964500127294,-0.36014964500127294,-0.36014964500127294,-0.36014964500127294,-0.36014964500127294
2010-12-06,-0.15745066723235485,-0.15745066723235485,-0.15745066723235485,-0.15745066723235485,-0.15745066723235485,-0.15745066723235485,-0.15745066723235485,-0.15745066723235485,-0.15745066723235485,-0.15745066723235485,-0.15745066723235485,-0.15745066723235485,-0.15745066723235485,-0.15745066723235485,-0.15745066723235485
2010-12-07,-0.0875923307727161,-0.0875923307727161,-0.0875923307727161,-0.0875923307727161,-0.0875923307727161,-0.0875923307727161,-0.0875923307727161,-0.0875923307727161,-0.0875923307727161,-0.0875923307727161,-0.0875923307727161,-0.0875923307727161,-0.0875923307727161,-0.0875923307727161,-0.0875923307727161
2010-12-08,-0.11380751206216502,-0.11380751206216502,-0.11380751206216502,-0.11380751206216502,-0.11380751206216502,-0.11380751206216502,-0.11380751206216502,-0.11380751206216502,-0.11380751206216502,-0.11380751206216502,-0.11380751206216502,-0.11380751206216502,-0.11380751206216502,-0.11380751206216502,-0.11380751206216502
2010-12-09,0.09696562494455156,0.09696562494455156,0.09696562494455156,0.09696562494455156,0.09696562494455156,0.09696562494455156,0.09696562494455156,0.09696562494455156,0.09696562494455156,0.09696562494455156,0.09696562494455156,0.09696562494455156,0.09696562494455156,0.09696562494455156,0.09696562494455156
2010-12-10,0.6800581719937425,0.6800581719937425,0.6800581719937425,0.6800581719937425,0.6800581719937425,0.6800581719937425,0.6800581719937425,0.6800581719937425,0.6800581719937425,0.6800581719937425,0.6800581719937425,0.6800581719937425,0.6800581719937425,0.6800581719937425,0.6800581719937425
2010-12-11,0.8978189284010964,0.8978189284010964,0.8978189284010964,0.8978189284010964,0.8978189284010964,0.8978189284010964,0.8978189284010964,0.8978189284010964,0.8978189284010964,0.8978189284010964,0.8978189284010964,0.8978189284010964,0.8978189284010964,0.8978189284010964,0.8978189284010964
2010-12-12,0.7322029274416199,0.7322029274416199,0.7322029274416199,0.7322029274416199,0.7322029274416199,0.7322029274416199,0.7322029274416199,0.7322029274416199,0.7322029274416199,0.7322029274416199,0.7322029274416199,0.7322029274416199,0.7322029274416199,0.7322029274416199,0.7322029274416199
2010-12-13,0.6519353210537449,0.6519353210537449,0.6519353210537449,0.6519353210537449,0.6519353210537449,0.6519353210537449,0.6519353210537449,0.6519353210537449,0.6519353210537449,0.6519353210537449,0.6519353210537449,0.6519353210537449,0.6519353210537449,0.6519353210537449,0.6519353210537449
2010-12-14,0.9301106512486904,0.9301106512486904,0.9301106512486904,0.9301106512486904,0.9301106512486904,0.9301106512486904,0.9301106512486904,0.9301106512486904,0.9301106512486904,0.9301106512486904,0.9301106512486904,0.9301106512486904,0.9301106512486904,0.9301106512486904,0.9301106512486904
2010-12-15,0.9010296851380029,0.9010296851380029,0.9010296851380029,0.9010296851380029,0.9010296851380029,0.9010296851380029,0.9010296851380029,0.9010296851380029,0.9010296851380029,0.9010296851380029,0.9010296851380029,0.9010296851380029,0.9010296851380029,0.9010296851380029,0.9010296851380029
2010-12-16,0.8214328182812681,0.8214328182812681,0.8214328182812681,0.8214328182812681,0.8214328182812681,0.8214328182812681,0.8214328182812681,0.8214328182812681,0.8214328182812681,0.8214328182812681,0.8214328182812681,0.8214328182812681,0.8214328182812681,0.8214328182812681,0.8214328182812681
2010-12-17,1.0684569404788269,1.0684569404788269,1.0684569404788269,1.0684569404788269,1.0684569404788269,1.0684569404788269,1.0684569404788269,1.0684569404788269,1.0684569404788269,1.0684569404788269,1.0684569404788269,1.0684569404788269,1.0684569404788269,1.0684569404788269,1.0684569404788269
2010-12-18,1.0058071244037037,1.0058071244037037,1.0058071244037037,1.0058071244037037,1.0058071244037037,1.0058071244037037,1.0058071244037037,1.0058071244037037,1.0058071244037037,1.0058071244037037,1.0058071244037037,1.0058071244037037,1.0058071244037037,1.0058071244037037,1.0058071244037037
2010-12-19,1.1933275076956449,1.1933275076956449,1.1933275076956449,1.1933275076956449,1.1933275076956449,1.1933275076956449,1.1933275076956449,1.1933275076956449,1.1933275076956449,1.1933275076956449,1.1933275076956449,1.1933275076956449,1.1933275076956449,1.1933275076956449,1.1933275076956449
2010-12-20,1.0946682726374426,1.0946682726374426,1.0946682726374426,1.0946682726374426,1.0946682726374426,1.0946682726374426,1.0946682726374426,1.0946682726374426,1.0946682726374426,1.0946682726374426,1.0946682726374426,1.0946682726374426,1.0946682726374426,1.0946682726374426,1.0946682726374426
2010-12-21,1.0465460756476912,1.0465460756476912,1.0465460756476912,1.0465460756476912,1.0465460756476912,1.0465460756476912,1.0465460756476912,1.0465460756476912,1.0465460756476912,1.0465460756476912,1.0465460756476912,1.0465460756476912,1.0465460756476912,1.0465460756476912,1.0465460756476912
2010-12-22,0.6805097435137591,0.6805097435137591,0.6805097435137591,0.6805097435137591,0.6805097435137591,0.6805097435137591,0.6805097435137591,0.6805097435137591,0.6805097435137591,0.6805097435137591,0.6805097435137591,0.6805097435137591,0.6805097435137591,0.6805097435137591,0.6805097435137591
2010-12-23,0.27776766926491325,0.27776766926491325,0.27776766926491325,0.27776766926491325,0.27776766926491325,0.27776766926491325,0.27776766926491325,0.27776766926491325,0.27776766926491325,0.27776766926491325,0.27776766926491325,0.27776766926491325,0.27776766926491325,0.27776766926491325,0.27776766926491325
2010-12-24,0.41544929596466657,0.41544929596466657,0.41544929596466657,0.41544929596466657,0.41544929596466657,0.41544929596466657,0.41544929596466657,0.41544929596466657,0.41544929596466657,0.41544929596466657,0.41544929596466657,0.41544929596466657,0.41544929596466657,0.41544929596466657,0.41544929596466657
2010-12-25,0.4183428553596636,0.4183428553596636,0.4183428553596636,0.4183428553596636,0.4183428553596636,0.4183428553596636,0.4183428553596636,0.4183428553596636,0.4183428553596636,0.4183428553596636,0.4183428553596636,0.4183428553596636,0.4183428553596636,0.4183428553596636,0.4183428553596636
2010-12-26,0.37427245568906264,0.37427245568906264,0.37427245568906264,0.37427245568906264,0.37427245568906264,0.37427245568906264,0.37427245568906264,0.37427245568906264,0.37427245568906264,0.37427245568906264,0.37427245568906264,0.37427245568906264,0.37427245568906264,0.37427245568906264,0.37427245568906264
2010-12-27,0.34775348642449144,0.34775348642449144,0.34775348642449144,0.34775348642449144,0.34775348642449144,0.34775348642449144,0.34775348642449144,0.34775348642449144,0.34775348642449144,0.34775348642449144,0.34775348642449144,0.34775348642449144,0.34775348642449144,0.34775348642449144,0.34775348642449144
2010-12-28,0.45045990038941797,0.45045990038941797,0.45045990038941797,0.45045990038941797,0.45045990038941797,0.45045990038941797,0.45045990038941797,0.45045990038941797,0.45045990038941797,0.45045990038941797,0.45045990038941797,0.45045990038941797,0.45045990038941797,0.45045990038941797,0.45045990038941797
2010-12-29,0.37582036924387097,0.37582036924387097,0.37582036924387097,0.37582036924387097,0.37582036924387097,0.37582036924387097,0.37582036924387097,0.37582036924387097,0.37582036924387097,0.37582036924387097,0.37582036924387097,0.37582036924387097,0.37582036924387097,0.37582036924387097,0.37582036924387097
2010-12-30,0.0824543635372635,0.0824543635372635,0.0824543635372635,0.0824543635372635,0.0824543635372635,0.0824543635372635,0.0824543635372635,0.0824543635372635,0.0824543635372635,0.0824543635372635,0.0824543635372635,0.0824543635372635,0.0824543635372635,0.0824543635372635,0.0824543635372635
2010-12-31,0.1197041519790809,0.1197041519790809,0.1197041519790809,0.1197041519790809,0.1197041519790809,0.1197041519790809,0.1197041519790809,0.1197041519790809,0.1197041519790809,0.1197041519790809,0.1197041519790809,0.1197041519790809,0.1197041519790809,0.1197041519790809,0.1197041519790809
2011-01-01,0.6157120674830516,0.5379421530964947,0.6285191681682678,0.5072717971772975,0.6257351312315661,0.6236584490539864,0.5475659268287532,0.6291427207510868,0.4892440797427386,0.5920942711239509,0.5860087079549343,0.5551299279109956,0.5692736206052964,0.5726913907047287,0.5817875913963048
2011-01-02,0.7015028220401931,0.7058392130693389,0.7905254173586089,0.7937721962050786,0.8765649312358034,0.6240594303915946,0.6945239398120487,0.8874176539630266,0.7962351746848141,0.6730729516025615,0.71583323040754,0.794823984048886,0.5853689865133073,0.6289289126693808,0.8536781563937527
2011-01-03,0.8750396168148953,0.7243674213168076,0.8882374131391664,0.971841465051348,1.1000870261169275,0.8420554909837287,0.8532709700813095,1.0935548709467475,1.1042805785158945,0.7580220474480367,0.8607526714559987,1.0511975909272087,0.7440591995419449,0.7662067936860019,1.2089872216685538
2011-01-04,0.4480161631441002,0.1932675397604667,0.5502688299631473,0.6448059540610058,0.6740072768787158,0.45921900805777827,0.5430491928192008,0.8119795304274412,0.7228894712502036,0.28278289663956224,0.26678110468598026,0.5919729609471786,0.32076647802568803,0.5111039334004392,0.8550221109431194
2011-01-05,-0.10067835802032349,-0.513283005889467,0.13322420570525526,0.16149988455098752,0.38405242548978347,-0.13227438103706654,0.12204324992213715,0.34052527608314276,0.18818159758893793,-0.29663427186842717,-0.4399630070519279,0.08305525647638666,0.017756243536041362,0.14752634931545042,0.3473304375385204
2011-01-06,-0.5693299454529387,-0.9490593801681989,-0.1812311918732672,-0.0704224173168376,-0.047255367348662904,-0.43316696196074295,-0.38188163390465574,0.09764142205491018,-0.1711205745863513,-0.6427007614249203,-0.6832386810009303,-0.2862741560844419,-0.05449201084466666,-0.09827167097009518,0.1534098448077351
2011-01-07,-0.8471019372852688,-1.038360111578975,-0.2685186190845209,-0.3246309390324209,-0.10609109576467354,-0.673953705756582,-0.4893359412597479,-0.12985442576905282,-0.43675354582048587,-0.888926701046449,-0.6957046409829248,-0.5372713370227341,-0.2385208542006403,-0.47936906940913426,0.07056516543577944
2011-01-08,-0.9009747740980589,-0.815371502102357,-0.33767905912750645,-0.11292528027714753,-0.1217854333194173,-0.843230869617636,-0.3226148849379378,0.15354068266517348,-0.3290146587273538,-0.9576001789669286,-0.6766045909404361,-0.7109046924583917,-0.13160707095015037,-0.7461034165786591,-0.0449558997254901
2011-01-09,-1.0852532343863635,-0.9635794035847477,-0.6950294261539248,0.046669043809116344,-0.3433162592983962,-0.8813791643708172,-0.05005285757394239,0.41034394298781796,-0.47145329706132777,-0.9581609093618056,-0.583766569993486,-0.8981651898037171,-0.05222864819274531,-1.076908641791684,-0.1550909296300691
2011-01-10,-1.0896379732383676,-1.228423772266371,-0.6943170282593136,0.0733306407748831,-0.3852396800696451,-0.7568510286894857,-0.25407830160080147,0.51287078381769,-0.44223181070278333,-1.0264759589889747,-0.40783995039077037,-0.9231494646146186,0.09979903047450343,-1.1945800924643775,-0.06271490775471247
2011-01-11,-1.0192249140103506,-1.4059765996697984,-0.7310826095136828,0.11678391131172496,-0.27535382996184693,-0.49186217345654737,-0.13841336057332873,0.6469231171545724,-0.13094378067659165,-0.9536502580656251,-0.44460959525171534,-0.9335669962730867,0.23652810966135376,-1.4737599933699654,-0.04556626365088973
2011-01-12,-0.9016016360826294,-1.757470193632537,-0.7711967412162423,0.21418236375914892,-0.25448866059464387,-0.3244389348877172,-0.1947042733777848,0.8689493371820503,-0.31651210036370686,-0.9045936377859435,-0.4001106636296752,-0.8063759068502531,0.4480538004874524,-1.8686204025121336,0.16245842291695095
2011-01-13,-0.8825377567741022,-1.6250552010308095,-0.879184033316945,0.3551984761635191,-0.4915121533457043,-0.17444411009516456,-0.4330670551434949,0.9702705119622854,-0.37089535706523724,-0.7713547025347992,-0.388016777264479,-0.9388017122703689,0.6225382040867383,-1.8169632337309496,0.399470957884891
2011-01-14,-1.0605442016253617,-1.436265377993067,-0.9969559973449875,0.7291264522107811,-0.7110367768471245,-0.19033105322456587,-0.6019888908374188,1.1817769384928072,-0.4611438264133136,-0.6121922626532453,-0.3856676602669337,-1.2301678729352619,0.5411424159319578,-1.8024893343177264,0.4324795781777953
2011-01-15,-1.3219722765741928,-1.2761827560842947,-0.7670168787719198,1.0467857412353379,-0.6467703800417127,-0.033122286807354615,-0.48433751153220356,1.032898402951028,-0.518589141831341,-0.6671514185647079,-0.6643176167349165,-1.2725197925465919,0.48904184083435803,-2.0697594660387195,0.44807600761409755
2011-01-16,-1.5195591034106557,-0.6027318426497268,-0.6700146673927961,1.1851885601389867,-0.7054198665329038,0.3599324672790746,-0.24998604053204074,0.7805511567142782,-0.8051368819031984,-0.5565365535761257,-0.30719740448838784,-1.3033649382149033,0.6261332488497077,-2.144300772830406,0.20224796852897733
2011-01-17,-1.5376802118535273,-0.24434302540699532,-0.44063762066467316,1.1081794511341823,-0.5115619903249563,0.7593758512960108,-0.2711483913028241,0.9156194635456085,-0.8143850129738123,-0.06986512866502738,0.06043981210438399,-1.1167857662412424,0.627213839815474,-2.1411594454083955,0.013293445276153542
2011-01-18,-1.3565666144777164,-0.13599450886676764,-0.23730501008400393,1.3911600935104407,-0.4536394884053143,0.9832916587560528,-0.3734881604953579,0.6770378575456869,-0.7404633200305114,0.24810609781736256,0.4475671936904666,-1.2082138882607674,0.8250043236827547,-1.8844969566884529,0.006146729892653748
2011-01-19,-1.1672560232208145,-0.05988711987557966,-0.08849963351602497,1.4694057035462436,-0.6352636498508356,1.2522640344523128,-0.26382630810163343,0.550908590692941,-0.6894739762882578,0.6803800963664968,0.6568736494708113,-0.9136285247108098,0.9471283614979753,-1.7041699741582197,0.1496043547293402
2011-01-20,-1.040659207154813,0.48775328136972657,-0.38706460473491955,1.4788597036567637,-0.6511679174567659,1.726735900359394,0.06024284565446593,0.5104394448668939,-0.7048042924447384,0.9380675828929333,0.8174632060509783,-0.6294226752449624,0.5568281984360712,-1.6947158264653173,0.2879329740727629
2011-01-21,-0.9654396701811304,1.0130790453732692,-0.6560664606085824,1.081725793029507,-0.25397034238783434,1.8291718924516303,0.47020034670444966,0.3071394296524588,-0.811226455104581,1.0695141973370526,0.591434502905124,-0.5079682501711714,-0.006191433295585269,-1.461246184186842,0.4701187029732104
2011-01-22,-1.0654068047548488,1.505930403468483,-0.5450215217124688,0.5770053617434181,-0.3849284414567416,1.6402075485218082,0.7558140200785106,0.30751674523908484,-1.2850262062639726,1.5349760624268705,0.5169684583369574,-0.3750445127689183,-0.18584555307163236,-1.7459183976786654,0.6140577984830101
2011-01-23,-1.1829709377073274,1.6827953824939679,-0.4658802572763844,0.45757239826371077,-0.2983325740080412,1.4150974158979057,0.9222994507508813,0.23510456210650066,-1.496667729632087,1.536375890512574,0.28959973052407706,-0.131702200042777,-0.4145841181790026,-1.7024842838299712,0.9215112701071172
2011-01-24,-1.2888315328127071,1.72107497241308,-0.5796828558941665,0.36929205956401884,-0.24681584637931261,0.8345189565993895,0.8612155556392039,0.09346399170150238,-1.6912178879795334,1.982784870210177,0.097324054103248,0.06121275069459079,-0.6593470095089875,-1.4161461306169416,0.9782584528102667
2011-01-25,-1.3744979592426896,1.681899076996124,-0.595130218540894,0.3926253116427262,-0.12379702554670678,0.353025250250128,0.7041457988392577,-0.2903683780718523,-1.6698656486974066,2.029014989259359,0.07793408262985756,0.04171894220677917,-1.0599619576085726,-1.2797159428052474,0.8267787977969117
2011-01-26,-1.3258844870057243,1.7066041306011752,-0.49320448105115305,0.31213742694084184,-0.1131934907993571,-0.02140952266616751,0.8151935429398658,-0.6953290985799668,-1.5383291907572676,1.916914301978398,0.015194358866152958,-0.07937958850122517,-1.4006869621948193,-0.9721219710880202,0.5279132315254041
2011-01-27,-0.9609049259337905,1.4872780433856112,-0.6543799117672433,0.4573903616361325,-0.1966290587706002,-0.21012223890891724,0.860620633305376,-0.8479218497980636,-1.593571465684275,1.6585960527303403,0.4086968492114073,-0.10251853016172646,-1.43588299735228,-0.6377497064303355,0.39839801042730777
2011-01-28,-0.8669025357158976,1.2663811354791112,-0.7121061835071997,0.7549297358373745,-0.24572179638138206,-0.45784884716648927,1.0175811329866458,-0.895204738921228,-1.7606136931708751,1.8546938665477697,0.372953149733455,-0.27798248920430857,-1.7225934911536143,-0.8191125911164441,0.2680772657269605
2011-01-29,-0.5941085444694131,1.0509324639781212,-0.520810632224984,1.0931135690279417,-0.05305515304914992,-0.4234933916532577,1.0898838014804724,-1.117288313951304,-1.7988449235035953,1.4569691139186371,-0.013874346041157882,-0.21844421426447783,-1.6637936301133747,-0.8508502718531235,0.3214248626068899
2011-01-30,-0.4207383458995447,1.049302694902477,-0.4050950875362041,1.3579681091387872,-0.18835849994617054,-0.019921010666910103,1.1567855925351627,-1.372787357903054,-1.6499291105265992,1.101336545502498,-0.35546793257848236,0.10114779609862194,-1.531253598092693,-0.8995809096783292,0.4588065086028792
2011-01-31,-0.3966381965793047,1.0153044993432858,-0.3442031444462492,1.2252901662772537,-0.34931300343390886,0.306475715481779,1.3687577341998183,-1.567249549430639,-1.9498271636449795,1.2031320963956076,-0.48526180288130055,0.3393064688123674,-1.1660207065780819,-0.9634399436369044,0.4909300946599491
2011-02-01,-0.26269278710763494,0.9113233795911754,-0.07601641086075625,1.2746120534884247,-0.501359951119555,0.4294498454018725,1.4804880940725993,-1.8103981551500437,-1.8606460044276256,1.373893442260219,-0.4157383774768329,0.6502189119232227,-0.9319764287524663,-1.06317063304095,0.5125661069778343
2011-02-02,-0.31315600716856956,0.9082073445596642,-0.10930952944598518,1.2252162868599514,-0.5024103344467332,0.5347033795658119,1.2866070479380949,-1.992090340277996,-1.4619001228800952,1.237924052839499,-0.5766994730648609,1.0037893802208582,-0.7479523901860693,-1.0874212669872498,0.13880511006526128
2011-02-03,-0.03576432621250834,0.8927215395090865,-0.08212258307597031,1.4263152351922725,-0.6797639225438085,0.4665718713374256,1.0193739613015973,-2.037294155279244,-1.2536859366395414,0.9828827084934069,-0.7616362886190641,1.2631512620875132,-1.0048032756938614,-1.1195919811302528,-0.18412740924259108
2011-02-04,0.20059975442396408,0.6838531837378293,-0.063932087167318,1.437197771607474,-0.5097646158211283,0.4037375146125744,0.8200414590137721,-2.2095989153229407,-1.4367134126056726,1.2396615410440346,-0.8340906155712113,0.8362662465115236,-0.8496736347732029,-1.0246147038225917,-0.0702764519781922
2011-02-05,0.14200968932556582,0.779170142901063,-0.18345025124464523,1.1590504398462609,-0.7475218651192371,0.4051291428552332,0.998103320043716,-2.0793257733872856,-1.3080050682592863,1.2966004441627774,-0.7498801647076395,0.6112411042786586,-0.5335717820193427,-0.7115085973330179,0.3176466187745176
2011-02-06,0.1863778726635734,0.7353254597330631,-0.3363632295035858,1.0515956434497111,-1.0874666390243177,0.5778893810511924,0.77710769711789,-2.331801808846621,-1.0993721536551955,1.0922161914415094,-0.6850858998429186,0.7764430705053248,-0.33159949216776174,-0.5926987632437843,0.47742701060190235
2011-02-07,0.36128814731695913,0.7003437134954342,-0.44263598013050437,0.8403207119989414,-1.1604985638235286,0.5767943989186406,0.5009144582720972,-2.3426273643797684,-0.6671448773472748,0.9982830818977328,-0.7434050502677866,0.9424300099129158,-0.3073681377725557,-0.1868388089183443,0.3216203084208297
2011-02-08,0.5933831758522893,0.5420177088923227,-0.5542263157251213,0.3697320774077151,-1.0783682913233048,0.7565492428190821,0.3565660821643951,-2.2230070519480725,-0.6323761144396504,1.0430163707641806,-0.4556395213275074,1.030010561308398,-0.13794307508147374,-0.017390168341232068,0.24984626699592793
2011-02-09,0.6051897698693943,0.6875330824732041,-0.64389010779028,0.32772723640795987,-0.7619925436394009,0.8812038599108409,0.35187467703015973,-2.087123256250802,-0.5606956969146404,1.3844635516945698,-0.30763654403187507,1.0513909001904804,0.19556296798242304,-0.15210070614096513,0.34660437394264815
2011-02-10,0.2545680421855902,0.5690306318873201,-0.40983878572437477,-0.10166932793500635,-0.4821197643823005,1.0087141910814474,0.3329972505301314,-2.227591798726826,-0.03334310348064365,1.493600410568618,-0.09587678214624638,1.2294543660880206,0.30667217908285105,0.28711897720606677,0.5579327835422978
2011-02-11,0.27459110311258544,0.42950519186776503,0.10588075684141873,-0.002645458202816167,-0.6723975769164682,1.1791578945784085,0.23501241849548812,-2.089374804970261,0.42155863787579634,1.0879121437153576,0.30882532327707063,1.418490982634857,0.3225922162554235,0.43105168330483873,0.7929911409936946
2011-02-12,0.5568543425589252,0.2762704196372297,0.08784920389703599,0.31793412405554716,-0.6538951147970313,1.1832940093960402,0.7683848495318979,-1.7682489577725533,0.7373611852570512,0.7624213351072522,0.32812418425406753,1.684889242249225,0.3618041315239972,0.49069342301246444,1.0958594765309917
2011-02-13,0.43210759253880887,0.3557488194207822,0.15651130313736863,0.4562623742791254,-0.8481407648676409,0.7424721488928471,1.3178721165021525,-1.582864529325615,0.8827548179148879,0.6977539229340319,0.42320978260339487,1.6995150300933146,0.3110550191832552,0.21708917565781333,1.1962183679629972
2011-02-14,0.21187934701631989,-0.05465898939414775,0.0016321849249736312,0.5857796193455878,-0.48833414862997887,0.6223742441082982,1.6527790725186917,-1.0098095746551523,1.3566653378089857,0.7050794569259434,0.4036447565603225,1.4805232147445162,0.39835398532607313,0.44787346909448333,1.1578493449581688
2011-02-15,-0.07618551093989456,-0.4037759580039478,0.08316031807452255,0.3643812179453345,-0.33004540686527556,0.8488434110887243,1.4588125380515333,-0.8871911235792111,1.4270375571802514,0.7651051354738314,0.6366141440952684,1.5069949025342457,0.4696601275314322,0.3797324154535794,1.2729667824163573
2011-02-16,0.022975138689403454,-0.6849352928849614,-0.14364887327144849,0.29971942267602103,-0.23699427884260044,0.8611806807459494,1.144737575777113,-0.47888066168552607,1.696152863367577,0.4575496742595959,0.9782837353864442,1.2501183504807851,0.4263685217421217,0.5130043206387523,1.3673668323763843
2011-02-17,0.21641495363022756,-0.9328981430893991,-0.43086318170397825,-0.007296857463767843,-0.014874052653890744,0.389683760149578,0.9409386086934187,-0.3706209085664374,1.7167314472032424,0.15580142048384854,1.1688357399250797,0.8991820348300028,0.08917818160771544,0.9381175342527656,0.9034067510430395
2011-02-18,0.2144391379403193,-1.2347814967338544,-0.7787259324919185,-0.23270253787375286,-0.013900693127005112,0.34864579042424143,1.0027254907908614,-0.25307014744149003,1.681793401643532,0.3018637197828232,1.299661887144689,0.8045521353292934,0.25958571291198085,1.2102186169140012,0.6804018366321642
2011-02-19,0.09537324082308778,-1.4732312021570575,-0.8860768562175534,-0.2073587083273441,-0.2124386107860993,0.2902207922663049,0.9378409474945958,-0.17735957087219262,1.9334167454021827,0.4389658653070119,1.3711953395239456,1.128108904894016,0.34342958336051277,1.1823156249880054,0.6620169169252135
2011-02-20,-0.029568346791192107,-1.5176073480876546,-1.16050178993081,-0.16777942329658205,-0.2821512047807141,0.04292749425911112,0.9366861031839534,-0.20475185108677257,1.961118563070782,0.5648016753486282,1.5909553964957397,1.524691203476554,0.6670181374116342,1.2400302146699764,0.8572449510488647
2011-02-21,0.06911736592324028,-1.4474122669202427,-0.9551291136848018,-0.19120261296461738,-0.2847868990375266,-0.2280059725566863,0.6595406636970207,0.1949605442717373,2.2114500780628283,0.516855613627633,1.6563613835913304,1.5839821885607843,0.7448984978756616,1.5311927785622403,0.9792835692670951
2011-02-22,0.1795906958199672,-1.4713058943155675,-1.0133281692324665,-0.2505460141097298,-0.47732386900580853,-0.5739517783390234,0.6838020739438808,0.5201976086054942,1.8806569509143802,0.7885643935478915,2.2129883876301353,1.1826878728606156,0.6934052252748603,1.5877717060044467,1.0228394634901885
2011-02-23,0.4379405740781364,-1.4421091151092027,-1.296192450728295,-0.3395925480110664,-0.6976030383952104,-0.7843998502045089,0.8159075064547904,0.22966035399741297,2.1027011396457245,1.097312410570968,2.495009466662098,1.1462410786399797,0.5897417550138868,1.4706111562095259,1.2031494804439347
2011-02-24,0.4963912957306253,-1.3772883645391796,-1.4067615123820698,-0.44362618644187796,-0.7873493837647932,-0.6140882651733316,1.2277048227158172,0.27337549536873307,2.044767958487388,1.2956079344395595,2.4111992199649275,1.145618038778762,0.6090538407773222,1.2107469523060834,0.9156996369404421
2011-02-25,0.5068090263523388,-1.109943800444708,-1.309380797762125,-0.5377112335077922,-0.9093265309911768,-0.44265006501052384,1.1976583477690248,0.4264311001751141,1.7801810006731906,1.586084263476409,2.4671305655263183,0.8995543293191921,0.33338146085806103,1.139686297106943,0.3568601760772691
2011-02-26,0.6729770683420031,-0.8972928135746171,-1.2051663487396718,-0.5483083176899951,-0.9933341620473949,-0.3699808975293992,1.0496836315875342,0.35186755579455575,1.5210236303763027,2.03844417043431,2.3118063082628035,0.38895833661034995,-0.0053458049885731045,0.8989208297743837,0.16620076297083927
2011-02-27,0.6831041675868023,-0.9901135166283453,-1.1672989401742513,-0.773680107684201,-1.0141027407286665,-0.7315306672126365,0.8389092830499691,0.39636607586809375,1.2964709992264316,1.809881813088401,2.0637712463923044,0.29411552303835115,-0.26443878656647,0.6109249109235555,0.3034192801567806
2011-02-28,0.8261202720082541,-0.8839108000683963,-1.2047900695080136,-0.8436954779000766,-0.9827964792965276,-0.8951294090950378,0.8964413805776075,0.6413448541091634,0.9858955541329081,1.5960708976134528,1.912522192189917,-0.017003965059949847,-0.38609358116927306,0.5264658454961213,0.6275438651059709
2011-03-01,0.9288775950002923,-0.8053810887552435,-1.3369367247149282,-1.3066736384349966,-0.6970835722499243,-0.9099197900363971,0.7964933341115226,1.2724638396505428,0.8936732122115094,1.440951372520578,1.9182388578100626,0.25191242810521736,-0.28035723705951554,0.49153350943941326,0.7789779190485687
2011-03-02,1.2972202780058186,-0.5572859925264907,-1.2494856815048412,-1.4610753774535228,-0.69756060438027,-0.6641489955739939,0.6685169479906908,1.4932514024767698,0.9917853890684286,1.3185536530497652,1.9301974011555818,0.7072419960968659,-0.3932821729653166,0.4016763750517272,0.7329914881593098
