,1,2,3,4,5,6,7,8,9,10,11,12,13,14,15
2011-09-03,0.013548144098163696,0.013548144098163696,0.013548144098163696,0.013548144098163696,0.013548144098163696,0.013548144098163696,0.013548144098163696,0.013548144098163696,0.013548144098163696,0.013548144098163696,0.013548144098163696,0.013548144098163696,0.013548144098163696,0.013548144098163696,0.013548144098163696
2011-09-04,-0.01470606411451167,-0.01470606411451167,-0.01470606411451167,-0.01470606411451167,-0.01470606411451167,-0.01470606411451167,-0.01470606411451167,-0.01470606411451167,-0.01470606411451167,-0.01470606411451167,-0.01470606411451167,-0.01470606411451167,-0.01470606411451167,-0.01470606411451167,-0.01470606411451167
2011-09-05,0.08666457697691482,0.08666457697691482,0.08666457697691482,0.08666457697691482,0.08666457697691482,0.08666457697691482,0.08666457697691482,0.08666457697691482,0.08666457697691482,0.08666457697691482,0.08666457697691482,0.08666457697691482,0.08666457697691482,0.08666457697691482,0.08666457697691482
2011-09-06,-0.10596900793280746,-0.10596900793280746,-0.10596900793280746,-0.10596900793280746,-0.10596900793280746,-0.10596900793280746,-0.10596900793280746,-0.10596900793280746,-0.10596900793280746,-0.10596900793280746,-0.10596900793280746,-0.10596900793280746,-0.10596900793280746,-0.10596900793280746,-0.10596900793280746
2011-09-07,-0.41230087054694153,-0.41230087054694153,-0.41230087054694153,-0.41230087054694153,-0.41230087054694153,-0.41230087054694153,-0.41230087054694153,-0.41230087054694153,-0.41230087054694153,-0.41230087054694153,-0.41230087054694153,-0.41230087054694153,-0.41230087054694153,-0.41230087054694153,-0.41230087054694153
2011-09-08,-0.293094201448387,-0.293094201448387,-0.293094201448387,-0.293094201448387,-0.293094201448387,-0.293094201448387,-0.293094201448387,-0.293094201448387,-0.293094201448387,-0.293094201448387,-0.293094201448387,-0.293094201448387,-0.293094201448387,-0.293094201448387,-0.293094201448387
2011-09-09,-0.29242552479943923,-0.29242552479943923,-0.29242552479943923,-0.29242552479943923,-0.29242552479943923,-0.29242552479943923,-0.29242552479943923,-0.29242552479943923,-0.29242552479943923,-0.29242552479943923,-0.29242552479943923,-0.29242552479943923,-0.29242552479943923,-0.29242552479943923,-0.29242552479943923
2011-09-10,-0.6734562081576813,-0.6734562081576813,-0.6734562081576813,-0.6734562081576813,-0.6734562081576813,-0.6734562081576813,-0.6734562081576813,-0.6734562081576813,-0.6734562081576813,-0.6734562081576813,-0.6734562081576813,-0.6734562081576813,-0.6734562081576813,-0.6734562081576813,-0.6734562081576813
2011-09-11,-0.6099472257768844,-0.6099472257768844,-0.6099472257768844,-0.6099472257768844,-0.6099472257768844,-0.6099472257768844,-0.6099472257768844,-0.6099472257768844,-0.6099472257768844,-0.6099472257768844,-0.6099472257768844,-0.6099472257768844,-0.6099472257768844,-0.6099472257768844,-0.6099472257768844
2011-09-12,-0.6520218753708975,-0.6520218753708975,-0.6520218753708975,-0.6520218753708975,-0.6520218753708975,-0.6520218753708975,-0.6520218753708975,-0.6520218753708975,-0.6520218753708975,-0.6520218753708975,-0.6520218753708975,-0.6520218753708975,-0.6520218753708975,-0.6520218753708975,-0.6520218753708975
2011-09-13,-0.6010860628332473,-0.6010860628332473,-0.6010860628332473,-0.6010860628332473,-0.6010860628332473,-0.6010860628332473,-0.6010860628332473,-0.6010860628332473,-0.6010860628332473,-0.6010860628332473,-0.6010860628332473,-0.6010860628332473,-0.6010860628332473,-0.6010860628332473,-0.6010860628332473
2011-09-14,-0.44264281231027647,-0.44264281231027647,-0.44264281231027647,-0.44264281231027647,-0.44264281231027647,-0.44264281231027647,-0.44264281231027647,-0.44264281231027647,-0.44264281231027647,-0.44264281231027647,-0.44264281231027647,-0.44264281231027647,-0.44264281231027647,-0.44264281231027647,-0.44264281231027647
2011-09-15,-0.0560727911118779,-0.0560727911118779,-0.0560727911118779,-0.0560727911118779,-0.0560727911118779,-0.0560727911118779,-0.0560727911118779,-0.0560727911118779,-0.0560727911118779,-0.0560727911118779,-0.0560727911118779,-0.0560727911118779,-0.0560727911118779,-0.0560727911118779,-0.0560727911118779
2011-09-16,-0.27783754531563465,-0.27783754531563465,-0.27783754531563465,-0.27783754531563465,-0.27783754531563465,-0.27783754531563465,-0.27783754531563465,-0.27783754531563465,-0.27783754531563465,-0.27783754531563465,-0.27783754531563465,-0.27783754531563465,-0.27783754531563465,-0.27783754531563465,-0.27783754531563465
2011-09-17,-0.2599930275715238,-0.2599930275715238,-0.2599930275715238,-0.2599930275715238,-0.2599930275715238,-0.2599930275715238,-0.2599930275715238,-0.2599930275715238,-0.2599930275715238,-0.2599930275715238,-0.2599930275715238,-0.2599930275715238,-0.2599930275715238,-0.2599930275715238,-0.2599930275715238
2011-09-18,-0.33515477043220154,-0.33515477043220154,-0.33515477043220154,-0.33515477043220154,-0.33515477043220154,-0.33515477043220154,-0.33515477043220154,-0.33515477043220154,-0.33515477043220154,-0.33515477043220154,-0.33515477043220154,-0.33515477043220154,-0.33515477043220154,-0.33515477043220154,-0.33515477043220154
2011-09-19,-0.3646513124526655,-0.3646513124526655,-0.3646513124526655,-0.3646513124526655,-0.3646513124526655,-0.3646513124526655,-0.3646513124526655,-0.3646513124526655,-0.3646513124526655,-0.3646513124526655,-0.3646513124526655,-0.3646513124526655,-0.3646513124526655,-0.3646513124526655,-0.3646513124526655
2011-09-20,-0.18911014936911547,-0.18911014936911547,-0.18911014936911547,-0.18911014936911547,-0.18911014936911547,-0.18911014936911547,-0.18911014936911547,-0.18911014936911547,-0.18911014936911547,-0.18911014936911547,-0.18911014936911547,-0.18911014936911547,-0.18911014936911547,-0.18911014936911547,-0.18911014936911547
2011-09-21,0.07667677267808437,0.07667677267808437,0.07667677267808437,0.07667677267808437,0.07667677267808437,0.07667677267808437,0.07667677267808437,0.07667677267808437,0.07667677267808437,0.07667677267808437,0.07667677267808437,0.07667677267808437,0.07667677267808437,0.07667677267808437,0.07667677267808437
2011-09-22,0.5460536096717955,0.5460536096717955,0.5460536096717955,0.5460536096717955,0.5460536096717955,0.5460536096717955,0.5460536096717955,0.5460536096717955,0.5460536096717955,0.5460536096717955,0.5460536096717955,0.5460536096717955,0.5460536096717955,0.5460536096717955,0.5460536096717955
2011-09-23,0.6689957200633861,0.6689957200633861,0.6689957200633861,0.6689957200633861,0.6689957200633861,0.6689957200633861,0.6689957200633861,0.6689957200633861,0.6689957200633861,0.6689957200633861,0.6689957200633861,0.6689957200633861,0.6689957200633861,0.6689957200633861,0.6689957200633861
2011-09-24,0.5585791556574582,0.5585791556574582,0.5585791556574582,0.5585791556574582,0.5585791556574582,0.5585791556574582,0.5585791556574582,0.5585791556574582,0.5585791556574582,0.5585791556574582,0.5585791556574582,0.5585791556574582,0.5585791556574582,0.5585791556574582,0.5585791556574582
2011-09-25,0.6601301681616158,0.6601301681616158,0.6601301681616158,0.6601301681616158,0.6601301681616158,0.6601301681616158,0.6601301681616158,0.6601301681616158,0.6601301681616158,0.6601301681616158,0.6601301681616158,0.6601301681616158,0.6601301681616158,0.6601301681616158,0.6601301681616158
2011-09-26,0.9530905129371038,0.9530905129371038,0.9530905129371038,0.9530905129371038,0.9530905129371038,0.9530905129371038,0.9530905129371038,0.9530905129371038,0.9530905129371038,0.9530905129371038,0.9530905129371038,0.9530905129371038,0.9530905129371038,0.9530905129371038,0.9530905129371038
2011-09-27,0.7743103169980521,0.7743103169980521,0.7743103169980521,0.7743103169980521,0.7743103169980521,0.7743103169980521,0.7743103169980521,0.7743103169980521,0.7743103169980521,0.7743103169980521,0.7743103169980521,0.7743103169980521,0.7743103169980521,0.7743103169980521,0.7743103169980521
2011-09-28,0.941528097459688,0.941528097459688,0.941528097459688,0.941528097459688,0.941528097459688,0.941528097459688,0.941528097459688,0.941528097459688,0.941528097459688,0.941528097459688,0.941528097459688,0.941528097459688,0.941528097459688,0.941528097459688,0.941528097459688
2011-09-29,1.3090990282488353,1.3090990282488353,1.3090990282488353,1.3090990282488353,1.3090990282488353,1.3090990282488353,1.3090990282488353,1.3090990282488353,1.3090990282488353,1.3090990282488353,1.3090990282488353,1.3090990282488353,1.3090990282488353,1.3090990282488353,1.3090990282488353
2011-09-30,1.5525203103469962,1.5525203103469962,1.5525203103469962,1.5525203103469962,1.5525203103469962,1.5525203103469962,1.5525203103469962,1.5525203103469962,1.5525203103469962,1.5525203103469962,1.5525203103469962,1.5525203103469962,1.5525203103469962,1.5525203103469962,1.5525203103469962
2011-10-01,1.5392648897219965,1.5392648897219965,1.5392648897219965,1.5392648897219965,1.5392648897219965,1.5392648897219965,1.5392648897219965,1.5392648897219965,1.5392648897219965,1.5392648897219965,1.5392648897219965,1.5392648897219965,1.5392648897219965,1.5392648897219965,1.5392648897219965
2011-10-02,1.2351108977129561,1.2351108977129561,1.2351108977129561,1.2351108977129561,1.2351108977129561,1.2351108977129561,1.2351108977129561,1.2351108977129561,1.2351108977129561,1.2351108977129561,1.2351108977129561,1.2351108977129561,1.2351108977129561,1.2351108977129561,1.2351108977129561
2011-10-03,1.3592402119696978,1.3592402119696978,1.3592402119696978,1.3592402119696978,1.3592402119696978,1.3592402119696978,1.3592402119696978,1.3592402119696978,1.3592402119696978,1.3592402119696978,1.3592402119696978,1.3592402119696978,1.3592402119696978,1.3592402119696978,1.3592402119696978
2011-10-04,1.271482825418567,1.271482825418567,1.271482825418567,1.271482825418567,1.271482825418567,1.271482825418567,1.271482825418567,1.271482825418567,1.271482825418567,1.271482825418567,1.271482825418567,1.271482825418567,1.271482825418567,1.271482825418567,1.271482825418567
2011-10-05,1.2658388656137507,1.2658388656137507,1.2658388656137507,1.2658388656137507,1.2658388656137507,1.2658388656137507,1.2658388656137507,1.2658388656137507,1.2658388656137507,1.2658388656137507,1.2658388656137507,1.2658388656137507,1.2658388656137507,1.2658388656137507,1.2658388656137507
2011-10-06,1.4675348879490873,1.4675348879490873,1.4675348879490873,1.4675348879490873,1.4675348879490873,1.4675348879490873,1.4675348879490873,1.4675348879490873,1.4675348879490873,1.4675348879490873,1.4675348879490873,1.4675348879490873,1.4675348879490873,1.4675348879490873,1.4675348879490873
2011-10-07,1.5667953407825899,1.5667953407825899,1.5667953407825899,1.5667953407825899,1.5667953407825899,1.5667953407825899,1.5667953407825899,1.5667953407825899,1.5667953407825899,1.5667953407825899,1.5667953407825899,1.5667953407825899,1.5667953407825899,1.5667953407825899,1.5667953407825899
2011-10-08,1.4615266093077681,1.4615266093077681,1.4615266093077681,1.4615266093077681,1.4615266093077681,1.4615266093077681,1.4615266093077681,1.4615266093077681,1.4615266093077681,1.4615266093077681,1.4615266093077681,1.4615266093077681,1.4615266093077681,1.4615266093077681,1.4615266093077681
2011-10-09,1.2827807435696084,1.2827807435696084,1.2827807435696084,1.2827807435696084,1.2827807435696084,1.2827807435696084,1.2827807435696084,1.2827807435696084,1.2827807435696084,1.2827807435696084,1.2827807435696084,1.2827807435696084,1.2827807435696084,1.2827807435696084,1.2827807435696084
2011-10-10,1.2417356646049915,1.2417356646049915,1.2417356646049915,1.2417356646049915,1.2417356646049915,1.2417356646049915,1.2417356646049915,1.2417356646049915,1.2417356646049915,1.2417356646049915,1.2417356646049915,1.2417356646049915,1.2417356646049915,1.2417356646049915,1.2417356646049915
2011-10-11,0.722320596548032,0.722320596548032,0.722320596548032,0.722320596548032,0.722320596548032,0.722320596548032,0.722320596548032,0.722320596548032,0.722320596548032,0.722320596548032,0.722320596548032,0.722320596548032,0.722320596548032,0.722320596548032,0.722320596548032
2011-10-12,0.726167947174121,0.726167947174121,0.726167947174121,0.726167947174121,0.726167947174121,0.726167947174121,0.726167947174121,0.726167947174121,0.726167947174121,0.726167947174121,0.726167947174121,0.726167947174121,0.726167947174121,0.726167947174121,0.726167947174121
2011-10-13,0.534300296689371,0.534300296689371,0.534300296689371,0.534300296689371,0.534300296689371,0.534300296689371,0.534300296689371,0.534300296689371,0.534300296689371,0.534300296689371,0.534300296689371,0.534300296689371,0.534300296689371,0.534300296689371,0.534300296689371
2011-10-14,0.4539077907012743,0.4539077907012743,0.4539077907012743,0.4539077907012743,0.4539077907012743,0.4539077907012743,0.4539077907012743,0.4539077907012743,0.4539077907012743,0.4539077907012743,0.4539077907012743,0.4539077907012743,0.4539077907012743,0.4539077907012743,0.4539077907012743
2011-10-15,0.14318499114696018,0.14318499114696018,0.14318499114696018,0.14318499114696018,0.14318499114696018,0.14318499114696018,0.14318499114696018,0.14318499114696018,0.14318499114696018,0.14318499114696018,0.14318499114696018,0.14318499114696018,0.14318499114696018,0.14318499114696018,0.14318499114696018
2011-10-16,-0.5574470086978515,-0.5574470086978515,-0.5574470086978515,-0.5574470086978515,-0.5574470086978515,-0.5574470086978515,-0.5574470086978515,-0.5574470086978515,-0.5574470086978515,-0.5574470086978515,-0.5574470086978515,-0.5574470086978515,-0.5574470086978515,-0.5574470086978515,-0.5574470086978515
2011-10-17,-1.298557793746628,-1.298557793746628,-1.298557793746628,-1.298557793746628,-1.298557793746628,-1.298557793746628,-1.298557793746628,-1.298557793746628,-1.298557793746628,-1.298557793746628,-1.298557793746628,-1.298557793746628,-1.298557793746628,-1.298557793746628,-1.298557793746628
2011-10-18,-1.7262098577755995,-1.7262098577755995,-1.7262098577755995,-1.7262098577755995,-1.7262098577755995,-1.7262098577755995,-1.7262098577755995,-1.7262098577755995,-1.7262098577755995,-1.7262098577755995,-1.7262098577755995,-1.7262098577755995,-1.7262098577755995,-1.7262098577755995,-1.7262098577755995
2011-10-19,-1.9348406233850308,-1.9348406233850308,-1.9348406233850308,-1.9348406233850308,-1.9348406233850308,-1.9348406233850308,-1.9348406233850308,-1.9348406233850308,-1.9348406233850308,-1.9348406233850308,-1.9348406233850308,-1.9348406233850308,-1.9348406233850308,-1.9348406233850308,-1.9348406233850308
2011-10-20,-2.1192611008068214,-2.1192611008068214,-2.1192611008068214,-2.1192611008068214,-2.1192611008068214,-2.1192611008068214,-2.1192611008068214,-2.1192611008068214,-2.1192611008068214,-2.1192611008068214,-2.1192611008068214,-2.1192611008068214,-2.1192611008068214,-2.1192611008068214,-2.1192611008068214
2011-10-21,-1.9438441365294303,-1.9438441365294303,-1.9438441365294303,-1.9438441365294303,-1.9438441365294303,-1.9438441365294303,-1.9438441365294303,-1.9438441365294303,-1.9438441365294303,-1.9438441365294303,-1.9438441365294303,-1.9438441365294303,-1.9438441365294303,-1.9438441365294303,-1.9438441365294303
2011-10-22,-1.66686139558144,-1.66686139558144,-1.66686139558144,-1.66686139558144,-1.66686139558144,-1.66686139558144,-1.66686139558144,-1.66686139558144,-1.66686139558144,-1.66686139558144,-1.66686139558144,-1.66686139558144,-1.66686139558144,-1.66686139558144,-1.66686139558144
2011-10-23,-1.4635216752554108,-1.4635216752554108,-1.4635216752554108,-1.4635216752554108,-1.4635216752554108,-1.4635216752554108,-1.4635216752554108,-1.4635216752554108,-1.4635216752554108,-1.4635216752554108,-1.4635216752554108,-1.4635216752554108,-1.4635216752554108,-1.4635216752554108,-1.4635216752554108
2011-10-24,-1.454214634226428,-1.454214634226428,-1.454214634226428,-1.454214634226428,-1.454214634226428,-1.454214634226428,-1.454214634226428,-1.454214634226428,-1.454214634226428,-1.454214634226428,-1.454214634226428,-1.454214634226428,-1.454214634226428,-1.454214634226428,-1.454214634226428
2011-10-25,-1.0118941027515862,-1.0118941027515862,-1.0118941027515862,-1.0118941027515862,-1.0118941027515862,-1.0118941027515862,-1.0118941027515862,-1.0118941027515862,-1.0118941027515862,-1.0118941027515862,-1.0118941027515862,-1.0118941027515862,-1.0118941027515862,-1.0118941027515862,-1.0118941027515862
2011-10-26,-0.7838769286767263,-0.7838769286767263,-0.7838769286767263,-0.7838769286767263,-0.7838769286767263,-0.7838769286767263,-0.7838769286767263,-0.7838769286767263,-0.7838769286767263,-0.7838769286767263,-0.7838769286767263,-0.7838769286767263,-0.7838769286767263,-0.7838769286767263,-0.7838769286767263
2011-10-27,-0.7180069912463545,-0.7180069912463545,-0.7180069912463545,-0.7180069912463545,-0.7180069912463545,-0.7180069912463545,-0.7180069912463545,-0.7180069912463545,-0.7180069912463545,-0.7180069912463545,-0.7180069912463545,-0.7180069912463545,-0.7180069912463545,-0.7180069912463545,-0.7180069912463545
2011-10-28,-0.7469212246111421,-0.7469212246111421,-0.7469212246111421,-0.7469212246111421,-0.7469212246111421,-0.7469212246111421,-0.7469212246111421,-0.7469212246111421,-0.7469212246111421,-0.7469212246111421,-0.7469212246111421,-0.7469212246111421,-0.7469212246111421,-0.7469212246111421,-0.7469212246111421
2011-10-29,-0.5778580628426411,-0.5778580628426411,-0.5778580628426411,-0.5778580628426411,-0.5778580628426411,-0.5778580628426411,-0.5778580628426411,-0.5778580628426411,-0.5778580628426411,-0.5778580628426411,-0.5778580628426411,-0.5778580628426411,-0.5778580628426411,-0.5778580628426411,-0.5778580628426411
2011-10-30,-0.6166795075016005,-0.6166795075016005,-0.6166795075016005,-0.6166795075016005,-0.6166795075016005,-0.6166795075016005,-0.6166795075016005,-0.6166795075016005,-0.6166795075016005,-0.6166795075016005,-0.6166795075016005,-0.6166795075016005,-0.6166795075016005,-0.6166795075016005,-0.6166795075016005
2011-10-31,-0.5322309421547633,-0.5322309421547633,-0.5322309421547633,-0.5322309421547633,-0.5322309421547633,-0.5322309421547633,-0.5322309421547633,-0.5322309421547633,-0.5322309421547633,-0.5322309421547633,-0.5322309421547633,-0.5322309421547633,-0.5322309421547633,-0.5322309421547633,-0.5322309421547633
2011-11-01,-0.4044871206093407,-0.4044871206093407,-0.4044871206093407,-0.4044871206093407,-0.4044871206093407,-0.4044871206093407,-0.4044871206093407,-0.4044871206093407,-0.4044871206093407,-0.4044871206093407,-0.4044871206093407,-0.4044871206093407,-0.4044871206093407,-0.4044871206093407,-0.4044871206093407
2011-11-02,-0.4465335025648318,-0.4465335025648318,-0.4465335025648318,-0.4465335025648318,-0.4465335025648318,-0.4465335025648318,-0.4465335025648318,-0.4465335025648318,-0.4465335025648318,-0.4465335025648318,-0.4465335025648318,-0.4465335025648318,-0.4465335025648318,-0.4465335025648318,-0.4465335025648318
2011-11-03,-0.45269193736972463,-0.45269193736972463,-0.45269193736972463,-0.45269193736972463,-0.45269193736972463,-0.45269193736972463,-0.45269193736972463,-0.45269193736972463,-0.45269193736972463,-0.45269193736972463,-0.45269193736972463,-0.45269193736972463,-0.45269193736972463,-0.45269193736972463,-0.45269193736972463
2011-11-04,-0.26334315362789706,-0.26334315362789706,-0.26334315362789706,-0.26334315362789706,-0.26334315362789706,-0.26334315362789706,-0.26334315362789706,-0.26334315362789706,-0.26334315362789706,-0.26334315362789706,-0.26334315362789706,-0.26334315362789706,-0.26334315362789706,-0.26334315362789706,-0.26334315362789706
2011-11-05,0.16271541888964555,0.16271541888964555,0.16271541888964555,0.16271541888964555,0.16271541888964555,0.16271541888964555,0.16271541888964555,0.16271541888964555,0.16271541888964555,0.16271541888964555,0.16271541888964555,0.16271541888964555,0.16271541888964555,0.16271541888964555,0.16271541888964555
2011-11-06,0.4298102310083295,0.4298102310083295,0.4298102310083295,0.4298102310083295,0.4298102310083295,0.4298102310083295,0.4298102310083295,0.4298102310083295,0.4298102310083295,0.4298102310083295,0.4298102310083295,0.4298102310083295,0.4298102310083295,0.4298102310083295,0.4298102310083295
2011-11-07,0.7571353028484551,0.7571353028484551,0.7571353028484551,0.7571353028484551,0.7571353028484551,0.7571353028484551,0.7571353028484551,0.7571353028484551,0.7571353028484551,0.7571353028484551,0.7571353028484551,0.7571353028484551,0.7571353028484551,0.7571353028484551,0.7571353028484551
2011-11-08,1.1054527282067192,1.1054527282067192,1.1054527282067192,1.1054527282067192,1.1054527282067192,1.1054527282067192,1.1054527282067192,1.1054527282067192,1.1054527282067192,1.1054527282067192,1.1054527282067192,1.1054527282067192,1.1054527282067192,1.1054527282067192,1.1054527282067192
2011-11-09,1.6200348274946363,1.6200348274946363,1.6200348274946363,1.6200348274946363,1.6200348274946363,1.6200348274946363,1.6200348274946363,1.6200348274946363,1.6200348274946363,1.6200348274946363,1.6200348274946363,1.6200348274946363,1.6200348274946363,1.6200348274946363,1.6200348274946363
2011-11-10,1.8100074083701103,1.8100074083701103,1.8100074083701103,1.8100074083701103,1.8100074083701103,1.8100074083701103,1.8100074083701103,1.8100074083701103,1.8100074083701103,1.8100074083701103,1.8100074083701103,1.8100074083701103,1.8100074083701103,1.8100074083701103,1.8100074083701103
2011-11-11,1.5306674491068346,1.5306674491068346,1.5306674491068346,1.5306674491068346,1.5306674491068346,1.5306674491068346,1.5306674491068346,1.5306674491068346,1.5306674491068346,1.5306674491068346,1.5306674491068346,1.5306674491068346,1.5306674491068346,1.5306674491068346,1.5306674491068346
2011-11-12,1.344142304785824,1.344142304785824,1.344142304785824,1.344142304785824,1.344142304785824,1.344142304785824,1.344142304785824,1.344142304785824,1.344142304785824,1.344142304785824,1.344142304785824,1.344142304785824,1.344142304785824,1.344142304785824,1.344142304785824
2011-11-13,1.4509888951729635,1.4509888951729635,1.4509888951729635,1.4509888951729635,1.4509888951729635,1.4509888951729635,1.4509888951729635,1.4509888951729635,1.4509888951729635,1.4509888951729635,1.4509888951729635,1.4509888951729635,1.4509888951729635,1.4509888951729635,1.4509888951729635
2011-11-14,1.161881193380284,1.161881193380284,1.161881193380284,1.161881193380284,1.161881193380284,1.161881193380284,1.161881193380284,1.161881193380284,1.161881193380284,1.161881193380284,1.161881193380284,1.161881193380284,1.161881193380284,1.161881193380284,1.161881193380284
2011-11-15,0.8540540410767875,0.8540540410767875,0.8540540410767875,0.8540540410767875,0.8540540410767875,0.8540540410767875,0.8540540410767875,0.8540540410767875,0.8540540410767875,0.8540540410767875,0.8540540410767875,0.8540540410767875,0.8540540410767875,0.8540540410767875,0.8540540410767875
2011-11-16,0.5501221409464948,0.5501221409464948,0.5501221409464948,0.5501221409464948,0.5501221409464948,0.5501221409464948,0.5501221409464948,0.5501221409464948,0.5501221409464948,0.5501221409464948,0.5501221409464948,0.5501221409464948,0.5501221409464948,0.5501221409464948,0.5501221409464948
2011-11-17,0.3569733863604439,0.3569733863604439,0.3569733863604439,0.3569733863604439,0.3569733863604439,0.3569733863604439,0.3569733863604439,0.3569733863604439,0.3569733863604439,0.3569733863604439,0.3569733863604439,0.3569733863604439,0.3569733863604439,0.3569733863604439,0.3569733863604439
2011-11-18,-0.057723496813366165,-0.057723496813366165,-0.057723496813366165,-0.057723496813366165,-0.057723496813366165,-0.057723496813366165,-0.057723496813366165,-0.057723496813366165,-0.057723496813366165,-0.057723496813366165,-0.057723496813366165,-0.057723496813366165,-0.057723496813366165,-0.057723496813366165,-0.057723496813366165
2011-11-19,-0.09903816129133726,-0.09903816129133726,-0.09903816129133726,-0.09903816129133726,-0.09903816129133726,-0.09903816129133726,-0.09903816129133726,-0.09903816129133726,-0.09903816129133726,-0.09903816129133726,-0.09903816129133726,-0.09903816129133726,-0.09903816129133726,-0.09903816129133726,-0.09903816129133726
2011-11-20,-0.3023539372224703,-0.3023539372224703,-0.3023539372224703,-0.3023539372224703,-0.3023539372224703,-0.3023539372224703,-0.3023539372224703,-0.3023539372224703,-0.3023539372224703,-0.3023539372224703,-0.3023539372224703,-0.3023539372224703,-0.3023539372224703,-0.3023539372224703,-0.3023539372224703
2011-11-21,-0.32648454316822584,-0.32648454316822584,-0.32648454316822584,-0.32648454316822584,-0.32648454316822584,-0.32648454316822584,-0.32648454316822584,-0.32648454316822584,-0.32648454316822584,-0.32648454316822584,-0.32648454316822584,-0.32648454316822584,-0.32648454316822584,-0.32648454316822584,-0.32648454316822584
2011-11-22,-0.7786360757796451,-0.7786360757796451,-0.7786360757796451,-0.7786360757796451,-0.7786360757796451,-0.7786360757796451,-0.7786360757796451,-0.7786360757796451,-0.7786360757796451,-0.7786360757796451,-0.7786360757796451,-0.7786360757796451,-0.7786360757796451,-0.7786360757796451,-0.7786360757796451
2011-11-23,-1.5523240434851076,-1.5523240434851076,-1.5523240434851076,-1.5523240434851076,-1.5523240434851076,-1.5523240434851076,-1.5523240434851076,-1.5523240434851076,-1.5523240434851076,-1.5523240434851076,-1.5523240434851076,-1.5523240434851076,-1.5523240434851076,-1.5523240434851076,-1.5523240434851076
2011-11-24,-1.7042977577935963,-1.7042977577935963,-1.7042977577935963,-1.7042977577935963,-1.7042977577935963,-1.7042977577935963,-1.7042977577935963,-1.7042977577935963,-1.7042977577935963,-1.7042977577935963,-1.7042977577935963,-1.7042977577935963,-1.7042977577935963,-1.7042977577935963,-1.7042977577935963
2011-11-25,-1.8494199071954636,-1.8494199071954636,-1.8494199071954636,-1.8494199071954636,-1.8494199071954636,-1.8494199071954636,-1.8494199071954636,-1.8494199071954636,-1.8494199071954636,-1.8494199071954636,-1.8494199071954636,-1.8494199071954636,-1.8494199071954636,-1.8494199071954636,-1.8494199071954636
2011-11-26,-1.8780293166712545,-1.8780293166712545,-1.8780293166712545,-1.8780293166712545,-1.8780293166712545,-1.8780293166712545,-1.8780293166712545,-1.8780293166712545,-1.8780293166712545,-1.8780293166712545,-1.8780293166712545,-1.8780293166712545,-1.8780293166712545,-1.8780293166712545,-1.8780293166712545
2011-11-27,-1.9594049261299857,-1.9594049261299857,-1.9594049261299857,-1.9594049261299857,-1.9594049261299857,-1.9594049261299857,-1.9594049261299857,-1.9594049261299857,-1.9594049261299857,-1.9594049261299857,-1.9594049261299857,-1.9594049261299857,-1.9594049261299857,-1.9594049261299857,-1.9594049261299857
2011-11-28,-2.0282028835012844,-2.0282028835012844,-2.0282028835012844,-2.0282028835012844,-2.0282028835012844,-2.0282028835012844,-2.0282028835012844,-2.0282028835012844,-2.0282028835012844,-2.0282028835012844,-2.0282028835012844,-2.0282028835012844,-2.0282028835012844,-2.0282028835012844,-2.0282028835012844
2011-11-29,-1.9380146403621656,-1.9380146403621656,-1.9380146403621656,-1.9380146403621656,-1.9380146403621656,-1.9380146403621656,-1.9380146403621656,-1.9380146403621656,-1.9380146403621656,-1.9380146403621656,-1.9380146403621656,-1.9380146403621656,-1.9380146403621656,-1.9380146403621656,-1.9380146403621656
2011-11-30,-1.5506664874196576,-1.5506664874196576,-1.5506664874196576,-1.5506664874196576,-1.5506664874196576,-1.5506664874196576,-1.5506664874196576,-1.5506664874196576,-1.5506664874196576,-1.5506664874196576,-1.5506664874196576,-1.5506664874196576,-1.5506664874196576,-1.5506664874196576,-1.5506664874196576
2011-12-01,-1.3382323496379789,-1.3382323496379789,-1.3382323496379789,-1.3382323496379789,-1.3382323496379789,-1.3382323496379789,-1.3382323496379789,-1.3382323496379789,-1.3382323496379789,-1.3382323496379789,-1.3382323496379789,-1.3382323496379789,-1.3382323496379789,-1.3382323496379789,-1.3382323496379789
2011-12-02,-1.0429354761336005,-1.0429354761336005,-1.0429354761336005,-1.0429354761336005,-1.0429354761336005,-1.0429354761336005,-1.0429354761336005,-1.0429354761336005,-1.0429354761336005,-1.0429354761336005,-1.0429354761336005,-1.0429354761336005,-1.0429354761336005,-1.0429354761336005,-1.0429354761336005
2011-12-03,-0.7783341447606168,-0.7783341447606168,-0.7783341447606168,-0.7783341447606168,-0.7783341447606168,-0.7783341447606168,-0.7783341447606168,-0.7783341447606168,-0.7783341447606168,-0.7783341447606168,-0.7783341447606168,-0.7783341447606168,-0.7783341447606168,-0.7783341447606168,-0.7783341447606168
2011-12-04,-0.16277320432790057,-0.16277320432790057,-0.16277320432790057,-0.16277320432790057,-0.16277320432790057,-0.16277320432790057,-0.16277320432790057,-0.16277320432790057,-0.16277320432790057,-0.16277320432790057,-0.16277320432790057,-0.16277320432790057,-0.16277320432790057,-0.16277320432790057,-0.16277320432790057
2011-12-05,-0.011347810077804731,-0.011347810077804731,-0.011347810077804731,-0.011347810077804731,-0.011347810077804731,-0.011347810077804731,-0.011347810077804731,-0.011347810077804731,-0.011347810077804731,-0.011347810077804731,-0.011347810077804731,-0.011347810077804731,-0.011347810077804731,-0.011347810077804731,-0.011347810077804731
2011-12-06,0.2570658808359471,0.2570658808359471,0.2570658808359471,0.2570658808359471,0.2570658808359471,0.2570658808359471,0.2570658808359471,0.2570658808359471,0.2570658808359471,0.2570658808359471,0.2570658808359471,0.2570658808359471,0.2570658808359471,0.2570658808359471,0.2570658808359471
2011-12-07,0.3228648860740981,0.3228648860740981,0.3228648860740981,0.3228648860740981,0.3228648860740981,0.3228648860740981,0.3228648860740981,0.3228648860740981,0.3228648860740981,0.3228648860740981,0.3228648860740981,0.3228648860740981,0.3228648860740981,0.3228648860740981,0.3228648860740981
2011-12-08,0.4635818635565728,0.4635818635565728,0.4635818635565728,0.4635818635565728,0.4635818635565728,0.4635818635565728,0.4635818635565728,0.4635818635565728,0.4635818635565728,0.4635818635565728,0.4635818635565728,0.4635818635565728,0.4635818635565728,0.4635818635565728,0.4635818635565728
2011-12-09,0.6893912828111244,0.6893912828111244,0.6893912828111244,0.6893912828111244,0.6893912828111244,0.6893912828111244,0.6893912828111244,0.6893912828111244,0.6893912828111244,0.6893912828111244,0.6893912828111244,0.6893912828111244,0.6893912828111244,0.6893912828111244,0.6893912828111244
2011-12-10,0.627135105029091,0.627135105029091,0.627135105029091,0.627135105029091,0.627135105029091,0.627135105029091,0.627135105029091,0.627135105029091,0.627135105029091,0.627135105029091,0.627135105029091,0.627135105029091,0.627135105029091,0.627135105029091,0.627135105029091
2011-12-11,0.5717055728620433,0.5717055728620433,0.5717055728620433,0.5717055728620433,0.5717055728620433,0.5717055728620433,0.5717055728620433,0.5717055728620433,0.5717055728620433,0.5717055728620433,0.5717055728620433,0.5717055728620433,0.5717055728620433,0.5717055728620433,0.5717055728620433
2011-12-12,0.32582772055181414,0.32582772055181414,0.32582772055181414,0.32582772055181414,0.32582772055181414,0.32582772055181414,0.32582772055181414,0.32582772055181414,0.32582772055181414,0.32582772055181414,0.32582772055181414,0.32582772055181414,0.32582772055181414,0.32582772055181414,0.32582772055181414
2011-12-13,0.28488871111455305,0.28488871111455305,0.28488871111455305,0.28488871111455305,0.28488871111455305,0.28488871111455305,0.28488871111455305,0.28488871111455305,0.28488871111455305,0.28488871111455305,0.28488871111455305,0.28488871111455305,0.28488871111455305,0.28488871111455305,0.28488871111455305
2011-12-14,0.18095398106645796,0.18095398106645796,0.18095398106645796,0.18095398106645796,0.18095398106645796,0.18095398106645796,0.18095398106645796,0.18095398106645796,0.18095398106645796,0.18095398106645796,0.18095398106645796,0.18095398106645796,0.18095398106645796,0.18095398106645796,0.18095398106645796
2011-12-15,0.07977923528243708,0.07977923528243708,0.07977923528243708,0.07977923528243708,0.07977923528243708,0.07977923528243708,0.07977923528243708,0.07977923528243708,0.07977923528243708,0.07977923528243708,0.07977923528243708,0.07977923528243708,0.07977923528243708,0.07977923528243708,0.07977923528243708
2011-12-16,-0.11106790274804074,-0.11106790274804074,-0.11106790274804074,-0.11106790274804074,-0.11106790274804074,-0.11106790274804074,-0.11106790274804074,-0.11106790274804074,-0.11106790274804074,-0.11106790274804074,-0.11106790274804074,-0.11106790274804074,-0.11106790274804074,-0.11106790274804074,-0.11106790274804074
2011-12-17,-0.253378987646775,-0.253378987646775,-0.253378987646775,-0.253378987646775,-0.253378987646775,-0.253378987646775,-0.253378987646775,-0.253378987646775,-0.253378987646775,-0.253378987646775,-0.253378987646775,-0.253378987646775,-0.253378987646775,-0.253378987646775,-0.253378987646775
2011-12-18,-0.2186267533180914,-0.2186267533180914,-0.2186267533180914,-0.2186267533180914,-0.2186267533180914,-0.2186267533180914,-0.2186267533180914,-0.2186267533180914,-0.2186267533180914,-0.2186267533180914,-0.2186267533180914,-0.2186267533180914,-0.2186267533180914,-0.2186267533180914,-0.2186267533180914
2011-12-19,-0.04197375214772193,-0.04197375214772193,-0.04197375214772193,-0.04197375214772193,-0.04197375214772193,-0.04197375214772193,-0.04197375214772193,-0.04197375214772193,-0.04197375214772193,-0.04197375214772193,-0.04197375214772193,-0.04197375214772193,-0.04197375214772193,-0.04197375214772193,-0.04197375214772193
2011-12-20,-0.0005173728969462085,-0.0005173728969462085,-0.0005173728969462085,-0.0005173728969462085,-0.0005173728969462085,-0.0005173728969462085,-0.0005173728969462085,-0.0005173728969462085,-0.0005173728969462085,-0.0005173728969462085,-0.0005173728969462085,-0.0005173728969462085,-0.0005173728969462085,-0.0005173728969462085,-0.0005173728969462085
2011-12-21,-0.037746796730595576,-0.037746796730595576,-0.037746796730595576,-0.037746796730595576,-0.037746796730595576,-0.037746796730595576,-0.037746796730595576,-0.037746796730595576,-0.037746796730595576,-0.037746796730595576,-0.037746796730595576,-0.037746796730595576,-0.037746796730595576,-0.037746796730595576,-0.037746796730595576
2011-12-22,0.1350458863921482,0.1350458863921482,0.1350458863921482,0.1350458863921482,0.1350458863921482,0.1350458863921482,0.1350458863921482,0.1350458863921482,0.1350458863921482,0.1350458863921482,0.1350458863921482,0.1350458863921482,0.1350458863921482,0.1350458863921482,0.1350458863921482
2011-12-23,0.30801855771882863,0.30801855771882863,0.30801855771882863,0.30801855771882863,0.30801855771882863,0.30801855771882863,0.30801855771882863,0.30801855771882863,0.30801855771882863,0.30801855771882863,0.30801855771882863,0.30801855771882863,0.30801855771882863,0.30801855771882863,0.30801855771882863
2011-12-24,0.08646689643788881,0.08646689643788881,0.08646689643788881,0.08646689643788881,0.08646689643788881,0.08646689643788881,0.08646689643788881,0.08646689643788881,0.08646689643788881,0.08646689643788881,0.08646689643788881,0.08646689643788881,0.08646689643788881,0.08646689643788881,0.08646689643788881
2011-12-25,0.15335111487808858,0.15335111487808858,0.15335111487808858,0.15335111487808858,0.15335111487808858,0.15335111487808858,0.15335111487808858,0.15335111487808858,0.15335111487808858,0.15335111487808858,0.15335111487808858,0.15335111487808858,0.15335111487808858,0.15335111487808858,0.15335111487808858
2011-12-26,0.5072540275473498,0.5072540275473498,0.5072540275473498,0.5072540275473498,0.5072540275473498,0.5072540275473498,0.5072540275473498,0.5072540275473498,0.5072540275473498,0.5072540275473498,0.5072540275473498,0.5072540275473498,0.5072540275473498,0.5072540275473498,0.5072540275473498
2011-12-27,0.6511928162739199,0.6511928162739199,0.6511928162739199,0.6511928162739199,0.6511928162739199,0.6511928162739199,0.6511928162739199,0.6511928162739199,0.6511928162739199,0.6511928162739199,0.6511928162739199,0.6511928162739199,0.6511928162739199,0.6511928162739199,0.6511928162739199
2011-12-28,0.968789991390593,0.968789991390593,0.968789991390593,0.968789991390593,0.968789991390593,0.968789991390593,0.968789991390593,0.968789991390593,0.968789991390593,0.968789991390593,0.968789991390593,0.968789991390593,0.968789991390593,0.968789991390593,0.968789991390593
2011-12-29,0.9633473229498392,0.9633473229498392,0.9633473229498392,0.9633473229498392,0.9633473229498392,0.9633473229498392,0.9633473229498392,0.9633473229498392,0.9633473229498392,0.9633473229498392,0.9633473229498392,0.9633473229498392,0.9633473229498392,0.9633473229498392,0.9633473229498392
2011-12-30,1.1982467241357804,1.1982467241357804,1.1982467241357804,1.1982467241357804,1.1982467241357804,1.1982467241357804,1.1982467241357804,1.1982467241357804,1.1982467241357804,1.1982467241357804,1.1982467241357804,1.1982467241357804,1.1982467241357804,1.1982467241357804,1.1982467241357804
2011-12-31,0.941785016732517,0.941785016732517,0.941785016732517,0.941785016732517,0.941785016732517,0.941785016732517,0.941785016732517,0.941785016732517,0.941785016732517,0.941785016732517,0.941785016732517,0.941785016732517,0.941785016732517,0.941785016732517,0.941785016732517
2012-01-01,1.4004516931728122,1.2886297012041668,1.3951987493542621,1.3050322600225635,1.4067576644841533,1.3859673408137343,1.308599473284339,1.3968130291810505,1.2793616126647707,1.3567778597098088,1.3531041700903592,1.33604404346756,1.3458571640455763,1.338107831586072,1.3634793989476959
2012-01-02,0.7103527936532006,0.6474116328923538,0.750797748459931,0.7865703059815534,0.6063042033585636,0.7459128700894009,0.764555648937468,0.8097927641167245,0.5090890050373116,0.688087893575359,0.6847201650394059,0.7547236068754531,0.6003551864845166,0.6185607575923964,0.7565175121060547
2012-01-03,0.5438812802054437,0.4855758160906055,0.7991556965538675,0.5055764715984099,0.49375792292693255,0.636400568288597,0.6050187581407659,0.6539754836492984,0.4092384786765612,0.5117151620708278,0.7242064786631722,0.5610475172691715,0.6800974457256299,0.37886243193445535,0.48412884839349507
2012-01-04,0.5709809273576021,0.4451931931263333,0.8141999861375402,0.23992781300756597,0.41030389404073825,0.5195512752433272,0.679703604821647,0.5614669354615827,0.27968337672075905,0.6158936750752013,0.7540640219228476,0.7059983597525619,0.6677480042263272,0.6289720623188627,0.23926486293617819
2012-01-05,0.5354473664048052,0.20685962554245335,0.856278807725538,0.2541429479995524,0.22004521229190466,0.2812298562259539,0.41374760238459735,0.47686825987827824,0.2639970213463908,0.6324556748518848,0.7627637037439452,0.6701766996801721,0.5625875677290156,0.655888816628664,0.17817826201676798
2012-01-06,0.48868419078775677,0.02728220021876702,1.0093458113583609,0.18289640845821,0.35335392135174387,0.12395391401266811,0.30173143137639974,0.4666678051779114,0.2863784526436503,0.5353346802328475,0.8093262789137017,0.6357286192263981,0.5635460186517888,0.7187827569064331,0.03226796910939005
2012-01-07,0.4359800963779706,0.031329310950389724,0.7095246790664864,0.2652750888548511,0.4302056591872488,-0.033188591006391696,0.25233094611822915,0.17243410678062193,0.4562263932276563,0.8218831200350887,0.727176552687903,0.4428680403598189,0.5175889574155017,0.888798653084279,0.0326922506109581
2012-01-08,0.42010279697790287,0.5103278342867018,0.46648135471569413,0.32045443301181153,0.26957745946209527,-0.11736541779953077,0.16306362782536363,0.046730985384771016,0.18710821161872743,0.9299148678856827,0.8487660374844824,0.45387938904678266,0.4626290109324527,1.0315519471972854,-0.05821718331094879
2012-01-09,0.14016055585007836,0.3806481154317846,0.0900059846952704,0.08639488822618895,-0.2891560011629028,-0.37973886245120697,-0.07124884917330912,-0.2600024251982345,-0.09420695835072343,0.8878650179310227,0.567158635910771,0.1023720815002806,0.34912833377507463,0.85167613944637,-0.020555347111031543
2012-01-10,-0.10157878681410387,0.2710435903090052,-0.3106894876287514,-0.3696672301398964,-0.8201401859006062,-0.638263451108987,-0.4977899231035821,-0.49034020230589337,-0.45759906282872875,0.43879761682422297,0.22142251349918685,-0.13862141622910457,0.057907437010047594,0.6950841369978873,-0.4110982354603363
2012-01-11,-0.19017679886159022,0.0784990696447671,-0.6386246823503554,-0.849199648458098,-1.0631774711895512,-0.3632093470554677,-0.9276214931805066,-0.6564123792260024,-0.6948654064506969,0.19767284206835584,0.24087744048070234,-0.17013021532186257,0.24829919515072635,0.5051013095910687,-0.7089940140914365
2012-01-12,-0.37641242983374906,0.16162799464310149,-0.8157798384387657,-1.304455943674259,-1.5256808769569223,-0.43535043085480113,-1.0667851875313497,-0.5678822907182216,-0.717713164860463,0.07198612696557175,0.186755269871191,0.12109492347997138,0.36844649187141565,0.3813949285087771,-1.0397988764641528
2012-01-13,-0.4559729755997507,-0.07394634673182436,-0.8652384630004741,-1.7019420350007055,-1.4395286157426697,-0.3812415345881871,-1.1303892867390475,-0.6864005304379529,-0.5333504151488405,0.027448651962305917,0.25165949907277274,-0.047308160692896666,0.1688416707383384,0.3758770268014584,-1.2310575602651863
2012-01-14,-0.7050725927240394,-0.0465727943189087,-0.7511628776022873,-1.8003177509730945,-1.6215672685153297,-0.5227466014397564,-1.1063440597264471,-0.7075081412713633,-0.5460257959165623,0.12993596579540317,-0.038878645495813303,-0.3553007460112372,-0.32674922590433636,0.22519223180301484,-1.2603505810154267
2012-01-15,-0.8841110627457044,-0.14760287777087433,-0.9501251521612722,-2.1349683915054167,-1.6868528474202096,-0.7021469214083021,-1.3081976224658602,-0.6741400617377495,-0.5328579956297623,-0.06673606988491702,-0.2977108837291998,-0.44209303148364215,-0.6099739063014407,0.23864707040182412,-1.0903241721556165
2012-01-16,-0.9966669017628952,-0.11355158830622264,-1.2111757459421955,-1.8038755010157956,-1.7403912360525304,-0.930823520576447,-1.3598298482751625,-0.6592942963388853,-0.6183895281395048,-0.3796110084753969,-0.36209234018567993,-0.46645630230054197,-0.6031616820937123,0.27277466642483733,-1.3388927064810188
2012-01-17,-1.2894640279038674,0.25169897409167935,-1.2458044190036315,-1.5266854081822212,-1.4272057152059314,-0.9328851252422796,-1.4615917743069395,-0.3845406995950299,-0.19982813236381514,-0.8159067337622241,-0.50714920989201,-0.4956679505967957,-0.7264928044438355,-0.2094563348998978,-1.3671856457892837
2012-01-18,-1.2871085304503413,0.2902536674594572,-1.3578930827441615,-1.2102129438024476,-1.1661208802000183,-0.9155017039001384,-1.3914680850147654,0.04195205992356284,-0.009790751708198998,-1.1148632378014316,-0.7784160253134439,-0.5422315027977159,-0.717239507415418,-0.4749191474696802,-1.3913717976502564
2012-01-19,-1.2311583943564723,0.3863986776776662,-1.486039117480601,-1.00884870128679,-0.8721627151647433,-0.7812655331121667,-1.1226779996490628,0.4375337389449046,-0.0792566712238061,-1.2976539597489134,-0.9837328043047485,-0.5644658363640908,-0.7160339545783004,-0.3784046446766794,-1.2723202661169342
2012-01-20,-1.0427777818477715,0.2879294671174746,-1.7424032941566365,-0.6722488302901948,-0.9820206384364194,-0.5116009200181196,-1.061535457044169,0.02646381051727977,-0.19607121732674063,-1.7553416586201878,-1.0207367471540105,-0.3321906932995028,-0.6734746836385734,-0.3459372332784407,-1.2585868562343376
2012-01-21,-1.1244823831641688,0.1389542048646299,-1.975238374452311,-0.3811473732829943,-0.595627205309718,-0.3275155789483897,-1.1375295360081137,-0.10037758187395003,-0.2096245925632603,-2.100774063968707,-0.9808479932848417,-0.2546086957437037,-0.5361422580895094,-0.5150202294166691,-1.2218982831064624
2012-01-22,-1.1364642052646383,-0.2956830462539256,-2.1660283893666965,0.06277864884590269,-0.40442530428841467,-0.35153105436026094,-1.2971066641208513,-0.30783632034211456,-0.17830757683412565,-2.5831659589484817,-0.6868724769106349,0.05347614970750754,-0.7586993263816314,-0.5152800162039473,-1.2453548681910753
2012-01-23,-0.9658003166917277,-0.6538395821612625,-2.016685182802988,0.5531946602381878,0.10283580384018404,-0.4539807693400167,-1.315907173726532,-0.13852854965583192,0.13016382852807581,-2.7331193114404693,-0.5427366737882983,0.4681235670247827,-0.5670865655894596,-0.4692225226906539,-0.9595142056265419
2012-01-24,-0.785003216453528,-0.8665052473849527,-1.7592713848974006,0.8523391885311644,0.2570106828525781,-0.300356277519408,-1.0808491663664745,-0.29818365972032257,0.1643472342084696,-2.8128030275292955,-0.2276207335114999,0.5979193116868547,-0.1409239407114277,-0.3997562804954539,-0.6506030733894905
2012-01-25,-0.38235768422673105,-0.899699879367167,-1.7479975612396321,0.9679797695733173,0.3137782196712555,-0.1614710580694383,-0.9296770179919809,-0.2675107804722419,0.21765845474483295,-2.67340517670356,-0.1104902806914086,0.45136229937468864,0.31099124774095477,-0.1756494807416372,-0.38772826794825405
2012-01-26,-0.041852204611157386,-0.9383500513361209,-1.5493548900785075,1.0842835020423431,0.7204924349196716,-0.1815609043863795,-0.7578314497691583,-0.3243591314767215,-0.008920877664288923,-1.8762341751687683,0.1890077355987912,0.24923433609492548,0.41663404477228216,-0.1368955069261818,-0.31192418840641867
2012-01-27,0.18325003743489188,-0.7415764154967076,-1.2525775593595867,1.096423318913894,0.847845320982189,-0.01530194611327967,-0.45989044878082713,-0.31206818510713275,0.03523575423042523,-1.6801550372638074,-0.03202420524896146,0.1993845892646418,0.6374164257920668,-0.2670732433256912,-0.3759539236171518
2012-01-28,0.20885755540507758,-0.5299318375046876,-0.7949179383314182,0.8933019997067743,0.8109427830058852,0.3930838743947513,-0.28714118206662026,-0.22102158062334423,-0.13036904602364413,-1.5837263665638088,-0.33862249876274664,0.24087376411071404,0.921511490265547,-0.21290617029191247,0.14852992943784668
2012-01-29,0.2842621783200071,-0.36221611659088265,-0.6316636255865385,0.6946522341102452,0.9259324532672351,0.4851819037418113,0.13268319836177894,-0.3828380253199442,-0.17071123645240596,-1.25815382217105,-0.18066600873884392,-0.0026626431312529696,1.1885158496529786,-0.04393909387922266,0.6014037047251363
2012-01-30,0.5986395068717214,-0.4800262379370787,-0.19686235007104033,0.5860612085488746,1.0279098200930255,0.4923982808407453,0.023525150323385053,-0.5284614629993685,0.11209957440982739,-1.2380867662894302,-0.10231550342078972,-0.1557393961459858,1.4429634289568933,0.42065576560821827,0.7782546600242257
2012-01-31,0.794774565251741,-0.4898722333155194,-0.1431167204198525,0.5846375488610985,1.1923873181876574,0.49680492177846475,-0.0888537698067782,-0.253188707426711,-0.021755130285417083,-0.9081389494632187,-0.1605105588241529,-0.2319374878755723,1.6826389676504936,0.9153079736422904,0.7302096171691445
2012-02-01,1.0835216162959957,-0.4348965003263455,0.03474911210109745,0.33573821999510095,1.1362540967888954,0.35523673221388147,-0.3031925050189193,-0.25168353825410944,-0.05197114920900125,-0.3573328385333147,-0.5271024803567829,-0.07212498311251021,1.8498106428831846,1.0033280255958998,0.7479402848937342
2012-02-02,1.2947478716513587,-0.4522610671866281,0.3369814434083737,0.11319633239944928,0.4474993025237365,0.09630712763062559,-0.19585851655301953,-0.7408175743681978,-0.38624220359514805,-0.0002662791270634331,-0.3811093060432202,0.07223125048476929,1.7535571705420965,0.6306846950602594,0.7085131900374243
2012-02-03,1.3760849834866582,0.16109106804522527,0.6819128555852081,-0.3696327709428118,-0.23995027887216938,0.16658722452311098,0.3049775834236985,-0.909705182920175,-0.49795343289861765,0.05624557162449724,-0.3060157376036992,-0.0010079891341659851,1.5823927434594087,0.5474189206997121,0.4524722592996771
2012-02-04,1.3014679750451745,0.6112355312990656,0.4629104953339955,-1.1803694138969991,-0.43357999703057204,0.16867763938337355,0.913361294899235,-1.1248410913923053,-0.499807261172335,-0.12387567919885503,-0.2605889977820473,-0.09675591562269117,1.5283370375843552,0.3732686777336161,0.6916404141500665
2012-02-05,1.5043531385741584,0.38434421160718335,0.08284664299098071,-1.5027700582442414,-0.4459005723417288,0.20332033338477204,0.9611721885148973,-1.291556364801665,-0.6743886308182231,0.031265095196064456,-0.02604439848591328,-0.10034740179199447,1.5956652346123532,-0.11878837404054916,1.453582933255766
2012-02-06,1.7399465070058118,0.6401051932149571,-0.44049455207751065,-1.756005186662191,-0.5888969307421088,0.10897041073493993,1.3515775923309,-1.4724939674326611,-0.612975148204192,0.09020278156614218,0.3034785515377635,0.06983837109119069,1.779734139095951,-0.19991627426742772,1.8563110936184835
2012-02-07,1.8436110544214932,0.7537148114441339,-0.6126830160193611,-1.776976568731709,-0.7011689842177213,-0.5604904138934423,1.508651941941928,-1.7131934193423852,-0.5323941262299176,0.03397518335478727,0.42840465161135843,0.21835057242956626,1.9696618132047643,-0.17071681844801778,2.047709164769159
2012-02-08,1.8585932074369935,0.8333639513350413,-0.41501177980328474,-1.8600757124396248,-0.7810410238328247,-1.0663538010886653,1.484578519995001,-1.7657165208440655,-0.6112347418563486,-0.3382524043980194,0.3998914489541411,0.23528890528893462,1.975840173731391,0.21413096749347188,2.203496146790954
2012-02-09,2.1185244380012564,0.6123499535454037,-0.0753807693458666,-1.616861777627067,-0.7701378552346132,-0.9801204741179799,1.6553951130599078,-1.7438504557406176,-0.8753310926408449,-0.6189255213728492,0.49268082875644753,0.22050854167888428,2.104691930324005,0.370218751409582,2.29080939282526
2012-02-10,2.386043681571144,0.6774685900542663,0.06547701505314679,-1.569203130717413,-0.7817559253142548,-0.7161608491921415,1.5616788007124476,-1.583697626997966,-1.1028036196049382,-0.8808248558830156,0.36530024844784237,-0.059475284194030455,2.3588912746977617,0.7481994048726851,2.4995297864058195
2012-02-11,2.880880352553601,0.21762364227958925,0.3263869237352064,-1.33521628687461,-0.6636075518309309,-0.6342538701414769,1.5258804384924287,-1.7108689780090534,-0.8959450304499893,-0.8300417192585956,0.39961973272255535,-0.4818202279976394,2.6244654921886603,0.9807974828546252,2.5917804983064876
2012-02-12,3.166684527912827,0.2825350501434612,0.7811055638921792,-0.9758613668494893,-0.17628513743129856,-0.5650946387796051,1.7248157519832836,-1.882393845412068,-0.6462137443953487,-0.22121309198112202,0.44542112720444044,-0.45164480189775724,2.6840408654594703,0.9216757017987726,2.56260499134368
2012-02-13,3.365598793826025,0.3171936784175181,0.9428824978438635,-0.6026791722314808,-0.10694794578231476,-0.5668615990494721,2.2430916549577953,-1.9590187210683692,-0.5785275031934997,0.11047381098211859,0.3668332131612314,-0.2559544533923667,2.8488545343798775,0.6510072767505283,2.457217008428841
2012-02-14,3.5882409401982445,0.12818174157437115,1.2371632289257024,-0.22028116995140487,0.15702854730262183,-0.4718066890953235,2.5060128925512233,-2.1533347202681674,-0.49912387855259865,0.6310492444011159,0.2781871523239088,0.1235969057918186,3.040502770389326,0.293806180200462,2.174163606170007
2012-02-15,3.355881307629426,-0.16686774895988563,1.1968518261834291,-0.022702411143621388,-0.062301899505541075,-0.28179871628069186,2.4421294663280952,-2.235765440702826,-0.1449519436713899,1.030528522227467,0.38917691637021695,0.2502611091041189,3.0571359102896274,0.1382362462961865,1.752919610268714
2012-02-16,3.001964011568657,-0.34042933380350693,1.0475438471868248,0.28419983795930115,0.05197446104548958,-0.2274675383985875,2.0783071694679824,-2.1242102645860714,-0.15314272904785722,1.3878963196756833,0.2015701227710615,0.6446088442509439,3.255636213238244,-0.13796365002081917,1.21951866728412
2012-02-17,2.653730996922771,-0.16484713924746233,1.1311548714446293,-0.06410757645660602,0.1384517432102043,0.026008506238765442,1.7381782611030507,-1.6529546397120394,-0.03621508724110955,1.5055361399661522,0.1952096982763101,0.8203833737783631,3.236780825086074,-0.22625209044078753,1.2044816173027035
2012-02-18,2.3529119081156415,-0.0880571662023118,1.1828236960841376,-0.263239293617143,0.13424543627137348,0.12685346168933767,1.7058500278649764,-1.2476964604387322,0.2863276608703823,1.4111870045192707,-0.03635526678842485,0.9100565085801198,3.337275234377981,-0.2696294191678843,1.0359282905356049
2012-02-19,2.1051834850082716,-0.2876151769368747,1.0141869554229348,0.2014975073959772,-0.10469417020027433,0.40606106540563214,1.6942212073698875,-0.9407497802118879,0.2517381392231467,1.4645327698476385,-0.4139843275029846,1.0279852102316709,3.3666037203964043,-0.6921582514274003,0.9295917626135356
2012-02-20,1.7871677138628197,-0.32842294015841905,0.8093069606348599,0.6723174086428099,-0.20265053115049486,0.2705766125740361,1.7701761931711868,-0.40507543478942987,0.4409269829671813,1.5311292303384532,-0.5200980537052831,0.7976707325566126,3.3095135129822943,-0.7486392494184325,0.9231970952839811
2012-02-21,1.4781866785383533,0.12084628442805531,0.5636135252603454,0.9724694708962535,0.02109807349848065,0.2807163747997716,1.5294544109241512,-0.20705605418742018,0.8835163580588498,1.6932300413812698,-0.6174947638963993,0.7419700396167223,3.220929191653896,-0.8417016060155208,1.3539117828025597
2012-02-22,0.8818287891648209,0.2777174564592333,0.5136041930260491,0.9055164852679387,0.35334525215663015,0.05235025570428254,1.429598438607974,0.39958942329126135,0.9914547347667385,1.666945650888146,-0.5238189514304619,0.5277657517154174,2.879613168799919,-0.6282716630361216,1.458012650571522
2012-02-23,0.3684996137447952,0.5543197302577102,0.495935632830653,0.6087955794985856,0.6040243857432894,-0.1436006904259444,1.4873617197761282,0.7237168971163107,1.0612084138846019,1.5232575150009968,-0.8156281159339002,0.5681283521210053,2.5358681573954844,-0.3967377497058506,1.3201491253313704
2012-02-24,0.010851363628101053,0.7601818902508685,0.5965117844140753,0.4220413515416752,0.5737958755179056,0.2669426943399099,1.8308597662960147,1.0600175893455133,1.051069859417372,1.1249859961388529,-0.720846402235566,0.7105220162221574,2.434528384524085,-0.2669551598666193,1.3851382119322682
2012-02-25,-0.2631302916396219,1.1038633443708739,0.436120964156495,0.19380995425041794,0.7072672720156618,0.6571481358273048,1.9655597149559403,1.3528544688913562,0.8749477277556286,1.376500176192767,-0.6986137635175175,0.9098448941020163,2.139750642291511,0.29475903749589144,1.5172364709869368
2012-02-26,-0.19121288125329824,1.1654152364709558,0.5617843432588268,-0.060322264726412125,1.2238502595582892,1.3130521182924937,1.7204853643946814,1.5269833414564522,0.9235706180992239,1.7971200969118226,-0.6164351530602943,0.817798334921382,1.606055146573172,0.7022092254390692,1.571615707517034
2012-02-27,0.18000601831037952,0.8075815999027338,0.7552135036356036,-0.414528372612971,1.4663442378573814,1.3656866522359916,1.5582683990387274,1.696124332914078,0.7290098519798075,2.111620539158044,-0.9096222950861631,0.6737441258663223,1.5737750868867282,1.0576027600618896,1.5790089007939874
2012-02-28,-0.017396624159327155,1.028549680361562,0.6286375066688544,-0.1802011762138888,1.7211103526091802,1.4921038476230595,1.455183325522127,1.8567514370941467,0.7424239072513429,1.9822075929221632,-0.8501923526009614,0.3747452423075534,1.3154048948986277,1.451835812805782,1.4016071047560155
2012-02-29,-0.36345542181931284,1.0710947149003187,0.34762261708492526,-0.25565131627996196,2.1814176111453683,1.417609290099118,1.426308868990979,2.136867907625384,0.9514609779375116,1.7521492603451054,-0.8192178561773065,0.254924448144619,0.7822516005407695,1.6314564069903252,1.1355980296548283
2012-03-01,-0.6679740104377621,0.8484870071469965,-0.006875765776712335,-0.20410923737124156,2.24767387598412,1.6136727704193194,1.5925234557104802,2.1727817075381832,1.0512793591043805,1.7699489791573768,-0.8639466481021472,0.18057742632189053,0.27188797902860495,1.6242262682412105,0.8953705753970351
