,1,2,3,4,5,6,7,8,9,10,11,12,13,14,15
2014-09-03,1.0758005000167552,1.0758005000167552,1.0758005000167552,1.0758005000167552,1.0758005000167552,1.0758005000167552,1.0758005000167552,1.0758005000167552,1.0758005000167552,1.0758005000167552,1.0758005000167552,1.0758005000167552,1.0758005000167552,1.0758005000167552,1.0758005000167552
2014-09-04,1.1271641985756269,1.1271641985756269,1.1271641985756269,1.1271641985756269,1.1271641985756269,1.1271641985756269,1.1271641985756269,1.1271641985756269,1.1271641985756269,1.1271641985756269,1.1271641985756269,1.1271641985756269,1.1271641985756269,1.1271641985756269,1.1271641985756269
2014-09-05,1.3560568236390291,1.3560568236390291,1.3560568236390291,1.3560568236390291,1.3560568236390291,1.3560568236390291,1.3560568236390291,1.3560568236390291,1.3560568236390291,1.3560568236390291,1.3560568236390291,1.3560568236390291,1.3560568236390291,1.3560568236390291,1.3560568236390291
2014-09-06,1.264864808208399,1.264864808208399,1.264864808208399,1.264864808208399,1.264864808208399,1.264864808208399,1.264864808208399,1.264864808208399,1.264864808208399,1.264864808208399,1.264864808208399,1.264864808208399,1.264864808208399,1.264864808208399,1.264864808208399
2014-09-07,0.9375378700050081,0.9375378700050081,0.9375378700050081,0.9375378700050081,0.9375378700050081,0.9375378700050081,0.9375378700050081,0.9375378700050081,0.9375378700050081,0.9375378700050081,0.9375378700050081,0.9375378700050081,0.9375378700050081,0.9375378700050081,0.9375378700050081
2014-09-08,0.5869759029563167,0.5869759029563167,0.5869759029563167,0.5869759029563167,0.5869759029563167,0.5869759029563167,0.5869759029563167,0.5869759029563167,0.5869759029563167,0.5869759029563167,0.5869759029563167,0.5869759029563167,0.5869759029563167,0.5869759029563167,0.5869759029563167
2014-09-09,0.5517446994268727,0.5517446994268727,0.5517446994268727,0.5517446994268727,0.5517446994268727,0.5517446994268727,0.5517446994268727,0.5517446994268727,0.5517446994268727,0.5517446994268727,0.5517446994268727,0.5517446994268727,0.5517446994268727,0.5517446994268727,0.5517446994268727
2014-09-10,0.34836184596662856,0.34836184596662856,0.34836184596662856,0.34836184596662856,0.34836184596662856,0.34836184596662856,0.34836184596662856,0.34836184596662856,0.34836184596662856,0.34836184596662856,0.34836184596662856,0.34836184596662856,0.34836184596662856,0.34836184596662856,0.34836184596662856
2014-09-11,0.2398920147205035,0.2398920147205035,0.2398920147205035,0.2398920147205035,0.2398920147205035,0.2398920147205035,0.2398920147205035,0.2398920147205035,0.2398920147205035,0.2398920147205035,0.2398920147205035,0.2398920147205035,0.2398920147205035,0.2398920147205035,0.2398920147205035
2014-09-12,-0.11408060539780786,-0.11408060539780786,-0.11408060539780786,-0.11408060539780786,-0.11408060539780786,-0.11408060539780786,-0.11408060539780786,-0.11408060539780786,-0.11408060539780786,-0.11408060539780786,-0.11408060539780786,-0.11408060539780786,-0.11408060539780786,-0.11408060539780786,-0.11408060539780786
2014-09-13,-0.3260336860682995,-0.3260336860682995,-0.3260336860682995,-0.3260336860682995,-0.3260336860682995,-0.3260336860682995,-0.3260336860682995,-0.3260336860682995,-0.3260336860682995,-0.3260336860682995,-0.3260336860682995,-0.3260336860682995,-0.3260336860682995,-0.3260336860682995,-0.3260336860682995
2014-09-14,-0.4892247962352556,-0.4892247962352556,-0.4892247962352556,-0.4892247962352556,-0.4892247962352556,-0.4892247962352556,-0.4892247962352556,-0.4892247962352556,-0.4892247962352556,-0.4892247962352556,-0.4892247962352556,-0.4892247962352556,-0.4892247962352556,-0.4892247962352556,-0.4892247962352556
2014-09-15,-0.5627112486810624,-0.5627112486810624,-0.5627112486810624,-0.5627112486810624,-0.5627112486810624,-0.5627112486810624,-0.5627112486810624,-0.5627112486810624,-0.5627112486810624,-0.5627112486810624,-0.5627112486810624,-0.5627112486810624,-0.5627112486810624,-0.5627112486810624,-0.5627112486810624
2014-09-16,-0.4671322352340946,-0.4671322352340946,-0.4671322352340946,-0.4671322352340946,-0.4671322352340946,-0.4671322352340946,-0.4671322352340946,-0.4671322352340946,-0.4671322352340946,-0.4671322352340946,-0.4671322352340946,-0.4671322352340946,-0.4671322352340946,-0.4671322352340946,-0.4671322352340946
2014-09-17,-0.3636202685491382,-0.3636202685491382,-0.3636202685491382,-0.3636202685491382,-0.3636202685491382,-0.3636202685491382,-0.3636202685491382,-0.3636202685491382,-0.3636202685491382,-0.3636202685491382,-0.3636202685491382,-0.3636202685491382,-0.3636202685491382,-0.3636202685491382,-0.3636202685491382
2014-09-18,-0.37183185538875235,-0.37183185538875235,-0.37183185538875235,-0.37183185538875235,-0.37183185538875235,-0.37183185538875235,-0.37183185538875235,-0.37183185538875235,-0.37183185538875235,-0.37183185538875235,-0.37183185538875235,-0.37183185538875235,-0.37183185538875235,-0.37183185538875235,-0.37183185538875235
2014-09-19,-0.1972266854007893,-0.1972266854007893,-0.1972266854007893,-0.1972266854007893,-0.1972266854007893,-0.1972266854007893,-0.1972266854007893,-0.1972266854007893,-0.1972266854007893,-0.1972266854007893,-0.1972266854007893,-0.1972266854007893,-0.1972266854007893,-0.1972266854007893,-0.1972266854007893
2014-09-20,-0.06414657807055235,-0.06414657807055235,-0.06414657807055235,-0.06414657807055235,-0.06414657807055235,-0.06414657807055235,-0.06414657807055235,-0.06414657807055235,-0.06414657807055235,-0.06414657807055235,-0.06414657807055235,-0.06414657807055235,-0.06414657807055235,-0.06414657807055235,-0.06414657807055235
2014-09-21,0.04065910757094075,0.04065910757094075,0.04065910757094075,0.04065910757094075,0.04065910757094075,0.04065910757094075,0.04065910757094075,0.04065910757094075,0.04065910757094075,0.04065910757094075,0.04065910757094075,0.04065910757094075,0.04065910757094075,0.04065910757094075,0.04065910757094075
2014-09-22,0.060509704742386095,0.060509704742386095,0.060509704742386095,0.060509704742386095,0.060509704742386095,0.060509704742386095,0.060509704742386095,0.060509704742386095,0.060509704742386095,0.060509704742386095,0.060509704742386095,0.060509704742386095,0.060509704742386095,0.060509704742386095,0.060509704742386095
2014-09-23,0.21975366434989382,0.21975366434989382,0.21975366434989382,0.21975366434989382,0.21975366434989382,0.21975366434989382,0.21975366434989382,0.21975366434989382,0.21975366434989382,0.21975366434989382,0.21975366434989382,0.21975366434989382,0.21975366434989382,0.21975366434989382,0.21975366434989382
2014-09-24,0.16351352557426166,0.16351352557426166,0.16351352557426166,0.16351352557426166,0.16351352557426166,0.16351352557426166,0.16351352557426166,0.16351352557426166,0.16351352557426166,0.16351352557426166,0.16351352557426166,0.16351352557426166,0.16351352557426166,0.16351352557426166,0.16351352557426166
2014-09-25,0.07723035831302885,0.07723035831302885,0.07723035831302885,0.07723035831302885,0.07723035831302885,0.07723035831302885,0.07723035831302885,0.07723035831302885,0.07723035831302885,0.07723035831302885,0.07723035831302885,0.07723035831302885,0.07723035831302885,0.07723035831302885,0.07723035831302885
2014-09-26,0.1540358247299853,0.1540358247299853,0.1540358247299853,0.1540358247299853,0.1540358247299853,0.1540358247299853,0.1540358247299853,0.1540358247299853,0.1540358247299853,0.1540358247299853,0.1540358247299853,0.1540358247299853,0.1540358247299853,0.1540358247299853,0.1540358247299853
2014-09-27,0.33737421449355653,0.33737421449355653,0.33737421449355653,0.33737421449355653,0.33737421449355653,0.33737421449355653,0.33737421449355653,0.33737421449355653,0.33737421449355653,0.33737421449355653,0.33737421449355653,0.33737421449355653,0.33737421449355653,0.33737421449355653,0.33737421449355653
2014-09-28,0.23351103938328616,0.23351103938328616,0.23351103938328616,0.23351103938328616,0.23351103938328616,0.23351103938328616,0.23351103938328616,0.23351103938328616,0.23351103938328616,0.23351103938328616,0.23351103938328616,0.23351103938328616,0.23351103938328616,0.23351103938328616,0.23351103938328616
2014-09-29,0.3382909401443031,0.3382909401443031,0.3382909401443031,0.3382909401443031,0.3382909401443031,0.3382909401443031,0.3382909401443031,0.3382909401443031,0.3382909401443031,0.3382909401443031,0.3382909401443031,0.3382909401443031,0.3382909401443031,0.3382909401443031,0.3382909401443031
2014-09-30,0.3582956577945701,0.3582956577945701,0.3582956577945701,0.3582956577945701,0.3582956577945701,0.3582956577945701,0.3582956577945701,0.3582956577945701,0.3582956577945701,0.3582956577945701,0.3582956577945701,0.3582956577945701,0.3582956577945701,0.3582956577945701,0.3582956577945701
2014-10-01,0.22721643431960045,0.22721643431960045,0.22721643431960045,0.22721643431960045,0.22721643431960045,0.22721643431960045,0.22721643431960045,0.22721643431960045,0.22721643431960045,0.22721643431960045,0.22721643431960045,0.22721643431960045,0.22721643431960045,0.22721643431960045,0.22721643431960045
2014-10-02,0.26131543282142244,0.26131543282142244,0.26131543282142244,0.26131543282142244,0.26131543282142244,0.26131543282142244,0.26131543282142244,0.26131543282142244,0.26131543282142244,0.26131543282142244,0.26131543282142244,0.26131543282142244,0.26131543282142244,0.26131543282142244,0.26131543282142244
2014-10-03,0.4701694878718406,0.4701694878718406,0.4701694878718406,0.4701694878718406,0.4701694878718406,0.4701694878718406,0.4701694878718406,0.4701694878718406,0.4701694878718406,0.4701694878718406,0.4701694878718406,0.4701694878718406,0.4701694878718406,0.4701694878718406,0.4701694878718406
2014-10-04,0.6397899718642851,0.6397899718642851,0.6397899718642851,0.6397899718642851,0.6397899718642851,0.6397899718642851,0.6397899718642851,0.6397899718642851,0.6397899718642851,0.6397899718642851,0.6397899718642851,0.6397899718642851,0.6397899718642851,0.6397899718642851,0.6397899718642851
2014-10-05,0.5715900834520435,0.5715900834520435,0.5715900834520435,0.5715900834520435,0.5715900834520435,0.5715900834520435,0.5715900834520435,0.5715900834520435,0.5715900834520435,0.5715900834520435,0.5715900834520435,0.5715900834520435,0.5715900834520435,0.5715900834520435,0.5715900834520435
2014-10-06,0.5211685913919532,0.5211685913919532,0.5211685913919532,0.5211685913919532,0.5211685913919532,0.5211685913919532,0.5211685913919532,0.5211685913919532,0.5211685913919532,0.5211685913919532,0.5211685913919532,0.5211685913919532,0.5211685913919532,0.5211685913919532,0.5211685913919532
2014-10-07,0.468986187504395,0.468986187504395,0.468986187504395,0.468986187504395,0.468986187504395,0.468986187504395,0.468986187504395,0.468986187504395,0.468986187504395,0.468986187504395,0.468986187504395,0.468986187504395,0.468986187504395,0.468986187504395,0.468986187504395
2014-10-08,0.6008743152189898,0.6008743152189898,0.6008743152189898,0.6008743152189898,0.6008743152189898,0.6008743152189898,0.6008743152189898,0.6008743152189898,0.6008743152189898,0.6008743152189898,0.6008743152189898,0.6008743152189898,0.6008743152189898,0.6008743152189898,0.6008743152189898
2014-10-09,0.3904490160640466,0.3904490160640466,0.3904490160640466,0.3904490160640466,0.3904490160640466,0.3904490160640466,0.3904490160640466,0.3904490160640466,0.3904490160640466,0.3904490160640466,0.3904490160640466,0.3904490160640466,0.3904490160640466,0.3904490160640466,0.3904490160640466
2014-10-10,0.2961718638487176,0.2961718638487176,0.2961718638487176,0.2961718638487176,0.2961718638487176,0.2961718638487176,0.2961718638487176,0.2961718638487176,0.2961718638487176,0.2961718638487176,0.2961718638487176,0.2961718638487176,0.2961718638487176,0.2961718638487176,0.2961718638487176
2014-10-11,0.2908264228509921,0.2908264228509921,0.2908264228509921,0.2908264228509921,0.2908264228509921,0.2908264228509921,0.2908264228509921,0.2908264228509921,0.2908264228509921,0.2908264228509921,0.2908264228509921,0.2908264228509921,0.2908264228509921,0.2908264228509921,0.2908264228509921
2014-10-12,-0.13388121886118265,-0.13388121886118265,-0.13388121886118265,-0.13388121886118265,-0.13388121886118265,-0.13388121886118265,-0.13388121886118265,-0.13388121886118265,-0.13388121886118265,-0.13388121886118265,-0.13388121886118265,-0.13388121886118265,-0.13388121886118265,-0.13388121886118265,-0.13388121886118265
2014-10-13,-0.5653753132630864,-0.5653753132630864,-0.5653753132630864,-0.5653753132630864,-0.5653753132630864,-0.5653753132630864,-0.5653753132630864,-0.5653753132630864,-0.5653753132630864,-0.5653753132630864,-0.5653753132630864,-0.5653753132630864,-0.5653753132630864,-0.5653753132630864,-0.5653753132630864
2014-10-14,-0.7042552215648361,-0.7042552215648361,-0.7042552215648361,-0.7042552215648361,-0.7042552215648361,-0.7042552215648361,-0.7042552215648361,-0.7042552215648361,-0.7042552215648361,-0.7042552215648361,-0.7042552215648361,-0.7042552215648361,-0.7042552215648361,-0.7042552215648361,-0.7042552215648361
2014-10-15,-0.937662368848239,-0.937662368848239,-0.937662368848239,-0.937662368848239,-0.937662368848239,-0.937662368848239,-0.937662368848239,-0.937662368848239,-0.937662368848239,-0.937662368848239,-0.937662368848239,-0.937662368848239,-0.937662368848239,-0.937662368848239,-0.937662368848239
2014-10-16,-0.9934918477349697,-0.9934918477349697,-0.9934918477349697,-0.9934918477349697,-0.9934918477349697,-0.9934918477349697,-0.9934918477349697,-0.9934918477349697,-0.9934918477349697,-0.9934918477349697,-0.9934918477349697,-0.9934918477349697,-0.9934918477349697,-0.9934918477349697,-0.9934918477349697
2014-10-17,-1.308671964564541,-1.308671964564541,-1.308671964564541,-1.308671964564541,-1.308671964564541,-1.308671964564541,-1.308671964564541,-1.308671964564541,-1.308671964564541,-1.308671964564541,-1.308671964564541,-1.308671964564541,-1.308671964564541,-1.308671964564541,-1.308671964564541
2014-10-18,-1.3346402281050684,-1.3346402281050684,-1.3346402281050684,-1.3346402281050684,-1.3346402281050684,-1.3346402281050684,-1.3346402281050684,-1.3346402281050684,-1.3346402281050684,-1.3346402281050684,-1.3346402281050684,-1.3346402281050684,-1.3346402281050684,-1.3346402281050684,-1.3346402281050684
2014-10-19,-1.2870491412652034,-1.2870491412652034,-1.2870491412652034,-1.2870491412652034,-1.2870491412652034,-1.2870491412652034,-1.2870491412652034,-1.2870491412652034,-1.2870491412652034,-1.2870491412652034,-1.2870491412652034,-1.2870491412652034,-1.2870491412652034,-1.2870491412652034,-1.2870491412652034
2014-10-20,-0.9363395706270172,-0.9363395706270172,-0.9363395706270172,-0.9363395706270172,-0.9363395706270172,-0.9363395706270172,-0.9363395706270172,-0.9363395706270172,-0.9363395706270172,-0.9363395706270172,-0.9363395706270172,-0.9363395706270172,-0.9363395706270172,-0.9363395706270172,-0.9363395706270172
2014-10-21,-0.7927771047373505,-0.7927771047373505,-0.7927771047373505,-0.7927771047373505,-0.7927771047373505,-0.7927771047373505,-0.7927771047373505,-0.7927771047373505,-0.7927771047373505,-0.7927771047373505,-0.7927771047373505,-0.7927771047373505,-0.7927771047373505,-0.7927771047373505,-0.7927771047373505
2014-10-22,-0.7856852960784084,-0.7856852960784084,-0.7856852960784084,-0.7856852960784084,-0.7856852960784084,-0.7856852960784084,-0.7856852960784084,-0.7856852960784084,-0.7856852960784084,-0.7856852960784084,-0.7856852960784084,-0.7856852960784084,-0.7856852960784084,-0.7856852960784084,-0.7856852960784084
2014-10-23,-0.534252516663493,-0.534252516663493,-0.534252516663493,-0.534252516663493,-0.534252516663493,-0.534252516663493,-0.534252516663493,-0.534252516663493,-0.534252516663493,-0.534252516663493,-0.534252516663493,-0.534252516663493,-0.534252516663493,-0.534252516663493,-0.534252516663493
2014-10-24,-0.5560040708006754,-0.5560040708006754,-0.5560040708006754,-0.5560040708006754,-0.5560040708006754,-0.5560040708006754,-0.5560040708006754,-0.5560040708006754,-0.5560040708006754,-0.5560040708006754,-0.5560040708006754,-0.5560040708006754,-0.5560040708006754,-0.5560040708006754,-0.5560040708006754
2014-10-25,-0.5566327864754322,-0.5566327864754322,-0.5566327864754322,-0.5566327864754322,-0.5566327864754322,-0.5566327864754322,-0.5566327864754322,-0.5566327864754322,-0.5566327864754322,-0.5566327864754322,-0.5566327864754322,-0.5566327864754322,-0.5566327864754322,-0.5566327864754322,-0.5566327864754322
2014-10-26,-0.3497308091179899,-0.3497308091179899,-0.3497308091179899,-0.3497308091179899,-0.3497308091179899,-0.3497308091179899,-0.3497308091179899,-0.3497308091179899,-0.3497308091179899,-0.3497308091179899,-0.3497308091179899,-0.3497308091179899,-0.3497308091179899,-0.3497308091179899,-0.3497308091179899
2014-10-27,0.04349382029671505,0.04349382029671505,0.04349382029671505,0.04349382029671505,0.04349382029671505,0.04349382029671505,0.04349382029671505,0.04349382029671505,0.04349382029671505,0.04349382029671505,0.04349382029671505,0.04349382029671505,0.04349382029671505,0.04349382029671505,0.04349382029671505
2014-10-28,0.35844052977725654,0.35844052977725654,0.35844052977725654,0.35844052977725654,0.35844052977725654,0.35844052977725654,0.35844052977725654,0.35844052977725654,0.35844052977725654,0.35844052977725654,0.35844052977725654,0.35844052977725654,0.35844052977725654,0.35844052977725654,0.35844052977725654
2014-10-29,0.42129664870218003,0.42129664870218003,0.42129664870218003,0.42129664870218003,0.42129664870218003,0.42129664870218003,0.42129664870218003,0.42129664870218003,0.42129664870218003,0.42129664870218003,0.42129664870218003,0.42129664870218003,0.42129664870218003,0.42129664870218003,0.42129664870218003
2014-10-30,0.2531578644350414,0.2531578644350414,0.2531578644350414,0.2531578644350414,0.2531578644350414,0.2531578644350414,0.2531578644350414,0.2531578644350414,0.2531578644350414,0.2531578644350414,0.2531578644350414,0.2531578644350414,0.2531578644350414,0.2531578644350414,0.2531578644350414
2014-10-31,-0.029686168073928654,-0.029686168073928654,-0.029686168073928654,-0.029686168073928654,-0.029686168073928654,-0.029686168073928654,-0.029686168073928654,-0.029686168073928654,-0.029686168073928654,-0.029686168073928654,-0.029686168073928654,-0.029686168073928654,-0.029686168073928654,-0.029686168073928654,-0.029686168073928654
2014-11-01,0.08472843216226948,0.08472843216226948,0.08472843216226948,0.08472843216226948,0.08472843216226948,0.08472843216226948,0.08472843216226948,0.08472843216226948,0.08472843216226948,0.08472843216226948,0.08472843216226948,0.08472843216226948,0.08472843216226948,0.08472843216226948,0.08472843216226948
2014-11-02,0.17834109801961448,0.17834109801961448,0.17834109801961448,0.17834109801961448,0.17834109801961448,0.17834109801961448,0.17834109801961448,0.17834109801961448,0.17834109801961448,0.17834109801961448,0.17834109801961448,0.17834109801961448,0.17834109801961448,0.17834109801961448,0.17834109801961448
2014-11-03,0.0812564392595189,0.0812564392595189,0.0812564392595189,0.0812564392595189,0.0812564392595189,0.0812564392595189,0.0812564392595189,0.0812564392595189,0.0812564392595189,0.0812564392595189,0.0812564392595189,0.0812564392595189,0.0812564392595189,0.0812564392595189,0.0812564392595189
2014-11-04,0.08447604921584599,0.08447604921584599,0.08447604921584599,0.08447604921584599,0.08447604921584599,0.08447604921584599,0.08447604921584599,0.08447604921584599,0.08447604921584599,0.08447604921584599,0.08447604921584599,0.08447604921584599,0.08447604921584599,0.08447604921584599,0.08447604921584599
2014-11-05,0.25654769135295685,0.25654769135295685,0.25654769135295685,0.25654769135295685,0.25654769135295685,0.25654769135295685,0.25654769135295685,0.25654769135295685,0.25654769135295685,0.25654769135295685,0.25654769135295685,0.25654769135295685,0.25654769135295685,0.25654769135295685,0.25654769135295685
2014-11-06,-0.03478672020011498,-0.03478672020011498,-0.03478672020011498,-0.03478672020011498,-0.03478672020011498,-0.03478672020011498,-0.03478672020011498,-0.03478672020011498,-0.03478672020011498,-0.03478672020011498,-0.03478672020011498,-0.03478672020011498,-0.03478672020011498,-0.03478672020011498,-0.03478672020011498
2014-11-07,-0.4496380841722856,-0.4496380841722856,-0.4496380841722856,-0.4496380841722856,-0.4496380841722856,-0.4496380841722856,-0.4496380841722856,-0.4496380841722856,-0.4496380841722856,-0.4496380841722856,-0.4496380841722856,-0.4496380841722856,-0.4496380841722856,-0.4496380841722856,-0.4496380841722856
2014-11-08,-0.9339558834928561,-0.9339558834928561,-0.9339558834928561,-0.9339558834928561,-0.9339558834928561,-0.9339558834928561,-0.9339558834928561,-0.9339558834928561,-0.9339558834928561,-0.9339558834928561,-0.9339558834928561,-0.9339558834928561,-0.9339558834928561,-0.9339558834928561,-0.9339558834928561
2014-11-09,-1.6484248624194335,-1.6484248624194335,-1.6484248624194335,-1.6484248624194335,-1.6484248624194335,-1.6484248624194335,-1.6484248624194335,-1.6484248624194335,-1.6484248624194335,-1.6484248624194335,-1.6484248624194335,-1.6484248624194335,-1.6484248624194335,-1.6484248624194335,-1.6484248624194335
2014-11-10,-1.6669454071799132,-1.6669454071799132,-1.6669454071799132,-1.6669454071799132,-1.6669454071799132,-1.6669454071799132,-1.6669454071799132,-1.6669454071799132,-1.6669454071799132,-1.6669454071799132,-1.6669454071799132,-1.6669454071799132,-1.6669454071799132,-1.6669454071799132,-1.6669454071799132
2014-11-11,-1.9647308366036034,-1.9647308366036034,-1.9647308366036034,-1.9647308366036034,-1.9647308366036034,-1.9647308366036034,-1.9647308366036034,-1.9647308366036034,-1.9647308366036034,-1.9647308366036034,-1.9647308366036034,-1.9647308366036034,-1.9647308366036034,-1.9647308366036034,-1.9647308366036034
2014-11-12,-1.9521667935547078,-1.9521667935547078,-1.9521667935547078,-1.9521667935547078,-1.9521667935547078,-1.9521667935547078,-1.9521667935547078,-1.9521667935547078,-1.9521667935547078,-1.9521667935547078,-1.9521667935547078,-1.9521667935547078,-1.9521667935547078,-1.9521667935547078,-1.9521667935547078
2014-11-13,-1.9042425975581496,-1.9042425975581496,-1.9042425975581496,-1.9042425975581496,-1.9042425975581496,-1.9042425975581496,-1.9042425975581496,-1.9042425975581496,-1.9042425975581496,-1.9042425975581496,-1.9042425975581496,-1.9042425975581496,-1.9042425975581496,-1.9042425975581496,-1.9042425975581496
2014-11-14,-1.7013275283807903,-1.7013275283807903,-1.7013275283807903,-1.7013275283807903,-1.7013275283807903,-1.7013275283807903,-1.7013275283807903,-1.7013275283807903,-1.7013275283807903,-1.7013275283807903,-1.7013275283807903,-1.7013275283807903,-1.7013275283807903,-1.7013275283807903,-1.7013275283807903
2014-11-15,-1.3566044682310057,-1.3566044682310057,-1.3566044682310057,-1.3566044682310057,-1.3566044682310057,-1.3566044682310057,-1.3566044682310057,-1.3566044682310057,-1.3566044682310057,-1.3566044682310057,-1.3566044682310057,-1.3566044682310057,-1.3566044682310057,-1.3566044682310057,-1.3566044682310057
2014-11-16,-1.142180221286057,-1.142180221286057,-1.142180221286057,-1.142180221286057,-1.142180221286057,-1.142180221286057,-1.142180221286057,-1.142180221286057,-1.142180221286057,-1.142180221286057,-1.142180221286057,-1.142180221286057,-1.142180221286057,-1.142180221286057,-1.142180221286057
2014-11-17,-1.173536908742487,-1.173536908742487,-1.173536908742487,-1.173536908742487,-1.173536908742487,-1.173536908742487,-1.173536908742487,-1.173536908742487,-1.173536908742487,-1.173536908742487,-1.173536908742487,-1.173536908742487,-1.173536908742487,-1.173536908742487,-1.173536908742487
2014-11-18,-1.0023730668514914,-1.0023730668514914,-1.0023730668514914,-1.0023730668514914,-1.0023730668514914,-1.0023730668514914,-1.0023730668514914,-1.0023730668514914,-1.0023730668514914,-1.0023730668514914,-1.0023730668514914,-1.0023730668514914,-1.0023730668514914,-1.0023730668514914,-1.0023730668514914
2014-11-19,-0.7622139275935899,-0.7622139275935899,-0.7622139275935899,-0.7622139275935899,-0.7622139275935899,-0.7622139275935899,-0.7622139275935899,-0.7622139275935899,-0.7622139275935899,-0.7622139275935899,-0.7622139275935899,-0.7622139275935899,-0.7622139275935899,-0.7622139275935899,-0.7622139275935899
2014-11-20,-0.4861038571426586,-0.4861038571426586,-0.4861038571426586,-0.4861038571426586,-0.4861038571426586,-0.4861038571426586,-0.4861038571426586,-0.4861038571426586,-0.4861038571426586,-0.4861038571426586,-0.4861038571426586,-0.4861038571426586,-0.4861038571426586,-0.4861038571426586,-0.4861038571426586
2014-11-21,-0.2990588239951931,-0.2990588239951931,-0.2990588239951931,-0.2990588239951931,-0.2990588239951931,-0.2990588239951931,-0.2990588239951931,-0.2990588239951931,-0.2990588239951931,-0.2990588239951931,-0.2990588239951931,-0.2990588239951931,-0.2990588239951931,-0.2990588239951931,-0.2990588239951931
2014-11-22,0.03927054894502844,0.03927054894502844,0.03927054894502844,0.03927054894502844,0.03927054894502844,0.03927054894502844,0.03927054894502844,0.03927054894502844,0.03927054894502844,0.03927054894502844,0.03927054894502844,0.03927054894502844,0.03927054894502844,0.03927054894502844,0.03927054894502844
2014-11-23,0.08616363234404156,0.08616363234404156,0.08616363234404156,0.08616363234404156,0.08616363234404156,0.08616363234404156,0.08616363234404156,0.08616363234404156,0.08616363234404156,0.08616363234404156,0.08616363234404156,0.08616363234404156,0.08616363234404156,0.08616363234404156,0.08616363234404156
2014-11-24,-0.18780775240252204,-0.18780775240252204,-0.18780775240252204,-0.18780775240252204,-0.18780775240252204,-0.18780775240252204,-0.18780775240252204,-0.18780775240252204,-0.18780775240252204,-0.18780775240252204,-0.18780775240252204,-0.18780775240252204,-0.18780775240252204,-0.18780775240252204,-0.18780775240252204
2014-11-25,-0.15231247468488016,-0.15231247468488016,-0.15231247468488016,-0.15231247468488016,-0.15231247468488016,-0.15231247468488016,-0.15231247468488016,-0.15231247468488016,-0.15231247468488016,-0.15231247468488016,-0.15231247468488016,-0.15231247468488016,-0.15231247468488016,-0.15231247468488016,-0.15231247468488016
2014-11-26,0.3020363653920328,0.3020363653920328,0.3020363653920328,0.3020363653920328,0.3020363653920328,0.3020363653920328,0.3020363653920328,0.3020363653920328,0.3020363653920328,0.3020363653920328,0.3020363653920328,0.3020363653920328,0.3020363653920328,0.3020363653920328,0.3020363653920328
2014-11-27,0.6063764843868853,0.6063764843868853,0.6063764843868853,0.6063764843868853,0.6063764843868853,0.6063764843868853,0.6063764843868853,0.6063764843868853,0.6063764843868853,0.6063764843868853,0.6063764843868853,0.6063764843868853,0.6063764843868853,0.6063764843868853,0.6063764843868853
2014-11-28,0.7332136009367586,0.7332136009367586,0.7332136009367586,0.7332136009367586,0.7332136009367586,0.7332136009367586,0.7332136009367586,0.7332136009367586,0.7332136009367586,0.7332136009367586,0.7332136009367586,0.7332136009367586,0.7332136009367586,0.7332136009367586,0.7332136009367586
2014-11-29,1.2350757933421175,1.2350757933421175,1.2350757933421175,1.2350757933421175,1.2350757933421175,1.2350757933421175,1.2350757933421175,1.2350757933421175,1.2350757933421175,1.2350757933421175,1.2350757933421175,1.2350757933421175,1.2350757933421175,1.2350757933421175,1.2350757933421175
2014-11-30,1.7143604201632847,1.7143604201632847,1.7143604201632847,1.7143604201632847,1.7143604201632847,1.7143604201632847,1.7143604201632847,1.7143604201632847,1.7143604201632847,1.7143604201632847,1.7143604201632847,1.7143604201632847,1.7143604201632847,1.7143604201632847,1.7143604201632847
2014-12-01,1.8179215438618177,1.8179215438618177,1.8179215438618177,1.8179215438618177,1.8179215438618177,1.8179215438618177,1.8179215438618177,1.8179215438618177,1.8179215438618177,1.8179215438618177,1.8179215438618177,1.8179215438618177,1.8179215438618177,1.8179215438618177,1.8179215438618177
2014-12-02,1.684631794186306,1.684631794186306,1.684631794186306,1.684631794186306,1.684631794186306,1.684631794186306,1.684631794186306,1.684631794186306,1.684631794186306,1.684631794186306,1.684631794186306,1.684631794186306,1.684631794186306,1.684631794186306,1.684631794186306
2014-12-03,1.3314220044910483,1.3314220044910483,1.3314220044910483,1.3314220044910483,1.3314220044910483,1.3314220044910483,1.3314220044910483,1.3314220044910483,1.3314220044910483,1.3314220044910483,1.3314220044910483,1.3314220044910483,1.3314220044910483,1.3314220044910483,1.3314220044910483
2014-12-04,0.8258372631923118,0.8258372631923118,0.8258372631923118,0.8258372631923118,0.8258372631923118,0.8258372631923118,0.8258372631923118,0.8258372631923118,0.8258372631923118,0.8258372631923118,0.8258372631923118,0.8258372631923118,0.8258372631923118,0.8258372631923118,0.8258372631923118
2014-12-05,0.6541570634728353,0.6541570634728353,0.6541570634728353,0.6541570634728353,0.6541570634728353,0.6541570634728353,0.6541570634728353,0.6541570634728353,0.6541570634728353,0.6541570634728353,0.6541570634728353,0.6541570634728353,0.6541570634728353,0.6541570634728353,0.6541570634728353
2014-12-06,0.48967963208410586,0.48967963208410586,0.48967963208410586,0.48967963208410586,0.48967963208410586,0.48967963208410586,0.48967963208410586,0.48967963208410586,0.48967963208410586,0.48967963208410586,0.48967963208410586,0.48967963208410586,0.48967963208410586,0.48967963208410586,0.48967963208410586
2014-12-07,0.5367379838694476,0.5367379838694476,0.5367379838694476,0.5367379838694476,0.5367379838694476,0.5367379838694476,0.5367379838694476,0.5367379838694476,0.5367379838694476,0.5367379838694476,0.5367379838694476,0.5367379838694476,0.5367379838694476,0.5367379838694476,0.5367379838694476
2014-12-08,0.07347440216034219,0.07347440216034219,0.07347440216034219,0.07347440216034219,0.07347440216034219,0.07347440216034219,0.07347440216034219,0.07347440216034219,0.07347440216034219,0.07347440216034219,0.07347440216034219,0.07347440216034219,0.07347440216034219,0.07347440216034219,0.07347440216034219
2014-12-09,-0.43404259827149416,-0.43404259827149416,-0.43404259827149416,-0.43404259827149416,-0.43404259827149416,-0.43404259827149416,-0.43404259827149416,-0.43404259827149416,-0.43404259827149416,-0.43404259827149416,-0.43404259827149416,-0.43404259827149416,-0.43404259827149416,-0.43404259827149416,-0.43404259827149416
2014-12-10,-0.7351522515236344,-0.7351522515236344,-0.7351522515236344,-0.7351522515236344,-0.7351522515236344,-0.7351522515236344,-0.7351522515236344,-0.7351522515236344,-0.7351522515236344,-0.7351522515236344,-0.7351522515236344,-0.7351522515236344,-0.7351522515236344,-0.7351522515236344,-0.7351522515236344
2014-12-11,-0.8363762331803677,-0.8363762331803677,-0.8363762331803677,-0.8363762331803677,-0.8363762331803677,-0.8363762331803677,-0.8363762331803677,-0.8363762331803677,-0.8363762331803677,-0.8363762331803677,-0.8363762331803677,-0.8363762331803677,-0.8363762331803677,-0.8363762331803677,-0.8363762331803677
2014-12-12,-0.8729604686750195,-0.8729604686750195,-0.8729604686750195,-0.8729604686750195,-0.8729604686750195,-0.8729604686750195,-0.8729604686750195,-0.8729604686750195,-0.8729604686750195,-0.8729604686750195,-0.8729604686750195,-0.8729604686750195,-0.8729604686750195,-0.8729604686750195,-0.8729604686750195
2014-12-13,-0.8290977323499232,-0.8290977323499232,-0.8290977323499232,-0.8290977323499232,-0.8290977323499232,-0.8290977323499232,-0.8290977323499232,-0.8290977323499232,-0.8290977323499232,-0.8290977323499232,-0.8290977323499232,-0.8290977323499232,-0.8290977323499232,-0.8290977323499232,-0.8290977323499232
2014-12-14,-0.40200398015964256,-0.40200398015964256,-0.40200398015964256,-0.40200398015964256,-0.40200398015964256,-0.40200398015964256,-0.40200398015964256,-0.40200398015964256,-0.40200398015964256,-0.40200398015964256,-0.40200398015964256,-0.40200398015964256,-0.40200398015964256,-0.40200398015964256,-0.40200398015964256
2014-12-15,-0.06832676926440406,-0.06832676926440406,-0.06832676926440406,-0.06832676926440406,-0.06832676926440406,-0.06832676926440406,-0.06832676926440406,-0.06832676926440406,-0.06832676926440406,-0.06832676926440406,-0.06832676926440406,-0.06832676926440406,-0.06832676926440406,-0.06832676926440406,-0.06832676926440406
2014-12-16,0.05970967992464011,0.05970967992464011,0.05970967992464011,0.05970967992464011,0.05970967992464011,0.05970967992464011,0.05970967992464011,0.05970967992464011,0.05970967992464011,0.05970967992464011,0.05970967992464011,0.05970967992464011,0.05970967992464011,0.05970967992464011,0.05970967992464011
2014-12-17,0.2868523689339436,0.2868523689339436,0.2868523689339436,0.2868523689339436,0.2868523689339436,0.2868523689339436,0.2868523689339436,0.2868523689339436,0.2868523689339436,0.2868523689339436,0.2868523689339436,0.2868523689339436,0.2868523689339436,0.2868523689339436,0.2868523689339436
2014-12-18,0.1950728907254082,0.1950728907254082,0.1950728907254082,0.1950728907254082,0.1950728907254082,0.1950728907254082,0.1950728907254082,0.1950728907254082,0.1950728907254082,0.1950728907254082,0.1950728907254082,0.1950728907254082,0.1950728907254082,0.1950728907254082,0.1950728907254082
2014-12-19,0.3901567341785366,0.3901567341785366,0.3901567341785366,0.3901567341785366,0.3901567341785366,0.3901567341785366,0.3901567341785366,0.3901567341785366,0.3901567341785366,0.3901567341785366,0.3901567341785366,0.3901567341785366,0.3901567341785366,0.3901567341785366,0.3901567341785366
2014-12-20,0.5443030016909617,0.5443030016909617,0.5443030016909617,0.5443030016909617,0.5443030016909617,0.5443030016909617,0.5443030016909617,0.5443030016909617,0.5443030016909617,0.5443030016909617,0.5443030016909617,0.5443030016909617,0.5443030016909617,0.5443030016909617,0.5443030016909617
2014-12-21,0.8466230159458266,0.8466230159458266,0.8466230159458266,0.8466230159458266,0.8466230159458266,0.8466230159458266,0.8466230159458266,0.8466230159458266,0.8466230159458266,0.8466230159458266,0.8466230159458266,0.8466230159458266,0.8466230159458266,0.8466230159458266,0.8466230159458266
2014-12-22,0.7662643873942192,0.7662643873942192,0.7662643873942192,0.7662643873942192,0.7662643873942192,0.7662643873942192,0.7662643873942192,0.7662643873942192,0.7662643873942192,0.7662643873942192,0.7662643873942192,0.7662643873942192,0.7662643873942192,0.7662643873942192,0.7662643873942192
2014-12-23,0.5556743938034904,0.5556743938034904,0.5556743938034904,0.5556743938034904,0.5556743938034904,0.5556743938034904,0.5556743938034904,0.5556743938034904,0.5556743938034904,0.5556743938034904,0.5556743938034904,0.5556743938034904,0.5556743938034904,0.5556743938034904,0.5556743938034904
2014-12-24,0.37225571762778537,0.37225571762778537,0.37225571762778537,0.37225571762778537,0.37225571762778537,0.37225571762778537,0.37225571762778537,0.37225571762778537,0.37225571762778537,0.37225571762778537,0.37225571762778537,0.37225571762778537,0.37225571762778537,0.37225571762778537,0.37225571762778537
2014-12-25,0.6246119427902593,0.6246119427902593,0.6246119427902593,0.6246119427902593,0.6246119427902593,0.6246119427902593,0.6246119427902593,0.6246119427902593,0.6246119427902593,0.6246119427902593,0.6246119427902593,0.6246119427902593,0.6246119427902593,0.6246119427902593,0.6246119427902593
2014-12-26,1.0560485730857092,1.0560485730857092,1.0560485730857092,1.0560485730857092,1.0560485730857092,1.0560485730857092,1.0560485730857092,1.0560485730857092,1.0560485730857092,1.0560485730857092,1.0560485730857092,1.0560485730857092,1.0560485730857092,1.0560485730857092,1.0560485730857092
2014-12-27,0.9821885696997983,0.9821885696997983,0.9821885696997983,0.9821885696997983,0.9821885696997983,0.9821885696997983,0.9821885696997983,0.9821885696997983,0.9821885696997983,0.9821885696997983,0.9821885696997983,0.9821885696997983,0.9821885696997983,0.9821885696997983,0.9821885696997983
2014-12-28,0.9815245686821777,0.9815245686821777,0.9815245686821777,0.9815245686821777,0.9815245686821777,0.9815245686821777,0.9815245686821777,0.9815245686821777,0.9815245686821777,0.9815245686821777,0.9815245686821777,0.9815245686821777,0.9815245686821777,0.9815245686821777,0.9815245686821777
2014-12-29,0.8323495480952214,0.8323495480952214,0.8323495480952214,0.8323495480952214,0.8323495480952214,0.8323495480952214,0.8323495480952214,0.8323495480952214,0.8323495480952214,0.8323495480952214,0.8323495480952214,0.8323495480952214,0.8323495480952214,0.8323495480952214,0.8323495480952214
2014-12-30,1.1626508272760128,1.1626508272760128,1.1626508272760128,1.1626508272760128,1.1626508272760128,1.1626508272760128,1.1626508272760128,1.1626508272760128,1.1626508272760128,1.1626508272760128,1.1626508272760128,1.1626508272760128,1.1626508272760128,1.1626508272760128,1.1626508272760128
2014-12-31,1.2711054292377741,1.2711054292377741,1.2711054292377741,1.2711054292377741,1.2711054292377741,1.2711054292377741,1.2711054292377741,1.2711054292377741,1.2711054292377741,1.2711054292377741,1.2711054292377741,1.2711054292377741,1.2711054292377741,1.2711054292377741,1.2711054292377741
2015-01-01,1.3283976930248704,1.4029981501110722,1.3282165153154661,1.3097015787428197,1.4267891730671358,1.352484715648495,1.3912150187573373,1.3511966585105835,1.3955836359873905,1.3600343093737983,1.3925105744086028,1.3434444337336968,1.4003896267680809,1.409917419510352,1.325465084539084
2015-01-02,1.0520478131186028,1.2305709218355927,1.2081213667042978,1.1935582863847163,1.175588259494773,1.141254045497834,1.1433773418734952,1.0649126543115548,1.2306736043231412,1.2146389677787512,1.122211443984156,1.1928702641553437,1.0432260517789442,1.1163879180080125,1.1929314747389554
2015-01-03,0.8800939769109782,1.1247395459925573,1.1856257626502265,1.0857828511241696,0.9662648294574507,1.0288152744729933,0.7414417343111257,0.9782443325953734,1.020540022103162,1.0998481015277706,1.0030054183272095,0.9406892561621992,0.9292478051571548,1.0181123673446208,0.6651689793167107
2015-01-04,0.960960239040246,1.0839446153711707,1.336377428344144,1.2839376814087886,1.293094907889351,1.289881811136633,0.6745284427019417,1.2033351005819022,1.3058743651732658,0.9455748578061162,1.1525062328709637,0.849681963735572,1.0326782926308395,1.2313161179768863,0.7196450478745812
2015-01-05,1.1321266477159027,0.8400262982998744,1.2836987794836285,1.5440079698334073,1.2972297126619896,1.474903916576799,0.9336357565409039,1.1604822242562853,1.5236081773356287,0.8838844721472164,1.4840949413232392,0.7109147042539825,1.0499864332456312,1.4308981203700664,0.7800823356144974
2015-01-06,1.5371451651979147,0.7352442769200855,1.424500320798483,1.8791173181905205,1.2007571521812646,1.9245117144968371,1.2767687603439017,1.4493712395622105,1.6333724883664642,0.8101069355021928,1.671610673196763,1.2190668425117104,1.0343127923024196,1.6525850863338942,1.156353312258188
2015-01-07,1.5941669375197802,0.8102651979727504,1.273550566835355,1.8668698893047415,1.3036491054370931,1.8748445846823982,1.694010571285425,1.2942456277222116,1.5792860959908888,0.852507438351896,1.6515380006017475,1.0775919062925488,1.2212279125308663,1.7239659367226636,1.4550064592747152
2015-01-08,1.5260023003334309,1.0524100427448027,1.0782128018121788,1.82694317358526,1.5287473364662496,1.6310163350919586,1.999338493335923,1.303344508784972,1.3772223741840766,0.9492514088853125,1.4041108327108687,1.0012715763720506,1.261596061522426,2.053787816801361,1.8650274724744496
2015-01-09,1.4432699987794508,1.2472645676044365,1.088968592695419,1.500496623962006,1.7101696632562118,1.68095778637019,2.063694519208114,1.2342043485127212,1.4063176020967814,0.9515737654564627,0.8373447650473476,0.9470916439239885,1.258528946700557,2.337839876686487,1.8409654851426671
2015-01-10,1.4765975551198076,1.5291525157354728,1.0915184582702326,1.4031119407995194,1.6662449016980931,1.8975535909662278,2.1767125276246113,1.1924689627587188,1.5219824438290692,0.8890516002430215,0.3688834889434796,0.9959013244106103,1.2305676405996948,2.356493877748855,1.6216854346140301
2015-01-11,1.1553804287194256,1.5394496790597574,0.4439554800814358,0.9433209382234962,1.519299222550001,1.8008233427548708,1.8049493062690019,0.4969809858782753,1.0925981549708788,1.0436129456512548,-0.24705927262217048,0.7722278363319067,1.2390528776285428,1.8934937522823534,1.0853432576712156
2015-01-12,0.7040433356651121,1.3594544434609934,-0.06843026406700077,0.5639372784422002,1.2772229306418417,1.3382239826879074,1.2892506159406656,0.0063350569557975925,0.9123480374404939,0.9001198898991462,-0.6256961594862369,0.7947516220067655,1.3029056360864804,1.4289944712035607,0.6526844475382169
2015-01-13,0.3935712238834965,1.085625852725262,-0.20887726920491825,0.5865411660876697,0.9870644432072163,0.9526462213042816,1.015879480752661,0.16946849969147068,0.8480513789402994,0.6548655608600641,-0.7510104556241174,0.8939032399673713,1.1505165417401446,0.8820737031696447,0.19013340151189562
2015-01-14,0.28750213671328834,1.0704682268664412,-0.21187903656435567,0.5202322701785792,1.0177281648689274,0.8868722299102209,0.4643293058197161,0.5789952959601188,0.5973438350716147,0.7709177461610944,-0.8098918039612694,1.0826019660534423,1.3001430642975969,0.3851673318193471,0.19810700924866642
2015-01-15,0.5584982676785852,1.270533529526981,-0.05572419071433569,0.5830667607283644,0.9963695565800433,0.8849282608172535,0.2927145716373057,0.8444688799510667,0.2209376833760351,1.1657062506251357,-0.5924946451050092,1.1003396948770412,1.4927258729249484,0.047178203499498306,0.1389120700405799
2015-01-16,0.9554768542938665,1.2439561129402767,-0.014858249173381834,0.7075415093266328,0.6870170785660877,1.0081835756101303,0.4049218143270611,0.7872564666544525,0.1355538807634786,1.428592035295458,-0.556841451410834,1.429515220791502,1.379705259875205,-0.18233788628179456,0.2792254197709308
2015-01-17,1.0389718955743057,1.4356652381335044,-0.41769451323125634,0.8997330451573928,0.6132098709400211,1.1848455941461868,0.5884718217119009,0.9974006020591609,-0.14287201445568992,1.25773094277014,-0.438837226054957,1.8188400169288694,1.106025236635102,-0.1279650917619545,0.5419576371052873
2015-01-18,1.2446119569174465,1.5038481536915227,-0.604267197015047,0.892270883273484,0.8275854079420047,1.300325132113259,0.38492189233795004,1.2644725529754917,-0.35810151881124863,1.1610116150107397,-0.05481729236637079,2.105622672951222,1.1435801780412476,0.3412794265079522,0.6818109849932952
2015-01-19,1.5439771241020477,1.3266255489791217,-0.4831018516831921,1.1923527277165304,0.8089927958653622,1.2996245024269995,-0.09932542646608819,1.2354102335337025,-0.47932574773365727,0.8171262034680047,0.4806139158348224,2.103395169180054,1.287094207114642,0.3068332309779925,0.7212280129992593
2015-01-20,1.7868634791379578,0.6444597329248083,-0.34099538663920154,1.5701065454547123,1.074082962778625,1.4732931953608388,-0.2942426586641492,1.3187830822878919,-0.43212037089294436,0.526879980873817,0.9119679422523267,2.022625534015203,1.4673375987628985,0.49362137149712954,0.8034290135615938
2015-01-21,1.7672308494538111,0.4496259882008474,-0.29519591902983666,1.7388925674382771,1.18444109446283,1.3401772828988483,-0.10199669079808665,1.252626449407951,-0.3029272813647708,0.14844080982886443,0.9547141498363946,2.1517736945836328,1.496604200498642,0.4926360910562163,0.9881029775762536
2015-01-22,1.4702104048439146,0.28998471893497296,0.17279291260580157,1.843321124471807,1.1460239719472312,1.2088825441830309,0.10241900455199117,1.3475809601768334,-0.3496510327288919,0.25636415934704126,0.6660448786618118,2.164280502150344,1.2234839437137717,0.5085497820935282,0.7208760899867774
2015-01-23,1.3859389225329566,0.25728621839130855,0.5237660349263662,1.6563517658929285,1.1379880464195624,1.0523090892518632,0.11985950228627973,1.192122890630011,-0.34432781735515483,-0.15339268640141024,0.3087238530781945,1.6011420560824037,0.9365256899631428,0.35658423202292017,0.3998400381903542
2015-01-24,1.445077043156344,0.2939051843399667,0.6450952476125532,1.2246554750012135,1.4291961025759514,1.4628605821681322,0.30298770428877486,1.2069220415948378,-0.31987930176422846,-0.13002556578991298,0.3135049410137681,1.0771270374847208,0.8414873715603858,0.3970931078369448,0.3123723205155619
2015-01-25,1.1667914268290742,0.43258448392350357,1.1590544826700746,1.3978663000063236,1.2610263090376355,1.705398866956848,0.8521055440418346,1.2133147836375893,-0.7186867243913863,0.17863638893420203,0.5827573933672953,0.7660816465662825,0.7218524254109177,0.6054032632459052,0.04529304243836234
2015-01-26,1.2467812334292707,0.5501598849322101,1.219810591706542,1.717021276513232,0.9102255439355565,1.6161075126875468,1.1491462365592766,0.6392005759866521,-0.7869284750372874,0.6962016265426517,0.6528640045688847,0.5740304035601534,0.6101399154015031,0.7626164897746123,-0.11023840093978919
2015-01-27,1.069439086668117,0.6499202205978252,1.2651268302194112,1.4714589726852996,0.7110821117592333,1.3311851818498455,1.2835032679171459,-0.14142152253202842,-0.5398787833876272,1.0526008376298586,0.286266315759018,0.7514520053281236,0.33925903806716196,0.6733330987685467,-0.48891781608501683
2015-01-28,1.0172162528595496,0.6813742348264212,1.489014356536005,1.5428249954852753,0.6370323859828143,0.5312636890601358,1.2499084425938018,-0.38361991468597245,-0.5929416287114309,1.2077780588825853,0.18538481421087707,0.8870581117442037,-0.09627063682196706,0.7513012855432961,-0.6796490024772394
2015-01-29,0.8301317401145114,0.5714018937857249,1.594151819036791,1.5352624487372604,0.937286006318252,-0.2996142286175366,1.0879669764598403,-0.5304053251189101,-0.4603235137474382,1.003865913696417,0.21618408931533425,1.3204569896823128,-0.2413971560130137,0.9659572369903103,-0.6596223150796888
2015-01-30,0.45496821892913386,0.7748342816743838,1.3133793427155767,1.347390919704868,1.0542549836693031,-0.6744923691849244,1.2205520752051742,-0.5872417042274652,-0.11072186804783013,0.6569464022672771,0.43742812385401575,1.4968571035216078,-0.14973314313311015,0.9649813587647409,-0.5614799262810705
2015-01-31,0.38322928970140996,0.7770393246509217,1.2618845220269523,1.168511734209692,1.2993180446571864,-1.2458191294074952,1.8783749449548266,-0.6026645961949515,0.2748172476163868,0.4801212748213511,0.7733371694962229,1.4738990713737312,0.1293644324874211,0.7171282112835347,-0.7933869298998081
2015-02-01,0.5209160678861776,0.614353133125822,0.733256114953903,0.9299138575479194,1.435564208220245,-1.2966857368034823,2.3523748623355494,-0.7383493370496071,0.1666060380841825,-0.110531463549099,0.9645725489832289,1.2429585964785415,-0.3419779241470181,0.2847779957827458,-1.2252463860835796
2015-02-02,0.5228629309220748,0.6917894205473988,-0.061225327267066025,0.7174380489233496,1.4152974568111003,-1.3135329009815653,2.371389256885761,-0.4629792061520594,0.060591848021030965,-0.322393813920962,1.0024962492426444,1.2017982252232362,-0.5311358913392672,0.0750463163027051,-1.243041504099247
2015-02-03,0.3336607759096818,0.8453753556694212,-0.6279226796112424,0.6062691022366293,1.503166594094992,-0.9533826808214451,2.084520014348156,-0.16759025492600302,0.0748642117273102,-0.5773367200850139,1.180174904236455,1.1350895043569107,-0.20093274721194565,-0.3308341590679657,-1.1937496379903043
2015-02-04,0.11217753241815664,0.6140499767219942,-0.719458727210093,0.2557849410533544,1.7534876828742962,-0.6801390603355915,1.3626406535680509,-0.27468201127713887,0.26193453280493045,-0.7765586579055795,1.0020481585905485,0.6546349784271882,-0.37803841560475987,-0.6479095539541412,-1.1521393951055432
2015-02-05,0.13671965436781974,0.589807179090167,-0.3530685982517769,0.24685665704253495,1.5251234494247028,-0.40467924067336986,0.8301123318317817,-0.17898976949570236,0.1193985183315876,-0.8034741195089261,0.8696223547792289,0.10950503393919434,-0.7356511111708549,-0.6082270402870474,-1.0968486924101462
2015-02-06,0.41005490175292636,0.5558998974240881,-0.1169543849402679,0.16406564900673276,1.1938906656579018,-0.4039283168158124,0.24715451800759627,0.1600009969484276,0.44132058343162334,-0.7567248150745205,1.019649712445637,-0.020663419783908565,-1.0720701845255758,-0.6654356724284788,-0.40160358355694686
2015-02-07,0.45527584542232524,0.32933473375733596,-0.14532735672934022,0.2727955924708749,0.4253921663452064,-0.12051239856858807,-0.4505947897372495,0.5380617299928407,0.829777426485588,-0.8788762258979784,1.169558465413538,-0.042003679330965604,-1.3798526290121862,-0.4633071329273585,-0.024355263452515905
2015-02-08,0.4256703891861387,0.20403114227549055,-0.11361707072384328,0.37925492405608735,-0.17689496269769275,0.04237329804017605,-0.8871490622814031,0.7052005405936154,1.3015024840664964,-0.9781412927913232,1.2882915784960058,0.1335502856356896,-1.4554612895314678,-0.38991552900197646,-0.12500891980583925
2015-02-09,0.29350871920274557,0.6799794935951488,0.008727441988124527,0.39801210931143555,-0.18860326188579873,0.27581335632137227,-1.0977706200390558,0.783266733302052,1.4658955907458995,-0.6421463149957717,1.6451896348711768,0.5053273496298282,-1.1045951983326254,-0.31352861712021046,-0.28468947167458514
2015-02-10,-0.12673671961518437,0.7989407498770531,-0.18738765115355038,-0.02534829332140205,0.10674168290465356,0.012842702111749362,-1.2412838580107914,0.7701101077803997,1.4957972364519307,-0.4254763081698997,1.975543385731891,0.3143275931013548,-0.9594106595998158,-0.411759590293101,-0.18051674369348614
2015-02-11,-0.403919833153759,1.1494460853718447,-0.149467522257897,-0.42825057596315685,-0.21436076392640044,-0.20173588213203347,-1.3578011212500711,0.513774922418847,1.614487056146691,-0.08888215473092682,2.444745012489049,0.4151816413397225,-1.364835234621409,-0.23968065952765447,0.39496064769276773
2015-02-12,-0.41620878032003883,0.9344726573562913,0.05374793571069603,-0.40682905841390815,-0.6342841475508776,-0.009450860633865923,-1.7013485194725697,0.4318082091252665,1.7437404053826426,-0.5550374138266614,2.470881355855659,0.872925306724371,-1.5258188976842617,0.11741938348826017,0.6095758899049258
2015-02-13,-0.45307954249794136,0.9546711894692063,0.28440145300173053,-0.24191371191310077,-0.4055779036599267,-0.11189615234413273,-1.6208515760591546,0.47001668565852095,1.730584720270888,-0.945816762943874,2.3838353865532786,1.1916196576608413,-1.5229566429519303,0.3640742062744767,1.0839881409015242
2015-02-14,-0.5394378905438646,1.119890841865439,0.14546838742828044,0.016817104491661815,-0.2126452979192514,-0.30856158940578776,-1.7187244785896534,0.6319908759788267,1.4239010003375279,-0.8306027570534323,2.013796757514319,1.552568865872522,-1.4301557969713303,0.37524178073723014,1.0372195731424079
2015-02-15,-0.45648850550428677,1.0915270165270614,-0.04444270942632167,0.4416988991460992,-0.5999412419868098,-0.6287391800335015,-1.6375425615107448,0.5702369313831253,0.7924606032702398,-0.5983061340652679,1.762621675749934,1.3186339636718314,-1.3128370708154848,0.2998360742899913,1.0657222690005892
2015-02-16,-0.3692346268012699,0.6750020648652652,-0.13141216013170953,1.0845333370858175,-0.7472927630638714,-1.1321096324373652,-1.7088404896036946,0.4515785482242137,0.5028270288912029,-0.558283688609935,1.3899572763479366,1.4253457930718467,-1.6460419070097028,-0.17333313210953805,1.1014918536534097
2015-02-17,-0.6948268125599583,0.08830931218763638,-0.14579409589416661,1.0047179561623392,-0.8810486326672554,-1.537534081215562,-1.5192713188962945,0.1893464676506583,0.34904623023166753,-0.21196486077552718,1.1973567609120288,1.3638501610099378,-1.948888036210031,-0.6462290239084728,1.1215220252903375
2015-02-18,-1.07480220857425,-0.4056863506733587,0.41729252282066404,1.2925971026157845,-1.0885016903537421,-2.0230501040139224,-1.376159296336176,-0.01801479142689467,0.3578355754929987,-0.0443332843992888,0.9200686077569644,1.6122646034348873,-2.0053734748756358,-0.7728826605525256,0.8262085874377088
2015-02-19,-1.1464041732453245,-0.20269458009860328,0.36129795454650554,1.2405510227800491,-1.1758811651832097,-2.1340208261280726,-1.2794364152487376,-0.4803275858512236,0.09782607527352366,-0.10099469805655382,0.6443122637643522,1.7412831046705437,-1.7088246048062574,-0.5932176332448452,0.7018826870135126
2015-02-20,-0.975151327176873,-0.19546766533700788,0.18385181299359457,0.8065327047790671,-0.9195720800834424,-1.9460687001561152,-1.206120139075407,-0.5492830530161228,-0.02553524300636548,-0.5017372243154051,0.30831624482351283,1.6334861439011357,-1.9087427341679417,-0.7124071212533594,0.48651517979371145
2015-02-21,-0.8909919030470961,-0.3711552856949963,0.20853661260519515,0.23791910655255785,-0.6633070386499883,-1.7910867112453928,-1.0541183116956747,-0.6116328676728703,-0.5831301754443893,-0.9935855692521053,0.061973190313790186,1.3318214360367446,-1.7255085211719356,-0.6645389114261242,-0.14746391610660778
2015-02-22,-1.3092321196160854,-0.15959553879803506,-0.06392316845717996,-0.16019239406326424,-0.487535898509231,-1.4695680789062315,-1.3465787036922314,-0.7980158132442577,-1.0633543653712514,-1.7313998978664495,-0.2378740004683016,1.098484328518632,-1.7105490824466314,-0.39916726034580097,-0.3709286098621396
2015-02-23,-1.5234972654367194,-0.12097632259255307,-0.19269556419623132,-0.26692672798137007,-0.38039547490180936,-1.245131004713868,-1.855588159060852,-1.2019318095761298,-1.6436759110290062,-2.614885398265547,-0.48761478146574816,1.089989527694998,-1.8521148175151183,-0.5999942392990087,-0.1462619341289195
2015-02-24,-1.6717838554675437,0.05243298301171859,-0.3425575568267047,-0.21677330237320905,-0.321645162532303,-1.6593397585680907,-1.4259650690054928,-1.561347082384161,-1.8502378172052574,-3.2425840009483147,-0.6929313153532903,0.9114041127607172,-2.137968412727389,-0.9412774590129672,0.19541689893289604
2015-02-25,-1.664269965776398,0.3235301638068247,-0.662968618747818,-0.24040045018745487,-0.18195577377028269,-1.855032419427516,-1.1434344532558833,-1.86445918226438,-2.012798887058414,-3.4414438042979314,-1.040685330989078,1.0218539237375746,-2.515741611358536,-0.9805685893611287,0.815476726316367
2015-02-26,-1.7204790675240467,0.7323144332733937,-0.6950012918786977,-0.38978117127042,-0.3260462314199605,-1.9586951162135806,-1.2399394013485403,-2.3716197066285827,-2.322617677078063,-3.1841333975686017,-1.271361956975587,0.7318016418277368,-2.976377901421314,-0.8969541439463952,1.0997531493795043
2015-02-27,-2.011862463664321,0.6710628119964052,-0.4092251072615471,-0.424270255152739,-0.5247360946553223,-1.9998703275116108,-1.4238953016330147,-2.2048983909471684,-2.3933984962214936,-3.1150143945046134,-1.044149106458059,0.42750553275172515,-3.3062177013830287,-0.9857121853958396,1.4399646625486402
2015-02-28,-2.0869336178387567,0.5265675290076114,-0.37433234884371747,-0.33254152483388383,-1.0011093159354376,-2.1462528728448635,-1.1187696561813383,-1.6576675393549924,-1.8670259625018915,-3.0499727563246077,-0.7637591322746672,0.285695675105129,-3.6877611370381134,-0.9931783833451953,1.8619545274270586
2015-03-01,-1.7373432874874943,0.6159215716210522,-0.2488836849036337,-0.5847553244731624,-1.421957122385141,-1.8855624754562355,-0.7050729465985267,-1.0156680412760926,-1.736344113697374,-3.2579593040974726,-0.5477135736109247,0.547397205403875,-3.6327623757981042,-0.9667722497543305,2.329462098032148
2015-03-02,-1.280223339822781,0.11382774158034745,-0.061321648124151855,-0.4566351656494763,-1.5321349879370072,-1.9114227865077462,-0.33302887421861765,-0.30280945911851187,-1.8447724638594918,-2.8570046608836637,-0.3704287061976776,0.5019614761439581,-3.373276106055852,-0.7777616330052552,2.6802397763206836
