,1,2,3,4,5,6,7,8,9,10,11,12,13,14,15
2015-09-03,0.6716536898556233,0.6716536898556233,0.6716536898556233,0.6716536898556233,0.6716536898556233,0.6716536898556233,0.6716536898556233,0.6716536898556233,0.6716536898556233,0.6716536898556233,0.6716536898556233,0.6716536898556233,0.6716536898556233,0.6716536898556233,0.6716536898556233
2015-09-04,0.8017853049506775,0.8017853049506775,0.8017853049506775,0.8017853049506775,0.8017853049506775,0.8017853049506775,0.8017853049506775,0.8017853049506775,0.8017853049506775,0.8017853049506775,0.8017853049506775,0.8017853049506775,0.8017853049506775,0.8017853049506775,0.8017853049506775
2015-09-05,0.817360816145245,0.817360816145245,0.817360816145245,0.817360816145245,0.817360816145245,0.817360816145245,0.817360816145245,0.817360816145245,0.817360816145245,0.817360816145245,0.817360816145245,0.817360816145245,0.817360816145245,0.817360816145245,0.817360816145245
2015-09-06,0.8145473705482861,0.8145473705482861,0.8145473705482861,0.8145473705482861,0.8145473705482861,0.8145473705482861,0.8145473705482861,0.8145473705482861,0.8145473705482861,0.8145473705482861,0.8145473705482861,0.8145473705482861,0.8145473705482861,0.8145473705482861,0.8145473705482861
2015-09-07,0.7956000174632618,0.7956000174632618,0.7956000174632618,0.7956000174632618,0.7956000174632618,0.7956000174632618,0.7956000174632618,0.7956000174632618,0.7956000174632618,0.7956000174632618,0.7956000174632618,0.7956000174632618,0.7956000174632618,0.7956000174632618,0.7956000174632618
2015-09-08,0.6654869333042244,0.6654869333042244,0.6654869333042244,0.6654869333042244,0.6654869333042244,0.6654869333042244,0.6654869333042244,0.6654869333042244,0.6654869333042244,0.6654869333042244,0.6654869333042244,0.6654869333042244,0.6654869333042244,0.6654869333042244,0.6654869333042244
2015-09-09,0.517008007015644,0.517008007015644,0.517008007015644,0.517008007015644,0.517008007015644,0.517008007015644,0.517008007015644,0.517008007015644,0.517008007015644,0.517008007015644,0.517008007015644,0.517008007015644,0.517008007015644,0.517008007015644,0.517008007015644
2015-09-10,0.6564240116413456,0.6564240116413456,0.6564240116413456,0.6564240116413456,0.6564240116413456,0.6564240116413456,0.6564240116413456,0.6564240116413456,0.6564240116413456,0.6564240116413456,0.6564240116413456,0.6564240116413456,0.6564240116413456,0.6564240116413456,0.6564240116413456
2015-09-11,0.66468457164458,0.66468457164458,0.66468457164458,0.66468457164458,0.66468457164458,0.66468457164458,0.66468457164458,0.66468457164458,0.66468457164458,0.66468457164458,0.66468457164458,0.66468457164458,0.66468457164458,0.66468457164458,0.66468457164458
2015-09-12,0.4483171040744367,0.4483171040744367,0.4483171040744367,0.4483171040744367,0.4483171040744367,0.4483171040744367,0.4483171040744367,0.4483171040744367,0.4483171040744367,0.4483171040744367,0.4483171040744367,0.4483171040744367,0.4483171040744367,0.4483171040744367,0.4483171040744367
2015-09-13,0.4160242353379314,0.4160242353379314,0.4160242353379314,0.4160242353379314,0.4160242353379314,0.4160242353379314,0.4160242353379314,0.4160242353379314,0.4160242353379314,0.4160242353379314,0.4160242353379314,0.4160242353379314,0.4160242353379314,0.4160242353379314,0.4160242353379314
2015-09-14,0.670757981348055,0.670757981348055,0.670757981348055,0.670757981348055,0.670757981348055,0.670757981348055,0.670757981348055,0.670757981348055,0.670757981348055,0.670757981348055,0.670757981348055,0.670757981348055,0.670757981348055,0.670757981348055,0.670757981348055
2015-09-15,0.8132987490899772,0.8132987490899772,0.8132987490899772,0.8132987490899772,0.8132987490899772,0.8132987490899772,0.8132987490899772,0.8132987490899772,0.8132987490899772,0.8132987490899772,0.8132987490899772,0.8132987490899772,0.8132987490899772,0.8132987490899772,0.8132987490899772
2015-09-16,0.45144056046548964,0.45144056046548964,0.45144056046548964,0.45144056046548964,0.45144056046548964,0.45144056046548964,0.45144056046548964,0.45144056046548964,0.45144056046548964,0.45144056046548964,0.45144056046548964,0.45144056046548964,0.45144056046548964,0.45144056046548964,0.45144056046548964
2015-09-17,0.28108764656039137,0.28108764656039137,0.28108764656039137,0.28108764656039137,0.28108764656039137,0.28108764656039137,0.28108764656039137,0.28108764656039137,0.28108764656039137,0.28108764656039137,0.28108764656039137,0.28108764656039137,0.28108764656039137,0.28108764656039137,0.28108764656039137
2015-09-18,0.3076668621882481,0.3076668621882481,0.3076668621882481,0.3076668621882481,0.3076668621882481,0.3076668621882481,0.3076668621882481,0.3076668621882481,0.3076668621882481,0.3076668621882481,0.3076668621882481,0.3076668621882481,0.3076668621882481,0.3076668621882481,0.3076668621882481
2015-09-19,0.30399470082661434,0.30399470082661434,0.30399470082661434,0.30399470082661434,0.30399470082661434,0.30399470082661434,0.30399470082661434,0.30399470082661434,0.30399470082661434,0.30399470082661434,0.30399470082661434,0.30399470082661434,0.30399470082661434,0.30399470082661434,0.30399470082661434
2015-09-20,0.5247259181536869,0.5247259181536869,0.5247259181536869,0.5247259181536869,0.5247259181536869,0.5247259181536869,0.5247259181536869,0.5247259181536869,0.5247259181536869,0.5247259181536869,0.5247259181536869,0.5247259181536869,0.5247259181536869,0.5247259181536869,0.5247259181536869
2015-09-21,0.6129493673032584,0.6129493673032584,0.6129493673032584,0.6129493673032584,0.6129493673032584,0.6129493673032584,0.6129493673032584,0.6129493673032584,0.6129493673032584,0.6129493673032584,0.6129493673032584,0.6129493673032584,0.6129493673032584,0.6129493673032584,0.6129493673032584
2015-09-22,0.8264779582501358,0.8264779582501358,0.8264779582501358,0.8264779582501358,0.8264779582501358,0.8264779582501358,0.8264779582501358,0.8264779582501358,0.8264779582501358,0.8264779582501358,0.8264779582501358,0.8264779582501358,0.8264779582501358,0.8264779582501358,0.8264779582501358
2015-09-23,1.0352051200194248,1.0352051200194248,1.0352051200194248,1.0352051200194248,1.0352051200194248,1.0352051200194248,1.0352051200194248,1.0352051200194248,1.0352051200194248,1.0352051200194248,1.0352051200194248,1.0352051200194248,1.0352051200194248,1.0352051200194248,1.0352051200194248
2015-09-24,1.4777444350680469,1.4777444350680469,1.4777444350680469,1.4777444350680469,1.4777444350680469,1.4777444350680469,1.4777444350680469,1.4777444350680469,1.4777444350680469,1.4777444350680469,1.4777444350680469,1.4777444350680469,1.4777444350680469,1.4777444350680469,1.4777444350680469
2015-09-25,1.475651577414794,1.475651577414794,1.475651577414794,1.475651577414794,1.475651577414794,1.475651577414794,1.475651577414794,1.475651577414794,1.475651577414794,1.475651577414794,1.475651577414794,1.475651577414794,1.475651577414794,1.475651577414794,1.475651577414794
2015-09-26,1.3352446024703413,1.3352446024703413,1.3352446024703413,1.3352446024703413,1.3352446024703413,1.3352446024703413,1.3352446024703413,1.3352446024703413,1.3352446024703413,1.3352446024703413,1.3352446024703413,1.3352446024703413,1.3352446024703413,1.3352446024703413,1.3352446024703413
2015-09-27,1.1485880168966993,1.1485880168966993,1.1485880168966993,1.1485880168966993,1.1485880168966993,1.1485880168966993,1.1485880168966993,1.1485880168966993,1.1485880168966993,1.1485880168966993,1.1485880168966993,1.1485880168966993,1.1485880168966993,1.1485880168966993,1.1485880168966993
2015-09-28,0.8775355932556389,0.8775355932556389,0.8775355932556389,0.8775355932556389,0.8775355932556389,0.8775355932556389,0.8775355932556389,0.8775355932556389,0.8775355932556389,0.8775355932556389,0.8775355932556389,0.8775355932556389,0.8775355932556389,0.8775355932556389,0.8775355932556389
2015-09-29,0.7638165769006554,0.7638165769006554,0.7638165769006554,0.7638165769006554,0.7638165769006554,0.7638165769006554,0.7638165769006554,0.7638165769006554,0.7638165769006554,0.7638165769006554,0.7638165769006554,0.7638165769006554,0.7638165769006554,0.7638165769006554,0.7638165769006554
2015-09-30,0.6134172373354327,0.6134172373354327,0.6134172373354327,0.6134172373354327,0.6134172373354327,0.6134172373354327,0.6134172373354327,0.6134172373354327,0.6134172373354327,0.6134172373354327,0.6134172373354327,0.6134172373354327,0.6134172373354327,0.6134172373354327,0.6134172373354327
2015-10-01,0.9082793610673324,0.9082793610673324,0.9082793610673324,0.9082793610673324,0.9082793610673324,0.9082793610673324,0.9082793610673324,0.9082793610673324,0.9082793610673324,0.9082793610673324,0.9082793610673324,0.9082793610673324,0.9082793610673324,0.9082793610673324,0.9082793610673324
2015-10-02,0.9257464899823327,0.9257464899823327,0.9257464899823327,0.9257464899823327,0.9257464899823327,0.9257464899823327,0.9257464899823327,0.9257464899823327,0.9257464899823327,0.9257464899823327,0.9257464899823327,0.9257464899823327,0.9257464899823327,0.9257464899823327,0.9257464899823327
2015-10-03,0.9803343927503682,0.9803343927503682,0.9803343927503682,0.9803343927503682,0.9803343927503682,0.9803343927503682,0.9803343927503682,0.9803343927503682,0.9803343927503682,0.9803343927503682,0.9803343927503682,0.9803343927503682,0.9803343927503682,0.9803343927503682,0.9803343927503682
2015-10-04,0.9093799305429789,0.9093799305429789,0.9093799305429789,0.9093799305429789,0.9093799305429789,0.9093799305429789,0.9093799305429789,0.9093799305429789,0.9093799305429789,0.9093799305429789,0.9093799305429789,0.9093799305429789,0.9093799305429789,0.9093799305429789,0.9093799305429789
2015-10-05,0.8199970141759295,0.8199970141759295,0.8199970141759295,0.8199970141759295,0.8199970141759295,0.8199970141759295,0.8199970141759295,0.8199970141759295,0.8199970141759295,0.8199970141759295,0.8199970141759295,0.8199970141759295,0.8199970141759295,0.8199970141759295,0.8199970141759295
2015-10-06,0.6812862177475235,0.6812862177475235,0.6812862177475235,0.6812862177475235,0.6812862177475235,0.6812862177475235,0.6812862177475235,0.6812862177475235,0.6812862177475235,0.6812862177475235,0.6812862177475235,0.6812862177475235,0.6812862177475235,0.6812862177475235,0.6812862177475235
2015-10-07,0.8162398427483464,0.8162398427483464,0.8162398427483464,0.8162398427483464,0.8162398427483464,0.8162398427483464,0.8162398427483464,0.8162398427483464,0.8162398427483464,0.8162398427483464,0.8162398427483464,0.8162398427483464,0.8162398427483464,0.8162398427483464,0.8162398427483464
2015-10-08,0.7721330480651495,0.7721330480651495,0.7721330480651495,0.7721330480651495,0.7721330480651495,0.7721330480651495,0.7721330480651495,0.7721330480651495,0.7721330480651495,0.7721330480651495,0.7721330480651495,0.7721330480651495,0.7721330480651495,0.7721330480651495,0.7721330480651495
2015-10-09,0.9805440199303591,0.9805440199303591,0.9805440199303591,0.9805440199303591,0.9805440199303591,0.9805440199303591,0.9805440199303591,0.9805440199303591,0.9805440199303591,0.9805440199303591,0.9805440199303591,0.9805440199303591,0.9805440199303591,0.9805440199303591,0.9805440199303591
2015-10-10,1.1439535475838178,1.1439535475838178,1.1439535475838178,1.1439535475838178,1.1439535475838178,1.1439535475838178,1.1439535475838178,1.1439535475838178,1.1439535475838178,1.1439535475838178,1.1439535475838178,1.1439535475838178,1.1439535475838178,1.1439535475838178,1.1439535475838178
2015-10-11,1.0802360749575826,1.0802360749575826,1.0802360749575826,1.0802360749575826,1.0802360749575826,1.0802360749575826,1.0802360749575826,1.0802360749575826,1.0802360749575826,1.0802360749575826,1.0802360749575826,1.0802360749575826,1.0802360749575826,1.0802360749575826,1.0802360749575826
2015-10-12,1.2396221235938452,1.2396221235938452,1.2396221235938452,1.2396221235938452,1.2396221235938452,1.2396221235938452,1.2396221235938452,1.2396221235938452,1.2396221235938452,1.2396221235938452,1.2396221235938452,1.2396221235938452,1.2396221235938452,1.2396221235938452,1.2396221235938452
2015-10-13,1.2376704797553713,1.2376704797553713,1.2376704797553713,1.2376704797553713,1.2376704797553713,1.2376704797553713,1.2376704797553713,1.2376704797553713,1.2376704797553713,1.2376704797553713,1.2376704797553713,1.2376704797553713,1.2376704797553713,1.2376704797553713,1.2376704797553713
2015-10-14,1.3931887953060798,1.3931887953060798,1.3931887953060798,1.3931887953060798,1.3931887953060798,1.3931887953060798,1.3931887953060798,1.3931887953060798,1.3931887953060798,1.3931887953060798,1.3931887953060798,1.3931887953060798,1.3931887953060798,1.3931887953060798,1.3931887953060798
2015-10-15,1.550440246547058,1.550440246547058,1.550440246547058,1.550440246547058,1.550440246547058,1.550440246547058,1.550440246547058,1.550440246547058,1.550440246547058,1.550440246547058,1.550440246547058,1.550440246547058,1.550440246547058,1.550440246547058,1.550440246547058
2015-10-16,1.1726060206865572,1.1726060206865572,1.1726060206865572,1.1726060206865572,1.1726060206865572,1.1726060206865572,1.1726060206865572,1.1726060206865572,1.1726060206865572,1.1726060206865572,1.1726060206865572,1.1726060206865572,1.1726060206865572,1.1726060206865572,1.1726060206865572
2015-10-17,0.9783705546269005,0.9783705546269005,0.9783705546269005,0.9783705546269005,0.9783705546269005,0.9783705546269005,0.9783705546269005,0.9783705546269005,0.9783705546269005,0.9783705546269005,0.9783705546269005,0.9783705546269005,0.9783705546269005,0.9783705546269005,0.9783705546269005
2015-10-18,0.7465208000142963,0.7465208000142963,0.7465208000142963,0.7465208000142963,0.7465208000142963,0.7465208000142963,0.7465208000142963,0.7465208000142963,0.7465208000142963,0.7465208000142963,0.7465208000142963,0.7465208000142963,0.7465208000142963,0.7465208000142963,0.7465208000142963
2015-10-19,0.7045916971764451,0.7045916971764451,0.7045916971764451,0.7045916971764451,0.7045916971764451,0.7045916971764451,0.7045916971764451,0.7045916971764451,0.7045916971764451,0.7045916971764451,0.7045916971764451,0.7045916971764451,0.7045916971764451,0.7045916971764451,0.7045916971764451
2015-10-20,0.6788989767413053,0.6788989767413053,0.6788989767413053,0.6788989767413053,0.6788989767413053,0.6788989767413053,0.6788989767413053,0.6788989767413053,0.6788989767413053,0.6788989767413053,0.6788989767413053,0.6788989767413053,0.6788989767413053,0.6788989767413053,0.6788989767413053
2015-10-21,0.19289592868203273,0.19289592868203273,0.19289592868203273,0.19289592868203273,0.19289592868203273,0.19289592868203273,0.19289592868203273,0.19289592868203273,0.19289592868203273,0.19289592868203273,0.19289592868203273,0.19289592868203273,0.19289592868203273,0.19289592868203273,0.19289592868203273
2015-10-22,-0.1507269410012423,-0.1507269410012423,-0.1507269410012423,-0.1507269410012423,-0.1507269410012423,-0.1507269410012423,-0.1507269410012423,-0.1507269410012423,-0.1507269410012423,-0.1507269410012423,-0.1507269410012423,-0.1507269410012423,-0.1507269410012423,-0.1507269410012423,-0.1507269410012423
2015-10-23,-0.6145870828604297,-0.6145870828604297,-0.6145870828604297,-0.6145870828604297,-0.6145870828604297,-0.6145870828604297,-0.6145870828604297,-0.6145870828604297,-0.6145870828604297,-0.6145870828604297,-0.6145870828604297,-0.6145870828604297,-0.6145870828604297,-0.6145870828604297,-0.6145870828604297
2015-10-24,-1.0475355866019986,-1.0475355866019986,-1.0475355866019986,-1.0475355866019986,-1.0475355866019986,-1.0475355866019986,-1.0475355866019986,-1.0475355866019986,-1.0475355866019986,-1.0475355866019986,-1.0475355866019986,-1.0475355866019986,-1.0475355866019986,-1.0475355866019986,-1.0475355866019986
2015-10-25,-1.2865321986105667,-1.2865321986105667,-1.2865321986105667,-1.2865321986105667,-1.2865321986105667,-1.2865321986105667,-1.2865321986105667,-1.2865321986105667,-1.2865321986105667,-1.2865321986105667,-1.2865321986105667,-1.2865321986105667,-1.2865321986105667,-1.2865321986105667,-1.2865321986105667
2015-10-26,-1.5400860537034464,-1.5400860537034464,-1.5400860537034464,-1.5400860537034464,-1.5400860537034464,-1.5400860537034464,-1.5400860537034464,-1.5400860537034464,-1.5400860537034464,-1.5400860537034464,-1.5400860537034464,-1.5400860537034464,-1.5400860537034464,-1.5400860537034464,-1.5400860537034464
2015-10-27,-1.7593519069837145,-1.7593519069837145,-1.7593519069837145,-1.7593519069837145,-1.7593519069837145,-1.7593519069837145,-1.7593519069837145,-1.7593519069837145,-1.7593519069837145,-1.7593519069837145,-1.7593519069837145,-1.7593519069837145,-1.7593519069837145,-1.7593519069837145,-1.7593519069837145
2015-10-28,-1.4365697456001352,-1.4365697456001352,-1.4365697456001352,-1.4365697456001352,-1.4365697456001352,-1.4365697456001352,-1.4365697456001352,-1.4365697456001352,-1.4365697456001352,-1.4365697456001352,-1.4365697456001352,-1.4365697456001352,-1.4365697456001352,-1.4365697456001352,-1.4365697456001352
2015-10-29,-1.2759889296810238,-1.2759889296810238,-1.2759889296810238,-1.2759889296810238,-1.2759889296810238,-1.2759889296810238,-1.2759889296810238,-1.2759889296810238,-1.2759889296810238,-1.2759889296810238,-1.2759889296810238,-1.2759889296810238,-1.2759889296810238,-1.2759889296810238,-1.2759889296810238
2015-10-30,-1.3110502095930314,-1.3110502095930314,-1.3110502095930314,-1.3110502095930314,-1.3110502095930314,-1.3110502095930314,-1.3110502095930314,-1.3110502095930314,-1.3110502095930314,-1.3110502095930314,-1.3110502095930314,-1.3110502095930314,-1.3110502095930314,-1.3110502095930314,-1.3110502095930314
2015-10-31,-1.4181442656803012,-1.4181442656803012,-1.4181442656803012,-1.4181442656803012,-1.4181442656803012,-1.4181442656803012,-1.4181442656803012,-1.4181442656803012,-1.4181442656803012,-1.4181442656803012,-1.4181442656803012,-1.4181442656803012,-1.4181442656803012,-1.4181442656803012,-1.4181442656803012
2015-11-01,-1.3792865722106287,-1.3792865722106287,-1.3792865722106287,-1.3792865722106287,-1.3792865722106287,-1.3792865722106287,-1.3792865722106287,-1.3792865722106287,-1.3792865722106287,-1.3792865722106287,-1.3792865722106287,-1.3792865722106287,-1.3792865722106287,-1.3792865722106287,-1.3792865722106287
2015-11-02,-1.203658262935312,-1.203658262935312,-1.203658262935312,-1.203658262935312,-1.203658262935312,-1.203658262935312,-1.203658262935312,-1.203658262935312,-1.203658262935312,-1.203658262935312,-1.203658262935312,-1.203658262935312,-1.203658262935312,-1.203658262935312,-1.203658262935312
2015-11-03,-1.2104162256467887,-1.2104162256467887,-1.2104162256467887,-1.2104162256467887,-1.2104162256467887,-1.2104162256467887,-1.2104162256467887,-1.2104162256467887,-1.2104162256467887,-1.2104162256467887,-1.2104162256467887,-1.2104162256467887,-1.2104162256467887,-1.2104162256467887,-1.2104162256467887
2015-11-04,-1.4106063232244521,-1.4106063232244521,-1.4106063232244521,-1.4106063232244521,-1.4106063232244521,-1.4106063232244521,-1.4106063232244521,-1.4106063232244521,-1.4106063232244521,-1.4106063232244521,-1.4106063232244521,-1.4106063232244521,-1.4106063232244521,-1.4106063232244521,-1.4106063232244521
2015-11-05,-1.2753030630819884,-1.2753030630819884,-1.2753030630819884,-1.2753030630819884,-1.2753030630819884,-1.2753030630819884,-1.2753030630819884,-1.2753030630819884,-1.2753030630819884,-1.2753030630819884,-1.2753030630819884,-1.2753030630819884,-1.2753030630819884,-1.2753030630819884,-1.2753030630819884
2015-11-06,-1.2713170786109529,-1.2713170786109529,-1.2713170786109529,-1.2713170786109529,-1.2713170786109529,-1.2713170786109529,-1.2713170786109529,-1.2713170786109529,-1.2713170786109529,-1.2713170786109529,-1.2713170786109529,-1.2713170786109529,-1.2713170786109529,-1.2713170786109529,-1.2713170786109529
2015-11-07,-1.2654288387744197,-1.2654288387744197,-1.2654288387744197,-1.2654288387744197,-1.2654288387744197,-1.2654288387744197,-1.2654288387744197,-1.2654288387744197,-1.2654288387744197,-1.2654288387744197,-1.2654288387744197,-1.2654288387744197,-1.2654288387744197,-1.2654288387744197,-1.2654288387744197
2015-11-08,-1.2507165581647701,-1.2507165581647701,-1.2507165581647701,-1.2507165581647701,-1.2507165581647701,-1.2507165581647701,-1.2507165581647701,-1.2507165581647701,-1.2507165581647701,-1.2507165581647701,-1.2507165581647701,-1.2507165581647701,-1.2507165581647701,-1.2507165581647701,-1.2507165581647701
2015-11-09,-1.1751823671322097,-1.1751823671322097,-1.1751823671322097,-1.1751823671322097,-1.1751823671322097,-1.1751823671322097,-1.1751823671322097,-1.1751823671322097,-1.1751823671322097,-1.1751823671322097,-1.1751823671322097,-1.1751823671322097,-1.1751823671322097,-1.1751823671322097,-1.1751823671322097
2015-11-10,-1.1112426611564514,-1.1112426611564514,-1.1112426611564514,-1.1112426611564514,-1.1112426611564514,-1.1112426611564514,-1.1112426611564514,-1.1112426611564514,-1.1112426611564514,-1.1112426611564514,-1.1112426611564514,-1.1112426611564514,-1.1112426611564514,-1.1112426611564514,-1.1112426611564514
2015-11-11,-1.1411241144106008,-1.1411241144106008,-1.1411241144106008,-1.1411241144106008,-1.1411241144106008,-1.1411241144106008,-1.1411241144106008,-1.1411241144106008,-1.1411241144106008,-1.1411241144106008,-1.1411241144106008,-1.1411241144106008,-1.1411241144106008,-1.1411241144106008,-1.1411241144106008
2015-11-12,-0.9703899206519191,-0.9703899206519191,-0.9703899206519191,-0.9703899206519191,-0.9703899206519191,-0.9703899206519191,-0.9703899206519191,-0.9703899206519191,-0.9703899206519191,-0.9703899206519191,-0.9703899206519191,-0.9703899206519191,-0.9703899206519191,-0.9703899206519191,-0.9703899206519191
2015-11-13,-1.1154085747206512,-1.1154085747206512,-1.1154085747206512,-1.1154085747206512,-1.1154085747206512,-1.1154085747206512,-1.1154085747206512,-1.1154085747206512,-1.1154085747206512,-1.1154085747206512,-1.1154085747206512,-1.1154085747206512,-1.1154085747206512,-1.1154085747206512,-1.1154085747206512
2015-11-14,-1.0180065897787207,-1.0180065897787207,-1.0180065897787207,-1.0180065897787207,-1.0180065897787207,-1.0180065897787207,-1.0180065897787207,-1.0180065897787207,-1.0180065897787207,-1.0180065897787207,-1.0180065897787207,-1.0180065897787207,-1.0180065897787207,-1.0180065897787207,-1.0180065897787207
2015-11-15,-1.016563681837971,-1.016563681837971,-1.016563681837971,-1.016563681837971,-1.016563681837971,-1.016563681837971,-1.016563681837971,-1.016563681837971,-1.016563681837971,-1.016563681837971,-1.016563681837971,-1.016563681837971,-1.016563681837971,-1.016563681837971,-1.016563681837971
2015-11-16,-1.14098510515004,-1.14098510515004,-1.14098510515004,-1.14098510515004,-1.14098510515004,-1.14098510515004,-1.14098510515004,-1.14098510515004,-1.14098510515004,-1.14098510515004,-1.14098510515004,-1.14098510515004,-1.14098510515004,-1.14098510515004,-1.14098510515004
2015-11-17,-1.128864594012906,-1.128864594012906,-1.128864594012906,-1.128864594012906,-1.128864594012906,-1.128864594012906,-1.128864594012906,-1.128864594012906,-1.128864594012906,-1.128864594012906,-1.128864594012906,-1.128864594012906,-1.128864594012906,-1.128864594012906,-1.128864594012906
2015-11-18,-1.1465039928861256,-1.1465039928861256,-1.1465039928861256,-1.1465039928861256,-1.1465039928861256,-1.1465039928861256,-1.1465039928861256,-1.1465039928861256,-1.1465039928861256,-1.1465039928861256,-1.1465039928861256,-1.1465039928861256,-1.1465039928861256,-1.1465039928861256,-1.1465039928861256
2015-11-19,-1.216278648874889,-1.216278648874889,-1.216278648874889,-1.216278648874889,-1.216278648874889,-1.216278648874889,-1.216278648874889,-1.216278648874889,-1.216278648874889,-1.216278648874889,-1.216278648874889,-1.216278648874889,-1.216278648874889,-1.216278648874889,-1.216278648874889
2015-11-20,-1.19757264685837,-1.19757264685837,-1.19757264685837,-1.19757264685837,-1.19757264685837,-1.19757264685837,-1.19757264685837,-1.19757264685837,-1.19757264685837,-1.19757264685837,-1.19757264685837,-1.19757264685837,-1.19757264685837,-1.19757264685837,-1.19757264685837
2015-11-21,-0.9922656250914698,-0.9922656250914698,-0.9922656250914698,-0.9922656250914698,-0.9922656250914698,-0.9922656250914698,-0.9922656250914698,-0.9922656250914698,-0.9922656250914698,-0.9922656250914698,-0.9922656250914698,-0.9922656250914698,-0.9922656250914698,-0.9922656250914698,-0.9922656250914698
2015-11-22,-0.8969845812636474,-0.8969845812636474,-0.8969845812636474,-0.8969845812636474,-0.8969845812636474,-0.8969845812636474,-0.8969845812636474,-0.8969845812636474,-0.8969845812636474,-0.8969845812636474,-0.8969845812636474,-0.8969845812636474,-0.8969845812636474,-0.8969845812636474,-0.8969845812636474
2015-11-23,-0.8585649066394028,-0.8585649066394028,-0.8585649066394028,-0.8585649066394028,-0.8585649066394028,-0.8585649066394028,-0.8585649066394028,-0.8585649066394028,-0.8585649066394028,-0.8585649066394028,-0.8585649066394028,-0.8585649066394028,-0.8585649066394028,-0.8585649066394028,-0.8585649066394028
2015-11-24,-1.0850560294883314,-1.0850560294883314,-1.0850560294883314,-1.0850560294883314,-1.0850560294883314,-1.0850560294883314,-1.0850560294883314,-1.0850560294883314,-1.0850560294883314,-1.0850560294883314,-1.0850560294883314,-1.0850560294883314,-1.0850560294883314,-1.0850560294883314,-1.0850560294883314
2015-11-25,-0.9371468296057268,-0.9371468296057268,-0.9371468296057268,-0.9371468296057268,-0.9371468296057268,-0.9371468296057268,-0.9371468296057268,-0.9371468296057268,-0.9371468296057268,-0.9371468296057268,-0.9371468296057268,-0.9371468296057268,-0.9371468296057268,-0.9371468296057268,-0.9371468296057268
2015-11-26,-0.82548377299465,-0.82548377299465,-0.82548377299465,-0.82548377299465,-0.82548377299465,-0.82548377299465,-0.82548377299465,-0.82548377299465,-0.82548377299465,-0.82548377299465,-0.82548377299465,-0.82548377299465,-0.82548377299465,-0.82548377299465,-0.82548377299465
2015-11-27,-0.9942607453072186,-0.9942607453072186,-0.9942607453072186,-0.9942607453072186,-0.9942607453072186,-0.9942607453072186,-0.9942607453072186,-0.9942607453072186,-0.9942607453072186,-0.9942607453072186,-0.9942607453072186,-0.9942607453072186,-0.9942607453072186,-0.9942607453072186,-0.9942607453072186
2015-11-28,-1.1737566060251046,-1.1737566060251046,-1.1737566060251046,-1.1737566060251046,-1.1737566060251046,-1.1737566060251046,-1.1737566060251046,-1.1737566060251046,-1.1737566060251046,-1.1737566060251046,-1.1737566060251046,-1.1737566060251046,-1.1737566060251046,-1.1737566060251046,-1.1737566060251046
2015-11-29,-1.0544376290692576,-1.0544376290692576,-1.0544376290692576,-1.0544376290692576,-1.0544376290692576,-1.0544376290692576,-1.0544376290692576,-1.0544376290692576,-1.0544376290692576,-1.0544376290692576,-1.0544376290692576,-1.0544376290692576,-1.0544376290692576,-1.0544376290692576,-1.0544376290692576
2015-11-30,-0.6266307682866014,-0.6266307682866014,-0.6266307682866014,-0.6266307682866014,-0.6266307682866014,-0.6266307682866014,-0.6266307682866014,-0.6266307682866014,-0.6266307682866014,-0.6266307682866014,-0.6266307682866014,-0.6266307682866014,-0.6266307682866014,-0.6266307682866014,-0.6266307682866014
2015-12-01,-0.5159683532116623,-0.5159683532116623,-0.5159683532116623,-0.5159683532116623,-0.5159683532116623,-0.5159683532116623,-0.5159683532116623,-0.5159683532116623,-0.5159683532116623,-0.5159683532116623,-0.5159683532116623,-0.5159683532116623,-0.5159683532116623,-0.5159683532116623,-0.5159683532116623
2015-12-02,-0.559959641767701,-0.559959641767701,-0.559959641767701,-0.559959641767701,-0.559959641767701,-0.559959641767701,-0.559959641767701,-0.559959641767701,-0.559959641767701,-0.559959641767701,-0.559959641767701,-0.559959641767701,-0.559959641767701,-0.559959641767701,-0.559959641767701
2015-12-03,-0.3972506635264362,-0.3972506635264362,-0.3972506635264362,-0.3972506635264362,-0.3972506635264362,-0.3972506635264362,-0.3972506635264362,-0.3972506635264362,-0.3972506635264362,-0.3972506635264362,-0.3972506635264362,-0.3972506635264362,-0.3972506635264362,-0.3972506635264362,-0.3972506635264362
2015-12-04,-0.4621174002892791,-0.4621174002892791,-0.4621174002892791,-0.4621174002892791,-0.4621174002892791,-0.4621174002892791,-0.4621174002892791,-0.4621174002892791,-0.4621174002892791,-0.4621174002892791,-0.4621174002892791,-0.4621174002892791,-0.4621174002892791,-0.4621174002892791,-0.4621174002892791
2015-12-05,-0.5853909680603521,-0.5853909680603521,-0.5853909680603521,-0.5853909680603521,-0.5853909680603521,-0.5853909680603521,-0.5853909680603521,-0.5853909680603521,-0.5853909680603521,-0.5853909680603521,-0.5853909680603521,-0.5853909680603521,-0.5853909680603521,-0.5853909680603521,-0.5853909680603521
2015-12-06,-0.7761571995761032,-0.7761571995761032,-0.7761571995761032,-0.7761571995761032,-0.7761571995761032,-0.7761571995761032,-0.7761571995761032,-0.7761571995761032,-0.7761571995761032,-0.7761571995761032,-0.7761571995761032,-0.7761571995761032,-0.7761571995761032,-0.7761571995761032,-0.7761571995761032
2015-12-07,-0.8361307720800424,-0.8361307720800424,-0.8361307720800424,-0.8361307720800424,-0.8361307720800424,-0.8361307720800424,-0.8361307720800424,-0.8361307720800424,-0.8361307720800424,-0.8361307720800424,-0.8361307720800424,-0.8361307720800424,-0.8361307720800424,-0.8361307720800424,-0.8361307720800424
2015-12-08,-0.9938928919184087,-0.9938928919184087,-0.9938928919184087,-0.9938928919184087,-0.9938928919184087,-0.9938928919184087,-0.9938928919184087,-0.9938928919184087,-0.9938928919184087,-0.9938928919184087,-0.9938928919184087,-0.9938928919184087,-0.9938928919184087,-0.9938928919184087,-0.9938928919184087
2015-12-09,-0.9071359991911782,-0.9071359991911782,-0.9071359991911782,-0.9071359991911782,-0.9071359991911782,-0.9071359991911782,-0.9071359991911782,-0.9071359991911782,-0.9071359991911782,-0.9071359991911782,-0.9071359991911782,-0.9071359991911782,-0.9071359991911782,-0.9071359991911782,-0.9071359991911782
2015-12-10,-0.6564292669007343,-0.6564292669007343,-0.6564292669007343,-0.6564292669007343,-0.6564292669007343,-0.6564292669007343,-0.6564292669007343,-0.6564292669007343,-0.6564292669007343,-0.6564292669007343,-0.6564292669007343,-0.6564292669007343,-0.6564292669007343,-0.6564292669007343,-0.6564292669007343
2015-12-11,-0.6529694617336711,-0.6529694617336711,-0.6529694617336711,-0.6529694617336711,-0.6529694617336711,-0.6529694617336711,-0.6529694617336711,-0.6529694617336711,-0.6529694617336711,-0.6529694617336711,-0.6529694617336711,-0.6529694617336711,-0.6529694617336711,-0.6529694617336711,-0.6529694617336711
2015-12-12,-0.7561012133877636,-0.7561012133877636,-0.7561012133877636,-0.7561012133877636,-0.7561012133877636,-0.7561012133877636,-0.7561012133877636,-0.7561012133877636,-0.7561012133877636,-0.7561012133877636,-0.7561012133877636,-0.7561012133877636,-0.7561012133877636,-0.7561012133877636,-0.7561012133877636
2015-12-13,-1.0678721426879874,-1.0678721426879874,-1.0678721426879874,-1.0678721426879874,-1.0678721426879874,-1.0678721426879874,-1.0678721426879874,-1.0678721426879874,-1.0678721426879874,-1.0678721426879874,-1.0678721426879874,-1.0678721426879874,-1.0678721426879874,-1.0678721426879874,-1.0678721426879874
2015-12-14,-1.0194754565710442,-1.0194754565710442,-1.0194754565710442,-1.0194754565710442,-1.0194754565710442,-1.0194754565710442,-1.0194754565710442,-1.0194754565710442,-1.0194754565710442,-1.0194754565710442,-1.0194754565710442,-1.0194754565710442,-1.0194754565710442,-1.0194754565710442,-1.0194754565710442
2015-12-15,-0.9621080505901575,-0.9621080505901575,-0.9621080505901575,-0.9621080505901575,-0.9621080505901575,-0.9621080505901575,-0.9621080505901575,-0.9621080505901575,-0.9621080505901575,-0.9621080505901575,-0.9621080505901575,-0.9621080505901575,-0.9621080505901575,-0.9621080505901575,-0.9621080505901575
2015-12-16,-0.6687654098153093,-0.6687654098153093,-0.6687654098153093,-0.6687654098153093,-0.6687654098153093,-0.6687654098153093,-0.6687654098153093,-0.6687654098153093,-0.6687654098153093,-0.6687654098153093,-0.6687654098153093,-0.6687654098153093,-0.6687654098153093,-0.6687654098153093,-0.6687654098153093
2015-12-17,-0.2971161049195359,-0.2971161049195359,-0.2971161049195359,-0.2971161049195359,-0.2971161049195359,-0.2971161049195359,-0.2971161049195359,-0.2971161049195359,-0.2971161049195359,-0.2971161049195359,-0.2971161049195359,-0.2971161049195359,-0.2971161049195359,-0.2971161049195359,-0.2971161049195359
2015-12-18,-0.33389720084512975,-0.33389720084512975,-0.33389720084512975,-0.33389720084512975,-0.33389720084512975,-0.33389720084512975,-0.33389720084512975,-0.33389720084512975,-0.33389720084512975,-0.33389720084512975,-0.33389720084512975,-0.33389720084512975,-0.33389720084512975,-0.33389720084512975,-0.33389720084512975
2015-12-19,0.13701902189944126,0.13701902189944126,0.13701902189944126,0.13701902189944126,0.13701902189944126,0.13701902189944126,0.13701902189944126,0.13701902189944126,0.13701902189944126,0.13701902189944126,0.13701902189944126,0.13701902189944126,0.13701902189944126,0.13701902189944126,0.13701902189944126
2015-12-20,0.08884285076877775,0.08884285076877775,0.08884285076877775,0.08884285076877775,0.08884285076877775,0.08884285076877775,0.08884285076877775,0.08884285076877775,0.08884285076877775,0.08884285076877775,0.08884285076877775,0.08884285076877775,0.08884285076877775,0.08884285076877775,0.08884285076877775
2015-12-21,0.23532669118850488,0.23532669118850488,0.23532669118850488,0.23532669118850488,0.23532669118850488,0.23532669118850488,0.23532669118850488,0.23532669118850488,0.23532669118850488,0.23532669118850488,0.23532669118850488,0.23532669118850488,0.23532669118850488,0.23532669118850488,0.23532669118850488
2015-12-22,0.689814998280398,0.689814998280398,0.689814998280398,0.689814998280398,0.689814998280398,0.689814998280398,0.689814998280398,0.689814998280398,0.689814998280398,0.689814998280398,0.689814998280398,0.689814998280398,0.689814998280398,0.689814998280398,0.689814998280398
2015-12-23,1.4621367845329891,1.4621367845329891,1.4621367845329891,1.4621367845329891,1.4621367845329891,1.4621367845329891,1.4621367845329891,1.4621367845329891,1.4621367845329891,1.4621367845329891,1.4621367845329891,1.4621367845329891,1.4621367845329891,1.4621367845329891,1.4621367845329891
2015-12-24,2.064510119033304,2.064510119033304,2.064510119033304,2.064510119033304,2.064510119033304,2.064510119033304,2.064510119033304,2.064510119033304,2.064510119033304,2.064510119033304,2.064510119033304,2.064510119033304,2.064510119033304,2.064510119033304,2.064510119033304
2015-12-25,1.8652243022729333,1.8652243022729333,1.8652243022729333,1.8652243022729333,1.8652243022729333,1.8652243022729333,1.8652243022729333,1.8652243022729333,1.8652243022729333,1.8652243022729333,1.8652243022729333,1.8652243022729333,1.8652243022729333,1.8652243022729333,1.8652243022729333
2015-12-26,1.8246328351771413,1.8246328351771413,1.8246328351771413,1.8246328351771413,1.8246328351771413,1.8246328351771413,1.8246328351771413,1.8246328351771413,1.8246328351771413,1.8246328351771413,1.8246328351771413,1.8246328351771413,1.8246328351771413,1.8246328351771413,1.8246328351771413
2015-12-27,1.8407642894285903,1.8407642894285903,1.8407642894285903,1.8407642894285903,1.8407642894285903,1.8407642894285903,1.8407642894285903,1.8407642894285903,1.8407642894285903,1.8407642894285903,1.8407642894285903,1.8407642894285903,1.8407642894285903,1.8407642894285903,1.8407642894285903
2015-12-28,2.188478767124099,2.188478767124099,2.188478767124099,2.188478767124099,2.188478767124099,2.188478767124099,2.188478767124099,2.188478767124099,2.188478767124099,2.188478767124099,2.188478767124099,2.188478767124099,2.188478767124099,2.188478767124099,2.188478767124099
2015-12-29,2.1876493440692677,2.1876493440692677,2.1876493440692677,2.1876493440692677,2.1876493440692677,2.1876493440692677,2.1876493440692677,2.1876493440692677,2.1876493440692677,2.1876493440692677,2.1876493440692677,2.1876493440692677,2.1876493440692677,2.1876493440692677,2.1876493440692677
2015-12-30,2.092923899294758,2.092923899294758,2.092923899294758,2.092923899294758,2.092923899294758,2.092923899294758,2.092923899294758,2.092923899294758,2.092923899294758,2.092923899294758,2.092923899294758,2.092923899294758,2.092923899294758,2.092923899294758,2.092923899294758
2015-12-31,1.9312005355434325,1.9312005355434325,1.9312005355434325,1.9312005355434325,1.9312005355434325,1.9312005355434325,1.9312005355434325,1.9312005355434325,1.9312005355434325,1.9312005355434325,1.9312005355434325,1.9312005355434325,1.9312005355434325,1.9312005355434325,1.9312005355434325
2016-01-01,1.8828983172540108,1.7830993624567082,1.8895585834550706,1.773700755479058,1.8870308964993088,1.8558136496131032,1.7611534193095335,1.8766357750111684,1.738317606240552,1.844555510975913,1.8263333882230899,1.851649496804622,1.7935322034997578,1.8285266669241398,1.8158113638126199
2016-01-02,1.8640278563550636,2.000165671666199,1.893269386741491,1.8939249571290777,1.9165641670978086,1.8789116466577422,1.8949747023958181,2.0632512959431994,1.9153364961428159,1.8749964063106956,1.798385038702155,1.8959253183162408,1.8213848261076622,1.8630490535725728,1.9408426890747694
2016-01-03,1.6857153407615006,2.0716795124504754,1.690182586316939,1.989724971647271,1.7487853160739883,1.9335014729710887,1.833627204635947,1.9595957019883774,1.873921701621587,1.7343551925248757,1.6456614430595122,1.683202839207512,1.7098735324798247,1.8221783508100076,1.822020965071465
2016-01-04,1.5201090315569523,1.909574513951923,1.4184864588487782,1.965786528009441,1.4381636517166076,1.8563795275363968,1.82089828576498,1.83624216765024,1.8666761876108333,1.9276205671131452,1.2814089294174322,1.6437316799567487,1.6762964469631911,1.8478910281077559,1.7190223295710436
2016-01-05,1.5061161719280125,1.8698564992602813,1.5226931526331742,2.0845254102970636,1.5636467971906227,1.6764920667501282,2.0305255868124505,2.1134131574518276,2.0560151146541346,2.2099574738720293,1.4927855249250155,1.737815041756712,1.758871935137513,2.0689788915613176,1.7657666073020841
2016-01-06,1.7327944596674936,1.7047292792788282,1.7404279987925646,2.3177368898362767,1.6853597953730086,1.7344712102709758,2.047342463024685,2.3284539786079645,2.121219518231075,2.240247911671616,1.453822863598005,2.02943759761188,1.7814608583640092,2.0825159009517136,1.8782668136213931
2016-01-07,1.4213123841455482,1.341126253196504,1.3826044056402025,2.117220711176468,1.228387618048783,1.285495591246293,1.7895288896346984,1.7882311135518125,1.9749409304442398,1.9302500046265967,0.952857142579372,1.4855408222757365,1.4175565653920967,1.5441264708222922,1.324796554203777
2016-01-08,1.2958896677846365,1.1359243028975805,1.1834647604271435,2.0018026383102443,1.0731338840660531,1.1199258959947547,1.561333504132064,1.4096300501187455,1.7450824261744406,1.6056576295163834,0.5219936346448474,1.5979091307210913,1.206744790928299,1.389695670156707,1.138488190428133
2016-01-09,1.1296947605836858,1.021930745989153,0.7527750476186132,1.8812441166662055,1.0282746593075647,1.058333755553305,1.553761039462247,1.3544266784759393,1.4366127298862916,1.1348389873842615,0.2723020207531032,1.7290865850100499,1.1078377774464552,1.311748695552143,0.7845375152682715
2016-01-10,0.9712857400984326,0.5915447255378457,0.04957576992492511,1.5753015634226002,0.7788275106295695,0.7880380161063372,1.186437055524518,1.154465567946271,0.8025588647620604,0.6801610601138771,-0.049772664635373845,1.5666689277229082,0.9213219668129774,1.0742637585964756,0.6386888073701842
2016-01-11,0.7571109658041637,0.11050782512234913,-0.38191197984465,1.3673063761935738,0.47908314216014725,0.6884779462155648,0.657086583523787,0.9717044366422096,0.4806906501022323,0.3544948341132331,-0.5399290920796618,0.9126477000788784,0.5710895707049626,0.631859765564115,0.016141105785979878
2016-01-12,0.2440411517222382,-0.14963003525100835,-0.37874938461922203,0.8308113826806783,-0.05932807901164952,0.10155146814060766,0.18539886445181508,0.5144430184495075,0.2853893359776218,-0.292663671589421,-1.3377931918604111,0.40759290749386257,0.2314828117491889,0.13443209784343607,-0.530307104119462
2016-01-13,-0.13947590759988046,-0.334453940645443,-0.3423167390388031,0.6921647442882953,-0.28431745647950557,-0.5349622600038031,0.002991497462904765,0.23270146794561278,0.4697352299799797,-0.5422149151415764,-1.710050738349144,0.19063185350491843,-0.11849885540269418,-0.027200728933861048,-0.6126093116039031
2016-01-14,-0.451064220644097,-0.6272762990177849,-0.4734316033468113,0.7059445626854308,-0.7075083710390782,-0.9347149717334442,-0.36880905489445875,0.11217100035323709,0.35123063282664846,-0.5534871148980487,-1.9966774309627293,0.1286351565417254,-0.756249767215306,0.03337467586263941,-0.7155629665284917
2016-01-15,-0.5247476778787011,-0.6951589149107017,-0.7020057125555325,0.5954069356029054,-1.0663207155909504,-0.8927249151256798,-0.43407574424850626,0.00251855071057528,0.13472859339057072,-0.8817965903488204,-2.0148133962879493,-0.10735397394247094,-0.9765510148835418,-0.011187539694069222,-0.7372733779331264
2016-01-16,-0.4979282799090646,-0.7990930638953907,-0.5869502274355048,0.5787359142799713,-1.0007938855135727,-0.6409062668476327,-0.6086736704038962,0.00320725741979386,0.22042257052444322,-1.2662064632157277,-1.726587523123232,-0.4275407445159932,-1.2978927379203002,0.09831877994127548,-0.7973185645127016
2016-01-17,-0.2915716419879707,-0.7328201055618895,-0.45271206165889016,0.7434141571531042,-0.5692128308008001,-0.3472851895475041,-0.5804264972898255,0.4116340729203689,0.15486347878216739,-1.1699260286639188,-1.3354249544970525,-0.7328259170442112,-1.3467905128143889,0.1716755167830685,-0.6412746634994273
2016-01-18,0.22853112061688596,-0.7676381706356064,-0.17970005194907337,0.8747153789667762,-0.2394788958382619,0.06096826754862084,-0.4042276396678432,0.790373258029929,0.37303185729567856,-1.2055498739102517,-0.5509213141970701,-0.9722900686509282,-1.2140983205197975,0.25440815181832055,-0.4123370914915287
2016-01-19,0.3168506632969327,-0.5154396480977119,-0.19632491438721772,1.0556893700657464,0.013159362664878547,0.13689455019471664,-0.15152736872072228,1.2611430117101352,0.506490897591771,-1.0247131250817454,0.3046799955093271,-0.8721697599897753,-1.174371613348395,0.157529564350478,-0.1897557246730973
2016-01-20,0.6722025142782673,-0.04452350318209661,-0.37539939098307046,0.9671003701622948,-0.02860485881919737,0.23519448194529924,-0.020600027560722083,1.2051060634788144,0.42877176626543856,-0.9955607174788538,0.7382196159343998,-0.3278359548573398,-0.5599180970087965,0.2619344978888027,0.38072319701791685
2016-01-21,1.2573832904275806,0.46053109598873276,-0.6213919589279207,1.0043865452209881,0.15445776243505388,0.12058129040273723,-0.14665956958183451,1.2167815611499686,0.17791803326662303,-0.8599336197868271,1.1188006558120305,0.2707863630373675,-0.07360451280100437,0.24057316645712773,0.2758138157974635
2016-01-22,1.6889755861331752,0.774561061069115,-0.5221355833712236,1.2584052667299042,0.5181325015340139,0.18534090805603987,0.03207988618003204,1.0789491185060998,-0.18320302552662457,-0.4166879242597861,1.3506731414576847,0.8055524175099744,0.24952208705483267,0.05284067431701391,0.22300689375104288
2016-01-23,1.9358408255404955,0.6838733733342165,-0.5548130071209433,1.4033337449607317,0.21972427307939615,0.006102910416736321,-0.1100105892892329,1.1056608572211508,-0.5597908898023616,-0.18501565794881858,1.2016816386037887,1.3337981380150776,0.2515958125622193,-0.035149500986879904,0.5296756800268148
2016-01-24,1.785983845843269,0.44656410917017975,-0.9314043831605519,1.3753191006314673,0.08248606525944158,-0.27933456593774225,-0.3231841720943234,1.2991770332593124,-0.6788090450997899,-0.2371133391627984,1.1217383402434988,1.6825807575279774,0.280598997749059,-0.12741986630712437,0.2511787883471268
2016-01-25,1.6892707611761293,0.07012027770162213,-1.2398649124155308,1.2257450318179954,-0.060347616285532764,-0.7627452897308735,-0.39807432639562274,1.3383660234568082,-0.6323774633737492,-0.6805562435026157,0.6442460353852203,1.990770048270623,0.4133535673235221,0.04540050396912788,0.24021370490990646
2016-01-26,1.3784573943825953,-0.35541806971061435,-1.585007586120507,0.8434301165262351,-0.3783842939458756,-0.9300042061409735,-0.6013701992881606,1.2110235147508206,-0.45194610539549634,-1.0622458842347113,0.7925738706716313,1.8948057505509535,0.45062878591266375,0.29051194981406864,0.12982805016858448
2016-01-27,0.9942319079691405,-0.6081523275149672,-1.3768195896952806,0.4409037908286752,-0.5012480075386385,-0.6689458446799784,-0.9194927672449509,0.6195928271007334,-0.37476104036911,-1.1900899149136988,0.781097713152652,1.9676525278774986,0.38673706202182523,0.6097181015890153,0.22318176887062155
2016-01-28,0.6847331795467098,-0.39260936564975485,-1.1671629675565163,0.3932464162484357,-0.6104723393664964,-0.23957383756712736,-1.0153310264202817,0.18728152416509922,-0.5049458733858393,-1.2720819305817457,0.44811033124160154,1.7825360124587326,0.5015446474843785,0.9164050527488272,0.27391487329056713
2016-01-29,0.7820326408550206,-0.8076641676457982,-0.9038175168684667,0.606139041436463,-0.5871311312528057,0.2018134647732531,-1.266329045468488,-0.20067846854647947,-0.8846030220301346,-1.2098716671877239,0.14260929813086276,1.5658705516111382,0.6757157405182491,1.1151346535111912,0.0028246738933876453
2016-01-30,0.8157300932526004,-0.8586432663586986,-0.7208579143459818,0.8869621708223866,-0.3849558599327219,0.3383030814862551,-1.739394472880723,-0.4180212651189041,-0.992767142758636,-1.189011976945467,0.15518241724939372,0.9989589132647293,0.8879511169051376,1.454157505078715,-0.2842736856988755
2016-01-31,0.8475259327278394,-0.600682173304854,-0.5513083172347146,1.0776932601477178,-0.48123885759698204,0.13658129602847896,-2.040666929747962,-0.6197510121682502,-0.9235537407489971,-0.6490849418024757,0.2588687970276771,0.4352971009963085,0.8409969247797917,1.6508973519310706,-0.16206067804616991
2016-02-01,0.5951016185519151,-0.6277782506787788,-1.118064520809819,1.145591679168247,-0.5089153797287242,0.031155700808347824,-2.056110066620481,-0.847787858561287,-0.8789319427729527,0.19405885226996109,-0.013093744608805157,-0.006826722502684138,0.9074173445139337,1.8338280713589719,-0.0860559514128315
2016-02-02,0.30615477965562043,-0.5509461613066392,-1.3139350300780854,1.2984223309061653,-0.8071124946501058,-0.10167887442711451,-1.9775960028920232,-1.0513287134521814,-0.7297949823688977,0.8476479918198722,0.019517888340639354,-0.4070318979785047,0.8084008707192668,1.9442352494196147,-0.177516889549492
2016-02-03,0.13802161020814482,-0.5071462975937882,-1.275327138733768,1.5021161425858378,-1.1740537161708324,-0.14730251246333523,-1.7263302816160422,-0.8106210938852341,-0.541479617797127,1.3105869996150747,-0.6000746463345503,-0.6307453312605998,0.3338401999466698,1.7822392008154124,-0.4174446197971587
2016-02-04,0.1653134609497266,-0.3868535867870822,-1.3654514370525845,1.6610538537167274,-1.354907222905548,-0.1381847564792669,-1.475372268498458,-0.7137388520188738,-0.32015439415923974,1.5225985611554744,-0.8722229436477047,-1.1204305820754603,-0.17530854895975995,1.7047289483205021,-0.4836883998711172
2016-02-05,-0.148972411179697,-0.6037484911819732,-1.5190830088046294,1.8286914430237522,-1.6112598371616857,-0.15083025064016933,-1.1456084110442075,-0.8773457357631534,-0.3082962251250609,1.566215301733082,-1.2354438319774947,-1.2667012349598845,-0.9084916971223466,1.680083405705559,-0.522148834078814
2016-02-06,-0.5618542815878608,-0.41591749850008347,-1.2927362410531866,1.528297085073495,-1.8235382247291796,-0.07880058785180616,-0.7848599401930332,-0.681163421374393,-0.1247947310276984,1.5440763304594796,-1.5300734532693527,-0.9251522830695348,-1.0255866320381468,1.3987493123726802,-0.7295235965298884
2016-02-07,-0.9636259078714973,-0.5965410485452546,-1.3195427833365112,1.2572479627271127,-1.6068650134176747,0.2706287637195016,-0.7472659706190177,-0.8193943828386769,-0.16861655405829504,1.3359731226360616,-1.6909830363874354,-0.6183360065376542,-1.048353016788372,1.199391730878029,-0.6441779329666351
2016-02-08,-1.0438509897465635,-0.5994760316334794,-1.131132162806811,1.480374580695454,-1.3499293820937552,0.2426331532259226,-0.3415502042968438,-0.8579200588195949,-0.3820941965461457,0.8207675177972196,-1.5463280290081962,-0.39314663593921884,-0.5703679086728737,0.8820213393135578,-0.3655576782099847
2016-02-09,-0.9148908292917555,-0.9975386312276744,-0.9884805591554348,1.5793430940749411,-1.3023946593702016,0.5136875960467668,0.1482102046438912,-1.048783806940368,-0.32117399697512283,0.8046587944646303,-1.3286811266604406,-0.39803937441873993,-0.12014515153582105,0.4353524060445,-0.35701250390959804
2016-02-10,-0.6823663559531911,-1.0542136783788172,-0.6932629888318642,2.030454022134438,-1.1630030956550352,0.5782612968625276,0.4293585700343768,-0.9170170831396933,-0.3508023200636077,0.8972356381149089,-1.0947258728297633,-0.2037442579519479,0.12474522853202274,-0.005294677425925992,-0.05528946298296684
2016-02-11,-0.4530969614286267,-0.6911026476895649,-0.10746677474061672,2.010839663118948,-1.0796046981466731,0.584195829368794,0.15148261994454199,-1.0677842718530672,-0.2679611774292861,1.047927675765449,-0.8057958329338825,-0.19081621699562723,-0.019195830358398107,-0.3239567406843359,0.22929234661977668
2016-02-12,-0.2859589533806527,-0.5119127029269631,0.17278440503298004,1.9348079919412395,-0.9892305838072494,0.633963044318911,-0.14100739619267155,-1.2393258542708978,0.14274467021823722,1.1415679056904855,-0.4402763082720966,-0.01493654816018547,-0.5352426739739492,-0.473690799803049,0.5964539159342189
2016-02-13,-0.1548410291666483,-0.5997786489675869,0.3506906572839535,1.8718853732003362,-1.1331726161164681,0.6935870789510226,-0.5009779011328604,-0.9587185430343667,0.32726021245451953,0.9278584801367088,-0.2644878246476779,-0.17779643468391787,-0.6962116448101368,-0.3790045049416879,1.0472575967328095
2016-02-14,0.034115640392643906,-0.5474627586126882,0.270787940055961,2.0387026694754207,-1.3363825217603642,0.6765296445993607,-0.3991411352774723,-0.5517495866739643,0.44691089153841285,0.6611677100271115,0.3412663888392121,-0.4016187389873311,-0.4766610148750679,-0.8779749192099888,1.4299803604479493
2016-02-15,0.21149805108270858,-0.04351609821515634,0.23040042072940878,2.2509017742991273,-1.7070776813474253,0.5895787732562768,-0.7138456892450536,-0.03367748895253308,0.6351398227416487,0.304300266266034,0.7307799009187157,0.03766374415535818,-0.40270796208215986,-1.4187860586531376,1.6747888064552803
2016-02-16,0.10396135033728185,0.42230054883742196,0.43701773399913807,2.60776744029432,-1.893635811459468,0.13364903684443474,-0.9295843443024054,0.4286415430123778,0.7575732841334183,0.4231613290346708,0.5275561156029834,0.566043219688768,-0.5972239294109164,-1.3512020090264418,1.5695596442103301
2016-02-17,-0.044806125195018,0.7615461291246531,0.9534094481790483,2.4140557173823365,-1.802584588214689,-0.03498043507098654,-1.162426018218013,0.7544825880240806,0.9113552617048551,0.3028113544970631,0.18492137612953405,0.8799098342209639,-0.6651482276688025,-1.0614472064241085,1.3156910448853787
2016-02-18,0.10349934407712254,0.9624719624732977,1.076132758549899,1.9053014092699874,-1.7249919008699448,-0.3874037209606754,-1.3900956496111108,0.885632294748258,0.7855099536331965,0.24977308653673558,0.07824130708440113,0.8229591961123787,-0.6108603284062095,-0.8050681340303589,1.2510232953921305
2016-02-19,0.24343547792610787,1.281308944386896,0.9408733596499256,1.5540767472709722,-1.6549680068808954,-0.8712082872762393,-1.4404462146008823,0.8488035813852807,0.7623604257030434,0.6116799596838384,-0.12443494722612704,1.1098388435486335,-0.5477469781460609,-0.7119733966704521,1.083994247951633
2016-02-20,0.07260038687537372,1.6146397608666052,0.6572803819596843,1.0605032010234283,-1.3340944609857057,-1.0642909240259562,-1.024493666471371,0.7101501907807994,0.6305820417920158,0.6494271691197463,-0.39013486366908834,1.2908583364952442,-0.5309925830436104,-0.5833159819292376,0.8307865100319609
2016-02-21,-0.26173353912447833,1.8363818624171238,0.23318722262589206,0.2587587898055133,-0.9955116888536124,-0.8711866760702827,-0.9782919417963786,0.5449018015313792,0.34020280964592986,0.5887568933996197,-0.4843450222555713,1.6397416691970323,-0.38237023500901834,-0.3326231522813765,0.7318386921677699
2016-02-22,-0.6511843057310938,2.0563047807301813,0.12410403947068482,-0.2702550835824325,-0.5307276234522131,-0.9479458728192494,-0.9916207578926279,0.7033083151856165,0.196613771156617,0.5301411154249234,-0.24726101306320558,1.4033845430958294,-0.10087100055051022,-0.21973702700042785,0.6036232454637501
2016-02-23,-0.6189437032582037,1.98989612198145,0.35111806580536264,-0.4739269680834849,-0.31360710835512506,-1.1116395069416025,-1.0144221300519696,0.8325973499139326,-0.08227422332949076,0.5388494746332704,0.19385070250057715,1.5154310248560405,0.14069599595843463,0.12969948325349295,0.3568599731402288
2016-02-24,-0.5475464365169975,1.9878289647259753,0.8090619386658363,-0.5719365519910304,-0.11867212887546877,-0.9699309389762298,-1.2150237001082216,1.1266454688762102,-0.4395916406312724,0.8222407585395153,0.24816079575935418,1.5696917721418222,0.4262807911169809,0.24505659758874715,-0.06509460301418218
2016-02-25,-0.4619697556949296,1.6751289219137557,0.9919155344010503,-0.4414946097461541,0.37882595233495864,-0.9002912029767569,-1.1165159336190333,1.3653474000549792,-0.929209520514337,0.7077643897338812,0.21788377085111427,1.0598102434158307,0.7281078270135198,0.16538848704386944,-0.6216117072982917
2016-02-26,-0.4595428913436119,1.1156833396785417,1.2833012885455415,-0.08097261172171073,1.1622069520572973,-0.651261570852436,-0.918960772127308,1.825562966568425,-1.3455659569486385,0.383384755220733,0.5130529096579244,0.7324343486737311,0.9904261517432367,0.15932979766865685,-0.5846485826738382
2016-02-27,-0.5680461779554249,0.39073533723454795,1.216535985794747,-0.017009223657232054,1.5075908289904318,-0.6469861181802525,-0.6806383602981718,2.092598085397839,-1.303505734028316,0.18252259186082598,0.4066038043041685,0.6414719749439566,1.4386597431249943,-0.1773567491726929,-0.4713773117273813
2016-02-28,-0.5243066605399338,-0.265237601844563,1.1397770287988573,-0.09948111807815098,1.980747545919226,-0.5618903898503262,-0.3149160611460444,2.040542513245948,-1.236941350520659,0.004801356325043594,-0.08518066258676707,0.2539468366053454,1.5337157155875851,-0.05766079433491246,-0.34186177925280375
2016-02-29,-0.29410343720272425,-0.5665641238233714,0.6686605075582421,-0.2107298133482425,2.2366228456667776,-0.47594311174138426,0.21604646614266046,2.044634208815446,-0.8918951941921303,-0.6319086688270377,-0.6430716988043028,0.07943529153246558,1.857728400406603,0.2297754690176217,-0.03382729642344084
2016-03-01,-0.13166953864846614,-0.865295526748691,0.08852001683822655,-0.5574492604215985,2.4219738940759767,-0.3726132456808182,0.6085213515469655,2.0741495173123905,-0.9168338231067379,-0.7298828278182181,-0.8391212362756189,-0.022562962926132055,1.7947319009157687,0.5262035619080503,0.24622703733181872
