,1,2,3,4,5,6,7,8,9,10,11,12,13,14,15
1989-01-22,1.713487082987392,1.6455322597623272,1.6646725942197862,1.6166650929376474,1.6599795303050735,1.533215029042655,1.5518167493702886,1.3793367008333801,1.7293572044887557,1.630091484938237,1.9070712432574872,1.7215183883070608,1.5058284381063818,1.6715466743881382,1.5058879925012802
1989-01-23,1.8324366652704798,1.743719155273148,1.7370666962069694,1.629789434880034,1.7694292336237833,1.6516083007280684,1.5986075417769763,1.4189810638229092,1.8907361579263677,1.7359154908278525,2.126402731907717,1.8425349882461621,1.6370071849330055,1.8102081241522578,1.6003470748962427
1989-01-24,1.9643138863642697,1.8894010409713364,1.8050397098165916,1.571935182034928,1.8653353991758854,1.8162035583040126,1.5787606088642019,1.489227008562638,2.016870121971419,1.854909781049195,2.3028608019840684,1.9100848478414443,1.7466742138340428,1.9000671673395098,1.7372387004770262
1989-01-25,2.1054726434626705,2.053354786623871,1.8685753416892257,1.5135898057742243,1.9662268066415307,2.016723105854216,1.5389318186589012,1.5352890174084526,2.094401446171035,1.9547315110557228,2.4421597609475056,1.883078170584315,1.9044533518076008,1.9967350899198784,1.8315031191913016
1989-01-26,2.1538791259339525,2.0633748403834873,1.8173596593645498,1.3928550798359445,2.0203317146783326,2.1083226291567603,1.3796771080297212,1.5279445619464285,2.0371355741951422,1.9460778001392922,2.410689472449727,1.8014067088940382,1.9333752519460743,2.036755094339568,1.8709267025581413
1989-01-27,2.139495544733363,2.066426027152582,1.666176768031756,1.1566490198323434,2.0644668545342397,2.137724519488934,1.2773983084732523,1.4912807862700876,1.8747646340333202,1.8553648232357833,2.316163615807853,1.7001284668435561,1.8921019449521526,2.0584178161002806,1.8742287796387207
1989-01-28,2.0505051338181306,2.0266626499916596,1.4698481471340368,0.8888630020630015,1.9979983614281662,2.0677446564825694,1.1836314221380322,1.47001273724847,1.5873899393998578,1.724609280225253,2.09007871010188,1.5508982523621253,1.761029047866646,1.9721682554144477,1.7730231391661935
1989-01-29,1.946553215816983,1.9691418773750446,1.1782584119787607,0.6445372687865897,1.8334450374554254,1.9437366263395683,1.14716241416845,1.4666471906291492,1.2765653304943627,1.6195647541602682,1.6841278841586003,1.3905394121290306,1.5644483674683123,1.7660918606662532,1.6325609086893955
1989-01-30,1.824666229573172,1.956927286402136,0.8788758639936866,0.4285672628275906,1.6824789695391904,1.8931059754080997,1.0441391646575002,1.4998600165017728,0.9511047584327026,1.5516383502174365,1.2925619357125764,1.2720992035733503,1.3185464563429259,1.5395832449262503,1.6491308981657067
1989-01-31,1.7294827634462757,1.9788771987443905,0.5823606176703059,0.29778835262846676,1.5728263388950594,1.8744350635562124,0.9899304985685822,1.5673445437945042,0.6402210931221478,1.5164055202484212,0.9803619367864043,1.187054622711666,1.1613677599783216,1.3163048311082448,1.7614185835805842
1989-02-01,1.6220892529396398,1.9100958235894046,0.3534057712120372,0.16300663232191567,1.5288972149761137,1.76276503428208,1.0030378479305895,1.6725250517502694,0.3047025426919449,1.4595848390739623,0.5910724098007133,1.036086157152382,1.032408772268961,1.1304590934856897,1.7863580906405112
1989-02-02,1.5204554809634745,1.791805357560867,0.1682769800820505,0.06571180915109197,1.537654570868732,1.5401024008076276,1.0396796250437128,1.7073141347775198,-0.03850541121339523,1.380497257185049,0.23772395969225518,0.9608525331878885,0.9374000662595876,0.9541598779705491,1.753248784199082
1989-02-03,1.3887461895262396,1.6204603842236593,-0.09523925969908398,0.00812334524767822,1.522676282921012,1.234713040144165,1.0879390378623288,1.6940269855936099,-0.4073845972681016,1.2806688224371323,-0.08328289021639221,0.9454831354498253,0.7152112457130145,0.7803810609013877,1.650759365937582
1989-02-04,1.2476616826539513,1.4638919831391488,-0.34508651630209086,-0.078350438471591,1.3842165954584253,0.9773116618201212,1.2195215069924337,1.6430453283437874,-0.7074806130421928,1.1370286990362182,-0.3411990469795417,0.887445930313288,0.4507945885120594,0.6390690413881732,1.5410901421989855
1989-02-05,1.1589772503872735,1.2518571216663092,-0.5105718245401011,-0.10708214302653248,1.214006702004058,0.737783718430876,1.3043344744688123,1.5651940700135845,-0.9058841991990632,1.0123662075413795,-0.5931464755703711,0.8073802157748993,0.22617417736633547,0.5123186764719464,1.4302356591767829
1989-02-06,1.0461448809219533,1.081879805997677,-0.6853872453096503,-0.019965310952169028,1.0904350975999102,0.5453356706029289,1.3396375322983247,1.3957529193208593,-0.9739771326149548,0.8045661424681539,-0.8176980729996242,0.7062156332457029,0.07983852261294337,0.3969261774477923,1.3157855083722023
1989-02-07,0.9036421916933292,0.897019022680083,-0.744783945345566,0.09095264782930043,1.0031151240635652,0.35224348625773205,1.3300790944111514,1.206899424642387,-0.9887834199118462,0.590852561779968,-0.8935768674346186,0.6525256743854715,-0.04295992396010029,0.4012391990502119,1.1795510295267344
1989-02-08,0.7805426773850579,0.774378214655667,-0.7469626344344732,0.2921223784357944,0.9528066211482129,0.08038431951769237,1.3092446289742712,1.0578877273841298,-0.8769572733996128,0.40219387471590823,-0.9256415320770983,0.635657697625329,-0.10470812500537673,0.4275341832002991,1.0035389281003377
1989-02-09,0.6676802174341795,0.6683880549348059,-0.7257869370173067,0.6100540617309312,0.9329800205109654,-0.16933104184174108,1.24454777621586,0.9473863212973664,-0.7220131759921251,0.271382843213967,-0.9270351943628738,0.6357662124810496,-0.20644418375527646,0.4552668665050379,0.813547926022974
1989-02-10,0.5465561852650229,0.5941259227877698,-0.7681653436865106,0.9670576091868038,0.8608811853725028,-0.3079366551656197,1.1550130086632668,0.8185450025459357,-0.5796962151841524,0.14709923730429372,-0.866577287101391,0.7046110444031342,-0.35132217665899607,0.5385564517145007,0.6164306188300713
1989-02-11,0.44708516585695607,0.54864648753497,-0.8357511312874958,1.2941406844733996,0.7449920622882341,-0.4194961295758313,1.1681556893656957,0.7445462586845806,-0.40833475037430383,0.09003503156948005,-0.8085710168837954,0.6910426750788347,-0.5320268868555578,0.6196915475022703,0.36728365923418865
1989-02-12,0.3658074558373883,0.5181791506347134,-0.8489276190759708,1.523708866540896,0.6573945775709181,-0.6158336629752292,1.138940742721192,0.7414498756207584,-0.22542249147843127,0.10080291993966269,-0.7509186858092862,0.722505341321718,-0.6160211808179508,0.7297986782057833,0.18897173680129165
1989-02-13,0.2987828659130526,0.5069310143439597,-0.8165036578298157,1.747844442711649,0.6578513252568311,-0.8164566644928246,1.091490526983207,0.7768299211790246,-0.07247265502988853,0.21156350549885602,-0.7079907051453369,0.7946231370062831,-0.5654899248072203,0.7873279874792546,-0.021134579800289002
1989-02-14,0.2324117615178373,0.4689991864144555,-0.811936622870874,1.9162068098478715,0.7904099930591728,-1.0195770634715964,1.0574858164358183,0.7984979628606466,0.08293369196187236,0.26587631113746063,-0.6752500044136801,0.7623048447191186,-0.5259090916508639,0.8348433500233902,-0.22752210073735507
1989-02-15,0.17439153238288144,0.36561689970668815,-0.8085605711843487,1.970081001732322,0.9168878339944457,-1.1643150036195826,1.0125288679595905,0.8763291446750502,0.17979382590932347,0.31653619062987987,-0.5291811483861403,0.6808749469457679,-0.529498060096878,0.88587214388081,-0.5128421172737219
1989-02-16,0.10895084899414965,0.3288044750116423,-0.8711210960115401,1.917719247720888,1.01389218120723,-1.2187726405264916,1.0144800104702274,0.9488003326823191,0.27210518233213793,0.368279766196172,-0.3274745506434963,0.6007188373675729,-0.5156047727142118,0.8380100817667392,-0.7791190586244271
1989-02-17,0.06758181041964564,0.203906989200727,-0.9762459105936707,1.6683012703973226,1.0846620836404317,-1.208559040446153,1.0584908399895152,1.0322793615435806,0.2823692117284553,0.4327381358020367,-0.1528509895258211,0.4368045277488267,-0.4514206616150937,0.7694934566015385,-1.0011918820789734
1989-02-18,0.03453141187628639,0.05973894156182753,-1.0631659034722247,1.3307733581834045,1.0811310511963466,-1.203800238044836,1.1141465594575208,1.092094540125511,0.22081499916460148,0.4667636358597907,-0.08414543961676939,0.31712297682012214,-0.3068121814735596,0.7128301787914308,-1.1679145353619667
1989-02-19,0.005548314077916994,-0.008148314054908777,-1.1071049246840117,0.9839061630299584,1.0205738107177516,-1.2944210546896815,1.1004163014257384,1.0743850083645419,0.12343010517139429,0.4763025977391921,-0.021970078825893986,0.22621509129034448,-0.20216159790464847,0.6505662430694824,-1.4115235252172453
1989-02-20,-0.04228925623364878,-0.11470207059318167,-1.1570307107845503,0.626005080108931,0.9551541103002945,-1.3179622551278454,0.9499249065427906,0.9874740646801348,0.03167590619132745,0.4423357088053463,0.10440145663291583,0.11759828440054014,-0.04050261134309247,0.704804035151382,-1.6343203341272923
1989-02-21,-0.10489513902268974,-0.24348251696431727,-1.2253326729943754,0.22717422496934564,0.7748835283479981,-1.311631180747188,0.8079379532334903,0.807356782346419,-0.06447358103177762,0.39546561200211244,0.11087844016883887,-0.02718585307052505,0.10296328234651637,0.7678953763743023,-1.8435536467159799
1989-02-22,-0.28489250417429873,-0.4310909831600133,-1.2920671169633788,-0.21438362749416373,0.5472135206862456,-1.2756991502330437,0.6350122734745133,0.5776800202583648,-0.14569088343821282,0.23664338872217466,0.1263205721305548,-0.20033694294217777,0.24198496070072145,0.8580407054621757,-2.0310404977680503
1989-02-23,-0.5757282275063972,-0.61117584062602,-1.354042533926781,-0.6253318999261802,0.16215241477562634,-1.155276895975788,0.3175358466497426,0.24461010311913967,-0.2545000330389739,0.015905765964359247,0.1518583483221017,-0.27493009395913315,0.37317252513780325,0.9125957805119758,-2.300867223970708
1989-02-24,-0.820641281234909,-0.7417303696242323,-1.2975048497623156,-0.968789350699787,-0.19733446124409992,-1.1204496228443854,-0.011570258961800759,-0.09949598656581396,-0.36483264221028866,-0.22368652566973826,0.17828226296791494,-0.2863338387666374,0.5224326818729103,0.9361385153988656,-2.529825427218271
1989-02-25,-0.900945020981326,-0.940191737777499,-1.1640237129179474,-1.2159478221689455,-0.5264201810259583,-1.1453215730188535,-0.34841851771470533,-0.3668296407383993,-0.42566603492846916,-0.5487642687345389,0.2273305520675779,-0.28160054872032597,0.6945528654004327,0.8885490143274776,-2.686319461149717
1989-02-26,-0.9081677081916676,-1.0698667024610868,-0.8646080406949141,-1.352402674020113,-0.8755037067559056,-1.1391921077601108,-0.6927183750179302,-0.5541237668366334,-0.3831749714920154,-0.89750687368137,0.28071975589500975,-0.2139466690817073,0.7954392628745113,0.8653675074461831,-2.724985799874724
1989-02-27,-0.8797533083992041,-1.1991038545795445,-0.6509760706649036,-1.4249878559561224,-1.0726044895383633,-1.1157602831710356,-0.9489499649688461,-0.6539611105468687,-0.2772903030219194,-1.1506920231120186,0.3561440908479787,-0.14023692922921496,0.7665798053974641,0.7863715140647857,-2.6514846900821567
1989-02-28,-0.8811566764010265,-1.2962366953707316,-0.38884425655348825,-1.4799637624675825,-1.2216956250268272,-1.0607493752072477,-1.1615724675935335,-0.6949902121857954,-0.09891743036475666,-1.327948908027269,0.38886767490729307,-0.0630983973620777,0.7082682769555146,0.632047393122051,-2.5416240012229325
1989-03-01,-0.953462468310994,-1.2792276502542108,-0.0993734786352864,-1.5313583867278378,-1.3016388166634045,-0.985702717972698,-1.4130962039327006,-0.7045445815291674,0.008466791266042505,-1.5165817037304377,0.267081374956175,0.06142081155977171,0.5526088783632038,0.398668133943232,-2.405599150284945
1989-03-02,-1.0672013725670577,-1.1756771983955725,0.2376645267884133,-1.4872519938023663,-1.3056045204031301,-0.781779504395421,-1.6639316216375655,-0.7345264683464471,0.1330048568764442,-1.6980087156194252,0.17340329579983021,0.2173504754667002,0.42306453585812215,0.13077145217069655,-2.393408376881448
1989-03-03,-1.0946220182613537,-1.0226001014702804,0.5159007778555603,-1.3729627563002673,-1.3617056058890937,-0.4850047473410144,-1.9945481180395288,-0.7757747624330217,0.25593976090727816,-1.8733483514103335,0.08915983049524011,0.3454030048657037,0.30958478363013403,-0.05546649637322477,-2.3795060067636644
1989-03-04,-1.113731152366239,-0.8610980148035059,0.7397500728112887,-1.2697111631024192,-1.4368840264901876,-0.1911943377999877,-2.3575165558393416,-0.7980352812252687,0.3171656259940327,-1.9512257074578525,0.07005042958264783,0.41486838144373483,0.3142430096950699,-0.21169996212068312,-2.3480364463833694
1989-03-05,-1.1451343613071594,-0.8078471552163721,0.8545415591559586,-1.195515277399322,-1.5425347089025603,0.14921267354667492,-2.693365827733393,-0.903072984953576,0.37606273686276503,-2.0091988652876878,0.0725636419111209,0.4235078220721376,0.35673123207559965,-0.31852132534622785,-2.201439689477332
1989-03-06,-1.2099445594482112,-0.7761030839479112,1.0381874649494474,-1.1207335369612272,-1.5878100194642921,0.49634479837583867,-2.9235419757394245,-0.9988216669696606,0.4064622158149929,-1.853034196532692,0.07283714099569204,0.43525321716993254,0.34279092837010616,-0.4202925958584404,-2.0255421507809572
1989-03-07,-1.1959610835738506,-0.7477509966992577,1.1123432208683712,-0.9533625748078369,-1.5340658883458123,0.7243201106045619,-3.1252114440035195,-1.079522768238165,0.39866407727557934,-1.585543536735337,0.053700937357956106,0.4450081202065993,0.37378489561073786,-0.5851899065523818,-1.8541790537385403
1989-03-08,-1.1203685465125093,-0.6759598858661215,1.1592671955543223,-0.8292592934312125,-1.4053346966910105,0.9250177872924478,-3.3100647860865067,-1.1261942305700356,0.3278527856618772,-1.3850775996103377,0.025350243832097906,0.42762117454711984,0.44941395544648427,-0.7461411425155723,-1.6433430169735108
1989-03-09,-1.0091813112416395,-0.6360148846684677,1.2112345988138709,-0.7294995618987575,-1.1572493202178158,1.0621671668891652,-3.4171268523305716,-1.0403603859719117,0.22835248256484672,-1.1231834649340484,-0.040882375414391964,0.4258253043522297,0.5389922914946765,-0.8588116877057628,-1.3107254149746383
1989-03-10,-0.8647590549176293,-0.6034447406920787,1.3089600202316056,-0.5716520592113543,-0.9229797934325874,1.2147784153519345,-3.3677727959387194,-0.9060601141280477,0.1323087630927002,-0.886704381796286,-0.0672417528903452,0.3983627724561361,0.6707054208800903,-1.0292130497246637,-0.9728294646713639
1989-03-11,-0.7290967531730422,-0.6074583094472017,1.4163405723710374,-0.40262868432175136,-0.7725701792838322,1.3202499470836384,-3.339361254898572,-0.7900030423639948,0.035373796090803336,-0.8069195724774609,-0.041884903919695786,0.35629821640217435,0.7697121190602242,-1.212894701546735,-0.6906813472797836
1989-03-12,-0.6306385521604971,-0.616898363979059,1.558145124518973,-0.35439200302328006,-0.5954788742376226,1.1956327531300097,-3.247349374069978,-0.7664467081110976,-0.10409262831506641,-0.7815281393396251,0.07621801737876398,0.24520228656412732,0.7338870481703925,-1.429103128707522,-0.5239423106553484
1989-03-13,-0.5027339637740308,-0.6514615514600548,1.7011882479465443,-0.2874954977338115,-0.4145875946165572,0.9526700701898111,-3.0523794339467356,-0.7391757895185864,-0.1943823843735483,-0.7997981438075835,0.19408604496470397,0.11725700377607776,0.6633667384147517,-1.667406554719281,-0.34829866652402897
1989-03-14,-0.44851481131538995,-0.5974079366289925,1.834515716769012,-0.2500068930614554,-0.24902598320092528,0.6822686683018157,-2.9206816485722285,-0.6413803001485429,-0.2835893559251949,-0.8037744934634293,0.3069049587072265,-0.020302666067790427,0.6025879938799482,-1.904696162561398,-0.19710834370812888
1989-03-15,-0.433985313070747,-0.49211306798047244,1.8602918624288407,-0.26289713931455144,-0.1042296320645013,0.4341265125342305,-2.858734814449699,-0.522992729987985,-0.441708011648899,-0.8680914892100057,0.48488109841948146,-0.17199834315954804,0.6426816975366834,-2.100850249819237,-0.0017190322914183815
1989-03-16,-0.41018387479044605,-0.3568301302212438,1.8880567670565598,-0.2796171790078487,0.04474318737134075,0.2506943300418546,-2.641930146894997,-0.4331306304825353,-0.6656003908479541,-0.9325105743090298,0.7235164690558153,-0.39274814720617435,0.6784364374511186,-2.097098521067964,0.18199533223966866
1989-03-17,-0.33469014043525214,-0.27386178028356944,1.839294069625837,-0.18295612064311997,0.12343890826242898,-0.007306034333602892,-2.3212376389893334,-0.3910541950699148,-0.787349092958902,-0.894281463659109,0.8372424257323088,-0.6634194925425785,0.6319947275235225,-1.9581170282470701,0.21736598227133425
1989-03-18,-0.37933119394770864,-0.29734083015353296,1.8148626843880622,-0.2514154430536423,0.08591691021152205,-0.013738403633268219,-2.307355259597026,-0.4243127652394977,-0.7586288123918866,-0.7614034610507333,0.8426073575192333,-0.5970255301930277,0.7126939818592405,-1.778684605605513,0.2678310591261379
1989-03-19,-0.27297933572200817,-0.20272483077370487,1.7810315705309718,-0.0401333378277694,0.19335620513053792,-0.23009309471378597,-2.0401678977954134,-0.34506613362344857,-0.8743862241312469,-0.8251063825420157,0.9067673188904589,-0.8438962021600349,0.595877302518943,-1.7760380427069085,0.25368675636554067
1989-03-20,-0.1638930402501756,-0.1497987592330511,1.623969690891779,0.08408096401677718,0.03275380887768516,-0.6460812141390551,-1.7956129036232884,-0.5281945707019182,-0.9296754242794015,-0.8877256139897528,0.9526829526691555,-1.2003295802404605,0.42930977422875183,-1.601511816985285,-0.0004630903064451595
1989-03-21,-0.19263738620420023,-0.17949573844934602,1.2032844975130035,0.1192963539498124,0.04312250361207529,-0.6844331843716904,-1.7440486515630367,-0.6522742046172783,-1.0357730626174817,-0.6155955919008568,0.8047554759476663,-1.4765729406134689,0.511893097665971,-1.5079038350477525,-0.012594577842373056
1989-03-22,0.006881435050615633,-0.016574639343620298,0.9704915188673534,0.07126246032572364,-0.1494956816726872,-0.3236909068440372,-1.6312827185871495,-0.7358045001158119,-0.9846535653948097,-0.5067250296144952,0.9073773549856247,-1.7993553748835631,0.6434780932433796,-1.4300569746303882,-0.062131811144151526
1989-03-23,0.21920854882621485,-0.06129453852675892,0.9141830441962986,0.03448862890559655,-0.23423542548819923,-0.30924045715806053,-1.4005125600142572,-0.8003452585970992,-0.6627669248198308,-0.7291321949390406,0.9128996226170765,-1.920911313626251,0.42881415959413244,-1.455125977610116,-0.2655415917228206
