,1,2,3,4,5,6,7,8,9,10,11,12,13,14,15
1990-12-18,-0.2145268596414295,-0.18890038708721907,-0.17038116828903424,-0.12941345131245494,-0.24799633824862274,-0.1668548693999609,0.006579740381701866,-0.013191265506538841,0.014776796075534237,-0.23468390420848514,-0.27784990233994605,-0.12566827142468323,0.03474977368463995,-0.07861361509686086,-0.16576851787038552
1990-12-19,-0.1059420249158306,-0.07046453537914545,-0.006585230661837181,-0.05105023529336827,-0.15288143076563568,-0.05730719012875741,0.15908909939418672,0.10746807105889207,0.12431533499092152,-0.21009521709651913,-0.22814912734116932,-0.07312856880733858,0.07462586399785051,0.07244744292368059,-0.08160000443807086
1990-12-20,0.050166562740515806,0.12489035621364832,0.22529305112154713,0.1578511901648157,-0.0036767936651976316,0.10934034644006842,0.36915140069963176,0.22381220336415572,0.25464784665123663,-0.13731299896330185,-0.14352529942917813,0.08895735965117324,0.2427717021310663,0.30537612713874246,-0.03164719557458711
1990-12-21,0.18512793205002256,0.2921833860269744,0.45885913103823983,0.35622529947065185,0.16077950064297075,0.2349282028297063,0.6032970200422832,0.3010719227084756,0.35333599510943076,-0.030077744782300398,-0.09401628373799255,0.2820695361893398,0.3448920923432748,0.49606901290349104,0.06461284001734426
1990-12-22,0.29749753310026344,0.4428410474501578,0.7032132962897827,0.5386962711044357,0.3907318371596919,0.4177425165557058,0.8254752335031451,0.4060966806627452,0.4562194377108939,0.0918990176390745,0.0297518709481313,0.4152511026908504,0.4361163184489527,0.6017123430918234,0.17563573548180522
1990-12-23,0.40589406359847274,0.5002422114494783,0.8546512253952043,0.6303896164531241,0.5513663168457861,0.5485124179301962,0.9320150402096885,0.45503203879581466,0.5581107099203356,0.22828665327920264,0.13172953029670476,0.48771005304612486,0.48764454219863956,0.659081419416111,0.30907058822014505
1990-12-24,0.5077140613062429,0.4687215722196235,1.0154976610211361,0.6305131874841611,0.7297246293843306,0.6482489991567726,1.009852581198255,0.5296339281349985,0.6145271918810532,0.3952034302593586,0.1761147055512481,0.5396041762653279,0.5417507947097203,0.6426916794641067,0.44517450649410556
1990-12-25,0.5856200574988286,0.39429507483263937,1.1172205995464,0.6674282438121568,0.8646217264835873,0.6847264217444599,1.0935242473105755,0.5179431963564938,0.6106278572608034,0.5374010249922944,0.24678972156398235,0.5785387111097839,0.5043449109966165,0.5661091639908528,0.5216960888679263
1990-12-26,0.5866718917393638,0.44735014134859397,1.1646926645423294,0.7183994531436683,0.998791766309478,0.7323915245012568,1.0852806577508411,0.5535463377342229,0.626297923234495,0.5852112577913038,0.31880251527898584,0.5741583787460008,0.5177840942077542,0.5687403703722094,0.5626403090705875
1990-12-27,0.5426372014220139,0.4038508192088942,1.1941814084007583,0.7305757412932283,1.1397437341702714,0.7623241385602652,1.0018597500611097,0.6167152888657352,0.6505355462431971,0.6052782982647673,0.4166969577121509,0.5046679152151757,0.594534354886693,0.5926966831062115,0.5956197659142412
1990-12-28,0.5250681848621918,0.28056806849680527,1.1586926459912648,0.734325343529346,1.2408384578671285,0.873457097424899,0.9267687925109701,0.6515325288327223,0.6872772470984178,0.6800129902902442,0.4941259133467638,0.5095172637347329,0.6740598364091159,0.5450755308579324,0.6874943126746303
1990-12-29,0.4444628900567243,0.07257359705648687,1.0823388516158716,0.6503084836797176,1.2847224343469246,0.8924342271419541,0.8273241076074787,0.6744889935167896,0.7560935817048423,0.6603809380785985,0.5123564488375301,0.4048820278035442,0.6419829663065625,0.38669715900694107,0.7850049970353007
1990-12-30,0.3165244603355031,-0.1584123890162741,0.9584974163728757,0.5572198306979343,1.1915237941699202,0.9605155654242739,0.7433014395184859,0.6557131751716435,0.8199368484828832,0.6075128837183015,0.49640182850509273,0.3080070425732858,0.6003167142516994,0.16073193410260952,0.7736633318709757
1990-12-31,0.18325295384853035,-0.4385977466611702,0.7021676641180532,0.4306707849424557,1.0146749758490154,0.9839484314218225,0.6349086877994976,0.5597358174835161,0.8730828045360216,0.5554985978070632,0.43168112562989464,0.2625701638547258,0.5753748264682164,-0.029327549040812428,0.8027140397764668
1991-01-01,0.04116307684985811,-0.6188632011172924,0.5315084381295931,0.38822019952001413,0.821924700086525,0.9725415322845481,0.5557721462526232,0.40611746370365637,0.902041057067156,0.462690710270201,0.25405789727801986,0.2828361696479568,0.512259448880859,-0.13299724585325032,0.7774212299407023
1991-01-02,-0.12103746424475723,-0.6830063136882168,0.42457550124096416,0.4095066661246287,0.6193805087446667,0.8625793531047328,0.558722710892553,0.23260336575466156,0.8449299464682153,0.42959588846644275,0.08379097957899274,0.35664655699788084,0.4050532996291248,-0.16907151506423532,0.7867579229215158
1991-01-03,-0.23422651429651373,-0.6556564906691229,0.330707896587275,0.42695149367150276,0.3946836487050352,0.8889411837254696,0.6257311773485358,0.19654656930360187,0.847419875544672,0.3748722364452513,-0.05673363124319441,0.43087134074113476,0.3137927093688042,-0.19930316283348642,0.7867648982865741
1991-01-04,-0.25167222627929237,-0.6828330796359904,0.24902482943882318,0.40893118836765296,0.18533330060038908,0.9116009854256025,0.7731410063803913,0.014850158773145175,0.8722585806548793,0.366018854344257,-0.1819640805506391,0.5410449723521517,0.21292154455407325,-0.2480710943575457,0.8158500591284027
1991-01-05,-0.21299561562061298,-0.7293424140528856,0.15445398935032387,0.43859534085568547,-0.09797271496913786,0.9429191483859775,0.8955554064383836,-0.08954978318978303,0.8444595161757069,0.3029868583033968,-0.3088818715281385,0.6756327771939641,0.06228641191072846,-0.33408484186057236,0.8365297608420682
1991-01-06,-0.15087474485420815,-0.7633343511828756,0.0672762494856472,0.46458254422024353,-0.3266484681316245,0.8643949460158937,1.0630612527515289,-0.1784629775850589,0.766030552460706,0.14670443145006773,-0.4081990354867091,0.7683624237382312,-0.0690146505911533,-0.4617103945803582,0.750479922457178
1991-01-07,-0.0844280615752661,-0.7679691496190036,-0.008336764858994173,0.4219086973724661,-0.5030394493065771,0.7896105342922998,1.1528078739026417,-0.30785593453074667,0.6750452685705466,0.003255759995387693,-0.4691519446086733,0.8260670652896321,-0.14222296917301774,-0.5637660155292047,0.6399271208988017
1991-01-08,0.05368915574919284,-0.7091623750489894,-0.07026092915396802,0.35188860092526786,-0.6546348271462304,0.7214486659040871,1.1514306653163098,-0.4907639510024463,0.5096894741447786,-0.205470308793581,-0.4834999478015697,0.8673521237960924,-0.1846013609637067,-0.6160006878691605,0.5532365983767679
1991-01-09,0.18346135397338548,-0.5712495797090832,-0.08195950574494915,0.27293552585126485,-0.7722874950728769,0.6757560301207219,1.2147684282502413,-0.6781423390562855,0.23243319431392093,-0.5242828011253765,-0.4889589610283857,0.7664459940201668,-0.21633407628311238,-0.6647096103581065,0.3518174296127413
1991-01-10,0.3016923875383557,-0.40078500439468223,-0.10024464199178824,0.2444214135884684,-0.8698698812172057,0.7265137944348732,1.2956260674022884,-0.7705721127011476,-0.03047083828969761,-0.8604915449085926,-0.48339117330507586,0.6643812507686333,-0.12437664830701581,-0.6773432864439601,0.21803163500021472
1991-01-11,0.38752926875501353,-0.28587230845646033,-0.12385560446993786,0.13362077646264464,-0.9300873364686444,0.8302613193532895,1.2798765854181475,-0.8137217736065946,-0.2068898383625865,-1.0951874270752895,-0.4781939690927624,0.49065761082756637,-0.08387628570272714,-0.6732807774286202,0.1746863103302288
1991-01-12,0.4405235862925671,-0.20019068277866914,-0.183743630344447,0.013490147630481966,-0.9564748527614252,0.8181209971592072,1.109299100981542,-0.899506918554592,-0.3254527506542653,-1.277923244629302,-0.5360841121339198,0.3495040345032601,-0.09460334827066003,-0.6321595636092636,0.0760313879175759
1991-01-13,0.42627188926818266,-0.10374678369024554,-0.22434287844085019,-0.08150046194253865,-0.9483631189192333,0.7279892931266879,0.8562024592999596,-0.8416123695286377,-0.4740744198903963,-1.3626760608089765,-0.5644593025522995,0.24102201559068154,-0.06227840523386179,-0.6140561369713766,0.06719974677276441
1991-01-14,0.4088462221144433,0.008916771101664655,-0.24947580745649564,-0.22135414052324365,-0.9131776177992702,0.6101729590191806,0.573479852133849,-0.8442859572295571,-0.5373289476432309,-1.4250120278965652,-0.6722775437665758,0.13480477847754962,0.022365398204613193,-0.5411101098984248,0.026576776234797834
1991-01-15,0.3565249092753089,0.09165515212236444,-0.2816246145174233,-0.35276211007881303,-0.8607730137185577,0.5171797353186758,0.19514955461941486,-0.8433515254366825,-0.5832494576209906,-1.3637120900274908,-0.8070582147481136,0.04494250773175853,0.14623262395070083,-0.42035077714080726,0.008927510089054902
1991-01-16,0.3157944275137656,0.08510496375874388,-0.27461074452504614,-0.408795750032345,-0.7933828102852557,0.43648431992206066,-0.1204873878361105,-0.7928885581194719,-0.6670215315210332,-1.2350140239290293,-0.9440919001519709,0.031061652756168876,0.19491283588372332,-0.3017266643447661,0.09963401368174683
1991-01-17,0.2274164854456302,0.08636580538865896,-0.2063126427049891,-0.45851318371557914,-0.637748696693392,0.27134361142487895,-0.4078341208909043,-0.654152082709595,-0.7512842966965141,-1.0679110622412904,-1.0916853393042822,0.0003342805257534306,0.25213475047772754,-0.10779124912066484,0.24724702199511833
1991-01-18,0.1469964160416946,0.07675384176538431,0.04056275894675609,-0.48224063386285987,-0.59387120203123,0.14142922572536099,-0.7861528949778581,-0.48667717700232027,-0.7350950043409464,-0.7613204640121555,-1.2355375108524285,0.048432593122773065,0.2589318110523758,0.0045272616281145225,0.40417858523862477
1991-01-19,0.11196272011890755,0.052178155736195074,0.26157700885976587,-0.503836990629442,-0.592451073284709,0.02105777480116412,-1.1535938359452849,-0.3628414941975105,-0.741524789864319,-0.4201933890846104,-1.2783856849108142,0.11110205130582206,0.2008722757652393,0.06417709940659261,0.556175548852832
1991-01-20,0.1448162306844339,0.017048857254071303,0.44575887940304115,-0.45014084955449,-0.5481716563534679,-0.09493253158111502,-1.5810581039844613,-0.26189238719416547,-0.7581347950957923,-0.20427755084061952,-1.2968161065951882,0.17880695375696212,0.2722416152789317,0.16390091465978723,0.6010884719112918
1991-01-21,0.2111631340247078,-0.10747428910292162,0.6046554842451387,-0.40362075754094084,-0.4359236882132973,-0.1581644563239569,-1.9310704248659525,-0.24957195424118223,-0.8297855171057925,-0.010520796326341494,-1.2249836200239235,0.22974451596300205,0.43921197010414986,0.2699406088064887,0.6802541821973048
1991-01-22,0.3035919639271446,-0.19464219829819407,0.7841318616266896,-0.4290466736555885,-0.3185197460088838,-0.19528723225091302,-2.2954051032849647,-0.32661863030052407,-0.8721305581438885,0.09792127179975454,-1.1928064453276261,0.21615248009703164,0.5333584597563817,0.3385478206686653,0.6673881237140443
1991-01-23,0.37207483833252225,-0.21721606681107947,1.0128369830319688,-0.4119659242355394,-0.16313165155861498,-0.2172819409984434,-2.5276906886101984,-0.4413776362873481,-0.9642169683591029,0.20679110244764462,-1.0910445985412573,0.17439902688471007,0.5945007884411888,0.42776077411325125,0.7072108037570641
1991-01-24,0.44907478226969794,-0.24322669800721847,1.1865387581673372,-0.37705941712944013,0.011021343412293886,-0.26616833690260155,-2.542258093223491,-0.480436423104016,-1.0589680708671552,0.3180953683723951,-0.9388783656229581,0.13710701570566805,0.6476552063992845,0.5117001690700604,0.7603393603142915
1991-01-25,0.56457447347376,-0.1573416667488306,1.1970174146804027,-0.3484691644690054,0.1658827251038295,-0.42882103603725547,-2.5171788007096687,-0.4552097059095136,-1.188382976977926,0.27275391753535605,-0.7664057034650676,0.15122605448957008,0.7276970095123142,0.5693830285194826,0.7418317475445438
1991-01-26,0.717855377107532,-0.08128434009206684,1.0804187737933262,-0.37654944282181896,0.26021047397664604,-0.5559338174806612,-2.468842184625167,-0.4745008205487959,-1.2394476273191186,0.17866024660293497,-0.61845027477737,0.1362137257649899,0.831763072656909,0.5801644320109108,0.6406974846584602
1991-01-27,0.8180874784227238,-0.073051160426498,0.8884536639436549,-0.44480154027105046,0.40628370790804164,-0.7240234112212239,-2.442972089990451,-0.46026956611902403,-1.2905178663360324,0.035898277717595045,-0.34185598886625007,0.15088573989699447,1.053225123507401,0.6155014011057258,0.5775777063309507
1991-01-28,0.868243457609941,-0.1713241467665523,0.6890704420791084,-0.5887122380599191,0.5667956747787957,-0.9275633239901454,-2.4122457468058447,-0.40846495244546893,-1.3005676963109032,-0.091670573589002,-0.06424089134259661,0.12058835191394246,1.2917390083566844,0.6340030472567518,0.4261273285319246
1991-01-29,0.8606517466477487,-0.33790566399348604,0.4487846767683692,-0.7516681664058993,0.6539907868655697,-1.119408127184156,-2.3420692844802686,-0.3231098816402541,-1.3165803936381564,-0.1860808919793751,0.2853774961175215,0.06527075632086042,1.4186745835063665,0.5253977681642877,0.23608351899611035
1991-01-30,0.8810546642155528,-0.39537916478288865,0.2964948683973188,-0.8011647690001242,0.6922597640039442,-1.317065093364587,-2.363421401538843,-0.1161538659558424,-1.349966168309032,-0.22372914641672967,0.6117987354999357,0.04732895194048665,1.3985145616486168,0.38571276155698475,0.07790343787038671
1991-01-31,0.8905180332031911,-0.43687603991738355,0.16374360085476325,-0.8048633838061519,0.6741465902650904,-1.5000911552009124,-2.2964503234018325,0.08941836184373883,-1.3947759513532625,-0.17851981699038744,0.9384001932720668,0.08352982423280476,1.429730841051118,0.30241139698144,-0.11547094075119162
1991-02-01,0.8840015418933206,-0.42397145254468893,-0.036695413352643154,-0.9097967528688056,0.5587027847394626,-1.7081112736921282,-2.2680218482233396,0.2766326529025017,-1.4218999989678855,-0.14237379177725712,1.1861234386238062,0.11117400573536093,1.4779659015290287,0.21605575474799424,-0.3470923667725047
1991-02-02,0.8205480295348994,-0.29719104766062,-0.25314360007595843,-1.0628937814761406,0.3045939016710025,-1.885730008670917,-2.3619886063010034,0.5057055302172946,-1.4540182731344213,-0.12904193396594613,1.4087344541751856,0.077573553131673,1.5163934359520201,0.10709639009388508,-0.5397566905605151
1991-02-03,0.7694889737810887,-0.17081362924325477,-0.4348808535152735,-1.2067366436305775,0.024220366747221174,-1.9239514193153344,-2.462809084273785,0.7093485393887617,-1.3612277691222763,0.03427474058149817,1.580773661509819,-0.011675121563030575,1.491284234215796,0.03120016228108139,-0.6864513487838447
1991-02-04,0.7692046438479195,-0.01608057933857442,-0.4720845809417291,-1.256509625624823,-0.22326363891585976,-2.021301822184609,-2.5443268926955738,0.9860309346822678,-1.2710796514112153,0.23406625293264272,1.7430529088796054,-0.0745375017666325,1.3394670754964475,-0.09748034761280588,-0.7574829976111305
1991-02-05,0.7797000848396333,0.23475116000834761,-0.46739132223190466,-1.2845479597962426,-0.3798590635856789,-2.128194434748123,-2.4743294577372765,1.2068424543023604,-1.173585717042263,0.3959989556901541,1.8093262887335757,-0.22126268850150907,1.0239913915669592,-0.23639481251447567,-0.8014138280900963
1991-02-06,0.744333265350611,0.5516225692237439,-0.4388639949142101,-1.260163824776105,-0.4477304929222153,-2.1645847944490235,-2.2565700569253115,1.3804595021204167,-1.0667319970731695,0.517964345779267,1.8075918191253313,-0.3696467099167785,0.6886651533687101,-0.33284461117594855,-0.8376311509365703
1991-02-07,0.7374977875891701,0.9249877478734857,-0.42399570625804617,-1.2041729679973296,-0.4059250738135064,-2.1553564055455947,-1.8880138027381987,1.5505726291926478,-0.8853403686403915,0.6388748761940287,1.6826229900632286,-0.43840925745222503,0.38363638898423824,-0.3970771135977714,-0.836118390773231
1991-02-08,0.7447842294761752,1.165853339305159,-0.4033887166205082,-1.1947507908955939,-0.358236724626662,-2.161848944416917,-1.3726652121393972,1.6849338310023272,-0.7199942506484166,0.6982546555704948,1.584530421841341,-0.5558860084161349,0.19460652193721673,-0.4367622981103996,-0.8208301299747042
1991-02-09,0.760635472707464,1.3920711109716442,-0.3466035052565794,-1.1208379595901512,-0.3777268311929126,-2.1005411185665546,-0.9127789307420454,1.8271895251618029,-0.6165125866814293,0.648271459093479,1.569052187856953,-0.6421122209307234,-0.029315421091343295,-0.5462637886999189,-0.8760759334823272
1991-02-10,0.763185457809537,1.5063049627790075,-0.24415646138926836,-0.9237155652783933,-0.4128146301094852,-1.9604549147103791,-0.49025846192003913,1.9576260902572455,-0.5574956768137986,0.6513450972358046,1.6021271851980459,-0.6214250081842991,-0.313942361782291,-0.7932846918894619,-1.0334009980202463
1991-02-11,0.7671343789673157,1.3947920427459006,-0.24911824583163714,-0.9710801889319611,-0.44823093075995296,-1.9743046465963576,-0.7647438121697318,1.8763971439085854,-0.6666978164222872,0.6580246377615729,1.6249075439453626,-0.5527033505451426,-0.1702917509042543,-0.7249229121211117,-1.0572770122305954
1991-02-12,0.8175413748307111,1.5296325228753715,-0.16666563740445375,-0.9083938974584721,-0.45791172105848593,-2.0670966801879955,-0.40234141221376807,2.0362852914447225,-0.5925952656507881,0.7207728611332305,1.63156666765411,-0.6070423026523285,-0.44024578281499077,-1.0007492003283338,-1.1503044369404876
1991-02-13,0.7414251212939905,1.654668743440201,0.016827313721259816,-0.7496734430374314,-0.36852919392683126,-2.062087256479596,0.1522665193407863,2.1183703324691647,-0.5134683633825741,0.6743808945811789,1.705831708382951,-0.7495606028742535,-0.6648166426765483,-1.2654219050671114,-1.275616503111532
1991-02-14,0.7435572050191195,1.635239841418094,-0.059416406012140176,-0.3334452046349583,-0.34100731991851646,-1.746999877051554,0.7876924400477753,2.2968081560199587,-0.24588515680581832,0.6771993691367939,1.817140290341061,-0.6191260709561878,-0.9008190914047646,-1.4347658333014681,-1.4232135845588798
1991-02-15,0.7799401049165025,1.736911500943631,0.2748607357148694,0.28825682081503734,-0.7797358428918538,-1.2277355243592556,0.9464132658674993,2.3524556399267897,-0.40153240543192664,0.5123262433914076,2.2260252032430707,-0.22170651218463275,-1.4759204119923748,-1.9222200468008916,-1.888152421264449
1991-02-16,0.7732655305306495,1.6189119378982528,0.343482088782999,0.5975350485240536,-0.9060703744688895,-0.9863671253401557,1.014949853830811,2.2849304172605787,-0.5126198213685631,0.7208217162238457,2.26946819645454,0.06690633501740922,-1.7338685264602667,-2.3182688443701425,-2.3452759368304514
