,1,2,3,4,5,6,7,8,9,10,11,12,13,14,15
1991-01-22,-0.2556819542224677,-0.2479640366402444,-0.13722003759745416,-0.374959459198025,-0.03569140208469302,-0.43702882770443213,-0.13639120581650316,-0.6210264776260287,-0.4232505326493403,-0.5867180678123968,-0.2403960704402959,-0.1831675234987477,-0.5714100521200207,-0.376816732367639,-0.22905807289355917
1991-01-23,-0.16995613921605915,-0.1691380508593989,-0.03852178178852897,-0.30296128157360214,0.0784464685967079,-0.3760312821698294,0.022013797980460544,-0.5712240274150316,-0.3989840825630181,-0.5527225328494675,-0.15594506785762238,-0.09805563561276097,-0.5753567917453457,-0.3510427739990334,-0.18321522196802364
1991-01-24,-0.07282639490909752,-0.08496761421371277,0.041923124450474865,-0.24793650630656358,0.1933827769846103,-0.3057725311528427,0.1938509083638321,-0.4890015068995733,-0.3850247896209084,-0.48692087771096526,-0.059313006198646205,-0.014760271583529853,-0.49573654161706676,-0.28114373200465037,-0.11018509513295152
1991-01-25,-0.03619900852371631,-0.10895965565481895,0.021348010637704057,-0.18880610473327264,0.2408602480664277,-0.2509630961939306,0.2721763198818552,-0.41419602946878964,-0.4863254818862031,-0.5137740743005307,-0.013677031799652507,-0.03642120162326256,-0.4884064113469924,-0.29889101413644853,-0.09741383302564056
1991-01-26,0.036699413247062475,-0.11580713590166307,0.06622197189793133,-0.1037452705592293,0.3278282072183174,-0.16420058722597725,0.3261633081050042,-0.2894813214665962,-0.5655912764461123,-0.44780699190360046,0.03906300821270757,0.038743848996772294,-0.518376149854533,-0.2846381102892127,-0.06706429867748243
1991-01-27,0.129150402612856,-0.030924027743158496,0.1906837205857304,0.019955901163793043,0.4152061584120547,-0.0560219980392795,0.3944354305636496,-0.10399150416304434,-0.6720539529289393,-0.35861463068226257,0.0869792211547772,0.05761465821362514,-0.4873413253582249,-0.21263037655742387,0.01402388066824859
1991-01-28,0.12907653736014202,0.07487238580299259,0.33604138972975156,0.06565763169267556,0.5570596313062888,0.0428943169255419,0.46552000639526353,0.045336751055506656,-0.7409911400881891,-0.2957745418706976,0.1334517201763848,0.0958438312594381,-0.3903846573365269,-0.11695136464264164,0.13136273735404738
1991-01-29,0.04198079543086318,0.06445215057301165,0.4204303963357037,0.0995395890850138,0.5801928766031319,0.15802432858488832,0.5478722591966766,0.17953583534833933,-0.7974526611576194,-0.233602212100186,0.20863004097821,0.09740747288471613,-0.2786907722290353,-0.07598756685135054,0.10626390952134004
1991-01-30,-0.05569469202978579,0.0378898800173489,0.5186546410413941,0.19252566665047213,0.6079947288769838,0.25230639389646164,0.6027214805812574,0.2776209198500857,-0.8598164546909973,-0.10664791484565823,0.26436812921782826,0.08099766944756594,-0.1941495795277294,-0.06462131829403538,-0.014342576289096019
1991-01-31,-0.11991774614365792,0.03673199318170677,0.595352794066453,0.24707653846474467,0.7243341763061104,0.30826284020288364,0.6454666343030897,0.34275892589205254,-0.9657872383461313,0.008848528415772342,0.2373833434310531,0.031556441749479525,-0.16029877703335488,-0.10031372568628137,-0.08685960195247233
1991-02-01,-0.12288195860464554,0.1129223911750916,0.6633625857012335,0.2460992917468635,0.8286426440576264,0.38489719540274636,0.6212122541994111,0.4252032058741297,-1.05916061361847,0.08344229765383404,0.284299021823921,0.0027368537516534856,-0.0780798939550888,-0.11923158918461374,-0.14313109857826434
1991-02-02,-0.01521882764707545,0.17437153120289572,0.8588859790585954,0.29036846551179063,0.9378273733789244,0.4608848179403398,0.6385912314685269,0.4713416173620153,-1.0685291543595419,0.14169407056161865,0.3381923250014898,-0.05731429465483024,-0.0535604931302492,-0.11739650997429087,-0.20309454195708285
1991-02-03,0.18967828402713605,0.3084403862303928,1.1226653953751076,0.26620088911626355,1.0320079423922008,0.46955894525696584,0.7233498578991638,0.4905613379807943,-0.9653518540470729,0.1733767037177377,0.37613549402173396,-0.11349271331090037,-0.021828622380366723,-0.09206730974633984,-0.3011837716610577
1991-02-04,0.4345442922633542,0.47689233532449204,1.397714512249959,0.17540744621648321,1.1162136284710722,0.5300735280829547,0.8054652876648046,0.4991732030601316,-0.8063139037285247,0.24977276548283797,0.42484147678147455,-0.18152622711632652,0.042953887332259036,-0.019561094766602352,-0.3822989246358189
1991-02-05,0.679822274264237,0.6544091006275112,1.587450243664377,0.15784051343782968,1.2341500728242607,0.5833122745983707,0.92612239943676,0.42460899044162037,-0.6257725660211034,0.32169204972224225,0.4844379348673224,-0.2102049629197265,0.14338018558819815,-0.023853511381397026,-0.37494829313811284
1991-02-06,0.9794274288114676,0.8294360936470215,1.7935942911177891,0.23038389463829917,1.2503159358483489,0.6080644186164876,1.0512836632049516,0.4432682302124645,-0.5006296802855613,0.3973948757952124,0.5313267211377761,-0.2937959598540154,0.2291017942464329,-0.0697535439873288,-0.33837859221784805
1991-02-07,1.2401709944623824,1.059222058859884,1.8762395423912404,0.25690645307364324,1.2094996014959996,0.526861643399242,1.1342215098835027,0.50210885661428,-0.39508679279765635,0.4462426034643088,0.5084049365264705,-0.37078873991875094,0.2899258842293965,-0.15572708942152466,-0.2664419162542975
1991-02-08,1.4281914624035026,1.256920426075854,1.8530412965605378,0.2798571132025273,1.102837423015473,0.4929394150730446,1.1764184196413383,0.5864587682689306,-0.2674513548641594,0.5188896399955899,0.5139565851828055,-0.3699962351426765,0.35330079658428803,-0.20779245178673977,-0.16110486910996633
1991-02-09,1.5844756396507325,1.351161947887434,1.9014438845216042,0.2837460271687934,1.0136945873310534,0.42496379860874883,1.1165987069245424,0.7033211670774875,-0.14560304479388317,0.4897256665610673,0.5582152270226941,-0.2930988367148018,0.40584130374435473,-0.2009993204490264,-0.07793688398430813
1991-02-10,1.7158436822187677,1.3999619730085728,1.9282988447056533,0.3266790625098636,0.9695089529889424,0.3130753867114866,1.1391740696482366,0.8326103291916479,0.004236775339315974,0.47148568165974675,0.6321182868757043,-0.15633061476903903,0.45832240757390214,-0.26188852063418355,0.007956084176708764
1991-02-11,1.7732694858710953,1.468776476661746,1.8891526307822455,0.3819300594403218,0.9293746379784837,0.18898347625394502,1.137247200818611,0.9339833137227259,0.11126979743702757,0.5165594668457023,0.7159051859805323,0.02818589573191226,0.5287263583711294,-0.4277958290040233,0.12301144020918069
1991-02-12,1.727016158850436,1.5572770765234847,1.8586344479697343,0.41541531607106086,0.8759376071946197,0.13047390065681874,1.194313341405217,0.9994568150047679,0.1815360969308736,0.6045097324236377,0.8190446370197735,0.2258588157998017,0.6319537338675709,-0.6098926269697674,0.2590144258597333
1991-02-13,1.585685575807185,1.6008564640580438,1.8240652784233744,0.4067247928004214,0.7898149836695337,0.05668921404576059,1.285809163725667,1.0052961920803436,0.1838678143562303,0.6617646892468293,0.9109742116590922,0.41073693018579704,0.7751616891491463,-0.7876072115605721,0.3892201949680766
1991-02-14,1.4122750516338305,1.5192812351905964,1.8113724414125922,0.37436754669457056,0.6944012277221522,0.03009364945359914,1.4287643461298314,1.150150726161041,0.17176271194836942,0.6816054034769802,0.9693161393235624,0.5713455657433759,0.9236267621628779,-0.8497305538664772,0.47622156239799196
1991-02-15,1.1982432747528218,1.3927023518790969,1.7175045328057623,0.3144948181257306,0.6104473777090142,0.007866959185089329,1.4739468224310508,1.372079207437222,0.27317599251930413,0.7123423678730196,1.0066962370961159,0.709847809672759,0.9980137213158762,-0.8838305519490985,0.49417834604265987
1991-02-16,1.0553624639767267,1.2498631882240487,1.6563788941978728,0.2642429674383114,0.6513388964679642,0.1162529489501079,1.4285607610513327,1.618544739233432,0.40453270604913116,0.7667883203560752,1.0239791320250828,0.8784239524647451,0.9923373672780059,-0.8064684930570175,0.49470520561881764
1991-02-17,1.0272480276519866,1.1380312529393062,1.6739279401870257,0.16467615357445073,0.7395065295181448,0.24733588354777306,1.4264271605712493,1.868441622694353,0.5187100120847183,0.7042819330923951,1.0474832425638554,1.0270884519592933,0.9835623239120315,-0.6672841446912059,0.5841914413621468
1991-02-18,1.064992720145778,0.9268529284321246,1.655412744762325,-0.02753394787336178,0.7454014212175297,0.3128071746009806,1.4950710786099812,2.009345557078157,0.562882027977706,0.7589734506476034,1.0183824337221572,1.0950046890023,0.972619189895735,-0.4553847294296693,0.6827998936578052
1991-02-19,1.1216531984661253,0.6589452429585962,1.5082949206125058,-0.22347061152546874,0.7461235647081397,0.4376440143618517,1.5049344245079517,2.0865879989544562,0.5666202480462891,0.7952188110860463,0.8242874772272334,1.0872252632819277,0.8406451658716398,-0.23684033167202187,0.7970055469567608
1991-02-20,1.1234748923677722,0.3793150576299591,1.3246936361273802,-0.3474433660714032,0.6581720563721212,0.5300601388822102,1.4054674698984764,2.133782535356918,0.5343022844391804,0.8231870610523156,0.6295404444091961,1.1163710125467474,0.7076725307610117,0.028087110908800915,0.8157146856277788
1991-02-21,1.094773988068129,0.022545937724767706,1.0648322890631456,-0.3521862761729116,0.4760820646439905,0.5496901522889508,1.2501630424684258,2.126309905266215,0.42227029065263694,0.8427475298350604,0.45920718611921535,1.0922095839455828,0.5834009432178316,0.3527678676309939,0.8630404148386935
1991-02-22,1.0874005028027587,-0.3551461649681886,0.6781731896677374,-0.2458477717255852,0.11535847868237185,0.4368061014941484,1.070008430274219,2.047527919904465,0.2482602303866228,0.8583988329872682,0.2407732565895912,0.969191214166489,0.31638868317868385,0.7024206245815506,0.9297156982639263
1991-02-23,1.0209450645054308,-0.6381901118872488,0.1188602186331068,-0.17212184592541463,-0.3992210424717031,0.33879430282786727,0.6701404250970162,1.7984071169237583,0.11918352961995302,0.9383404903575269,-0.05673670902565333,0.7906303077197404,-0.04202201936299118,0.9899779788590995,0.9139255442859933
1991-02-24,0.8185903241591903,-0.8622126693467802,-0.43424323484652533,-0.14107301923714652,-0.8806968543349484,0.2960641625469027,0.22811595595252493,1.4240273139605044,-0.003450949825171857,0.9528911380481307,-0.3220077341511157,0.5636526848765602,-0.2878566236641245,1.2558614244674349,0.9030397961159337
1991-02-25,0.6008190305559983,-1.0901680699825178,-0.780911469613845,-0.09749792199871611,-1.283097040238832,0.2703129142225376,-0.05636329103147919,0.9580538203909935,-0.08259278473170072,0.9351642210746526,-0.4707965116835461,0.3978731496794049,-0.3665335513691628,1.440027547340806,0.9206469100551992
1991-02-26,0.4223405588148209,-1.3450981980837557,-0.9538693660847788,-0.03428520867343525,-1.5760493788492778,0.24000150972887485,-0.2613356357004461,0.5154832966438729,-0.08660505987908766,0.9679438372622626,-0.5806279736641285,0.2904506241578229,-0.37666897715290487,1.5620289763924335,0.9077725436586667
1991-02-27,0.26881801885398143,-1.527896119129484,-1.0002960178045321,-0.053645583846468385,-1.7410678046901946,0.2627015380772983,-0.34612963768494454,0.20050585026406334,-0.04553566107543962,0.9919086182937208,-0.5986134331534554,0.29588533948835877,-0.3115260673169127,1.6648670811902093,0.8886674176736032
1991-02-28,0.13381985928956236,-1.6974477425273629,-0.9293927039475394,-0.09223607473184878,-1.9641327802581912,0.29963834069696693,-0.4021923312587487,-0.05388795823711076,-0.03004360071485692,0.9775763594381449,-0.49048496570574673,0.3183417110417119,-0.1322371713471471,1.7766604521213858,0.8026731140303154
1991-03-01,0.028290760009798178,-1.8579084330855422,-0.9534352861574028,-0.12569791676842942,-2.1428806072055004,0.3599177809172151,-0.42241698347710893,-0.21462323822721774,-0.011707161084866828,0.9495094654458419,-0.43145075946761513,0.3091916490860867,0.002942263809532813,1.8858958153118845,0.6889306483023526
1991-03-02,-0.00496078021890702,-1.9896032565501411,-1.014208213251987,-0.1141513795132963,-2.3225145740744195,0.45091565828011115,-0.454760487682075,-0.3398462991227015,0.0211816448581076,0.9567275933367239,-0.5050743275378381,0.31027083036731434,0.08431730605702302,1.9846821599699902,0.6061761791221132
1991-03-03,-0.028577810683403065,-2.0961483260914053,-1.130909412452034,-0.09701879105499216,-2.3665240097789346,0.6686146464122159,-0.558428350561719,-0.4225238339605334,0.13053571293519478,0.9837446985877427,-0.6125991105158203,0.31948716673962785,0.23777621358205653,2.0580080623086876,0.5159085432614967
1991-03-04,-0.12110084900900563,-2.137146320440854,-1.2431595665825874,0.026227903283673467,-2.39957579035156,0.9200420868513813,-0.6454230833911768,-0.559813735128976,0.2225617143978746,0.9624969322246357,-0.7049661901701672,0.33117879862975724,0.39038789564755505,2.0727578542303946,0.4230863489890013
1991-03-05,-0.20792665617598738,-2.1608144357262073,-1.4017649260738683,0.15454193164965052,-2.4942604825021637,1.0842554817720376,-0.7471183797288083,-0.7715051760774285,0.30768367420246895,0.9157798770240276,-0.7423362044265667,0.4323969631939383,0.4775630666439064,2.0452682036547825,0.30836431457036506
1991-03-06,-0.27752001587952924,-2.124752952059752,-1.617559850223175,0.22019258421638846,-2.542661173528555,1.1250764849097465,-0.8398069130989676,-0.9088154542157693,0.4621860092066507,0.8600135441152262,-0.7590639016826086,0.5284649957506075,0.5238139540505469,2.006334285957208,0.23138687794906135
1991-03-07,-0.36842520588620664,-1.9611930034805265,-1.874764948716038,0.29705892635536346,-2.4777395303212257,1.1354782645313255,-0.9558365621262764,-1.0567039060076078,0.6221816908661284,0.7300661765601308,-0.7132019398168508,0.6001846459378124,0.5713957272328397,1.9884032444674058,0.1959585673168378
1991-03-08,-0.4263076942236889,-1.7362975280021664,-2.295188830308186,0.5336385777080898,-2.3786151431304536,1.1083093229167764,-1.043054639921935,-1.2262662104872963,0.7682684087704051,0.48673911342417747,-0.7086422470938529,0.6488781983241259,0.636548486789284,1.9020449042560368,0.22242493333573327
1991-03-09,-0.5083414107282945,-1.463912658786069,-2.6680284837558483,0.7816553125117389,-2.201589124877769,1.061220694453877,-1.0327124471274909,-1.402737699825318,0.9676578201521956,0.3058743591498524,-0.7324630020932105,0.7143005817659197,0.6416911613643473,1.7902152846486403,0.23453441288609794
1991-03-10,-0.5857132458164921,-1.180890439848188,-2.9299557136930785,1.025046617420352,-2.057887160019477,0.96504868631848,-1.00148658327849,-1.5800861788958862,1.1772259971494097,0.13807552422504005,-0.6859938095705835,0.7542194116232253,0.6053383758524833,1.6790281956361675,0.3540776409495906
1991-03-11,-0.7418822055062295,-0.9713032806790133,-3.1580027066724505,1.1221146631780898,-1.9475663327909578,0.8394586052112206,-1.0338494056789456,-1.6482378275843912,1.3681751121043981,-0.022520197597998892,-0.5693179655598501,0.7424086794186501,0.5180620416629619,1.5095794488755874,0.4395434644530309
1991-03-12,-0.8654992088669288,-0.6914448519683373,-3.2515288198851904,1.215729818931,-1.8549707472037225,0.6947726498379072,-1.0723024525519447,-1.7281392877588535,1.5942876282832485,-0.24364523852052267,-0.4099545264927214,0.7618041528809476,0.37651390660932593,1.3166313589306542,0.4767956387029063
1991-03-13,-0.941645628707155,-0.4747920311123335,-3.2047851598285537,1.2497031486512797,-1.7444664051437853,0.48469694405769254,-1.142301204108184,-1.7380792004167152,1.7803453415397035,-0.49993831821565476,-0.22023723852395935,0.746581147640081,0.1511553838616464,1.1160188838942149,0.5455212299159952
1991-03-14,-1.0289055732836871,-0.36488861338709205,-3.08081232367127,1.304541088773692,-1.5062308788255594,0.2437818359952052,-1.226902527930666,-1.6675314800125638,1.8568156540218814,-0.7273860325684576,-0.05503511148449233,0.5773166304011815,-0.14893345939563143,0.9193888668303231,0.6335976264623676
1991-03-15,-1.2477341693352408,-0.2886699268673679,-2.883439097511313,1.3396995084208423,-1.2105613942415843,-0.0240660785278711,-1.3685673884847491,-1.4836343524276703,1.7680280734878118,-0.9962954902537257,0.09364679007051502,0.317480066209232,-0.49201068817791854,0.7121608105752396,0.6197336336506402
1991-03-16,-1.488696425270597,-0.3400627615177734,-2.6643812149125927,1.205135364058247,-0.8521819410939551,-0.31408273599968506,-1.5019556033966948,-1.1831843588833975,1.4889419357022302,-1.146538611129827,0.1956582902309689,-0.031068512320053865,-0.815862506890665,0.43612840679431725,0.6325241157004498
1991-03-17,-1.6836282668101565,-0.44782968653074057,-2.3198855250623787,0.9135105309518,-0.4556665340610379,-0.548841983965848,-1.5392678240887208,-0.8228581266552666,1.0664290966561338,-1.214359869211416,0.23487479379900356,-0.37660060014261787,-1.0901268698979472,0.1499140357135532,0.580141129476364
1991-03-18,-1.6224437744033016,-0.469857342998333,-2.2356905998739167,0.8736454691844353,-0.33394975650111525,-0.4774864957000701,-1.645468726163822,-0.9010639067256774,0.9528045914699973,-1.2131629094944065,0.14598379926784294,-0.3804182186525838,-0.9817718259061524,0.1744880513963546,0.49923571202784306
1991-03-19,-1.7914441932765006,-0.5380221023104427,-2.0131091370324636,0.6807576321249262,-0.1514248692740615,-0.7093275751928573,-1.6121595311293209,-0.5144143973706428,0.7021210356357002,-1.259923936070095,0.24638178757522108,-0.6244818667717107,-1.169557733869356,-0.08550780785261675,0.5221115130969697
1991-03-20,-1.872843473498349,-0.6362270491270362,-1.701456662004953,0.32435158036080164,-0.007848979020694603,-0.9144865069225885,-1.5303848227638917,-0.25653907151150734,0.46421988352056176,-1.4566275705521945,0.3855115008683038,-0.7764779407929454,-1.4488119848846845,-0.2515280833071271,0.5456939032463166
1991-03-21,-1.9576526073282283,-0.6860840042881658,-1.390685567429998,0.07711276661554536,0.12344758838568576,-1.2007882079503622,-1.3188022969063977,0.04282856708264828,0.08652350820063064,-1.6176025760311772,0.5883202505190654,-0.9361780756347413,-1.7087301051502375,-0.22062959470875404,0.7462556817440376
1991-03-22,-2.019081682396201,-0.7016161186093002,-1.3812695171231428,-0.05456953030914675,0.2541025659279697,-1.2402020856179614,-1.0733111620209952,0.08883352291003097,-0.2225600172425886,-1.5103890123313464,0.6544069787294418,-0.9936466405334081,-1.849564815317,0.004895782218622038,0.9999462251998807
1991-03-23,-1.8220649326237428,-0.8122466365069198,-1.3844906168463194,-0.17550883555331984,0.3416936494735756,-1.1214915909647751,-0.7924842288533803,-0.03380966522254497,-0.31107518813948565,-1.567265945075424,0.44160676550211153,-0.9185100264081888,-1.9386507378578461,0.08678750119452708,0.7852784558887911
