,1,2,3,4,5,6,7,8,9,10,11,12,13,14,15
1993-12-05,0.3232917793931794,0.38608100743130724,0.7188326999511417,-0.01577867145262146,0.496897395647578,0.11631029036590777,0.2552796734294851,0.15229566881132223,-0.13243108248037302,0.3118197705612088,0.6348393207662058,0.131341933391398,0.2966510667535386,0.29267981859733627,0.39856725422558864
1993-12-06,0.30535271312254514,0.4609473005759336,0.8167117678681853,-0.08468341871234447,0.561834542825818,0.02904621884645328,0.25559784504767485,0.0818601683872321,-0.1958554344937515,0.20332081389348408,0.7306733782443863,0.07181580461441209,0.2503683769161237,0.2253324671279195,0.4393316569509738
1993-12-07,0.316313453389881,0.5613013646958966,0.8723123622658643,-0.09615745213502484,0.5718393351179558,-0.04058185178656414,0.2932836487067308,0.05723778209706419,-0.24818760848035232,0.135882686731783,0.8258887375310237,0.06285874063598652,0.2092170918159274,0.19763385709695042,0.517532213678849
1993-12-08,0.35331577587293017,0.6396577937381651,0.9561290492257789,-0.12932745727279427,0.5170198446896281,-0.16278241868058577,0.26674878913975664,0.03898409540538743,-0.34623890364682436,0.04408727873949668,0.9298747625763255,0.04677378615459358,0.08351040697614681,0.12797601913056172,0.5332896244177027
1993-12-09,0.33649539365893216,0.7603832646378342,1.0240322919978897,-0.15798892036085374,0.3716169260212988,-0.29056115834267393,0.23576671734215585,0.05125449727808538,-0.42078558511291847,-0.03210655538420849,1.0167530360461956,0.05752330919537738,-0.015810500532280065,0.053410869065537304,0.5440057755349601
1993-12-10,0.3396791530054261,0.980652741945428,1.052805394264521,-0.1303918128120866,0.2240614102358607,-0.36522694930575644,0.23802138461653288,0.060482185592680274,-0.3799634632489147,-0.16178535278228529,1.0722627849164539,0.1124012802093699,-0.18591508530734974,-0.0008225577823819144,0.5991459082455671
1993-12-11,0.3479333636376565,1.136731817673377,1.0414644288952615,-0.045868880707340326,0.10499403590261921,-0.38150001820005125,0.24484479615921603,0.08828950784584873,-0.3503801276497017,-0.3247886031580931,1.0548691756694417,0.13336688359311294,-0.32458201270282083,-0.0532144397278481,0.5984569965186944
1993-12-12,0.3991786554511715,1.2462433207140298,0.9730468346991495,0.05612270727100979,-0.0075235268941926834,-0.389288989940652,0.14530868075084552,0.1360562879364708,-0.34486466214780537,-0.5126471929193108,1.0090366115758365,0.17783456794813343,-0.4368013454187117,-0.09014506488562078,0.5949823764685054
1993-12-13,0.42379964974478757,1.4077351874407886,0.8540667017202813,0.18545226428731024,-0.1454886880738848,-0.38544971531501987,0.008405597507699852,0.26222496101684634,-0.3594247599917441,-0.6660307441799402,1.0292303601928885,0.18750421094798583,-0.5095389134959603,-0.15564355037722882,0.5938316857795067
1993-12-14,0.5070528572856283,1.471496639999256,0.8218573663803299,0.34056955612131906,-0.2610606156337588,-0.3218739062954124,-0.03222137018905416,0.44719314278266453,-0.30831319840507015,-0.630313473968055,0.9691630729551535,0.1932971912213671,-0.4906699219525504,-0.1543471788269763,0.530873324521792
1993-12-15,0.6125936585988819,1.4678445051399653,0.8418931521573334,0.5395388024404272,-0.4358217010881327,-0.1924157470337425,-0.011797688952425034,0.5914029679838613,-0.271055560840613,-0.34482700868495275,0.886743464829215,0.18073936967051615,-0.4329702520097228,-0.0834256860190468,0.38656877243760734
1993-12-16,0.7230968751321019,1.4529022793225999,0.94441321286096,0.7392194435719396,-0.5105616919172977,-0.003656650199276289,0.08399730468261823,0.7116650958528634,-0.25588660616368536,-0.07232180506421138,0.8168093301573227,0.13111304651251246,-0.3562029437231493,0.02705080727834385,0.19631388831924904
1993-12-17,0.7620584762624437,1.3833505796430179,0.893715761455981,0.9115952283169603,-0.6121918605787726,0.19866355689011192,0.20335845539631742,0.7405168178471123,-0.19283110908016132,0.1825284859273949,0.6314607698788782,0.02793224736636491,-0.2755036575870356,0.18210412197072703,0.025693039227299787
1993-12-18,0.8037419331884721,1.1672336645633143,0.7623528654279093,1.0597392030459873,-0.6245459922061385,0.4202906098862538,0.28753940686055646,0.7463041336008392,-0.13545679369980848,0.40732695953900655,0.4001389276024965,-0.11075720439292616,-0.16495045795977137,0.33139580194568674,-0.10679151525682774
1993-12-19,0.8699455672320451,0.8787562901256409,0.6220127084049636,1.1334902014619106,-0.6336583720360435,0.5533993904613056,0.3697309361516897,0.6903826051277699,-0.10815347956093495,0.6433344550425918,0.23344625942274091,-0.24218543724704938,0.009785692889419906,0.4488270368989097,-0.2888584870471547
1993-12-20,0.9068937561614264,0.6479782438242482,0.5117147580820534,1.0974654446303664,-0.5758150114333995,0.5799679538184129,0.49270299919443394,0.6144470003071036,-0.09688481934805705,0.8859075609585623,0.08220084663485817,-0.43661295259574584,0.1860737406085403,0.5063380812584669,-0.5129140168905351
1993-12-21,0.8790450802710328,0.4338918766179805,0.4504599247026958,1.0392753794289915,-0.5237324732550942,0.6404495119546522,0.6852356459722995,0.5454054230993325,0.034398770342602025,1.122446599294037,-0.09528349169594454,-0.694589022720578,0.3669383440000928,0.5426478968574465,-0.7079575297126355
1993-12-22,0.8822714010662597,0.20270541864133812,0.3820928762845531,1.0072950713935038,-0.45555230057796703,0.6631463479899719,0.9338448544907587,0.42154567857719266,0.19619460079384873,1.3294723822446595,-0.37471700825987103,-0.9643089262155823,0.5499095871781894,0.5833920682865983,-0.8557979141503249
1993-12-23,0.9514873311866293,-0.029582203647758733,0.29436477843370434,0.9909512644726978,-0.4666061572034275,0.7500718251555276,1.1556493362440767,0.35090962528167174,0.3563131903875599,1.4687214437157876,-0.5708855409498744,-1.2290110553615898,0.7073364070594784,0.6085918398413854,-0.8901278241440125
1993-12-24,0.9801003546586882,-0.13337462940224476,0.16567190438923202,0.9516858127855504,-0.5127805454745361,0.8219525214097038,1.309208346323906,0.3115251529860697,0.4391382140396039,1.4571090859523486,-0.7588992320448722,-1.4762973682274352,0.8198210904044283,0.5946525576031383,-0.9269054676836204
1993-12-25,0.9706647312097941,-0.2479783105568095,-0.09788958631215734,0.8759260412378843,-0.5893032329791387,0.9250115817005182,1.379704361234613,0.32109388583732396,0.48832449440106235,1.4602899395063411,-0.9298415118529536,-1.696916105637964,0.9028918540681373,0.5906591316365253,-0.9908649430381905
1993-12-26,0.9808477316716859,-0.3676828731506517,-0.22757530286696356,0.8585387237581513,-0.6461820193641559,1.0191200967004046,1.3908245530292873,0.37241577697166317,0.4570251846351099,1.404154989566236,-1.0339633519588107,-1.851999223285942,1.0134369908096184,0.4961334165195826,-1.0864350671239733
1993-12-27,0.999823189056962,-0.43544819105297666,-0.3452610019697328,0.827685760257764,-0.7429824748168052,1.104506059999782,1.4532471247662722,0.41013272162297704,0.36357353287759564,1.4323742494527814,-1.0546881195668258,-1.9798632747345186,1.0033975196356104,0.44410371649742214,-1.1532634095882122
1993-12-28,0.9912957032892791,-0.5093015302240266,-0.4085120435590674,0.815976578473869,-0.8700018165452312,1.1388530559664591,1.5264643417929886,0.392997618681372,0.3161223866667231,1.4953412549389276,-1.0703027537616538,-2.0885060594750375,0.9180871740509486,0.3563860170268254,-1.1857862038446398
1993-12-29,0.9262130866881995,-0.6075351826927958,-0.5319495357510453,0.8175994389395801,-1.0585469159689087,1.1778581734468008,1.5660524070980555,0.3392664712157345,0.28626907155921316,1.6013704475270105,-1.054800837751917,-2.1425690231574763,0.8106523234528514,0.2414259055194811,-1.1045798684204318
1993-12-30,0.7903600092511849,-0.6614031603429243,-0.6677900434926074,0.7820857444509861,-1.2196629300135498,1.15658856130613,1.61863482500849,0.18782870750344172,0.22331708324616967,1.7005070583132702,-0.9423756825171098,-2.1486783193019856,0.6641608378155701,0.09617761563536342,-1.0511176048503155
1993-12-31,0.6070276598514864,-0.7119587762660803,-0.7142988816022388,0.6745070078432966,-1.3450219319820136,1.1318371304799826,1.6381268506038746,0.009418038424220463,0.09517769887138534,1.7481078610329486,-0.782825490796128,-2.060051167499175,0.5335218913386863,-0.01633527433447009,-1.0587151079909325
1994-01-01,0.41039151879063956,-0.6783334350228111,-0.7261306356985503,0.5406729219456023,-1.3368566614080226,1.1683146185680129,1.628959768248792,-0.11068357410922351,-0.00731828146138382,1.7732213104068282,-0.6101263155273898,-1.8502621377882142,0.37231799241835156,-0.03865952055552649,-1.0704207590289647
1994-01-02,0.2132739641661784,-0.7564258760120881,-0.7685274459081277,0.4140898801602691,-1.2340383777317114,1.1511119123226565,1.639019921316836,-0.2135048828598831,-0.14627675063758486,1.659773423202398,-0.46614529499134777,-1.6679302310498956,0.1888577156307399,-0.0741924256100154,-1.0389728725569352
1994-01-03,0.017351102378701713,-0.8986685978871305,-0.6728128980226674,0.2683847314768401,-1.0932041081615076,1.0255326189042808,1.6154040043496025,-0.33854296594540645,-0.218447069330323,1.4316619207303052,-0.3234644009161715,-1.556129939170878,0.0584171899583929,-0.18349933897301018,-0.9266033359905557
1994-01-04,-0.15671735136987297,-1.00254809196225,-0.6644063832540591,-0.006212712634702168,-0.9093713422229879,0.8547569935779663,1.6283917982142906,-0.40103964531518543,-0.2705576439784978,1.1892319896725334,-0.2142224404996943,-1.5050857864628107,-0.07293859470728524,-0.21931228042512096,-0.7311231701917094
1994-01-05,-0.25906087750999574,-1.0461469943009933,-0.6191054244471624,-0.3130846896365429,-0.6909318781368426,0.7090716823426441,1.5474057479771341,-0.4580245916213746,-0.3085089672209343,0.863837104581443,-0.18053602823020204,-1.487772845287828,-0.154748155275229,-0.22666714075130004,-0.5519547668285909
1994-01-06,-0.2918999211350608,-1.0216148070745135,-0.6354468128862999,-0.6457999962825727,-0.4142732106176672,0.6806558404255967,1.4689509472563511,-0.4226093678592938,-0.3905704020251985,0.44005640849740163,-0.2046794414617012,-1.4978272147378706,-0.1885622725165014,-0.21279199076170738,-0.3659740413442533
1994-01-07,-0.216296627357823,-0.943913565390869,-0.5957142889755859,-0.9553729768685302,-0.17866217022270933,0.6154105554431426,1.3468495680363006,-0.4790629810322386,-0.5107415305552538,-0.0668364650138329,-0.23012569679889042,-1.4169091932636217,-0.24667836130005116,-0.1990364792423413,-0.29827155420266055
1994-01-08,-0.0947527071248759,-0.8601786510658523,-0.5628876317174957,-1.28034413027305,0.04389583769483602,0.5689343687446476,1.1734781223318862,-0.5317152936795726,-0.7025312178178702,-0.5401002713282425,-0.35455808708781344,-1.300784936952635,-0.32753217257714035,-0.14662084666501926,-0.2833754879694938
1994-01-09,0.04055123321836534,-0.8133009042670244,-0.5852459559140945,-1.54553143401027,0.2611255951603766,0.5446100535006506,0.9569567602924512,-0.527431823119548,-0.8856838110876034,-0.89519890830817,-0.45163961755564214,-1.1632037739598207,-0.4564574320935965,-0.08505722513951368,-0.30511685071378336
1994-01-10,0.18035967674274592,-0.7103562248613919,-0.6711280660372099,-1.7442347619557235,0.43323426909207396,0.47009807964301553,0.7431173765323041,-0.5493275141048902,-1.1200250667080989,-1.1900016664418624,-0.49189688925059505,-1.0465628775611557,-0.588517153367939,-0.03568277884245054,-0.3715677222078253
1994-01-11,0.31145490638093465,-0.619616298128755,-0.7311479111048318,-1.929033809740924,0.5601128806091895,0.35390326562207897,0.5638560409994211,-0.5757986189278025,-1.2831727553489447,-1.3710022000504394,-0.5573217367259841,-0.9313227277878393,-0.6551184871514638,0.035171938614181254,-0.4234042955955898
1994-01-12,0.4209976846083394,-0.4521739902815968,-0.8164236165435795,-2.039931128679758,0.6751848842642448,0.21906897021434835,0.4094889227138773,-0.5495332298656961,-1.392520105976469,-1.438746019648057,-0.6473795660183562,-0.7912964546196017,-0.6934786068140877,0.08845449451635255,-0.5054143970498568
1994-01-13,0.4400855613853358,-0.2596863650673154,-0.8698622468702393,-2.0359022672621556,0.7348553992663932,0.10625944557313091,0.22500652769812088,-0.6857870842085726,-1.5343071504621408,-1.349889870735173,-0.7769011989811889,-0.6201329278353197,-0.6500738031150111,0.10100466774041363,-0.6299801350766941
1994-01-14,0.4322282938283138,-0.04197072485838679,-0.8344005917030222,-2.008002622364106,0.7558015975329345,-0.0679910692979278,0.08699877323031872,-0.7847896466927484,-1.6405976945498866,-1.252138312014525,-0.8707526448580452,-0.43384897960610047,-0.594013136937769,0.050707146143020444,-0.7685903641602984
1994-01-15,0.3978527422793651,0.09636045074505481,-0.7966030785695021,-2.0246858640037537,0.7575312542916477,-0.3415536758554884,-0.07064672946412755,-0.7766162387079063,-1.7387150303554801,-1.110149089453543,-0.8750429362260691,-0.23633891055000375,-0.528873507776513,0.03280631375996076,-0.9095092444124523
1994-01-16,0.322403869203959,0.18232720365536473,-0.7469226049053401,-1.9727313446069257,0.7738528877032396,-0.4798681911069139,-0.16889952640433184,-0.5943711680576168,-1.8269710150857705,-0.9178298812983718,-0.8768618763470201,-0.12350130789879898,-0.4243067907346119,0.08228380311843596,-0.931758672420221
1994-01-17,0.305032214486988,0.24940467216868842,-0.6930298464732714,-1.7715969752054137,0.7940264739534119,-0.6267657899655298,-0.24598653930498204,-0.33915813459583083,-1.8339646636624856,-0.7352517543326831,-0.8694324611072208,-0.015022992488380283,-0.2299878487872367,0.15198104495343082,-0.8525421385493441
1994-01-18,0.3048374540766328,0.31903476869582575,-0.6333808283605133,-1.486167436465695,0.8366509988614106,-0.7759029475200578,-0.2582764664082224,-0.10802772727298265,-1.7944323115117304,-0.597348592126576,-0.9143214947817027,0.06495060903679946,0.02257540569958439,0.2449941445123204,-0.652100673380793
1994-01-19,0.2382609096181955,0.36173725826555714,-0.5451218579789221,-1.204257793688692,0.9290079968755013,-0.8580062672786095,-0.2679610301196291,0.13666534971938613,-1.6741617766804384,-0.4806178362464526,-0.9744753524701246,0.14736891291326917,0.3610880334249233,0.18893443496999893,-0.37826934391350503
1994-01-20,0.13642936574295952,0.4106695735423063,-0.4832715517622148,-0.9719724091435914,1.0673198967366342,-0.8554108281083793,-0.3383392549720679,0.27622234113582966,-1.511041367561248,-0.402017842885531,-0.9975346475623217,0.30410925044104975,0.6882020773389336,0.039787536511372214,-0.03359740194173284
1994-01-21,0.07269988314323707,0.4789230054857007,-0.40759753392295095,-0.7475949471809633,1.2149122513934174,-0.7613626777142962,-0.5251360054440011,0.31796338157303666,-1.3607806895823022,-0.37707352669996175,-1.0012685254772686,0.5512342250401526,1.0391511257692252,-0.11643551854282566,0.434659752645547
1994-01-22,0.0430146739478683,0.4564890743776286,-0.403451102768669,-0.5915234767040365,1.3268977224297205,-0.6792431855982628,-0.729129517637547,0.4866490070675959,-1.1994112876391547,-0.40150769323931557,-0.953913484295948,0.8085770884966592,1.27355448046741,-0.3413852743573087,0.86240238638891
1994-01-23,-0.0374962142712946,0.34319427747434644,-0.5571926953921461,-0.4688075405266604,1.454219528918536,-0.6027808055450337,-0.897669321505751,0.6422383346253608,-1.0183694889699761,-0.47352976151337073,-0.9358611164661212,1.0836056295390872,1.4397542738788849,-0.5268989272838518,1.2511783297265002
1994-01-24,-0.18657488531009464,0.2533584727026627,-0.6333589700252364,-0.21318132462336845,1.5019250428205273,-0.547344273198393,-1.0456278494433429,0.730607711007639,-0.8040739217286552,-0.5620412392912622,-0.9454576919777941,1.298303059222988,1.5304563904200859,-0.6202159209901007,1.6360451398915374
1994-01-25,-0.2774262560477075,0.1287301577461448,-0.6651572544556349,-0.00899261755905191,1.426505470031976,-0.5874810734234347,-1.1752504704618136,0.7614504588152327,-0.6243117722515066,-0.6853966659523154,-0.9278311058826413,1.5414964435042215,1.580882458606654,-0.7627749558889599,1.930234032119819
1994-01-26,-0.3471082671466708,-0.019716558975720715,-0.6219802322352382,0.028378476567223938,1.2171496650580846,-0.5765270096731138,-1.2559507397847642,0.8343325126796273,-0.4944956923372212,-0.7862405673559263,-0.8519936078394256,1.8318419345217276,1.6323347722162018,-0.9089173106919837,2.192883379364257
1994-01-27,-0.3280123088161978,-0.05419336748508828,-0.623534227072518,-0.06355028685104064,0.9785635666266317,-0.5202431657047148,-1.3126011236873958,0.8716302670983849,-0.348285733074787,-0.9240272890987343,-0.7474754026982445,2.1810166688721853,1.650507491351282,-1.0475859941154602,2.4082262038172395
1994-01-28,-0.2502709368040482,0.0027114315866124936,-0.6128870100405024,-0.11129435271400974,0.6936720549260529,-0.5035029398065158,-1.2602871472166746,0.7908878096021033,-0.19461634026853836,-1.100264918846924,-0.6300985583073162,2.5247878971609183,1.6337907934463465,-1.0851857209748577,2.537126732956188
1994-01-29,-0.21503760363851915,0.05667617713221786,-0.5704434287153148,-0.07469453370856954,0.7891300815300518,-0.48186087726557253,-1.1389821637034832,0.8236034293015777,-0.29905889015545534,-0.9897756688594873,-0.7153948758993136,2.2569429206538456,1.6053187531470443,-0.9877169519228336,2.374485810607421
1994-01-30,-0.23599467181491873,-0.04570822063261583,-0.6407475164691329,-0.15620519536958308,0.5036519656055305,-0.5432332053245531,-1.3187887104131704,0.8233991264074458,-0.13918806571659142,-1.145176736928781,-0.6239026508634685,2.6374103766349233,1.6359705078645435,-1.109785866749126,2.628099969719881
1994-01-31,-0.1331790359825928,-0.209263855849471,-0.7178884177065488,-0.2628664552252487,0.06850262999555666,-0.7173483771927037,-1.1196257290460292,0.962857507050781,0.009049473880549512,-1.3539262260281868,-0.4790967750236276,2.9470878764839408,1.583394903238086,-0.91915968497856,2.575718098290646
1994-02-01,0.21913366797355113,-0.16552478143866042,-0.4004993049009813,-0.31674074804404345,-0.5285223280670523,-0.6716825615044715,-0.8088416574839886,1.0877160516132833,0.10520772500819989,-1.5117653284188017,-0.18920971953557428,3.327839865237625,1.6391148770472037,-0.6851211773158593,2.5029931168641104
1994-02-02,0.6745640336474173,0.41074713503769583,-0.31849152563033856,-0.3186152957480461,-0.7197006381941139,-0.2904595891906501,-0.3673735446263783,0.7960676484739906,0.32629400900413846,-1.6250651523296937,0.024533671203860245,3.7926463354868556,1.699903675956601,-0.5247600377481264,2.427483773460429
1994-02-03,0.8081303204057041,0.934307297970488,-0.2619878950795897,0.037775871850829534,-0.73345086891101,-0.30384121473489417,-0.028168110291674365,0.31848360339925236,0.4877580430225753,-1.9077141677232186,0.09535220470482082,3.8881715919083812,1.622498528577594,-0.5404000902806271,2.1330653447290246
