,1,2,3,4,5,6,7,8,9,10,11,12,13,14,15
1996-12-13,-0.09472265373652694,-0.5535886175281276,-0.1034149624065457,-0.14970377567698678,-0.20501631084883665,-0.1589752745378568,-0.059656997823037725,-0.1364216118227051,0.07492806018674653,-0.13691186095694755,-0.12403151345784962,-0.4334700555718962,-0.0200053580684233,0.06867906629119234,-0.14739806958499443
1996-12-14,0.1873830290127005,-0.3292554149099507,0.20012934338189173,0.09305937287867129,0.10066405250137339,0.10028954499499851,0.225614877134862,0.17837228238635355,0.3983541801370911,0.14393107007690933,0.16607825997733652,-0.15103087156250722,0.29204762908803805,0.4177106642719296,0.12415591623129892
1996-12-15,0.47703872363120514,-0.14820783020246317,0.52182442111669,0.3013669471009577,0.3790753414976009,0.3609242035321375,0.48192553105363933,0.4701018262482025,0.7309799830226238,0.39403395997158464,0.46267486699711924,0.15427448078180062,0.6567057892868156,0.7723225012148159,0.41911977009903684
1996-12-16,0.8137972411084385,0.04802129369349673,0.8730977843039203,0.5397420421831512,0.64055311415412,0.6009166316049561,0.683748001788082,0.7006914796516863,1.106071251871913,0.6379018204647696,0.7312786336631684,0.45358479100998994,0.9892132096223331,1.1175449469721936,0.6911337134315253
1996-12-17,1.1854847838438989,0.30491471830687705,1.329729384552372,0.9533324449726619,1.0607149550376807,0.9309518855497151,0.9309147174539053,0.9893132408811147,1.5037206242376746,0.957843458248289,1.1134886353634683,0.8286194146018625,1.3849875187815615,1.5009581305951982,0.9836977523141017
1996-12-18,1.5123608876222525,0.5791250517151693,1.6830871891204382,1.3273130186228932,1.4234456032461762,1.2246043120185603,1.1621042554377117,1.3420317820622487,1.8083966429869758,1.2000480375767417,1.4615759711123457,1.1810100801039818,1.7239481242052912,1.8893427912258118,1.1776832953859873
1996-12-19,1.7569903242000342,0.7988961985087033,1.9641944867228904,1.5417693555798733,1.7055408063094382,1.4345574867466362,1.3425779534197346,1.6307887586087977,2.0333903087299983,1.399253082654045,1.8011232708259173,1.5903578343278173,2.0257225367516876,2.2029376926107376,1.3615428240356446
1996-12-20,1.958157242416246,1.006642306672811,2.1840316091353924,1.6485887320479864,1.9473577365933532,1.6598475823060113,1.4669510504738401,1.8247096358968145,2.186173702169548,1.6328181048019068,2.066579093222416,1.928632128796748,2.277613924404757,2.394462382144651,1.512206649753143
1996-12-21,2.118197937280126,1.1704926127892634,2.267026314501714,1.8362515123019043,2.123196130937178,1.7692359747614097,1.5791841605558694,1.8945277475895084,2.2465767347044943,1.7942654595831393,2.295605424511606,2.195803548819311,2.4381045705556095,2.467866059330116,1.6745479275946291
1996-12-22,2.1845406560534273,1.278055623868966,2.291552151045864,2.029367390444376,2.2386927286429,1.8955598613981848,1.6581873793559319,1.9737019469323658,2.2916458021851995,1.9060475773703605,2.5187705656250476,2.3440355288229155,2.5788411278416064,2.4405797917759933,1.7834450290494874
1996-12-23,2.2113681725433336,1.2836425062359402,2.2827046456201483,2.203023714740331,2.2963097638706857,1.889402087103868,1.6686065975459934,1.971199365598453,2.2968824932872964,1.9941862686988714,2.6108041863293714,2.496623055768255,2.711399745594429,2.381192503496105,1.8750070035949828
1996-12-24,2.2018095476472985,1.3152245733120038,2.2240911566820345,2.3775313245904557,2.3321408596947073,1.8662603585727768,1.7087990565247904,2.030055262593865,2.2955860411839875,2.0524132411549125,2.623023002779565,2.5746178214326143,2.732387479178142,2.2573954149820814,1.8458626868534287
1996-12-25,2.100234415978962,1.2424231893067315,2.0493200703632644,2.4614313017955127,2.3164768549749875,1.7328345894585524,1.6442216414480906,2.091972267463399,2.228870573331391,2.0803910896966737,2.6472459837606515,2.507529658907017,2.7306601068652667,2.1252445527919366,1.764949249344263
1996-12-26,1.9619736264223464,1.1559898163053888,1.8383272111697184,2.4839727190492527,2.2037494481744013,1.4810589411238828,1.550676532150229,2.170761830291033,2.129513739110685,2.054471807080269,2.5222356692153944,2.4879851479168886,2.6925900340016726,1.8833873753889092,1.6999496570020591
1996-12-27,1.7926478125125607,1.0705219812547604,1.6836615623435958,2.476381345713157,2.113461523585119,1.2167724186263804,1.4757917827582734,2.225462585720584,2.0743453392312934,2.0100200408112254,2.360070828188088,2.401079647466089,2.704122660277029,1.5363906263597367,1.683745321983001
1996-12-28,1.628741028902728,0.9809859932162641,1.564383916096467,2.595493962339119,2.0437191097988388,0.9819193914468243,1.3367682540679564,2.2935678987628014,1.984718158090858,1.9130481817047578,2.1729145636597553,2.266108007611775,2.668502307465408,1.1573105791371174,1.6421727190267776
1996-12-29,1.4849784377299133,0.9642428804057266,1.4246781442317296,2.6637812258882074,1.9553801827889414,0.7650996507196762,1.1570052638260235,2.3288683537879686,1.8609066448526443,1.7351307708720816,1.9147454835657258,2.132579741795547,2.608795712179006,0.8875278280127346,1.5920005272495146
1996-12-30,1.307310800459129,1.0040810535876035,1.3768398191511706,2.5554870412487567,1.809040917071156,0.6416616058124776,0.9098283107345235,2.343265637633841,1.7852238272846856,1.5616767101342959,1.6353332558609939,1.942797419965586,2.5720621713430596,0.6472954396096592,1.5090953055509744
1996-12-31,1.17407374142055,1.0151632545405458,1.382313636849688,2.3730061260077346,1.6450492935034207,0.5729478984931504,0.6662371537384201,2.223529967450908,1.640628510168135,1.4641184434413366,1.3792117280373528,1.812912671144971,2.46330069706184,0.4861786093450751,1.3586510081632548
1997-01-01,1.0621445046283162,1.0176459271687917,1.367164196027634,2.1963370716936774,1.5085939800890091,0.6026190791556869,0.43222085256160925,2.0699159391202646,1.5181416099943044,1.4230166538989688,1.2592618685563512,1.7221215174350035,2.3461925431829838,0.3752181580226028,1.1980402045468215
1997-01-02,0.936325602729555,1.0102548539541254,1.3320207164618107,1.9764934206078695,1.3401763376533025,0.5236140504132254,0.15358942708263004,1.7770266165210695,1.2704540060125735,1.3687420353127022,1.2369124878919813,1.5509917902167931,2.198528811492659,0.21871530824949725,1.0994482661354446
1997-01-03,0.8408428453868455,1.055511432448523,1.2794717758567897,1.8310474532950167,1.1826675662849848,0.5247764397497136,-0.01803503361711682,1.5531250761335504,1.037072760621224,1.3071452319747134,1.1808730694026963,1.4142803543467404,2.069740927082956,0.1624866954977363,1.0491703197405693
1997-01-04,0.7592708487684505,1.0723791268067293,1.2027854151041801,1.611170263150623,1.0265334760537284,0.5676475499955098,-0.12945018041192977,1.3339997131721981,0.8902710863565584,1.2273813703993188,1.0333841148613168,1.2823512848233147,1.9034231759784175,0.12889718715045048,0.9631776212433899
1997-01-05,0.7008710770286964,1.0158942211841535,1.0837298974435055,1.3565516854654007,0.913413268663653,0.533138207100478,-0.38114384724516553,1.0265501016296184,0.7189636879621477,1.2260227248318591,0.8674692427261669,1.1403180690038488,1.614020020600279,0.1101402480581831,0.832137820198435
1997-01-06,0.6392158550175739,0.9607736319012086,0.9476253141125289,1.0027879435208304,0.8010593879637566,0.419126630950789,-0.6994026699939662,0.599514442237831,0.6866183779862676,1.3223056194280374,0.7117794945793926,0.9322586840471038,1.3298116401671076,0.06997293597181403,0.7502563487764201
1997-01-07,0.5726751354015288,0.8316066925679364,0.8258145429891812,0.722845979588917,0.7135041081201655,0.31122458014399773,-1.0015929516648663,0.2708969282113392,0.6991559547131873,1.4436509879979178,0.7054843223546323,0.7575278403888486,1.092730934730172,0.0019212809207960646,0.6866566333714905
1997-01-08,0.5618367913446694,0.590252704504569,0.6906404744300266,0.588536617795284,0.6439563466175963,0.15289578730806297,-1.231970467429732,-0.002651073328102107,0.7243623025639933,1.5673405209280684,0.6983495832651098,0.5659927724555502,0.9057915817668761,-0.000724189654893563,0.6917313492716548
1997-01-09,0.5501870188976806,0.34689418768550906,0.4865652969704498,0.4701333861005329,0.6009872690655772,-0.10485880522159871,-1.3762350478855723,-0.11535355663764515,0.8278470294639533,1.61018727067137,0.6062639741051883,0.4040593185173947,0.7789523681269018,-0.03215085598359915,0.7303324451813208
1997-01-10,0.5542267087350813,0.12952456706938067,0.2979188796718905,0.36392772319243577,0.5685120358711918,-0.42756807742217373,-1.4526970231628784,-0.14312878408779142,0.926838121200983,1.5713107608499504,0.4792185358557856,0.172004872717036,0.614870839375983,-0.0338001370334539,0.7288046808376469
1997-01-11,0.5207281272923284,-0.10173043355436366,0.1669482972067434,0.29246193762864886,0.5843073962937633,-0.6906012839929975,-1.5247589874165088,-0.10878857630537107,1.0723339469414273,1.5230370216866607,0.27411288953696716,-0.0374884976805425,0.5069511662170086,-0.09559812899914226,0.6799264103231867
1997-01-12,0.4874351207285807,-0.26389496875400054,0.13920880929402774,0.1381091198982439,0.5841019117125397,-0.9387729508886766,-1.5578936617088102,-0.08771692531924435,1.2252315567326677,1.4849305694890038,0.09234998058428565,-0.27213441097373037,0.45583014004706346,-0.32935461352608786,0.6668457888528591
1997-01-13,0.4214501549658014,-0.35912367046904825,0.06197936827222972,-0.0041761946486025955,0.5592456991846816,-1.1828070912486592,-1.5684686856031005,-0.08155550259229426,1.304159119836564,1.4130341106331168,0.06641148224648634,-0.5581866817691427,0.39106313584108565,-0.5677931275341197,0.7612620508172576
1997-01-14,0.3135217786798167,-0.4232689748752746,-0.004215819108029447,-0.0689562401208645,0.4779093434525307,-1.3302595839410771,-1.4174058443495292,-0.10700635156927066,1.377397197202787,1.2956760565272212,-0.05304621580607756,-0.749807471308818,0.37080491561118806,-0.762920898515339,0.8954133892654558
1997-01-15,0.21684120650799868,-0.5246152826141592,-0.030022564729923443,-0.09160053526691715,0.3916976935784204,-1.3819415272047892,-1.1309251134809002,-0.05785922629404687,1.3360797060776102,1.1545299369377822,-0.20388429464734378,-0.8530506844208501,0.35954957084493144,-0.8094592266269612,0.9215376647399983
1997-01-16,0.08078728328323741,-0.694286766803369,-0.04418605977102433,-0.12417312446377428,0.26186024110639183,-1.3615858486802024,-0.732681037279703,-0.039247617526616804,1.222321572486981,0.9510277371907137,-0.4402370779114888,-0.9248784799329212,0.32690614893604425,-0.8749078736509935,0.8481763117844232
1997-01-17,-0.07346913846250813,-0.7888121607697829,-0.043173236341170484,-0.18396245354915647,0.08051586277955194,-1.2511191286735701,-0.356697432541177,0.00041474531575780494,1.1008097420507064,0.7678965138361437,-0.646336872221935,-0.9844013200479499,0.17363652508495422,-0.9867892892990753,0.7113530660316255
1997-01-18,-0.21956803906298938,-0.8437229448590333,0.013247660111664608,-0.23870585799295455,-0.1980601877207457,-1.1164490108155298,-0.03208810601325664,-0.11190714776438368,0.9643478735626289,0.5273542688897789,-0.8482098689956459,-1.206901389260076,0.0103660142516081,-1.1308156557124007,0.5229897801802693
1997-01-19,-0.3734450944611838,-0.8285797966315949,0.049903420895550325,-0.3249044585743478,-0.41269135603131596,-0.9065497830430321,0.3248648041109023,-0.20519976925414277,0.7528653386236573,0.3693178129640612,-1.0656835605952588,-1.3320216593726835,-0.09516534617825148,-1.220245550143152,0.3829956765856752
1997-01-20,-0.5190733677453118,-0.8789463990913106,-0.04976570644440046,-0.43026601082716115,-0.6618347870292369,-0.6691274341364954,0.6925342915610312,-0.25550496752861446,0.5461284206552564,0.19540731456823598,-1.2369510217673803,-1.3397862713171755,-0.2850158623113029,-1.1865973476870089,0.2696399551660882
1997-01-21,-0.6914595270421423,-1.027514824758972,-0.2735267287408505,-0.47262183206855285,-0.9091688104479044,-0.3874904401187224,1.0239519727841362,-0.3010365382231094,0.27256693253631364,-0.032183568942875114,-1.3716270199889813,-1.1575528121445147,-0.6039840187438246,-1.0808289915876188,0.0985815607426783
1997-01-22,-0.9122253533358482,-1.2083450380367902,-0.4893720590093211,-0.5160158841304076,-1.1857351733652954,-0.09645252858476897,1.2952463131228815,-0.4064328179314796,0.020074233051048232,-0.32941555239584697,-1.570670860743889,-0.9553605111159933,-0.9034909889333919,-0.9802518098703036,-0.1500115789693168
1997-01-23,-1.1851143304592984,-1.3704148704878885,-0.7111914980604687,-0.48182145076327015,-1.5025953354164354,0.15431706401742915,1.3976321236610525,-0.5095385702222206,-0.2237102639947559,-0.6775195206343025,-1.6795293028545646,-0.836116490927479,-1.1641586590968482,-0.9193295929183395,-0.35228767376099135
1997-01-24,-1.3845370872626903,-1.393512199272723,-0.9261679801179976,-0.49986325449412694,-1.8227452677684004,0.2812646505067855,1.459525705000718,-0.5083767954746231,-0.4341538542824501,-1.0109574192964523,-1.7176260309298361,-0.7747585732305565,-1.341920626530934,-0.9665806660608978,-0.6045458549517899
1997-01-25,-1.5146871583405848,-1.2884004000201454,-1.108840704322058,-0.5186550575346512,-2.1092465975169024,0.32980195789817957,1.4822417752852397,-0.5254272561310996,-0.5547240560467193,-1.2577046735133341,-1.6555836696263277,-0.7352933959082001,-1.4966147910484315,-0.9718627216978358,-0.8385094378903618
1997-01-26,-1.62747903184281,-1.1992730604274988,-1.2923128200585896,-0.5897514291341798,-2.3410679906627654,0.34462625663845164,1.5290975626314114,-0.6274667171976865,-0.7058869082905889,-1.4505449535224666,-1.5647533409582823,-0.6578949387521756,-1.6138605138101771,-0.9379381605888207,-1.0304103999864787
1997-01-27,-1.7854144797020364,-1.1798435583770346,-1.50146858129372,-0.7197763346063882,-2.4656167477300155,0.3656510862013885,1.5235978602796487,-0.6066016521532918,-0.8938162238392697,-1.558441841067299,-1.4911052276011756,-0.4144001964667294,-1.663147791167405,-0.8447566163104971,-1.1584561420528936
1997-01-28,-1.974550362518252,-1.163019133721137,-1.6887890387562623,-0.8447147471911297,-2.5928696599557237,0.36040202417466394,1.439053574414154,-0.6349681262159341,-0.9343841644361035,-1.7156421773818618,-1.4447099030906383,-0.19058434138121427,-1.6855580631739826,-0.7789539743476626,-1.3256730923197841
1997-01-29,-2.1239276087275707,-1.050971183063321,-1.805439524055796,-0.962797379873642,-2.6626974262078957,0.32956182049506016,1.3645997380755006,-0.7465193276433411,-0.8965076874160284,-1.791260661734805,-1.4000671902347122,0.04652156889997918,-1.7229031269141373,-0.761550327548433,-1.415080782822625
1997-01-30,-2.1307592178541244,-0.8617224383487481,-1.8491412506853968,-1.0383999505365684,-2.694436557662135,0.2779531920870646,1.3006872258082611,-0.7680754520399263,-0.859532592628842,-1.7899843285393093,-1.405807241040402,0.27652739878913674,-1.681165415234274,-0.7496214080174262,-1.5221992494930006
1997-01-31,-2.090043135837249,-0.7200830589496282,-1.866452757066165,-1.1276640399144187,-2.6547883507614523,0.2333815048775157,1.2579849421243445,-0.7012497141324172,-0.8898250769990614,-1.6426511592218491,-1.2874280212544726,0.4996056697925825,-1.558286448017464,-0.6515292466430688,-1.62680585740716
1997-02-01,-1.9513238173083385,-0.5491717831799054,-1.8000549678631144,-1.293618840367841,-2.527797329836706,0.1508918147873254,1.30982130366395,-0.6348045659341678,-0.9101956701426711,-1.464917771855365,-1.186177935769046,0.7428229249339564,-1.5169336722593323,-0.4851628567996444,-1.7204539330974136
1997-02-02,-1.8477554538736118,-0.4619951973072405,-1.7214906919211237,-1.4730349665594233,-2.2989644784885,0.18082956285402038,1.3363184717428866,-0.6556181236454883,-0.8910449563788443,-1.2160952057155436,-1.168316982651047,0.9642402520747073,-1.5906849799719713,-0.2610737280518732,-1.6846536059074295
1997-02-03,-1.7597057302474663,-0.48183994222945886,-1.6242701732901035,-1.5787488513415,-1.9766094941922812,0.16185133150284928,1.4538134644055163,-0.669687329894128,-0.8466431552599155,-1.0247486355127684,-1.2574206088047075,1.1175868866224585,-1.6416286798583017,-0.05871539955114955,-1.4833570584074394
1997-02-04,-1.630293688320399,-0.5032853974942842,-1.4673032998547957,-1.688870048200322,-1.5615485918217826,0.12914755283303045,1.5775541186285154,-0.6059794077432533,-0.7848489992610374,-0.8938153149691829,-1.3342285395509221,1.2701375101805283,-1.6115120598031105,0.16291861790202686,-1.1917761327001135
1997-02-05,-1.4835285362473463,-0.5160043679192355,-1.2124246541591772,-1.6973301198087907,-1.1662978945783062,0.06723771804860836,1.7293947289029454,-0.5155284730236738,-0.6465941082486308,-0.7866443211453199,-1.3017640498541225,1.3227554571818658,-1.60058954289227,0.4033632778513612,-0.8523585002267451
1997-02-06,-1.4808306316369444,-0.5734023295597165,-1.175531540612365,-1.6991324079419428,-1.2394287962460842,0.1397815585849253,1.7038186569391292,-0.5538169466087153,-0.7068148763112945,-0.8554205749711769,-1.2563942345486334,1.1824603766698238,-1.5671886154981918,0.34469891386358836,-0.8878272566026622
1997-02-07,-1.263269177779761,-0.4918318970279448,-1.004176380589533,-1.6622513366475333,-0.7792894308490841,0.07727514959055007,1.8158427101075478,-0.39714765638800237,-0.5704800517531641,-0.6495263941378847,-1.2037841949020456,1.3153631913405293,-1.5886305632436943,0.5569394898264295,-0.538598867362887
1997-02-08,-1.1050325648201558,-0.5936986832864319,-0.7619787076231598,-1.5111730487935897,-0.3901263413142605,-0.032177599502005966,2.0368519174850466,-0.16019317773693365,-0.5164108633439334,-0.49212596703525663,-1.1732189066933507,1.2417163360972139,-1.48383211961584,0.8699363418991316,-0.18306266636838803
1997-02-09,-1.0130750559871478,-0.8846693663627834,-0.5386638430561043,-1.3774849327265948,-0.08620321171597477,-0.18007039920377962,2.303684184136825,-0.1465250364851994,-0.22357547112330947,-0.4182936669657581,-1.4032838789738977,1.0867452788864607,-1.6130729416868033,1.0344211231431322,0.35667185144447955
1997-02-10,-0.988144294799601,-1.0866139531070729,-0.2525831681778824,-1.1831231429707698,0.10361214300123138,-0.1334716004842863,2.692794661609864,-0.13910201635323582,-0.17102538012874471,-0.5686387211145401,-1.4485637370769713,1.1051771249001967,-1.3334440076426577,1.027188573945702,0.7678208247700367
1997-02-11,-1.2351218558363624,-1.1537220290665555,0.007661349030672811,-1.1303838481173865,-0.11001783950794171,-0.19528224781593614,2.714928642842786,-0.14559792904826407,-0.02600630531618009,-0.6609785507672977,-1.262925327301308,1.1337557588481535,-1.4037955774622075,1.2385684643436576,0.6750946170583061
