,1,2,3,4,5,6,7,8,9,10,11,12,13,14,15
2000-01-13,-0.05707511746543074,-0.33664923397009666,-0.4960041280719588,-0.1241435149179983,-0.07705115979661815,0.03253795328851142,0.1343643091309899,-0.32272942095884155,0.05580875925736926,-0.4363744269783123,-0.13953942064697955,-0.09832781894801547,0.12097904316662313,0.003444957385401117,-0.14056417297517873
2000-01-14,-0.05105322643728789,-0.3664636056991156,-0.5887804084287158,-0.1641312109899297,-0.1896329958188503,0.03507646466849714,0.13411457364651633,-0.3522631533900094,0.043038751162685684,-0.5776623104349778,-0.12314579201925203,-0.14683295270739535,0.20457727814802146,0.0023111296861302514,-0.14321312947636344
2000-01-15,-0.02590452765423056,-0.31416476196907345,-0.5989200464053671,-0.15743548263512902,-0.3386154520119096,0.11312442302266276,0.1202635351950788,-0.4077041644707181,0.043761900033841075,-0.6949259957642102,-0.09875398355761691,-0.1955706766914269,0.2878966139408166,0.028798147026209878,-0.13594967994068574
2000-01-16,0.012411893368583614,-0.25845329308095893,-0.6391486051089175,-0.07914908392704108,-0.46159939542449546,0.20435584876351737,0.12319340137141775,-0.5153305530163126,0.06040219901783895,-0.8003334961146217,-0.05002666248974999,-0.2833847398510311,0.36518343017947713,0.10361479413390151,-0.0916071245706945
2000-01-17,0.037764836629701905,-0.1887752307246069,-0.6076883035780908,-0.08000634621138966,-0.49558230392328395,0.282515915592135,0.1584699212892358,-0.5738338549471237,0.10373246438352822,-0.8361855919404644,0.057658677010405314,-0.3627194724154451,0.38397760560932964,0.12855989463777448,-0.010514432400389108
2000-01-18,0.10684367987267764,-0.0744813126387687,-0.571868006282327,-0.06870707827205493,-0.42133592843013123,0.33010732275948323,0.16465452049107485,-0.5389735346070301,0.04934899107886708,-0.8381328216320701,0.13100600385837027,-0.4098863901190685,0.3840466442979953,0.09292081738851707,0.11945667385246125
2000-01-19,0.1607559089981637,0.05314747314438428,-0.5692003813179618,-0.040764363188904376,-0.45889572057168226,0.3388660707019558,0.13672297999100172,-0.5467077871546097,-0.07020365034307603,-0.7916760881252981,0.18543870108611757,-0.5138496205875617,0.3573691372281656,0.07122795301617493,0.15455508799222378
2000-01-20,0.2250828158513971,0.18935628531700738,-0.5563605438120286,-0.06744520257845475,-0.5421394256981408,0.3746866021028253,0.12448485771134699,-0.4866396784602405,-0.10302691431945087,-0.7742570053775976,0.18383620290473124,-0.6625611641991671,0.3288645674268835,0.027513676282700655,0.1681592780952895
2000-01-21,0.3108266113573197,0.3622477293050573,-0.5294478100402236,-0.04961724478611496,-0.581648991739306,0.42152367412439945,0.1623762071420774,-0.4317222471242982,-0.18011427671986083,-0.7305384387943443,0.20531509145473778,-0.7640876397530093,0.26692840030248793,-0.05532653752626508,0.10150298754644305
2000-01-22,0.39970842600179296,0.4824731371721045,-0.5017821247855343,0.033907480921248734,-0.5485327425492501,0.4694701357251113,0.1587073938822116,-0.3992499946713837,-0.23401157147989304,-0.6711798881948671,0.18661731856360833,-0.9283815322328851,0.16335822586260976,-0.23120659171046182,-0.001959192296162694
2000-01-23,0.48638461388534615,0.5405635503483801,-0.47569634251028253,0.08463776705602884,-0.47444451172986896,0.43390714704433003,0.18180857983567475,-0.4478632185349912,-0.1628534707224076,-0.6300565095410512,0.09180353353146638,-1.047136900718373,0.00906193863767054,-0.4493603890737279,-0.14072798583962898
2000-01-24,0.6272790769724172,0.5779842338995896,-0.4990903806077721,0.03712170387094528,-0.24546863349557546,0.3865469761600234,0.24712963375842753,-0.35001335033996783,-0.050260218391580826,-0.5500283312124109,0.07088784725674958,-1.136815313575978,-0.07710938816805127,-0.5740624503085798,-0.20843985299327614
2000-01-25,0.7638489733457243,0.6648042938259259,-0.48914312179121683,-0.059443814360057086,-0.017921416663820657,0.37682785428533755,0.2476557178224948,-0.17444334461603916,0.07646299784616603,-0.45443975614200177,0.07240524010570426,-1.128704905829777,-0.09520299808219887,-0.693942986504335,-0.26610136984208166
2000-01-26,0.8348164184565462,0.7679523684518516,-0.4549332814558293,-0.17434278074705994,0.11470501162406346,0.3270787059589355,0.23525657636565692,0.014536070131995968,0.10620973542964005,-0.4190701409278333,-0.06094549619325506,-1.1263645213679732,-0.09339639745716802,-0.8820300940430068,-0.25035360013331803
2000-01-27,0.801371677262173,0.8144978580036248,-0.46888200427597426,-0.28485921574892936,0.1373881087550308,0.31209873862088644,0.23009472115464338,0.09076369265694072,0.1611510296120847,-0.4558999437354829,-0.17073188380135285,-1.1550943785285253,0.004476435523448882,-1.0262996616301343,-0.20607314718612002
2000-01-28,0.7671733565710923,0.8343604529533187,-0.4398261764590978,-0.37649974950905635,0.20614359061643245,0.26707533786889875,0.21041751294737115,0.11510170500799297,0.2428618068621135,-0.5577303187682374,-0.2174365328387279,-1.1375167625584386,0.14196429174999758,-1.0199468438467842,-0.09616723251961203
2000-01-29,0.7298129635688992,0.9123130216619003,-0.4502207971141531,-0.4233061904732205,0.24425503985446473,0.26187976223641773,0.20639077666846933,0.17307224976679528,0.2967225748363346,-0.5601804684591989,-0.1737347801552007,-0.9711257537073068,0.2858706149410221,-0.8542973751889481,0.002211193853271903
2000-01-30,0.7088621852832847,0.8691927182421816,-0.5415121486918119,-0.4054956003116975,0.3458484721976469,0.23745786536338728,0.2142579859910083,0.3092975999079354,0.354317111873131,-0.5811626398814979,-0.15151222246484256,-0.7345773875483415,0.4782248946446014,-0.5840623937912025,0.10094551990078535
2000-01-31,0.7278938676154754,0.8009997825235962,-0.5964612390274379,-0.41501726689470186,0.3708345468536108,0.27064211178497083,0.205150278035022,0.37629503935862607,0.44164173532206336,-0.5517492567778609,-0.15170130369442839,-0.49706417437079276,0.6637756641405438,-0.2679388787969432,0.3530736356891526
2000-02-01,0.6987192841562521,0.7423851543745397,-0.6802021692973603,-0.41947377177977585,0.3958840661305446,0.36474834964213004,0.18192112581061218,0.5369061511934463,0.432175696877555,-0.5012392083612986,-0.115844004526565,-0.2577428323085017,0.9305844318000563,0.08510991479604008,0.6466612563560398
2000-02-02,0.5739925856131181,0.6249946700392159,-0.7966351076289513,-0.3271440053132225,0.4038733951400059,0.4417702585752899,0.2162521507436473,0.6866595811536567,0.35983161421868937,-0.4055249852101794,-0.1328802997991191,0.022062797809392305,1.1676250989750645,0.4204234365083242,0.9295509827563453
2000-02-03,0.445245688928418,0.4471268433088445,-0.9219763578651171,-0.18082596679640264,0.3741988427239323,0.4164662936973545,0.30535229845706596,0.811343686411919,0.3126199720291588,-0.2843992814569997,-0.1508794540275551,0.37010964212769587,1.3786473601935054,0.7773793159316128,1.1274166710095006
2000-02-04,0.3173195244405056,0.1775824723827642,-1.043612504660592,0.010836993488841077,0.4128202453756675,0.35097423393533816,0.42218976851688134,0.9141749064012159,0.3086233560291879,-0.0960245035926886,-0.12499891308789601,0.7453644277315172,1.6404633046360542,1.19391462098682,1.222889667066659
2000-02-05,0.17499835112516707,-0.18494831362708616,-1.0305151803956119,0.1553762333119708,0.3960132811107366,0.18058933401923297,0.5002070499664751,1.0142625780673715,0.31867016936107273,0.15491971683428257,-0.19929339243248775,0.999234362304287,1.8075630920710648,1.5136922507705564,1.2343064502853232
2000-02-06,0.017055484504930326,-0.6101889725624734,-0.9629936624824733,0.20929266668375018,0.4346679770970238,-0.0327638380798656,0.5763400445007931,1.0879281589941994,0.40846749617128614,0.35287211711057587,-0.39341748832812323,1.206204604626219,1.8616354446195782,1.6103697415248288,1.1686520421040991
2000-02-07,-0.14733981631420104,-1.0181648362397668,-0.8190384320782221,0.1993092823705894,0.5378856208081276,-0.2154447592000352,0.588884473790053,1.0499718036379413,0.5470142993761656,0.5077235798238365,-0.7175695290627716,1.3184953160254027,1.7999692814142922,1.6296378729480634,1.0506623947201401
2000-02-08,-0.2759750129194186,-1.3722374994042152,-0.5263072484198482,0.1492650403230268,0.4978071532827874,-0.3208999842157622,0.6098334570842273,0.8983800308295666,0.6789088192434195,0.6328918984578455,-1.017576549119192,1.3294169962436575,1.5895049153257395,1.5012866231554074,1.0274378860551017
2000-02-09,-0.4037600802762513,-1.699081275868594,-0.23330572376363454,0.12466733782546525,0.5264294753150771,-0.4103805278793028,0.5429750958317819,0.7732092956851164,0.6480350379040067,0.6938262552384177,-1.2494820451461852,1.3170879442836645,1.2703452554981818,1.3814855956666938,0.9096183681952994
2000-02-10,-0.53080713833715,-1.9254288868882259,0.12681355625101856,0.09000130361233469,0.6039780053951553,-0.4742020236476876,0.41181643429524756,0.5857003603093424,0.559427025696463,0.7716372555841848,-1.3751360033102473,1.214291555296995,0.8244231811904543,1.1969738957082443,0.711254194172431
2000-02-11,-0.5947353556147964,-2.0135003310473887,0.4822166099642695,-0.03608978724266777,0.6170301588946051,-0.47232283892966065,0.2623077533033458,0.40342881540517744,0.462242176543368,0.7884760934063697,-1.4503387694420222,1.1476746448606145,0.4089019287256885,0.9759600706207436,0.5113493702872088
2000-02-12,-0.6350408708801862,-2.0396892185966546,0.7200041149624108,-0.14877123938843304,0.7129806198769165,-0.3423094374450217,0.1623672573036025,0.24189756429157822,0.3756362187734884,0.8122711083674823,-1.5889539906946262,1.0313367932772666,-0.017913955729112405,0.723228943105141,0.3912057261132608
2000-02-13,-0.6523505265285288,-2.0396865960810446,0.9163276120853177,-0.12659761672656844,0.7424393737896772,-0.19566644281199766,-0.02712499881678097,0.10028024260717587,0.33578047532371047,0.8052757732185574,-1.6308459215908813,0.7843956938134267,-0.5478912473005569,0.5587756523703419,0.37881662139606365
2000-02-14,-0.6325729475525216,-1.9606004020311223,1.0447724393880577,-0.03485104564637957,0.8531551140942348,0.01681047468033457,-0.1838887437114835,0.014349586983728619,0.25633927393065575,0.7794115115109402,-1.5278474767828967,0.6453199334415071,-1.10009753183617,0.39197752813762804,0.3953546159517789
2000-02-15,-0.594121972722142,-1.8019390477115464,1.0704360737132141,0.11165182480944047,0.897505763818416,0.28797761212282874,-0.22638560701202992,-0.05766165236113054,0.08342078107017353,0.783385460774858,-1.3331797638483145,0.5771521293197267,-1.5668849640707767,0.2764002012719537,0.5163939472245919
2000-02-16,-0.5053884612662578,-1.5148625434881726,1.08685300827442,0.36115049086538015,0.8732934484067215,0.5515743024159835,-0.23117790341267733,-0.074727909683649,-0.0989478020987848,0.7208321330638023,-1.0230771395370988,0.5413596905310069,-1.9164643219729167,0.06909004267107806,0.6591622889129052
2000-02-17,-0.43178493502501036,-1.1729568750939476,1.1110039544486117,0.6112768963034987,0.8337347434853923,0.6763742481810056,-0.2641460097933059,-0.08541318998280419,-0.26313612784532275,0.7176973916253258,-0.7253170684317952,0.5882112215104148,-2.122764406482934,-0.07921043440983559,0.7204945777881723
2000-02-18,-0.34359863267897517,-0.7858685316965679,1.0557955602865257,0.7661143773543257,0.7407859394447613,0.7076714452506008,-0.18351316042376278,-0.04615157718268391,-0.3602176406815743,0.821029054204165,-0.4303861563008411,0.6222422032663004,-2.186823660723296,-0.16611547559453702,0.7956046942117125
2000-02-19,-0.19756643420682643,-0.4709131597150574,0.9285160674663738,0.8785264732025377,0.5611233632288745,0.6137634033118157,-0.030757265343856522,0.05216155535268589,-0.3630696241415232,0.9367482443239965,-0.18199316488010697,0.7470145913959335,-2.122693493064637,-0.18025699383431867,0.8907581128879424
2000-02-20,-0.01908496361802844,-0.3198830130225296,0.868702249214258,1.0601634295498428,0.3649639689556174,0.5807854528637539,0.10747792987281203,0.1661717051068392,-0.23250005577162397,1.0553924362508609,0.011524960065802956,0.8452712253348652,-2.026838328229914,-0.1823791791849676,0.8896636545778868
2000-02-21,0.21843827379075673,-0.28317442053351355,0.9477198417589857,1.245966594559776,0.07382491459724055,0.5561400222211708,0.19896853271012113,0.30172920135514003,-0.1660567692086023,1.0801779587264853,0.2235946554467667,0.9120387956955763,-1.8889287593013426,-0.22086378416378225,0.728821986142604
2000-02-22,0.5058730058351604,-0.21559199977998947,0.9930543151886138,1.2663945927053812,-0.10614586094178723,0.4944022852584936,0.40190601126607156,0.4263961107572933,-0.10385118009450481,1.0855358405560838,0.3242721347989315,0.9784259647933159,-1.583553690647499,-0.3269069600970415,0.47060736167971245
2000-02-23,0.7535405285274072,-0.2115412705820001,1.0347499801637552,1.2086413680095214,-0.32806268905111574,0.3409148347489901,0.5985569801932524,0.4714504376264427,-0.02266690860081442,1.0040850309656455,0.3131657197859087,0.9719579898200276,-1.2278035705234764,-0.4307355589493432,0.11912430321638913
2000-02-24,0.9114345586848113,-0.278030147664011,1.133254778976317,1.0694165192463843,-0.45609319565965073,0.21810002072580917,0.6873522077079148,0.55993003003445,0.015404454037518727,0.7697017030277441,0.22640369845704877,0.8745939252414225,-0.9239268534051109,-0.43642917260342556,-0.3565555765685994
2000-02-25,0.9542656178384076,-0.4796923922823407,1.173662455344529,0.8582882785158772,-0.5388322206969056,0.12980029499671397,0.7379723799798962,0.524768907444857,-0.0024011147603983443,0.4730635301173072,0.10383779196700302,0.7070966794624342,-0.6668289634730626,-0.32035579318424745,-0.7807676755620581
2000-02-26,0.8992797012809388,-0.6940765909216623,1.1497666922850507,0.6459080977362184,-0.581501135499605,0.1428835753201739,0.823621710361851,0.4891567549408332,-0.07363661597068859,0.2674773191290926,0.07440347569536264,0.4681230906290269,-0.4357585395418901,-0.1695975608694473,-1.0958963670150283
2000-02-27,0.7665853196791351,-0.8606453242324633,1.1891727030121475,0.5525961064151711,-0.6545419404222964,0.24319558391078663,0.8156833067131132,0.46370306561117086,-0.11040148260096448,0.11072535684401014,0.13870014928822402,0.21069780184272274,-0.13212666719707092,-0.06752379139165988,-1.299792522184366
2000-02-28,0.6536966770823915,-0.9444520832286674,1.2711604713721556,0.5189171396525762,-0.7261447570472523,0.3765084634979761,0.7380180037496263,0.4023506717588266,-0.0608014575787287,0.03761896688662913,0.2638790851238596,-0.09629199632202702,0.0941254596875854,0.052260117077489225,-1.3707549103016652
2000-02-29,0.5711325037384637,-0.8970556152047253,1.2196410714028743,0.5459246451381228,-0.6848591110990722,0.4685511303204446,0.5567735227563886,0.2639730329739538,-0.07837566607153296,0.12109704168022413,0.42550254892490075,-0.3920704994670758,0.31402399212892984,0.09278086306590465,-1.307069222360857
2000-03-01,0.4282748676304406,-0.7375321669110801,1.0778880419252412,0.4667422045911243,-0.5615107352244805,0.471380146505233,0.3195676321066801,0.04527394298408759,-0.12491574990481433,0.23919696399527351,0.6753747023833663,-0.7426293306662257,0.5363944051903564,0.18174901537771757,-1.1743049010742526
2000-03-02,0.2583715585061551,-0.5676448512006572,0.9401454982301043,0.311936842762603,-0.5425187644817973,0.5291568552646861,0.0041427746275328305,-0.20987703196748148,-0.22722072668882531,0.36661511198236213,0.8438581617875158,-1.00896033848091,0.6721675136178817,0.22766680549314447,-1.0985753566303276
2000-03-03,0.08858884532259552,-0.3114942151462698,0.8655169581310617,0.13822953761310228,-0.4499728933019729,0.5576299136061559,-0.3160312627974292,-0.3821141148128284,-0.2921256309669536,0.45109361442556045,0.9778393616965944,-1.1672602127846812,0.760851894696184,0.26154538180086107,-1.0523963085994708
2000-03-04,-0.05558742624934981,0.027982128857069147,0.7337159377824789,-0.07393659572727111,-0.3975770995250973,0.5393540654755972,-0.578682681281031,-0.5888585709435,-0.32146075786500855,0.5628861395943816,1.1587380078115976,-1.3036196636637054,0.8425210963916333,0.2004197911712723,-0.9794251478135642
2000-03-05,-0.17273132284645112,0.4155816369788283,0.6931827500216002,-0.3496685095413187,-0.3400067042551015,0.47039696282079274,-0.7883499716608124,-0.691355938253356,-0.38720911834750715,0.6531016771407829,1.3965277258900477,-1.386178769627253,0.8117537166828885,0.09622569442350254,-0.8679617818945511
2000-03-06,-0.17783504264564762,0.7411848595038498,0.6289860428102364,-0.60266470469356,-0.29713517063735806,0.41883314780845693,-0.9490002120875487,-0.7967001840872208,-0.4472610368256724,0.6513034332045387,1.5174477930515275,-1.407900338116728,0.7731238593134809,0.09522984226569738,-0.8254927356592356
2000-03-07,-0.1267598253820096,0.9515869739139334,0.5744668863245062,-0.9129988661144567,-0.2562874372373817,0.3579576220740559,-1.0544895748416052,-0.8938291940562662,-0.4807398985602628,0.691694191670207,1.6236614247871743,-1.3858954832835546,0.6707391758685167,0.19453701340224025,-0.8609874269327126
2000-03-08,-0.15560190499642684,0.735868473106766,0.8048207992229768,-0.6427495879013498,-0.22692440920704784,0.40613388529719147,-0.8944584788893599,-0.5732147785975418,-0.37665315820267153,0.7991741854448324,1.4925294158442595,-1.289109192631451,0.7881596503303728,0.20662093448404675,-0.8492810529541748
2000-03-09,-0.14851802129778768,1.1133399200671426,0.6328127715156923,-0.9466771774216425,-0.1517266852004604,0.3683794829401959,-1.080879671065861,-0.7638541486667644,-0.46888990868591557,0.8868045298543924,1.608568352507029,-1.3312234828502638,0.7685542054800162,0.2560588478478711,-0.6999045502484416
2000-03-10,-0.2399069847242698,1.2894892431235172,0.6681970764448842,-1.3858872988685353,-0.32727636344998157,0.2882957601826651,-1.0633931890238875,-0.6626420678641057,-0.5160679463699461,0.7690968587992788,1.5654682345316406,-1.1901964396780331,0.678201885112823,0.25337447810459174,-0.7265136019660389
2000-03-11,-0.28377277014072017,1.3720894336412035,0.8094926996313693,-1.755885422570137,-0.40497049854071476,0.24900949330791503,-0.9277225799383442,-0.46296106782011903,-0.4819413226738323,0.5048286938683196,1.694004537052407,-0.9591149582148089,0.587182045881354,0.22848192210480403,-0.9005754497072485
2000-03-12,-0.1680865008534517,1.1067104214388441,0.8520562294037556,-2.0697296328006085,-0.49523352550116795,0.4178876084870139,-0.789526602502967,-0.4078263601052492,-0.6024488569322501,0.29430944433639405,1.7006628645704123,-0.7728635281550226,0.4470102310412973,0.6351987335103548,-1.5199415892507835
2000-03-13,-0.01760689453252978,0.8901256445403954,0.8174077936993134,-2.299563615703195,-0.6724021374675527,0.5218188293317558,-0.8570473692560266,-0.37375549613409836,-0.5018383282325333,0.4622411016720623,1.950399067218067,-0.8281993324497219,0.3419722374487616,0.8111115201413497,-1.854204534573649
