,1,2,3,4,5,6,7,8,9,10,11,12,13,14,15
2003-12-15,1.387959841992278,1.4819631518050391,1.5676568374449547,1.183354392277373,1.4098955586129427,1.258857205594999,1.4871120964356315,1.6564131549791408,1.6924652133453546,1.5978769544118807,1.5638509127501692,1.6425329629528158,1.9072689120215085,1.0716133127336984,1.332765679736265
2003-12-16,1.546354526732753,1.6519839232596512,1.7637310392951866,1.3051903374192224,1.6562292993087278,1.4062620798649916,1.6799022439725595,1.8486684650780913,1.8929405304055187,1.780827226261654,1.7037246870765228,1.8156858906175433,2.12817600556947,1.2448595246038554,1.4559462954801052
2003-12-17,1.675987396470532,1.7732867744301761,1.9081409189749188,1.3947980744665354,1.8787130827589804,1.4242506334412788,1.8364975060902675,2.0189019597031765,2.0410469313313317,1.9451455996347053,1.8028477601859483,1.9606240541329147,2.2771357728853046,1.367290582434838,1.544023113808276
2003-12-18,1.6969276514990317,1.846146442184931,1.9678431113265666,1.414747647111177,2.0002856881087303,1.3698741864002577,1.887549528024514,2.0857138081282085,2.063803503266819,1.9567943004682167,1.8598988924295627,2.0400141851041,2.3277614425969193,1.416507862600819,1.5437662886018106
2003-12-19,1.6911073018993137,1.9401412248679812,1.9378942706133326,1.546041880340509,2.0598603466804306,1.244847388592883,1.8947706112821312,2.0771239984803564,2.028547315412302,1.9190764185698916,1.912160268478778,1.9971464908814198,2.324686561144431,1.4931760531422484,1.5492471519677107
2003-12-20,1.6924735268030071,2.068619165999697,1.958105377924764,1.6675922745779448,2.12985574453179,1.1236975249345298,1.9326985238533614,2.1077405095048043,1.973455379433872,1.8304154525071852,1.9224284856421427,1.8882643551124763,2.2486633205995954,1.5899407434089756,1.5756662184480084
2003-12-21,1.6693033412300096,2.145389247377854,2.0230006429029737,1.763450370323749,2.1885664470428585,1.02577117353109,1.9691790409965784,2.1009915652630418,1.9102205713405438,1.7441829179960535,1.820563363204884,1.7760929540103136,2.1680191651410947,1.5898486015455773,1.6018610017980794
2003-12-22,1.6377091113817637,2.1210515141366977,2.083147424776669,1.9008239396682758,2.2220507973113275,0.9351810051975954,2.0091183324165787,2.072879918346928,1.8691271466789332,1.683779312445176,1.7114629608753908,1.6175675547632118,2.027348967751937,1.6262832579088013,1.6090432266314199
2003-12-23,1.5699389706647937,2.001922303825503,2.1619976317756224,1.9306266849200768,2.195486849376665,0.798102866085374,2.015314714473895,2.019038861725227,1.7949633571146664,1.5919100392098353,1.5860060697064464,1.4470444636975515,1.862138260947962,1.6915132211315438,1.5906175797181275
2003-12-24,1.4378827971284174,1.9158898055617535,2.1810038728416465,1.943502914522358,1.9731589125207893,0.657132205750598,1.9439644325627858,1.9087817955213762,1.6548488129326695,1.4351688328131063,1.4388088663935024,1.2580003112546474,1.6249234948193574,1.7011381144351472,1.5659137930353397
2003-12-25,1.2311678611094907,1.748324577612255,2.0842407773822447,1.9335963377953815,1.69124762822628,0.459401288552978,1.8393342972437265,1.7890279622907994,1.483857845073836,1.2449929679511385,1.2904424191897685,1.1116905262725805,1.434692068583573,1.5520871493631851,1.4819532446104693
2003-12-26,1.013233974163041,1.52143094795499,1.9562700878300978,1.8710604057819544,1.4395569015539031,0.31103037560009583,1.6476023033941147,1.5713699105226846,1.339627140151553,1.0175480824227554,1.1216900060205706,0.9169144273266938,1.2262224657423897,1.3618379041269912,1.3847492138134818
2003-12-27,0.8876458034462457,1.2930823331128656,1.8174709329241543,1.760237581299596,1.1512946312255155,0.1156921128943794,1.502528936262099,1.39383267163677,1.3007326382108482,0.8336181558320034,0.9562888404618913,0.7058105989437317,1.100223940216502,1.2024414772207177,1.2442710088340057
2003-12-28,0.7509566763827539,1.0362352558001293,1.7710698227683301,1.5441404690528997,0.9047010127533833,-0.06511911897730271,1.354216108347821,1.2964432100883518,1.2230446183944959,0.7144812699326689,0.793965811158906,0.5804342915588682,0.9708322599114165,0.9535579668447467,1.0725968828826298
2003-12-29,0.5949357967311577,0.7370790200490621,1.6554711481392277,1.3144408527430949,0.6534763019781449,-0.13382993046098907,1.1588316615491074,1.1766068155615474,1.0421026483773315,0.6413044041881711,0.7212140734423529,0.4349460888622633,0.8331756098919957,0.6618209944297252,0.7806911102144647
2003-12-30,0.38271265046242253,0.49898670872220807,1.4270763129693034,1.1142770336760044,0.40368163430480336,-0.16597149237472283,0.9118764703768744,0.9877440263306053,0.8498396651169978,0.5271466848524031,0.6684815964136034,0.28178793823070736,0.6738619785025896,0.49582012279644605,0.46520879833169093
2003-12-31,0.18439403835949147,0.3193067001169782,1.1726771095152673,0.8657207492814666,0.14213400924610126,-0.21235617779417698,0.5747410093940044,0.7949658348183882,0.544235843657504,0.3728983441160941,0.5691337857670283,0.1555560067189476,0.4676791734924778,0.3005509866555666,0.18333781330455218
2004-01-01,0.09436563231832383,0.2769590291696244,1.03180672726144,0.7167556232940084,-0.03477236947661498,-0.19125831954637726,0.29206896571521695,0.7116180119943772,0.3890019501612332,0.19686938235298837,0.454436931691873,0.15457812530532603,0.385733117853679,0.1813358524332895,-0.045634766730489155
2004-01-02,0.04020234602533924,0.14677260277103343,0.7520331906883277,0.5451916504455213,-0.15720824829828312,-0.12156783235956474,0.004754912391375463,0.5857035712763808,0.2580847382626561,0.043835933002444594,0.30103647721728627,0.11112409378603574,0.2864173717054594,-0.0061097966182309775,-0.26798746725002603
2004-01-03,0.009173770729546988,-0.0013125483833809877,0.5072244936336722,0.36238553363556114,-0.2610075568265752,0.003619008029057466,-0.2468704167646581,0.4166262457193417,0.17999059009853857,-0.02706989420340662,0.1433447223813017,0.012807484474218978,0.22498957056930363,-0.10114987606298953,-0.46445835755288983
2004-01-04,0.028918637161594127,-0.1420336667540639,0.22885239875916447,0.16589270050526506,-0.43748003627853804,0.18078214057329978,-0.3873609677649854,0.3211490755525446,0.032188729112521214,-0.02997205161805816,0.06751398353830132,-0.06744497179867563,0.20392938715457817,-0.16523907076247388,-0.6958543567313173
2004-01-05,0.016075327215235125,-0.2827097845404696,-0.0500243925512483,-0.05654709969410819,-0.5230674852514303,0.3791541391682034,-0.5802762122018748,0.2176213920496716,-0.11848772240631641,-0.0324183424646882,-0.035855802043862586,-0.09557476203065009,0.0695736136112054,-0.2507798499360644,-0.9189750314093547
2004-01-06,-0.031427263469532056,-0.3753219336904338,-0.3026355365608962,-0.2144135158091779,-0.5274727743854839,0.6087795744981083,-0.7034412246719096,0.10651822133005641,-0.1955958078176235,-0.055457362390658266,-0.11121654087391054,-0.14623672698484788,-0.015312965142817445,-0.30373300368642114,-1.1502734773483736
2004-01-07,-0.09265454922311475,-0.4960802057475323,-0.5297973852317942,-0.28202648447737183,-0.5490441056889618,0.738057514052094,-0.7251509990695634,-0.0034791398205746434,-0.20878974907385994,-0.07312169904236314,-0.21069222835400198,-0.17336352105861305,-0.09706551892406971,-0.3598339871492929,-1.3907105178949875
2004-01-08,-0.09405175561335335,-0.6841566608592482,-0.703426188636482,-0.3898837897160986,-0.5310618307791373,0.7712132475351294,-0.7106205093311488,-0.050813919469300604,-0.23998502530839932,-0.06620305462112251,-0.29340308337669335,-0.23018449109775163,-0.19853867973682107,-0.44052939934735597,-1.6196113365056484
2004-01-09,-0.048485846854637075,-0.7981060780425253,-0.9002637363985181,-0.5186122187859605,-0.4476676995277764,0.7816065568409913,-0.612250178852609,-0.1525176383035984,-0.2487123401661968,-0.06749234980114173,-0.2787521374443671,-0.24792777386413994,-0.24953538660191707,-0.49204137530470415,-1.7709315358783662
2004-01-10,-0.01964613043887411,-0.9045831446677997,-1.0523716628606088,-0.6166357422429395,-0.3807147715825812,0.6634252911740858,-0.4912797051001714,-0.31441457261604006,-0.3396770232280137,-0.0065720946557153645,-0.2824974000243331,-0.25061746953833947,-0.26902032811982246,-0.4856779467979043,-1.786445504727671
2004-01-11,0.06401020269429088,-0.9771602102499574,-1.0954968258998368,-0.7798637707951759,-0.3162032689157472,0.38991125578068536,-0.4749031232355684,-0.4351201913166162,-0.44413979806386267,0.00981397569861687,-0.23305335177852987,-0.20536905535788133,-0.29370697268955115,-0.5196300850093052,-1.7996002913695066
2004-01-12,0.20682360071080644,-0.9435165656201656,-1.1194524872779748,-0.9100025697797147,-0.24992774109048888,0.10287927981082487,-0.44659212710559737,-0.5183712047093774,-0.5516912976903898,-0.027455873707488365,-0.13941056612195668,-0.13603242943712252,-0.35154734235175517,-0.5279094153211017,-1.7949637980161868
2004-01-13,0.28145222586291263,-0.8972941191552986,-1.135464778079234,-0.9760630452618976,-0.12552783645307666,-0.15727614044409347,-0.4302859387555461,-0.6034275972628388,-0.5786283659127793,-0.15765686872018822,-0.0271791156746149,-0.06181138392540912,-0.3657742902399405,-0.45085362374120813,-1.7162644582299877
2004-01-14,0.3463293649182689,-0.8448335956032581,-1.1547633456485726,-0.967632168813899,-0.0046056316394830436,-0.3521541161230216,-0.410366007221779,-0.6386458460432228,-0.589909007431108,-0.20746430694160886,0.0783634971765837,0.05605085812437524,-0.26047722195082085,-0.38370757904692737,-1.6174767063902007
2004-01-15,0.465637413470574,-0.8048754142895695,-1.1246479695312286,-0.9944071404878061,0.08953087152697851,-0.5010561490748628,-0.388371019497371,-0.6984567910718725,-0.6136065375138734,-0.2130643572043647,0.19987958436285275,0.2418494319418195,-0.19170313337963804,-0.2743063821827919,-1.4982958820858965
2004-01-16,0.6457457523426434,-0.7258691466467619,-1.033787411712614,-1.0628756630320448,0.15606362373045238,-0.6277379769681467,-0.46389967635445234,-0.741875138868341,-0.6383935170865328,-0.22176644265104706,0.2573459030170232,0.45625891255182927,-0.0981606205018213,-0.21394846837069834,-1.3195335806690052
2004-01-17,0.803186308790504,-0.6375560916096655,-0.9120818365615072,-1.178385853908258,0.17721319075294667,-0.7051190090671142,-0.5258241088544642,-0.8107766149260888,-0.6671068399056245,-0.20124993899383425,0.3208993874000015,0.6470039511863066,0.08465016164343446,-0.15125221062676109,-1.0881796033499196
2004-01-18,0.8465369192976655,-0.5782067784143781,-0.7891684066458012,-1.2164828477562872,0.1048889663248018,-0.6746603009452784,-0.48110769360620453,-0.822798988768637,-0.6622754055546605,-0.21409310573620868,0.3082905642137101,0.7417618894107736,0.28561561643610117,-0.11863974587986406,-0.8764882128567858
2004-01-19,0.8336273103672893,-0.4976848388414813,-0.6910723067938032,-1.1958080461518965,0.04062742684372834,-0.49035536421496606,-0.4367946403746031,-0.7323409187989982,-0.6091802284851029,-0.17904657192813742,0.3097911029513548,0.7885621024869315,0.44440323987026814,-0.1255787901570467,-0.744768797678702
2004-01-20,0.753108827706271,-0.4381296369193817,-0.6205949190472636,-1.0719393138658435,-0.004453791132581115,-0.25254513697971187,-0.28687328146437463,-0.5954283262661462,-0.5619249298221303,-0.12498846684463447,0.19659702827347397,0.7473046351198601,0.6234875769299589,-0.13789469422157086,-0.6524486012140798
2004-01-21,0.6310890291713248,-0.46145938872469244,-0.5070685631383359,-0.9419863572699559,0.009172915357487939,-0.002326177609590051,-0.18579174511693752,-0.4158529700727114,-0.5868788719595058,-0.13212917647308317,0.10265353906446915,0.6744432122676681,0.765406559116536,-0.1568953782187532,-0.5751108555850813
2004-01-22,0.4821731907289859,-0.42161900518150075,-0.323227231219836,-0.8561383115102715,0.02384776240447631,0.2344302152175265,-0.10369061184035624,-0.2503983989745121,-0.5446657043323256,-0.09228459313597348,-0.08615642817264144,0.5974317924452857,0.9030573563812897,-0.28178133759176693,-0.4873016688129105
2004-01-23,0.3294932321009974,-0.3498818955229415,-0.170992645715064,-0.7992131704112143,0.06808360975241719,0.45631116467215055,0.036316256981408945,-0.09543480605130573,-0.5337241504225203,-0.055372739213509964,-0.28455969848338536,0.4299754789999003,0.9845970348744845,-0.4197000970900379,-0.42135227750659476
2004-01-24,0.17886925773538442,-0.3376446560785792,-0.1024214845552576,-0.7611450619817774,0.10645747941564597,0.6581475622473949,0.1707110230753799,0.050126681422989545,-0.5351726182721731,0.01509569460217622,-0.5172001345954261,0.23158413157596974,1.0236318675980842,-0.55900705804191,-0.3289706475093252
2004-01-25,0.0036308247116976586,-0.3480778751465193,-0.07758234455285426,-0.8082535796540811,0.11860103178304474,0.825483966640722,0.26953609214513635,0.17426163579675225,-0.5822654349541291,0.1522880374652824,-0.7587860582599554,0.07565744009772127,1.1020245473512902,-0.6199319997534357,-0.15858015182987711
2004-01-26,-0.15303678937284795,-0.3351461704869033,-0.11439214754094743,-0.7527537254981893,0.10720173307576834,0.9315105477928831,0.31456750187348154,0.278609686420249,-0.6180043662396282,0.20482587147201017,-0.9838928551596273,-0.02507760519965988,1.1036462714781332,-0.6506142062186917,-0.05435011212873978
2004-01-27,-0.23220470090716597,-0.2584199737199198,-0.15128022932305626,-0.6888904174713112,0.16360564491352278,0.9408332696635062,0.3451813246401213,0.3399275769773647,-0.6176222638393148,0.242774600635558,-1.1979121299563156,-0.10547429112828119,1.0690397858828484,-0.6302236385617991,-0.040974744735215424
2004-01-28,-0.37832347713578157,-0.1365520183401472,-0.22094521236915637,-0.6741793930865542,0.23058441830619122,0.8678145914666797,0.32836781543428456,0.28617091513180604,-0.6105339960644738,0.2188406813552085,-1.3600963825278456,-0.14644757314091947,0.9885498169220674,-0.5111067728482844,-0.10229922710990035
2004-01-29,-0.5607959613034276,0.004104564988099585,-0.2005376342055821,-0.6698849233228854,0.2941068467232504,0.8404799012421096,0.26062174860712906,0.20114915537869418,-0.6165494691495691,0.21463687863422404,-1.4083728249865834,-0.17338866153433044,0.8381451619659179,-0.37838659545964004,-0.11975251226585047
2004-01-30,-0.730544352305297,0.14320899486101485,-0.18624523459763212,-0.678574284114704,0.39145401458483664,0.7680269083395935,0.1413884398812388,-0.002601345712503157,-0.6225682208439782,0.30403135157595185,-1.4603009262275954,-0.2113321200360853,0.6762326396611007,-0.3057799566220184,-0.08143179153525323
2004-01-31,-0.835252199461063,0.1959410723498255,-0.24376183918897448,-0.6762820848231154,0.5481697688361369,0.6579134357869186,-0.020634281356077203,-0.1594307276762034,-0.7208662625796199,0.3786703898076584,-1.4363207992675449,-0.19343188151556462,0.5259396667103949,-0.17968856026450988,-0.12112775340593578
2004-02-01,-0.9655010893822293,0.14206329619528385,-0.26732654674131967,-0.6266958911168319,0.6317079067970007,0.5285730974383195,-0.1470074944352687,-0.3659689035959363,-0.7896344067524013,0.48207330066479026,-1.3858207165800216,-0.17261146841070185,0.34659383605375366,-0.003892993002942966,-0.07872965765181289
2004-02-02,-1.1033273853325405,0.13222298698045307,-0.25081812427444977,-0.562639401901738,0.6665686000543989,0.371510138780513,-0.26410907601583034,-0.5554855469959684,-0.7914742536476592,0.5255633032030262,-1.3790895268845211,-0.18964502115868911,0.14752883291643454,0.12951206021126072,0.05533222837351656
2004-02-03,-1.2464485081849894,0.14675767933445483,-0.24692869515221752,-0.4661859835092134,0.7096338166273416,0.2243659660274561,-0.38037058141254143,-0.7372737436184152,-0.7899254882939077,0.4466641787657717,-1.296504550236543,-0.2800965623603011,-0.14792480310598216,0.19274990284801943,0.20128205915067895
2004-02-04,-1.3761899216724587,0.14485447527340256,-0.2628377905821881,-0.3939660116673977,0.7200190747213748,0.16953141189528792,-0.5261681474675788,-0.8846595114649568,-0.7909066269612487,0.3280477707826857,-1.1487759188169706,-0.4637481608009147,-0.45809979362121106,0.1677038737318626,0.3916878932482139
2004-02-05,-1.4758397700789314,0.09523487416896892,-0.3032016755281449,-0.385652676643954,0.677867088739657,0.0049315479900008214,-0.7318796062030815,-1.0372788278358194,-0.8422408543079292,0.2604831524750054,-0.9834277415725207,-0.6365768968381716,-0.6441823849009867,0.08994748805371822,0.6300864151791384
2004-02-06,-1.4541008843896381,0.01003178372866093,-0.39116535919419193,-0.40198589491800213,0.5798098056046009,-0.18694868837030681,-0.8948134088233626,-1.1727018526412503,-0.8908973865276675,0.2438516033220834,-0.8107516221375107,-0.856686402838784,-0.7784938089778889,-0.0645872062104193,0.931711310295182
2004-02-07,-1.3893011969673448,-0.06200133475635141,-0.4092044355220846,-0.4569709874696058,0.41419435130801574,-0.4382214214156934,-0.9667744264285916,-1.3084753465783985,-0.9446084672873751,0.2119468398757876,-0.7049365678846718,-1.0447918548701602,-0.9076644135376466,-0.19521115250355964,1.1159279367260693
2004-02-08,-1.3458192972094898,0.07647540288742133,-0.41731119522079746,-0.4065664820253996,0.3681461251137855,-0.35850908646820295,-0.957904282167701,-1.2303873019777567,-0.928566306884318,0.19807658894589902,-0.7167673440016291,-0.9830184298852248,-0.8160977412816421,-0.08374530494945485,1.0055714519679875
2004-02-09,-1.3743807836820918,-0.18075471055318793,-0.48014723788393265,-0.4866178436961209,0.36871878572687317,-0.5622182460389941,-0.9646103826447839,-1.3205867984203796,-0.9227277095854919,0.20216579876799934,-0.6337382013891579,-1.1492314845616,-0.9671633488620454,-0.27640976422702573,1.2026107324351534
2004-02-10,-1.4062820692956242,-0.23840085851779644,-0.473858994082358,-0.4131075554708545,0.12596919446172547,-0.6816312994031601,-0.8063959716920948,-1.3436855489028223,-0.9012425762321522,0.09603077434284696,-0.5965893408208276,-1.431800751033458,-1.121743626852799,-0.5802204513210424,1.4651574369951603
2004-02-11,-1.295930029864473,-0.07522716293956784,-0.6425939924333482,-0.4182516658265884,-0.07272185695446186,-0.6393194132347755,-0.7830562501448083,-1.4829241697934596,-1.0766647270511747,-0.07627155248388795,-0.47337043335406553,-1.6416331379066074,-1.041986418827686,-0.7434954293865869,1.5693341395940121
2004-02-12,-1.134862810179425,0.31106605489712735,-0.729601874239341,-0.5649472387168589,-0.4929731506604686,-0.9855991115689862,-0.6939642741268625,-1.7247746930908803,-1.1116869073016244,-0.04511024716428945,-0.4421695571722768,-1.6507553788775564,-1.0263443275119253,-0.5300871094993209,1.4632805720301587
2004-02-13,-1.0889335242123812,0.4804632033646964,-0.35997637153078726,-0.6230119068228335,-0.7889517478130341,-1.2006818022580148,-0.5244869833920505,-1.8446809646621949,-1.2552448492361656,-0.08599280569502764,-0.5631809199230634,-1.5805996040172965,-1.199266299388482,-0.49243146190273823,1.2319102753113975
