,1,2,3,4,5,6,7,8,9,10,11,12,13,14,15
2005-01-02,0.062897184578316,0.22546991406010872,0.383352795735172,0.16081635011774878,-0.00251410177488535,0.08624646056994753,0.1841644224998367,-0.10604359138390203,0.014246441961724927,0.35649856841318694,0.02419428055914688,0.21668186269616485,0.08333422006200542,-0.050094727942180194,0.3564024526213421
2005-01-03,0.176299132622674,0.31185649365715334,0.5342475608173565,0.2668564243328477,0.1041373316586952,0.18095093491933942,0.3265123709407323,-0.06547344136357328,0.11707393101262666,0.4996107156118175,0.11965391204679779,0.3068904202140363,0.24053215442011577,0.06935965005625555,0.4675236626956484
2005-01-04,0.24164023014747846,0.31548544768333586,0.6104784555021112,0.39143397624036674,0.15321316997014306,0.16886169941556742,0.436356618170736,0.01064561358155164,0.20522804103513365,0.5704767206017585,0.1851212225765393,0.355772861888792,0.33481134307449517,0.23023119497539368,0.5208119787826739
2005-01-05,0.31705053571565134,0.37185250668840564,0.7205471419577926,0.5835663753802949,0.25920425586198315,0.15738109893664204,0.6631246318084866,0.13016807039968165,0.40696039185598815,0.7007237088564722,0.31748769600789384,0.4692937225776496,0.48478462458135096,0.4869820536557769,0.5440353910628214
2005-01-06,0.3530882893160327,0.42036873085054327,0.8476887045333725,0.696857526753382,0.3689662510020083,0.12946009956635285,0.870561482944583,0.20649145887535486,0.5678460615735975,0.8058839677121135,0.39414821192006494,0.5690098754291466,0.6587881702151535,0.6933322551585336,0.535135837664774
2005-01-07,0.41669324584246076,0.4322340624844985,0.9400755732637908,0.7042007601756699,0.5082449489724576,0.03015571603680916,1.07491508948534,0.2859082056321131,0.7274315892491858,0.8930101010143932,0.505951906921835,0.5846819604567641,0.8031474310146943,0.9262363816255131,0.5555269599534748
2005-01-08,0.44344724387129253,0.46357952152875764,0.9678405490806236,0.6961743613927465,0.7107021725930228,-0.016154925320812162,1.223060329230899,0.4430285492871638,0.9136410087220607,0.9580508359312079,0.6314150815325632,0.5849337095928061,0.8642278521246435,1.1718700836438658,0.4842989898549734
2005-01-09,0.5126610687830949,0.5495677358760375,1.0292532002054542,0.7279282187960127,0.9058649050403959,-0.041038866146829375,1.4130195252341164,0.5960480193140755,1.11110334833711,1.0442518275833317,0.7983018199319332,0.6330288405789563,0.8823442654190816,1.4519373418356871,0.48582377248335173
2005-01-10,0.5917159057102243,0.6562654272504558,1.2155122000693341,0.755817148037235,1.1425560505198178,-0.009070047618469499,1.518240504993173,0.7394828449649101,1.316412905225598,1.0593472798004149,0.8149924544057239,0.6954848730577843,0.8966375247539787,1.7469495853553603,0.4856326568237056
2005-01-11,0.6198162735894206,0.8378793533605434,1.4456979852664673,0.7378531836475035,1.2904199080137315,-0.09513280822926219,1.682206807879134,0.8208542496297508,1.4986969050052814,1.0765126354447943,0.8370591009329249,0.6921590128014116,0.9123401427487866,1.9794237736579496,0.4676857229098373
2005-01-12,0.5931131037416566,1.030264660014431,1.5673460807274764,0.664388259071552,1.372499902941834,-0.21001256250214065,1.7972782940205725,0.9291788342168119,1.6325606198539455,1.066245111447107,0.7898642974152761,0.7516419912826483,0.8160099719791958,2.1312489413198574,0.42923671468570535
2005-01-13,0.5412379945499823,1.3098155752207985,1.6745560827643768,0.5498861630883393,1.4302591639485371,-0.230215143790716,1.9208387306096601,0.9679773444610554,1.7163407663924395,1.1018363916376905,0.8215611525858275,0.7429122973539747,0.7844614115899483,2.202113806233068,0.36209869085642793
2005-01-14,0.49383698118312036,1.5781202126359255,1.7761908093406455,0.39247992148990746,1.4926375551209325,-0.21906749646945178,1.9699832391116001,1.0150372971646349,1.7241571581457646,1.0833167080813775,0.8162845204147247,0.6833687894135646,0.6799696303317445,2.232655027588825,0.3108476391057258
2005-01-15,0.4742287215732249,1.8033243899836078,1.8499860997469573,0.2635779315049192,1.4851190206829208,-0.17380990381190536,1.9709045441599762,1.0980342966254943,1.8082610203635754,1.0421156064081203,0.8504364591345838,0.6616121198045609,0.5672881272505725,2.2963854093533476,0.2565881385880071
2005-01-16,0.4695217188106592,2.027946911664727,1.8587159631864825,0.20423185179459957,1.439887176834618,-0.04377741794297743,2.0204999187749,1.2454185654201466,1.8228692785147063,1.046996964278546,0.9290293773119727,0.7328972163779905,0.5060453087434422,2.2848884018557003,0.1551599410462896
2005-01-17,0.5469773216954255,2.194367851846971,1.8849601711587376,0.15848173304700688,1.3700235520533033,0.04070255269304791,2.0654617824539048,1.361736950576585,1.768309986399398,1.066654211446575,1.0120249900248728,0.8165423937347454,0.559515834558723,2.2489769542125813,0.09484541995729236
2005-01-18,0.6326111316132357,2.3022050316469915,1.8826540064970279,0.13078356647938216,1.2663499202379802,0.18275977826708265,2.0712422344292434,1.485421209614232,1.7148403096204288,1.0200885836797853,1.092484967230289,0.9585091997428463,0.6916589614413343,2.2016287190881836,0.040925109634449765
2005-01-19,0.659718768630962,2.2960479590542615,1.761020050295466,0.17848283179804625,1.1215487074705406,0.3983141888121159,2.054837111730673,1.56304544103527,1.6640145202558507,0.9948952525716426,1.2257293172845891,1.0657434873948115,0.8365345570981754,2.0944926764572114,-0.02914838752012979
2005-01-20,0.6791896281715344,2.134814842680263,1.5118506969391408,0.20439516434462093,1.0203576411730786,0.7334983171573072,1.903143930706255,1.5782678082844996,1.5515460688587093,0.8782077570342981,1.3355316382677833,1.16723877747165,0.850598649709213,1.9800781046067408,-0.140754766550726
2005-01-21,0.6798103211444748,1.9292548058526926,1.3124616851763529,0.19028900143124816,1.0206008103631194,1.0639999439952028,1.6876872140662929,1.6031128865613176,1.3331480893879462,0.7508761254512776,1.470059075850191,1.1806694627334686,0.8975858687681894,1.84141883869191,-0.22960414433543788
2005-01-22,0.7663457546677566,1.6862712093050394,1.1955625644112873,0.14750633007473127,1.0510789432191765,1.3610457008319514,1.466492508702869,1.6054347481052764,1.1598577807473507,0.618098364964211,1.49662892798837,1.2034968480803416,0.9553818293068035,1.636194252400975,-0.30555232367645196
2005-01-23,0.8304263563532075,1.4407036161318683,1.0198576764358833,0.12098844122968852,1.0660349727632272,1.611637277342501,1.2236906558395928,1.5790977946428535,0.9703201165097072,0.5256213782686152,1.4776746037838688,1.2316034040870123,1.06906050653417,1.3896133403263375,-0.25744082275430974
2005-01-24,0.8337265795476174,1.2394966383349406,0.7831943632314992,0.08749205228806552,1.0932661395688177,1.789297475824946,0.9777220700304262,1.5351351063835472,0.7526492077317034,0.36305753479924247,1.3640384345130236,1.1866518983096248,1.149134521329112,1.093706186829558,-0.21910470850628627
2005-01-25,0.8272642644265826,1.0585435393844485,0.6438993608082342,0.022874045537013627,1.1524143948551975,1.8940598372457018,0.658659655633432,1.4555543769219421,0.6018510582801846,0.10487366183642025,1.0781022307224308,1.1227077170692945,1.1658273255267917,0.8640438558163039,-0.16830028151691387
2005-01-26,0.7970368222086576,0.8734146831575405,0.5606227273672406,-0.07301575824248592,1.169146389275977,1.9155618396846996,0.3253713552768343,1.3553880010864001,0.5417188566611373,-0.15268858665438598,0.7386764966575966,1.0264542005385047,1.2021963772333346,0.6543056960982014,-0.18827310723368282
2005-01-27,0.8008726711462217,0.7127124858402686,0.3906755918840304,-0.16695570185993824,1.1723245436783407,1.8608638834626707,0.02686231429060771,1.192045025591635,0.4771523602521942,-0.36458025273531497,0.37760952842291756,0.8872560288821317,1.1936864165683103,0.416997332496432,-0.3002824224626588
2005-01-28,0.8949227385810372,0.5651092748143539,0.20181956668203735,-0.26059880052093665,1.0931295790190951,1.7154493069207777,-0.2082039697987369,0.9220337417988475,0.3905492828184813,-0.5347279089010197,0.021779001044384346,0.7574860117275808,1.206727626609988,0.2044847547449451,-0.4029483335073059
2005-01-29,1.0184084440610175,0.41198570685916874,0.06381116483189343,-0.34327395369142666,1.0228526342110384,1.5427045665797805,-0.43282341469732716,0.6069355741453418,0.3586980432325291,-0.67335213526939,-0.23860122275187065,0.6876041191094755,1.280716821504227,-0.002912723542527118,-0.41796093451441435
2005-01-30,1.1232924372222801,0.28452834907893987,-0.06167676615826872,-0.3422916414450689,0.8183943769402658,1.402635277951546,-0.656867457905918,0.3199787469796087,0.4666210574793828,-0.7865922922170777,-0.5090221960801772,0.6053771801350991,1.4015198617798312,-0.1489348693201004,-0.3853198085741224
2005-01-31,1.1766239846251414,0.254066719262697,-0.13427040348809602,-0.3551837509215213,0.6321938437727217,1.2121065136735871,-0.8506491519261774,0.05751332409332624,0.5535659471777515,-0.9301602205051999,-0.7608622516085353,0.4801460714996383,1.4599652275264565,-0.2040741333886987,-0.2799793494129549
2005-02-01,1.2726301753028146,0.2267992341837039,-0.10343699641319298,-0.33071134567838384,0.47150789383835884,1.033764984442333,-0.9832686948054769,-0.18048982315843254,0.5953444542599757,-1.0662439250731157,-0.9941066905750501,0.36427664632113366,1.477555464559081,-0.2689677137913652,-0.15712101901276493
2005-02-02,1.3794412097481086,0.1592826302579458,-0.05119157927028971,-0.16857063396042335,0.3075468738139418,0.867216114227272,-1.1024010241106619,-0.49627396350377323,0.5296025803258603,-1.1255515067965818,-1.1873850656885174,0.22881884488711993,1.4449089812094842,-0.4352850355221069,-0.03627827999325184
2005-02-03,1.4042774531051603,0.0330823020425394,-0.09400730573953203,-0.003135891240969745,0.1338140852085304,0.7205959900545346,-1.1892998616341801,-0.9014732975997728,0.4213597807353591,-1.117457974832196,-1.2529842302093541,0.009728097772094154,1.3956770739425632,-0.5712027371509568,0.05768328355275073
2005-02-04,1.3666503859124093,-0.14712501772072234,-0.23981554606484112,0.1781713352629531,0.013666078540391783,0.6432432098907084,-1.2028904321134757,-1.2259962544396712,0.26689622712482236,-1.082054337556725,-1.2573352331316126,-0.25795374836304297,1.282415982198224,-0.7433524944238009,0.1669326898923858
2005-02-05,1.2722895121920663,-0.3271000640542567,-0.30366925739302375,0.29711668823127946,-0.05767176865600095,0.504269497445658,-1.1026983390540774,-1.4395814393457733,0.11361374734066164,-0.9774126822596645,-1.245649730212476,-0.5647776049319205,1.158867040550562,-0.9066933058998904,0.38409373154917936
2005-02-06,1.0948535371265362,-0.5023723020780044,-0.3082183681508999,0.3838272896601139,-0.09150149593307604,0.3404214542821663,-0.9445040350497297,-1.4825381989751896,-0.06400725595767598,-0.9242112406315538,-1.2689056101659428,-0.866807902866617,0.9619726700045097,-1.0029884310374066,0.5968304751450988
2005-02-07,0.8756299652471305,-0.6151072947695233,-0.28436002806083305,0.5193692987651102,-0.16145452718950012,0.3018435893472102,-0.6877080371587913,-1.3885384119964015,-0.23709329875082946,-0.8623490381087509,-1.3060940526212463,-1.1920693454756555,0.7762990867137838,-1.041397873475907,0.7531013251146536
2005-02-08,0.6938497464662065,-0.7132938518407229,-0.30466978073067436,0.6973795090602779,-0.2536167463646362,0.272051345796462,-0.42263172041789704,-1.2873485578940318,-0.38457910946353646,-0.7813562684171051,-1.333784209401785,-1.3434556756224103,0.5959455564423095,-1.1095816103832725,0.8748334101622619
2005-02-09,0.6004941294525796,-0.8812433760598345,-0.4269987196014871,0.8983425670901856,-0.3038204113639521,0.29660039793467197,-0.1938750249445771,-1.1540565073301192,-0.49494831311057974,-0.7246803629198689,-1.2741884923080384,-1.3892274515805902,0.4332641199152166,-1.2244133698112447,0.9873770447582654
2005-02-10,0.5425912024545319,-1.0288118805211144,-0.6077091138647401,1.0180181047011787,-0.29841034603861244,0.25347892685529094,0.008440771572254136,-1.0405441972965968,-0.5238738596164256,-0.7467499106106742,-1.2116640502287128,-1.443480750439767,0.2967855832741494,-1.3513843061838169,1.0093585150581659
2005-02-11,0.5158979945713243,-1.1653773829392038,-0.7761945983194556,1.050905674350594,-0.314572563856721,0.2356870703992584,0.1939548766920647,-0.948772134046553,-0.43798710826502885,-0.8692450214250561,-1.185100204549195,-1.4946811368939477,0.26018591357819937,-1.4001107294244388,1.0479263291764265
2005-02-12,0.504668783826936,-1.2081492010672688,-0.8824733317893712,1.0516453650014073,-0.40353437461112895,0.24790269756804012,0.31179867447820336,-0.7240671562681732,-0.35425096909799125,-1.0085023256600203,-1.2060728172908102,-1.5035748799485595,0.21950765645367235,-1.4210324494364113,1.183833143700088
2005-02-13,0.47058295355345064,-1.1268665333188803,-0.9168938157553159,0.9860885713022172,-0.48929219995052026,0.2209573791963427,0.4118873824200108,-0.5668921088430905,-0.3337342599624834,-1.044533106295521,-1.2415234657575558,-1.4753321618960955,0.17937059081693904,-1.4847931328438897,1.405083396325896
2005-02-14,0.43063473811535596,-0.9677441387863023,-0.9323133423397679,0.8927377810336292,-0.6072121086408955,0.2618475281212234,0.46899427422541157,-0.45225833403240073,-0.35989003928452856,-1.0358289620487355,-1.2379721522108804,-1.4554727228255806,0.10441855804104233,-1.526487933902643,1.5243881873296856
2005-02-15,0.41123375851853516,-0.8488302024145791,-0.9505466956402904,0.7600415367626059,-0.7028436234899085,0.32738091593073226,0.49113762461927846,-0.3975482846380754,-0.419104560235738,-1.0546732964469714,-1.1378626274132497,-1.4302285272311999,0.02651914629813159,-1.59755569612142,1.535633699290277
2005-02-16,0.47074940373681967,-0.8198469793378402,-0.9917401530478017,0.5711461205856468,-0.8040904813527691,0.34223383124503176,0.48688062810204036,-0.3546162864447382,-0.43705764067308916,-1.0754815567054892,-1.0859572956253458,-1.44904291693236,-0.05944603949845621,-1.648079748293312,1.5081991319493593
2005-02-17,0.5030525642651201,-0.8642431300018698,-1.038700458931297,0.30857134293878974,-0.8746200851314856,0.3260664074849385,0.5143175210075466,-0.32557151528627953,-0.48613704456300505,-1.194166702884709,-1.128530260993241,-1.549772404518653,-0.07207152882560054,-1.705691910343052,1.4505579733672331
2005-02-18,0.39121573994535186,-0.8975739256905952,-1.0890430814140193,0.08491613774164794,-0.9956843670934102,0.2921326244825242,0.49036269071893834,-0.3104296774605125,-0.4888135977714134,-1.3125358158057812,-1.2932637251074224,-1.7148944894985114,-0.035658222588235866,-1.7311942807466207,1.390296093450585
2005-02-19,0.26919699681464887,-0.9021019800292591,-1.1310202015216881,-0.03224297620245053,-1.172468653977227,0.27392109917336377,0.43044033044218716,-0.34861685873741,-0.49980499566602854,-1.3564283305820923,-1.4770270893581614,-1.9120645904694078,0.04977840634162261,-1.6648771222442493,1.3237630696242584
2005-02-20,0.16576044596739345,-0.8857700177353012,-1.1519152405189197,-0.11543317606059321,-1.3274493779529533,0.14059165235002807,0.3349656907917033,-0.3191430756749722,-0.5443551099986003,-1.349263277691184,-1.5911830099213586,-2.00932830346884,0.12246968416602723,-1.5424221197889523,1.1945506242818644
2005-02-21,0.06656872181518736,-0.8964112353886172,-1.155070343422494,-0.16748721960952342,-1.3993803208764823,-0.013029941640443613,0.30025020058133006,-0.4114256993904231,-0.6819532389367405,-1.3349442476053697,-1.6484727927454772,-2.1328940230521205,0.14623356745771443,-1.367165609427188,1.0106243658040766
2005-02-22,-0.07159496380833559,-0.925924287420021,-1.113643957424366,-0.0989274209713571,-1.428615718957749,-0.145633635059378,0.261462977749227,-0.5333743360365178,-0.847031236240522,-1.4487624527883962,-1.6762212379999304,-2.198225646853939,0.0979103312239237,-1.0978950756056838,0.7783428415096411
2005-02-23,-0.22893033291354764,-0.9011619027012255,-1.0266845808867715,0.049720478885552796,-1.376960791584417,-0.2995344647233224,0.23528039106539242,-0.5978845697005764,-0.9493707929644141,-1.6030879613092726,-1.6078091441814646,-2.15315483081681,0.009461728674482892,-0.8935084677236675,0.5308918187145312
2005-02-24,-0.3939545393954036,-0.731111565948287,-0.8670395461447287,0.2427091095148683,-1.2161645689857545,-0.4088325049976294,0.23449595522022793,-0.6675486725228366,-1.0487955203094739,-1.6592959652825305,-1.4641105235030507,-1.9062929936573523,-0.19223268261090665,-0.6600415651588729,0.2664648970918426
2005-02-25,-0.6014130136301524,-0.4916627517720656,-0.7046168387855718,0.40921189454956897,-1.0987213964266989,-0.540412542161128,0.2294296066866612,-0.6611689012877308,-1.2283253722994654,-1.7050534624671245,-1.2541223199496132,-1.5192957073970397,-0.4298422231822123,-0.5088570246807067,0.008261042925489192
2005-02-26,-0.6047975506831288,-0.4022460623494778,-0.6353553327406835,0.3653455388223826,-1.09141923821579,-0.5030884464249357,0.362378372509521,-0.6234113927609555,-1.0801505931030742,-1.5329954885187755,-1.0742247681083406,-1.3654481629649389,-0.4696377855269216,-0.5080415061119871,0.027265928030337217
2005-02-27,-0.7479200207370688,-0.3251072903643072,-0.5943716241485212,0.5101156317477771,-0.9558643845995928,-0.5785891330271489,0.2104121352800765,-0.6415468925372282,-1.3076466697317495,-1.743462865065197,-1.0323798579125683,-1.3666132316763646,-0.6107194692455401,-0.35248455868811884,-0.18527129918990665
2005-02-28,-0.6771234781359122,-0.41768519180586405,-0.5761305673039997,0.7340343685811744,-0.8754094656561836,-0.7042984231457298,0.12792273215758418,-0.6353526861825974,-1.689345473997949,-1.9390959603655968,-0.9328777850411831,-1.1333411471773795,-0.8428804682398571,-0.2592039596919388,-0.4050317933013312
2005-03-01,-0.6295476014215059,-0.4173045314011078,-0.6196280881001472,1.0198184610779648,-0.8067104616860722,-0.7742885542128841,0.2562657784168198,-0.7579851853710179,-2.051091475316127,-2.098546891221664,-1.1055238962173717,-0.8267739616130789,-1.0854695507561216,-0.30111071965533226,-0.4445193069193426
2005-03-02,-0.5240965065731839,-0.2192081215959734,-0.5850237331289414,1.2426777033379308,-1.0641757052849592,-0.9486647933592997,0.36452309588238146,-0.9500394047879199,-2.0244565916094,-1.7849449083845998,-1.2768052711853446,-0.32204345568390647,-1.4023386268387443,-0.5625714475610721,-0.3942030825770827
2005-03-03,-0.667847778433911,-0.07331601303120834,-0.4842816285480229,1.1306073885608294,-1.4895197157250242,-1.1690110142607966,0.36923232226289576,-0.7613524638467245,-2.161268056964985,-1.6452282738368915,-1.290468397304078,0.033013155696382225,-1.5582267096740465,-0.6890663742336836,-0.3849722474562406
