,1,2,3,4,5,6,7,8,9,10,11,12,13,14,15
2010-12-04,-0.15554230880186334,-0.27128534070405674,-0.2621978873331302,-0.30799085149840183,-0.17474322626914152,-0.10838643988477738,-6.774646098222093e-05,-0.20907582776288086,0.022587915429456665,-0.3873752613114844,-0.3115420553826577,-0.05022873058873636,0.14997439389507816,-0.029163683919649037,-0.2376973785989101
2010-12-05,-0.11797180960619678,-0.279237936885304,-0.2378898554618003,-0.27070964101110984,-0.0528113469126472,-0.09044119258335993,0.0299834119790819,-0.1621908568406417,0.09818939654322782,-0.4016588265987412,-0.2537671788568224,0.03681227627960747,0.30510682121605326,0.02182389476502138,-0.17022350729518462
2010-12-06,-0.15346368820701742,-0.36954847512571365,-0.2910022781489782,-0.292733698914218,-0.005801767099309013,-0.11825856579328854,0.04415346895044811,-0.22755596430822453,0.08715031889949365,-0.5208201446859821,-0.21034134850800237,0.041947739924450646,0.44669587822489387,-0.059426470075433585,-0.11955183572063746
2010-12-07,-0.11320710492128133,-0.45253153865332424,-0.3118566165180813,-0.21027934708165272,0.03060811168185376,-0.09111769396499547,0.07733823363013631,-0.2139857366952143,0.06770400382628859,-0.5832017348766754,-0.13801590225038016,0.0905081008632066,0.5899235407311936,-0.14179045960826783,-0.01850466877869553
2010-12-08,-0.014466299612728406,-0.43807095410664004,-0.22283825411049682,-0.022453297919251013,0.15280535240721643,0.04452478893870857,0.22186882971516322,-0.11841605956101556,0.11743596954943075,-0.5408372800719868,-0.03439825801547791,0.28303248744948417,0.7304661641739066,-0.082407433096868,0.08133829223179331
2010-12-09,0.06201066149626448,-0.30187800811591997,-0.13322413013296142,0.14112483570233936,0.21336309031914796,0.15789054238255512,0.4751085111866737,0.022898062036185832,0.264065112477861,-0.4221746250168071,0.160273943610343,0.45917347290514426,0.8799156975928776,-0.02854812005460019,0.20903387640073742
2010-12-10,0.11961638975814828,-0.0980906525921214,-0.04727164381422326,0.33821616669097365,0.2988210509783381,0.30280531983276415,0.7583015734248585,0.1686578613339144,0.4744670518478342,-0.20986534153084133,0.3661617717440588,0.646066930400515,1.1317887934839526,0.07221570907353232,0.31891614265371787
2010-12-11,0.05991414674127162,0.021337165881329768,-0.037743107521874306,0.5059460366090136,0.2974796132883594,0.38539495624402104,0.8704669823569188,0.18849007881083557,0.58051111605221,-0.10857159663592018,0.5064511479413913,0.7338737864179052,1.3035710087577288,0.23020755010259372,0.3771561308627429
2010-12-12,-0.014670601962122207,0.13659292437368523,-0.10431650023407825,0.539667711148682,0.3323036517873463,0.4394896462877716,0.9660448145876087,0.2311255020912029,0.6629040408024169,-0.029481583467560798,0.6302238717357995,0.823412901993603,1.4064954324868129,0.4037214749268353,0.4270083001708479
2010-12-13,-0.08646671784936352,0.27202402801926423,-0.12383904272325569,0.6023971544909743,0.42883854945341365,0.5264617490527662,1.0351469106556195,0.24306242433591,0.6161670491154422,0.12841024731940787,0.7644331954087802,0.8748784867473002,1.526252137474006,0.5874258912360238,0.49165550529603486
2010-12-14,-0.1281759642308347,0.457056887704971,-0.1354436728132834,0.6885338928329361,0.5299024847660438,0.5983762250845899,1.1501553941419145,0.19302211873642489,0.5221683066065816,0.30488888221343674,0.8610053377518979,0.8812900075084287,1.6050653908593708,0.7786940700425489,0.5225114596171323
2010-12-15,-0.08724935870130834,0.6070018897536008,-0.14758829666694775,0.7936804570954263,0.5807088915933898,0.5855501884857639,1.2470937606711048,0.20553036346131648,0.4336622135537739,0.576677975280969,0.933838791652936,0.8815233390792504,1.6382191940071424,1.0646710161590192,0.5484119244487891
2010-12-16,-0.04433787839173221,0.8025874970053548,-0.1320790633714187,0.8523862421610925,0.7132509371147743,0.5490968056526124,1.3598404446192045,0.2888908472124324,0.38788933188937436,0.8668231877926286,0.9129319428885665,0.8795765568842462,1.6662253263597102,1.3846644415283644,0.5763485464069278
2010-12-17,-0.02461574004208421,0.901078081632712,-0.17176103471612936,0.8974376081399646,0.8442149082673513,0.44596797162889534,1.3226237903981213,0.33185217470501943,0.3377019193442135,1.1075057212626314,0.9846491662183012,0.7394331971495939,1.6906508440893255,1.6103279772472328,0.6697757223912251
2010-12-18,-0.029047150401324245,0.9471063216031355,-0.20656571696933196,0.8890153392779047,0.9757083050713021,0.3661985314237151,1.1456319872479799,0.26486333739648604,0.24231156137540782,1.1326832847050081,1.0327853030074037,0.5271003923174393,1.72452397943241,1.7565057425577424,0.7179430816572517
2010-12-19,-0.009449388405725857,0.9234409238440312,-0.2543065804141703,0.8868429324241152,1.0643555068018284,0.27961902168261843,0.9621218118714036,0.1860231789811472,0.08183018824981957,1.0928278369201012,1.0724996827661282,0.4000816570926578,1.7606739716041155,1.8362799611582876,0.7492558252831613
2010-12-20,0.03297167083493532,0.857052292458456,-0.2301563256420166,0.9153417721775022,1.0716881291947775,0.2098696424271765,0.9216122886672435,0.09928899519561796,-0.09027910243608164,1.1459691460631085,1.1494830402864575,0.3557799164370231,1.789771679574212,1.829834044449432,0.6818561860049576
2010-12-21,0.07495494100005984,0.8239816184689762,-0.274555432249444,1.0020106455220308,0.9927558044671808,0.15665000051799427,0.842212016363224,-0.03367280376969124,-0.2791699259641465,1.1591376886932758,1.194287973330944,0.36169465641506143,1.7123744506489051,1.7346499133366808,0.6745556612455994
2010-12-22,0.12004048338379095,0.7829335373563395,-0.3605643755137756,1.0489015880249328,0.8985427187591478,0.16686605437191734,0.8312916418718522,-0.134033115806484,-0.34747453213189267,1.0807715509515057,1.194336109820965,0.32358650697719454,1.5781667208161623,1.6804212619249046,0.6259071486423748
2010-12-23,0.14678776928870663,0.6681622447761328,-0.41100564718951094,1.0309461958458142,0.8028839924570723,0.1910649533647564,0.7626877609062828,-0.1350914886727784,-0.3505349073994509,0.9639558024549744,1.2256606394982725,0.23067816108158298,1.4209156468634376,1.605246575982441,0.5972558931391474
2010-12-24,0.12205597607691047,0.5623766310511282,-0.45907298921529965,0.9813079580878383,0.7646380164831065,0.27768730533219543,0.6416220083532955,-0.10226662086912115,-0.3446876984799197,0.8574899682691662,1.2736108654253884,0.19171353839458644,1.2517032889158284,1.4830832590584495,0.5377628697551852
2010-12-25,0.11712185718118029,0.4952190104483682,-0.48780058430836404,0.9407144291557338,0.6692120080341336,0.426364501763826,0.5372649854855187,-0.08885723853125957,-0.33410029449210027,0.702150994776791,1.4703650229002185,0.14231142688701412,1.106905307697693,1.2963330360628733,0.46199972271654616
2010-12-26,0.11683291174369262,0.45458265984493695,-0.4365813415097414,0.8378466345842013,0.519174218439294,0.6076272162179851,0.5799321159745418,-0.11789003348515777,-0.3220218119537622,0.5041980642110336,1.53322824807795,0.13996889518888447,0.9354956169513292,1.0774060280686493,0.35808516708821
2010-12-27,0.1845913939917183,0.3947103918276038,-0.404084045213776,0.7856677607011049,0.3334194491008783,0.7729498828894118,0.6202468357331216,-0.07813193478632405,-0.3704578348065642,0.3855597476261091,1.55180234878715,0.1458524000861768,0.7085465896820397,0.8296641750333869,0.3220534014674384
2010-12-28,0.2823693892603021,0.23234177651657112,-0.34964876437750947,0.720247009949945,0.12761192488796766,0.9912104147276062,0.6257041070622659,-0.050421485285975946,-0.38460319036309587,0.2548755066934164,1.5122902669890832,0.12115069420651242,0.4270335754818848,0.6461218811664926,0.24725776450642772
2010-12-29,0.3970255552804255,0.07702029390597702,-0.374683326460901,0.6166540246200493,-0.059093742292131615,1.2533797551151957,0.49608292127797754,0.05017058094951171,-0.4244421716641188,0.07620606487387252,1.4209084579724063,0.0740945239732141,0.16891535496757018,0.422162486844523,0.24272536684950052
2010-12-30,0.4724886602126904,-0.07627472658663388,-0.41879694024097586,0.5254706861669521,-0.24178963645856485,1.4819232271508016,0.38761636388380327,0.26258987262870026,-0.43769798521683695,-0.0792064529659974,1.3021539849235384,0.0320695166890765,-0.009333643395524583,0.20575154591421674,0.2305993867696147
2010-12-31,0.5498102456569662,-0.16637806748811773,-0.37807563030231434,0.3722022507271832,-0.47576698593755073,1.6581670189363649,0.16418449775591212,0.47097613777175995,-0.41250786721410165,-0.18352692439394183,1.1588681647063819,0.0658763571474073,-0.11678301013799651,-0.03375007356767974,0.22283345048257308
2011-01-01,0.6923617698220915,-0.215217243039251,-0.2746198370715976,0.24754715075242814,-0.6599854932097895,1.808420895387545,0.023121516826020316,0.6300372596484861,-0.3458901918686513,-0.21542123112054487,1.03725853226103,0.1520944867113809,-0.18081038340342465,-0.22659156693582502,0.18593189371935742
2011-01-02,0.8409661731451935,-0.31511243617262796,-0.1489429051307011,0.11574257930897361,-0.8093630133339912,1.8997333324196874,-0.12985140471765866,0.8022234923735455,-0.22213867199751175,-0.3034602366480241,0.8871000131447896,0.19713071573766874,-0.32699920739440186,-0.36853927526505437,0.15289447501548906
2011-01-03,0.966567912379183,-0.40592687516592074,-0.06338079234932237,-0.1115295050015505,-0.8864334796901023,1.8915991505706256,-0.24824085982632152,0.956596410703373,-0.003363853781412955,-0.3587745026936488,0.6637103876941856,0.2664400839840889,-0.4894619158017349,-0.4429547906799804,0.15430163619506693
2011-01-04,1.0230935373142171,-0.5128365823792211,-0.02209043212566154,-0.2969047202307452,-0.9619903040420855,1.816579767717023,-0.37857389514982676,1.096249702944104,0.2747804908874056,-0.3432861365762051,0.496972501325445,0.31976067502536776,-0.6098912212228793,-0.49177506094503826,0.1542457202779661
2011-01-05,1.0712370276384984,-0.703555414648035,0.023311419889237586,-0.4723766818711744,-0.9231130382060486,1.6889068222363857,-0.5083977666075703,1.1452449299184022,0.49704609681405726,-0.27459844034312664,0.3244926625112838,0.4095288667196515,-0.7275088181187102,-0.4137969454592854,0.11396002517642508
2011-01-06,1.1027154926526692,-0.8229983680003878,0.04934351216565112,-0.6034911391529377,-0.8152501461757695,1.5340099670918086,-0.6359897588310855,1.2074310002611826,0.6316383979500582,-0.1222501941621272,0.1987279385402414,0.45462874462057756,-0.8346099559711369,-0.33450039831187983,0.08236797667982701
2011-01-07,1.092303679137733,-0.9068413473346303,0.17710706812972846,-0.7493313750750025,-0.6799673944647183,1.365447917727045,-0.6310558673752912,1.2201180982859254,0.705167211939453,0.01605134736711455,-0.031374475680961696,0.5032424148857025,-0.8939232632313561,-0.2705456926630327,0.10134065646553449
2011-01-08,1.0766638743688244,-1.0226737699046735,0.505709382543554,-0.8471825028360794,-0.524461081244735,1.205645538381365,-0.6509924553867225,1.0781881456105091,0.7296133813175466,0.09417677999291675,-0.23983458070971095,0.4604142207398018,-0.8722255036918811,-0.20610778279830128,0.16612904591351657
2011-01-09,1.0607282512389649,-1.1879443495949789,0.828672534551281,-0.8248344121113155,-0.3406413237299768,0.9844918294240795,-0.5810715214596615,0.9067559090050655,0.7027734425918425,0.22044768640918339,-0.3239385550303158,0.3855538567888854,-0.8655227190149568,-0.13138418229660986,0.23619915948252582
2011-01-10,0.9886177999146484,-1.2646328815078194,1.0096685955263227,-0.8870834487585267,-0.2789719462887014,0.7772147454926942,-0.5288094928708692,0.7803839288559653,0.6400209079557284,0.30074082106627076,-0.3334719692029935,0.3030313587965357,-0.9210138974340247,-0.08659168010003025,0.33160571222294993
2011-01-11,1.0030065079468227,-1.2338720843252313,1.168054307736132,-0.8672055993830223,-0.23213186955715115,0.5419772053030096,-0.5004618597636903,0.6280351824194559,0.5989003679465138,0.3234011445977972,-0.36542421576307166,0.2128885150836136,-0.9608818782809668,-0.06409186905060395,0.3985132069675437
2011-01-12,1.0560362917591424,-1.1623639655299827,1.2997781512671969,-0.7505324071528104,-0.25091404614017254,0.31322326395864225,-0.550137500150356,0.4523581272550919,0.46372813690368897,0.29181572013266677,-0.3587403437963033,0.10176300177019995,-0.9506443121150302,-0.061063313148509886,0.41007624791967134
2011-01-13,1.2155343063239785,-1.0368902780249967,1.466532964641461,-0.5792640325661879,-0.2198567427079108,0.0930549918996153,-0.5926690401507709,0.319848658226804,0.2244624555846543,0.32793748526270383,-0.39104253104470693,0.008448647627696863,-0.8888928464524295,-0.07463562052412964,0.3500867386346284
2011-01-14,1.3009466656763877,-0.9180327070347742,1.5871784393223265,-0.46789512778176995,-0.23838708186194657,0.0010414505628313444,-0.5771991562007635,0.24918605203468164,0.08148643954770188,0.3506432497174044,-0.4986124056438206,-0.03532903278617877,-0.7658034916966835,-0.15604675288892464,0.2751156012418363
2011-01-15,1.3060158318027655,-0.7873525435231644,1.7375893294809006,-0.4189351450936442,-0.24099678029311736,-0.1466209644439462,-0.48747746606494224,0.1692034975228764,-0.015767194286944206,0.3412367023364425,-0.5728161165289741,-0.022937537517682474,-0.636577522705065,-0.2743155676891109,0.2547435302943487
2011-01-16,1.3338564949129224,-0.6133344981875126,1.7741185050589479,-0.37565937928537596,-0.2699711973501148,-0.378661098600692,-0.50533751744053,0.05085711257902352,-0.07112322942564281,0.3727049074393787,-0.5118821487149833,-0.02096454481636934,-0.5748431427936176,-0.38664819584409427,0.17754281675814507
2011-01-17,1.3655019580387169,-0.5184861286477563,1.6293815768013358,-0.322456775461874,-0.26753011907009694,-0.5565992648283506,-0.5158170240078096,-0.0565327141881799,-0.12212427935109434,0.44283556170814475,-0.4487571514835033,-0.051410611392518325,-0.5564157137627409,-0.46445590735209136,-0.0064827997752296895
2011-01-18,1.4296452185866788,-0.4784217803548606,1.461401877507125,-0.24432909328779528,-0.25715322973057647,-0.5883253763804052,-0.5469055996249717,-0.03111072399682135,-0.15600427150857304,0.4226187284947716,-0.4628420706645055,-0.08752643729905887,-0.5727389146352477,-0.5290313373389118,-0.17198098447958646
2011-01-19,1.4274923165813675,-0.5106627871068383,1.3799708815918499,-0.08792256533246308,-0.10321282042233033,-0.5718282783014279,-0.6016818391763136,-0.02483225325244881,-0.19675748461102388,0.3880265293852196,-0.5569531258114022,-0.0953192859011674,-0.5683867594795133,-0.5469806197277322,-0.25903235593643836
2011-01-20,1.2905397123121574,-0.6160897714993265,1.2976744212027722,0.01698246133166946,0.08952727142986305,-0.42983998176859123,-0.5818475125584468,-0.014522354137357439,-0.21244703744434126,0.36048176830385587,-0.6862745221671671,-0.11962983876109728,-0.5390366913776895,-0.6118789817170628,-0.3147040917368679
2011-01-21,1.0526801229772578,-0.7814182475761959,1.2092193616946882,0.18320607517689244,0.3058119194598579,-0.24626974547303934,-0.47664700473944777,0.08152420328855144,-0.24168690021190234,0.39131772750669697,-0.8910313672160961,-0.09144978871910693,-0.4838372244155717,-0.7119113879013748,-0.37426051482039396
2011-01-22,0.7935675487499444,-0.9520100786750934,1.023024008647721,0.33470660494436016,0.5837189461506928,-0.004491437941753224,-0.3690066999086688,0.11089462976197346,-0.2608072201666059,0.38267608156455224,-1.0834298180223905,-0.021942156883013132,-0.5152353657020431,-0.7616825658517269,-0.31502990692139
2011-01-23,0.6287183527889375,-1.056469756148994,0.8622056921541286,0.49509539361035904,0.8354661067538014,0.16594695652123917,-0.26324182791596235,0.10703572178344471,-0.28045603629928423,0.3581992169560834,-1.1382399336178408,0.024957013574169705,-0.6124635499794993,-0.772041211379514,-0.2400552583319408
2011-01-24,0.5182577814092735,-1.1269030489572562,0.7082472734817654,0.6827817676672815,1.0368176643099547,0.31908500673638557,-0.1302139104694393,0.1917760527441597,-0.22785721018214453,0.26453579127315424,-1.1956448157573234,0.05703796439567081,-0.6392590984181603,-0.7135358124137429,-0.1792472314222465
2011-01-25,0.40531594918554326,-1.2137850237157775,0.6212418194468434,0.8817124848366515,1.2466595665526174,0.5067685968948915,0.07383557982874947,0.33602836127334795,-0.13779230130968032,0.14787626090198336,-1.2637863481460763,0.12954140636167347,-0.6187727050492671,-0.6533948608006502,-0.13786222140530302
2011-01-26,0.3499363189407886,-1.1944091926735956,0.5916784199067215,1.0002587896451935,1.4056744044884422,0.6026060339513024,0.24408523750455322,0.4939921365481431,-0.06896115202371815,0.028113330635509665,-1.3622421161008325,0.17918654462038336,-0.6769914866001675,-0.6011710940357284,-0.07051912581777463
2011-01-27,0.31455020103596626,-1.1247958265136293,0.5532824295030102,1.0781457992299393,1.5271850786402812,0.6002075288638443,0.37948707254207953,0.5819260612524697,0.038391151435339506,-0.06097448743828315,-1.4129651706049464,0.24452585829646828,-0.6842995462148996,-0.5991345314586651,-0.04737147312411085
2011-01-28,0.4104236053470805,-1.14120318207326,0.5864596799610342,0.9753776435869376,1.4272119720292191,0.5071347897410984,0.30649872524291766,0.5680569803897896,0.023342341637270697,0.006458959638473322,-1.3429906310747572,0.19570506603415874,-0.7427461931735285,-0.5950879105906781,-0.13199197351629915
2011-01-29,0.3017610841636679,-1.0733241470754882,0.47744122597482025,1.136914009181281,1.584900486683639,0.6237389006636554,0.5462571397148758,0.6303896304580178,0.08149835142644155,-0.049065259988863054,-1.4567767269104375,0.30276492197504684,-0.6824862820483172,-0.6396158127028096,-0.11264293049244271
2011-01-30,0.3394782440338541,-0.8658206273061366,0.3654679725341024,1.1654092442482953,1.654565551360906,0.6313833907178793,0.8341114900365423,0.6166587337708038,0.13840020573471218,0.003318009687828391,-1.43304619104788,0.5229767306420533,-0.6497848297316198,-0.5541821531936697,-0.1005413652997058
2011-01-31,0.41923301550865455,-0.684350711406412,0.4846253979541975,1.0575524892801964,1.582774846557486,0.4484773530592889,1.062848190016424,0.82494940210983,0.3428982015508847,-0.08357267303175471,-1.3192294012967722,0.6294839600995836,-0.4889513260277423,-0.4826694805239399,-0.19878599908996536
2011-02-01,0.506226093849148,-0.5244008408702532,0.46374230930383686,1.0129762037018504,1.5965202515390036,0.1825838259097768,0.8704511388390966,0.8238003642764332,0.44157770873260477,-0.17656576265654253,-1.4378768228183447,0.4236997690053207,-0.7767927399028739,-0.6127953789772611,-0.3181021828113041
2011-02-02,0.6273292574137302,-0.5576502355077456,0.4914976080387222,1.0601722265187745,1.6460282944423648,0.025299777354387487,0.6765623375668592,0.9139388183015904,0.7323874912695472,-0.3216544717944156,-1.3885510828919037,0.4154477998804519,-0.7239864111632861,-0.6019507385336303,-0.2405224052825002
