,1,2,3,4,5,6,7,8,9,10,11,12,13,14,15
2010-12-04,-0.237587853153789,-0.3700863351676034,-0.32367201262865225,-0.4378121257856517,-0.23683164906345391,-0.20073929571563648,-0.15701678849669673,-0.3419181857007618,-0.0309686655837803,-0.45712692932277277,-0.3637587844972784,-0.2008120108502532,0.05923856197184356,-0.1155550813247674,-0.38220452731197435
2010-12-05,-0.14598096632686122,-0.36928623156647145,-0.2605976430211404,-0.3758083522453367,-0.10090969256195709,-0.1485598471265757,-0.05448959200678118,-0.26169621045493674,0.016782439170656714,-0.4205162349023833,-0.25505078278449217,-0.08006136813447982,0.21680246785163715,-0.045751451086793016,-0.28302888755390315
2010-12-06,-0.1413075057645701,-0.4728168303027001,-0.2538016461602508,-0.42718455093235447,-0.05387939375467464,-0.20558207201875997,-0.04843097721913662,-0.25420568553421224,-0.011815900927850526,-0.5278813573365618,-0.1911648990972491,-0.01754547026682338,0.34185224445179285,-0.09348565884243172,-0.22410291761719517
2010-12-07,-0.03886375893214032,-0.5527746982161437,-0.20008012782440868,-0.3678321730879105,0.01793268256918691,-0.16476474626582693,-0.0025189352586034598,-0.2135854919292795,0.013398285139050033,-0.5396279208583202,-0.12274983490665421,0.13134765559165845,0.44988005818425203,-0.1212407956779367,-0.10879867488003864
2010-12-08,0.15836711101548234,-0.5530107830855794,-0.04963676981848647,-0.19419273908336665,0.24297228628782647,0.014227167853017213,0.23541776778787818,-0.09431441852625963,0.16204882484632394,-0.43834990896633425,0.04922699122941009,0.38614661659624777,0.5905576737315901,-0.017486329137700936,0.06090899701110573
2010-12-09,0.3439741278907667,-0.46153174473647424,0.057377696198168335,-0.10520575371717725,0.3942131344511536,0.16769515263009388,0.4765561148875043,0.05275625928856985,0.36517014878978554,-0.3438584302189328,0.21083595754132461,0.6206735680565322,0.7540007886128305,0.06071697599205408,0.2779011496619523
2010-12-10,0.4729348299470237,-0.343096729711127,0.09261481947004928,-0.008642990124153985,0.4782618781423934,0.3691141742906619,0.6403079042157622,0.15169952025190092,0.5178145796610641,-0.18435529082166233,0.34599690654373866,0.8532606410103811,0.876696231723717,0.15971177867818687,0.4462657132678956
2010-12-11,0.47453923648937346,-0.29259585109418834,0.11994190699385752,0.12054498697416016,0.40273742647294714,0.4994257972122339,0.7173789071158574,0.11395754211378707,0.5617586953407122,-0.10954454712624077,0.47071624545015495,0.9687449042010945,0.9517317303407954,0.30992875395117353,0.5528934979377458
2010-12-12,0.4596852659834879,-0.2004707773458114,0.0783469554014886,0.2406337970974285,0.3392640506105786,0.6365494217493933,0.6730597099495207,0.08564790670570326,0.5319737745840181,-0.15909620829387167,0.5742140514135287,0.9597891107937453,0.9569184654753694,0.4754285176316172,0.5661005572644364
2010-12-13,0.4587686249732821,-0.11383974604732887,0.0715069602825487,0.3010565859603185,0.2691528234478863,0.80789733995343,0.6045671177350259,-0.0009005168260978474,0.4540169849641433,-0.16513865326739186,0.55097319598986,0.9232257018107287,0.9145385289907124,0.6841475793370162,0.5286826025466516
2010-12-14,0.42174323589944707,0.03316721114433343,0.04106585753524699,0.29542080358248585,0.22974117115960996,0.9395049580408166,0.542497426456369,-0.06787732424543325,0.47727382358396847,-0.11208851950609093,0.45330982784421986,0.8261304448329768,0.7853625013513349,0.9401814664557021,0.45228741926394683
2010-12-15,0.3551656845940463,0.13658452598374504,-0.006205057891922391,0.31473036644024377,0.1596706671809985,1.1054930145902737,0.5150613027397721,-0.16794467351118544,0.4842941582941161,0.04305809612212001,0.4022969491594695,0.7656873635901591,0.5937525005653618,1.2857859186859721,0.35440420684209384
2010-12-16,0.27012730074931257,0.26527408884122733,-0.048425474601138094,0.2881120278244252,0.1444110685207352,1.227849967770032,0.5355999647215773,-0.28204860729983494,0.44110935005729673,0.13088544326453383,0.35492476827721775,0.7181243506011225,0.45112033783006955,1.6223115435949689,0.2273096855564006
2010-12-17,0.18970911810520594,0.40823798595386973,-0.07278040265840101,0.348073829370959,0.14687360109215636,1.258062077708909,0.5261056236359523,-0.3454871759070679,0.3445584945571684,0.25804194425990323,0.2936498872612272,0.6369275536510935,0.3431629475842582,1.8648590677960355,0.16739095535775608
2010-12-18,0.14096538521160967,0.5416938952237689,-0.09277015768081802,0.413630795689458,0.17984308186907938,1.2453152379188488,0.5192249948834872,-0.4934814281679036,0.17782945300301828,0.33659663678108354,0.2636294839098809,0.5295685062462717,0.21076438021621566,2.100452690269202,0.05916091891918887
2010-12-19,0.10929020863520515,0.6669929944212031,-0.13593352633830655,0.4795864625729772,0.2855149003458856,1.168392960817174,0.5959159197569646,-0.6439732796044171,0.027966107477102882,0.41154606651486686,0.2679020664985255,0.4365375648743763,0.11814785316850285,2.2251800983564616,-0.046435562386080195
2010-12-20,0.12371413210098975,0.8012159140937161,-0.13946457552066943,0.48080508273496314,0.4462787374431138,1.0401288463460276,0.6734230738235844,-0.7551831143656901,-0.03554024730019281,0.5495140715351123,0.21471230368568045,0.4400030755267753,0.07318555948772934,2.244143860022986,-0.22753181924444132
2010-12-21,0.10312506360496695,0.8151792241376594,-0.15959854991089475,0.4079772287557639,0.5627531901221344,0.9123298151122834,0.7884240590293501,-0.9122336753468662,-0.07211990869983334,0.71915224844381,0.1335867612058768,0.5479468748098378,0.09048054511835084,2.1953108067641858,-0.29787677318710243
2010-12-22,0.05215332160408095,0.8123717916698802,-0.24378427767337563,0.31344360737570204,0.6570943096502568,0.8085932382715154,0.878380800895405,-1.0648181673496073,-0.08570089515946706,0.7730987518841007,0.08714944499066768,0.5975991841869759,0.14768737026911313,2.1657809300759236,-0.35625659291585593
2010-12-23,-0.010785328951821686,0.8096576143239911,-0.31716565318944095,0.2827291757881616,0.7092864870931561,0.7522364105925126,0.9246650217946984,-1.2056458788860598,-0.10315216672302306,0.7934045640031516,0.13887687465482987,0.5671362103388959,0.17184805634773453,2.0948640184991083,-0.41493836280034746
2010-12-24,-0.06790737186446714,0.8892131024734119,-0.3398599806221006,0.2578361369347501,0.7738874767014094,0.6960829079880609,0.9891073161988088,-1.2184122855097288,-0.09504718617794518,0.8430643947851972,0.1570852391596892,0.5165994451280992,0.20416447773154678,1.9393742797474587,-0.43961167301404425
2010-12-25,-0.13009125442288436,0.9674465657788457,-0.38332353303819916,0.23599049410716308,0.8171915605726021,0.6437420466933197,0.9508546756238759,-1.054888365528846,-0.06990130978097034,0.9358653518113321,0.184148473659975,0.4457389833341764,0.23667659091851567,1.7555444764708152,-0.38533572879949884
2010-12-26,-0.18265222822300772,0.9684710860682778,-0.3815196149449619,0.05412851014268447,0.8155016526719501,0.5856845451353556,0.8514082053244237,-0.9611748031454602,-0.09937961023032259,0.9115408603883248,0.1262174198714972,0.4308438951695848,0.2892482780679057,1.597384702328848,-0.3698035393547444
2010-12-27,-0.2401815480119732,0.9605642526659129,-0.30060938891472544,-0.01726313924012999,0.7921087359048481,0.5278418955803441,0.7206180136264863,-0.808245259532948,-0.16598181281247426,0.8762657376852977,0.11264974663770072,0.4400351175338364,0.39489171320336414,1.4035994300787444,-0.37723435420866996
2010-12-28,-0.242075759951249,0.8463200174011734,-0.1420978226516026,-0.058709835416678464,0.7547592640581867,0.48024626262566733,0.5391311311440803,-0.6097697685622073,-0.26504100710149064,0.7820204643251328,0.06966868585601244,0.4358319776011621,0.5152588519887258,1.2994347650935398,-0.3989692158722795
2010-12-29,-0.2187825487851365,0.6611418627587832,-0.08808885852414403,-0.084211432958158,0.7459464981238023,0.4710548105611428,0.3799524456352049,-0.3399296569700403,-0.42178664203864935,0.7303005743584038,0.07115220699695593,0.40876632912107125,0.6363609950113392,1.1669481186732165,-0.28249878488392116
2010-12-30,-0.1674593828952996,0.5428584123529032,-0.05021749329443695,-0.09244746423597625,0.7186798631422798,0.44224456828041886,0.2339455678063978,-0.020245581786408225,-0.507573352011449,0.6865026186048305,0.08276208977602635,0.33872026008478456,0.7046535511936722,1.014644619698035,-0.1055331047608199
2010-12-31,-0.11807920199622866,0.4633184782837852,0.0306743040356051,-0.1483202813822068,0.6274972651760985,0.39024390393546105,0.09737474940139401,0.27654516278379065,-0.5590121787422743,0.6458618502461737,0.1032946510204105,0.34473997794533745,0.7525537823605581,0.8521350696168662,0.05829442460428747
2011-01-01,0.002122970258394151,0.36503998337611687,0.11525674274320853,-0.19577618049894635,0.6086586353412808,0.30777553929882023,-0.01346192403399468,0.5446555448161651,-0.6720015496097677,0.5315090816773573,0.0909354512552316,0.45625538096862167,0.8545292556713093,0.7042618865113186,0.1907415903294078
2011-01-02,0.19694957404389293,0.14447238593185388,0.19149907142480377,-0.18663801825737591,0.5775335954114988,0.228042714606374,-0.2319485668639675,0.8071533862893068,-0.8129646566710994,0.3567506888107523,-0.013402279966747635,0.5767171201410854,0.898100101502293,0.5233354452732444,0.34026253939538637
2011-01-03,0.37440427403717547,-0.055676722415019565,0.20390007803534985,-0.14564343890970308,0.5239691014957104,0.05518907704881276,-0.40014548985673587,0.9916178264643344,-0.8425144781078435,0.19079859662036128,-0.17806599568326437,0.6861028175619083,0.8824272505593361,0.36455494908539504,0.47882119868659045
2011-01-04,0.5573397645739315,-0.23169924277804335,0.0969933009216871,-0.03552038363657196,0.48165221727285723,-0.14567305230181488,-0.5104308450260606,1.2151963097709344,-0.7328736397145584,0.18485770612639688,-0.2387652952245813,0.7765826074141351,0.775203568378431,0.20163105132577003,0.5986962196009692
2011-01-05,0.7173734441850103,-0.4866111732297859,0.0037727873894476587,0.028955638761646536,0.46666196208669225,-0.2517740347497633,-0.5352642803363575,1.3968133757509797,-0.5413987745961978,0.22271026183888157,-0.34877270043139674,0.833086611482516,0.5679479094723021,0.039543598729082724,0.7265957084297218
2011-01-06,0.8018716561487885,-0.7100346528901141,-0.06223873863795116,0.06422676850311505,0.4826764250520986,-0.33208498217678756,-0.5209857066462054,1.5281139023938655,-0.30445972101350505,0.24384429724667908,-0.45729581287729415,0.9282006173042276,0.35704716972724526,-0.09155880884021413,0.8449782798280073
2011-01-07,0.8963081432984257,-0.9571885255280574,-0.038814183379052285,0.03381907130021547,0.5014930660727779,-0.36001207215060343,-0.533991027096865,1.5977104331426042,-0.07961527087602766,0.12278309397584063,-0.6064797979238465,1.0195245845442285,0.07385363496193921,-0.226800314057945,0.9070541151707419
2011-01-08,0.9267176181931178,-1.2338895504045977,0.10135514581319198,0.08108733462724993,0.5028364738999352,-0.40508156996850125,-0.5797843044121722,1.6142879487164283,-0.01466869284634604,-0.007721389550587012,-0.8103284750338371,1.0877622527372386,-0.20424492913968073,-0.3439559237269018,0.8967114843665648
2011-01-09,0.9501893557564727,-1.4378275390783293,0.2123001000005857,0.18195873346511607,0.46587877284449214,-0.4540323023043346,-0.6430183525780147,1.6475269758971813,-0.12162735010645627,-0.03515570454502637,-0.9433048523785296,1.1262704461805533,-0.5312994374610166,-0.5197792297784186,0.8389109745467127
2011-01-10,0.9453393450292729,-1.5956608150635152,0.32947642835809654,0.2070185996432683,0.35466058800394934,-0.48963242627609843,-0.6665894869496698,1.6976882584274955,-0.23641823893378544,0.007558498861459481,-1.035311628486914,1.153917399433306,-0.8881643361700836,-0.665671469574385,0.8425184669392476
2011-01-11,0.9203932201222075,-1.6791187108496677,0.4740502347851012,0.232929269443758,0.27953496222859026,-0.5775161703279077,-0.6012607616961232,1.6980790016544667,-0.28245792986913637,0.03975721038318845,-1.1449436589240676,1.1370362371416973,-1.134618958476362,-0.7579870320184683,0.7839842241131497
2011-01-12,0.8525187371074138,-1.6792554332197984,0.642855159550498,0.18288492429514702,0.16921219051152556,-0.5770115995685652,-0.5271482436198707,1.6321296719624772,-0.32808722864932677,0.028250506720218675,-1.1602787282555471,1.0876014056266887,-1.2912320171503586,-0.7751740685398278,0.624953639037883
2011-01-13,0.757568043446287,-1.6827443296250935,0.9283147583840419,0.19994257311254401,0.05056363134740287,-0.5365542950516062,-0.5383435602441473,1.5015314335194792,-0.4213241762898175,-0.019434609066749833,-1.1565798195863632,1.0442841415582642,-1.3782886476593303,-0.7642280699822723,0.431862807918018
2011-01-14,0.7100105687429192,-1.65160496959314,1.137698935554944,0.21316238824121905,-0.08952884184609709,-0.5744763371570101,-0.6296252042974043,1.3925300803488674,-0.4995844894013901,-0.08816792708978374,-1.1408087668206919,1.0265251541141724,-1.4396702049115646,-0.695376312723308,0.25995411853729267
2011-01-15,0.6399863963353203,-1.619886490795009,1.3002733369577346,0.27143799197150753,-0.1973700743640274,-0.605834972241275,-0.7913489715824552,1.2773682416943597,-0.57793460997956,-0.1802571766650176,-1.0891625665646725,0.9818008329286456,-1.5133335376587227,-0.632516314145594,0.15662304839057742
2011-01-16,0.47225431028811365,-1.489221367883137,1.3386502183182742,0.3193573122948351,-0.30841735469258785,-0.6476174624390051,-0.9124204423280751,1.1471521672281901,-0.6988966080732671,-0.18126514574611108,-1.031910465421513,0.9006105250804342,-1.5736972216433918,-0.5251971520166857,0.008391253170766336
2011-01-17,0.3410001884634258,-1.4389498128654685,1.2707509049254342,0.3127617839779191,-0.39176617446114287,-0.7020865293440364,-0.9639266699134823,1.0382197023759527,-0.7429225762185915,-0.20197452729508578,-0.8709001878191682,0.7740630699632838,-1.5643629616473063,-0.3665982457862722,-0.16229657520386961
2011-01-18,0.27336115696640234,-1.461575782693337,1.1734310028479638,0.3161034029171298,-0.432071939652927,-0.7180786118543924,-1.0144876850857893,0.9710942061391524,-0.6700430633650473,-0.24989251897098008,-0.6887765554559351,0.5897103687715352,-1.5217038311062259,-0.20335937412979802,-0.24008273964756724
2011-01-19,0.2169986487083532,-1.4751751853095874,1.0166596066936338,0.41251560691830425,-0.4314221038148659,-0.7051494054414358,-1.0961293607312077,0.897724702313334,-0.5550589092913046,-0.35251599694928576,-0.5427172077029414,0.3209721980489696,-1.3643951658350324,-0.04577457612259088,-0.2951165422343786
2011-01-20,0.16277625174742563,-1.4769431392903372,0.8326148064444591,0.47203461698088733,-0.3915436481237226,-0.5907359512534309,-1.153634169855714,0.885077032802065,-0.40325288506879464,-0.471303269697526,-0.3440271082614788,0.040639576272493885,-1.2166130281658412,0.0953929571908055,-0.36059241641888967
2011-01-21,0.13108047085289593,-1.5738337190013927,0.7277146048039258,0.5050727917601232,-0.4198750523922677,-0.4782126036095584,-1.1105008204003823,0.9146917778319417,-0.30005491247568616,-0.5634778846172541,-0.17775328519739658,-0.22441471075232358,-1.088865850805988,0.1732899163475995,-0.39615667329628135
2011-01-22,0.09000392302092021,-1.653258267698925,0.5857904508083337,0.5052673225498687,-0.4516125184993439,-0.3754229484501424,-0.9604985312942597,1.0013081178702747,-0.22887850798473658,-0.6733681046432319,-0.0888930897581617,-0.4806235686620786,-0.9985877140672959,0.24513447658521767,-0.3286172903082707
2011-01-23,-0.039336384787458004,-1.6787661668662526,0.4321361591683079,0.5275480172134981,-0.44467650727154867,-0.22131395498844447,-0.7310194855758193,1.1072020449288054,-0.09066562147004824,-0.7453288512879779,-0.03753894824365867,-0.6528077052983468,-0.9071118891749957,0.311723128284287,-0.2607475112512793
2011-01-24,-0.12097544563383594,-1.5915685005154623,0.23073576625764672,0.5187638241567376,-0.5865537997899314,-0.1276944811635927,-0.4553592032252101,1.243398527780203,0.08017802654486139,-0.7890679797195863,-0.04510997642538076,-0.8361034664805976,-0.6955982559518707,0.3221312192066987,-0.2799948967978856
2011-01-25,-0.1270884658794796,-1.4525924014730138,0.10158065540363077,0.5972545752407028,-0.6688269255788556,-0.09878078762792641,-0.20866225929417226,1.3359724672844182,0.3140679565263155,-0.8868043509708909,-0.03153265296094965,-1.0002626211074925,-0.4842174968641798,0.3214998576213239,-0.23932925863580504
2011-01-26,-0.16287592904430215,-1.2442061036167682,-0.03228406778783827,0.6961997684586978,-0.7445851434976889,0.04604016492415785,0.011794406034683711,1.313598075503312,0.47844385843296866,-1.0086989757257852,-0.15116946267109965,-1.1127866231426526,-0.41318229426764363,0.29781756139488674,-0.10091713224927479
2011-01-27,-0.22060175503882967,-1.0192344970292284,-0.15634649319844646,0.7772233460655037,-0.7734098820804696,0.16681381906732737,0.29402010812516455,1.223314472775505,0.6280622302074735,-1.1061890782873134,-0.2670195927905024,-1.1618497776380223,-0.38251411746214375,0.20315556733598947,-0.06080443249496989
2011-01-28,-0.15070291148604614,-1.1285428327365001,-0.07921094443188478,0.7063617526975104,-0.7168429361156804,0.09123294385498959,0.116568798623106,1.2292815059785471,0.48295303516085875,-1.05058607834008,-0.19606627494543538,-1.0848286920133199,-0.5108047755925091,0.24227121741592855,-0.07157326197934329
2011-01-29,-0.27297347895920143,-0.9308477696259848,-0.1874648949082306,0.7969304481183237,-0.847626444646823,0.1855803631291905,0.48147384148174294,1.2530211801719833,0.7700416877879135,-1.1588043909571488,-0.33829378542344196,-1.1269773730771326,-0.3740252993739784,0.21180108740589415,-0.0895793423422617
2011-01-30,-0.4624727040083036,-0.675532587448797,-0.29147614009285083,0.8597185547626839,-1.0144162596067479,0.17497350682528573,0.8837236792777087,1.112848377784595,0.9932136433684525,-1.1327146787992506,-0.4697234251311698,-1.105234943489217,-0.32967321775961356,0.12734683695474122,-0.010921110640918887
2011-01-31,-0.5871892007224592,-0.16840881746108377,-0.5101666358149972,0.9519018611944492,-1.0349856519181067,0.25887604573461304,1.0083639834076528,0.7775460840175026,1.171978221576504,-1.1060714953819022,-0.5426962893414685,-1.117682892702243,-0.14206787176805086,-0.05866383829645042,-0.0047673506309860135
2011-02-01,-0.5648081745946706,0.04460881587230886,-0.5351753643387963,1.0675771491014887,-0.7123330494345025,0.6511856714595902,1.3294478653377775,0.20590345300005072,0.83426312071146,-1.2116721916518916,-0.7210895404403754,-1.229792748909101,-0.5653697497516978,-0.25318825666176975,0.2662388324369115
2011-02-02,-0.40408221856717136,0.18987199578086048,-0.5395898754645617,0.9972650900329716,-0.5083065010947079,0.749504082263449,1.447926995542087,0.11063960495609147,0.7125457615233429,-1.0625730831337132,-0.5700598702843467,-1.1175408245439624,-0.7846635304578696,-0.5299433200752954,0.22029017319451547
