,1,2,3,4,5,6,7,8,9,10,11,12,13,14,15
2014-12-20,0.7481471535021738,0.8566909437330199,0.5822243995583987,0.5676306335703668,0.6420501569134414,0.5606078901047745,0.8582044554021635,0.18585432276206096,1.0014631686346844,0.8908192617063952,0.5774922180178961,0.9692421317393364,0.5907328319787148,0.6060221580623015,0.14817400408464557
2014-12-21,0.8593256026340204,1.0426867444748638,0.630547403487341,0.6887357099795163,0.7052842698733726,0.6621570560240375,0.9938205061052727,0.18113603030478603,1.1966556094961798,1.0100304768760275,0.6667835604552933,1.0846960698079067,0.6559290818657808,0.6725690693352747,0.16046511770641184
2014-12-22,0.9664818262739413,1.2264884958658775,0.6178928918122876,0.8145828518072112,0.7416229260262236,0.7224226475969788,1.0871080049545776,0.2046607531098675,1.3218170813410408,1.118265298779286,0.6968605691848816,1.204666749660675,0.6880507550344073,0.7541229330194333,0.15208493941347764
2014-12-23,1.1186241619437967,1.3533077597040972,0.6950114441021011,0.9432823899273952,0.7480958905059393,0.8554756750180027,1.2163705168407164,0.2512980827761161,1.4629925357991687,1.3049677994294415,0.7363346186020091,1.3575740880700446,0.7261469281142852,0.825750888726317,0.16210382590733072
2014-12-24,1.2221650116026495,1.4081899175933315,0.745450825866612,1.0077778182496893,0.7087853061535931,0.9171527819249716,1.2846474280240159,0.2589845494819533,1.5091481110494016,1.368598704575458,0.7643972389595252,1.486684765334294,0.7519242746918716,0.8272602046711947,0.18427485082612727
2014-12-25,1.3036379133428506,1.392813941130384,0.7822476712062206,1.05272253607667,0.6063466402494943,1.0270696956112244,1.304847848189972,0.3187853320943618,1.5524272201561726,1.3941692989746792,0.7409066338724414,1.5711016687595758,0.796716785037774,0.7101597398348863,0.2054902726864809
2014-12-26,1.4084387872816848,1.3993114517317777,0.8218176275829575,1.1481492793289874,0.5589487900820043,1.1573280612779808,1.3078237686515386,0.5642828308042556,1.5217677778299203,1.4276945009071085,0.7366265068789932,1.6887040636109982,0.8626854846510494,0.655073091845238,0.217098630365973
2014-12-27,1.5187289382974891,1.4357887655353196,0.8685942187252756,1.1899374685005117,0.572040816501045,1.1902350611079267,1.3341797028216968,0.7505466362358948,1.4336725805020647,1.4160833056026765,0.7356374009148225,1.7355894252280801,0.8805929454016228,0.5526507374095527,0.32155108467081167
2014-12-28,1.5818391521605855,1.3893707559082227,0.8462929481953955,1.095483933092772,0.5211641379371258,1.143544587243708,1.237816663838472,0.8230801914784724,1.2918663362657123,1.330832230259687,0.6495504239350456,1.642785393412281,0.8694127093866155,0.34495179505486295,0.4419975455656414
2014-12-29,1.6279212724574021,1.3499083430970737,0.7484932649517793,1.0299081255832878,0.3988717423336665,1.1103273073948021,1.1196851648804624,0.9545588109461933,1.1047926769350358,1.0709405885969216,0.5481555699927829,1.5966265440009777,0.8145165519963473,0.15629185274969837,0.4920598898774237
2014-12-30,1.6519255272964015,1.1888037617736134,0.6630695041864995,0.917397513112522,0.26386744979463644,1.0104556411735606,0.991673129998415,1.0959200541857435,0.9091446024715971,0.7576916732900074,0.5180418296110301,1.5301000506276796,0.7130637869390722,-0.10315748606633285,0.5402071611354592
2014-12-31,1.601514040603992,0.9137869216777894,0.6551142869290502,0.7196486001190017,0.04697635222019278,0.9207424676730536,0.9102610933954289,1.1833231650945588,0.7147960651786537,0.3943273832828985,0.5206229459117819,1.3785780657979014,0.5818523117461849,-0.41102895600506534,0.6197661253894783
2015-01-01,1.539489526652379,0.6907073925773857,0.6394568537042122,0.5635190208165247,-0.1171896004634537,0.8100205053141722,0.8485472273619703,1.2614442913007586,0.5445530777564189,0.13322951450167136,0.4848613984496432,1.2049639584442895,0.49044144079626995,-0.6005201913820852,0.744444824264501
2015-01-02,1.3697326849913949,0.3902246928199649,0.5292763837315448,0.3774997206641571,-0.35942880818168244,0.6105812192559708,0.7567312423023863,1.1852495437233226,0.33174166922359577,-0.16326223818584545,0.37913114739329706,0.9054742509785727,0.2854990718668685,-0.7769911648860586,0.7965043479882038
2015-01-03,1.1698606201047428,0.13936201493390699,0.46707212327318326,0.1896703758224681,-0.5182290640293313,0.39826028605322866,0.6664382969316298,1.0136879694852639,0.06596862494566852,-0.42232293436048596,0.4007048466324159,0.608502227498397,-0.04201326960861849,-0.8621153534465005,0.8844021392706601
2015-01-04,0.9759942882681834,-0.1079541942126774,0.44885838752936447,-0.011485678503234259,-0.6632844332110456,0.1258469898269463,0.6403272007894077,0.7189990990627912,-0.12378947929532645,-0.6121538398963376,0.42321743133433054,0.32146912812468537,-0.32852742737682067,-0.918261342323173,0.9850604732130651
2015-01-05,0.6882376333898912,-0.327400636759001,0.4210567734245631,-0.24107561546873674,-0.8523017917049386,-0.15306010454187574,0.5553898391142914,0.4599993073997821,-0.22511726995753653,-0.7685194022398031,0.4637083348382868,0.10547082776135527,-0.5538012849344609,-1.0263700993037939,1.0363014536650141
2015-01-06,0.413532412115868,-0.5048780269803316,0.319208036784683,-0.4979917276682271,-0.9983116696171451,-0.3530077452544514,0.46316097797626293,0.28600291701986263,-0.3230456560437097,-0.9235511643951608,0.5062919540841913,-0.07133575331370366,-0.6956734969768534,-1.0717626812948133,1.0621898071118232
2015-01-07,0.11046358982535329,-0.7277732368297295,0.2987751730314777,-0.7344536581492442,-1.0837844169587005,-0.4532367011600791,0.36006974827805077,0.05851928421904346,-0.45093414404897725,-0.9726344794134894,0.47228765164734976,-0.19679965538095087,-0.8204844803966002,-1.0265786622115474,1.1148709770013268
2015-01-08,-0.14460974978290814,-0.8884926704490393,0.26428641392277985,-0.9344477569518181,-1.185406439193604,-0.5659661538216392,0.22678489424632375,-0.21601221934044834,-0.5946120365055297,-0.9181387962427711,0.3779422415893756,-0.2587126129217311,-0.8807074702424812,-0.8940354576565689,1.13362900621314
2015-01-09,-0.36353186430885387,-0.9627833964394552,0.2334303965519202,-1.047065173242508,-1.2508422784733584,-0.7219671797055032,0.0516620201624013,-0.47722188194508464,-0.734444833608217,-0.7696860616411183,0.27802333668950413,-0.283169944141876,-0.8741464241577019,-0.7385023565872949,1.0936233658649201
2015-01-10,-0.5312538727054256,-0.8383542377697285,0.18773125945779143,-1.1039997357988685,-1.274896719054731,-0.7731124391172541,-0.06331552226570678,-0.6647730869574753,-0.8328914421707946,-0.6476628175408397,0.2584275414353725,-0.22301213577602325,-0.807344804502383,-0.5394242053025946,1.0278297181588931
2015-01-11,-0.6493373426185759,-0.6843727087274257,0.20959423915457834,-1.1555156225434287,-1.2104762792676194,-0.796325332581227,-0.1837791071667084,-0.8148265559868906,-0.8725406540253821,-0.5410351440762338,0.2914194483661256,-0.19615333657686146,-0.6713115131672884,-0.37538325923489735,1.0080117476616515
2015-01-12,-0.8046769807544447,-0.5934371384679628,0.20775579826008722,-1.2075169396870382,-1.185127265130051,-0.9060798343660518,-0.2440819347522836,-0.9271873618110834,-0.8837902889400594,-0.49176537613795246,0.29198972965068115,-0.11946080659333158,-0.4675570159203256,-0.27371967704952216,0.9870042894883633
2015-01-13,-0.9847423651874202,-0.5092166468212287,0.11608739559725856,-1.2532518456893775,-1.1748918679322735,-0.9438703867838255,-0.4405315663639358,-0.9598365360668587,-0.8357857565187161,-0.5092071631039614,0.25043594855683277,-0.007460985405183034,-0.2889408709932344,-0.23092811816229286,1.018682501380447
2015-01-14,-1.122686625486532,-0.5148949899872755,0.06525465505596573,-1.2711081692833912,-1.188342396173468,-0.8844139923048859,-0.6356143451385864,-0.9774012405417729,-0.8134680259721978,-0.5174182674417028,0.2552758354636783,0.12099275512931204,-0.15789931662470671,-0.17228727715447692,1.0287573787811624
2015-01-15,-1.3046273282363157,-0.5548217503267049,0.10302255252340685,-1.1901734421105552,-1.1896706584522796,-0.8630898240831502,-0.6785136442710911,-1.0262977849559292,-0.8313080668703321,-0.4526648880306977,0.24940594545678701,0.25897916380926267,-0.1145221818050522,-0.12107184441630461,0.982398629577451
2015-01-16,-1.4681773869731185,-0.5769233707842343,0.036577153522080234,-1.1349552223915484,-1.256321743311009,-0.8954651902176436,-0.5904329377417803,-1.060778933537936,-0.8682075505618589,-0.3830774079136757,0.2892250832217859,0.31113562002781575,-0.09206070550778729,-0.1654668626840071,0.9365429134111564
2015-01-17,-1.6792284129599986,-0.6035006998156975,-0.0359868972972235,-1.0902275424251264,-1.322870852986292,-0.8431389315074427,-0.4749872372508427,-1.0687626454104413,-0.9051911516005756,-0.3515822620383027,0.3515551379576286,0.3837569170313182,-0.07778423673075165,-0.24461257456105462,0.855873417089465
2015-01-18,-1.8312270221550124,-0.5997448623125429,-0.12139153453798755,-1.1071109516911732,-1.3982052621416188,-0.7135903866929556,-0.3647062180047503,-1.070265826814953,-0.9161104713144451,-0.4320764005654953,0.4241185945486741,0.5308496021829565,-0.11958676168271967,-0.3914328832539888,0.749486481603639
2015-01-19,-1.9697733107757684,-0.6726121909599116,-0.22402837319110985,-1.0956643152031253,-1.503962445194045,-0.6843297253922244,-0.2423927955475218,-1.0543179040334651,-0.9175672328414728,-0.5959189223678943,0.42901242253488897,0.6180414508938412,-0.23403036459025803,-0.6110039132908863,0.6472774781833806
2015-01-20,-2.1197983915767384,-0.7720738396483853,-0.4595007726379808,-1.0325351960723754,-1.640407519287981,-0.6945451191730987,-0.08254036166411738,-1.033993021583325,-0.9367935163714496,-0.6750630133879812,0.40975078939195103,0.7525883517034018,-0.3115201181341113,-0.8549455729606639,0.5510287265700151
2015-01-21,-2.1797525583113724,-0.8024617376612981,-0.686501506998508,-0.9856321212517026,-1.6866800294087225,-0.6111041821329786,0.048002729301607545,-1.026308056558294,-0.9455859399226126,-0.7732524853809598,0.40017180195047863,0.6982669885098337,-0.36235166926356344,-1.0144268823352818,0.42967177718740646
2015-01-22,-2.1714528488137983,-0.8107912159986925,-0.839323902981108,-0.939689291165584,-1.744766949328339,-0.515261025352511,0.21097902356917989,-1.0357534539170983,-1.0367063251800255,-0.8421413546037587,0.4597691165723998,0.5462495289669852,-0.44044647655834746,-1.1008659717237055,0.29303524409229265
2015-01-23,-2.1593188060096513,-0.8133526084984677,-1.055322998433013,-0.8701637369897833,-1.8234012009670868,-0.44925518442854157,0.36626164206227657,-1.1169097113042217,-1.16522384284847,-0.763263559364285,0.47593868783894305,0.31470865514734697,-0.4725381110976067,-1.115803182567338,0.17548779295981679
2015-01-24,-2.0681280238671276,-0.7947930830078634,-1.268429848226369,-0.8053450477995949,-1.971746011240927,-0.4058341750752508,0.39489761201440826,-1.2154000166026704,-1.283611267877341,-0.6608546261220254,0.5309995025538636,-0.001822335543833537,-0.4810404804697257,-1.0802307564588747,0.1188161080538805
2015-01-25,-1.919222353930344,-0.7722438807262019,-1.2844574514165985,-0.7256126778476192,-2.119531803538622,-0.39622428253948916,0.2987571896055264,-1.350020340944885,-1.3616266750378656,-0.5433596458437896,0.5156982514858318,-0.30822742352556215,-0.49439070323312523,-0.9862706678770434,0.0457340597726605
2015-01-26,-1.7226902850281895,-0.7464649227540398,-1.2543770229978404,-0.5713239318365394,-2.1628028527560983,-0.4971969885258618,0.16716159913580467,-1.3726156425919123,-1.416739544961425,-0.41558003065530363,0.39396089843724397,-0.680226721381466,-0.5579582564784458,-0.8110901800199806,0.026809781536086517
2015-01-27,-1.556583293199405,-0.67930666124567,-1.199430659552503,-0.38150966287728405,-2.116843835292393,-0.6247316687056282,0.035358909981627724,-1.3256641623925574,-1.4114044564799426,-0.19471398710497514,0.2358686254292149,-1.1645958416556488,-0.5886512028372894,-0.5153348395019273,0.031510863291884274
2015-01-28,-1.4010448645667857,-0.5970472054870428,-1.0804559886710072,-0.2635347061454465,-1.9929411561362158,-0.6508678966654557,-0.12238431651973553,-1.1725824616047222,-1.3598707651743016,0.013356896445675013,0.1845412651108366,-1.6172656523295121,-0.572663575359656,-0.19531258141840455,0.03353015803685324
2015-01-29,-1.2447801098076632,-0.45940343287728264,-0.8597766030677549,-0.18500473979190804,-1.7720317942429034,-0.6560982105896812,-0.36421129943740743,-0.97198756341529,-1.3665795271189292,0.17635613668221262,0.09324230308250511,-1.9681644971953585,-0.5929181496237037,0.08567246073212793,-0.07010943058144442
2015-01-30,-1.096691229743499,-0.35259068331527654,-0.6770993738079074,-0.07659211855962166,-1.5882036822626386,-0.6641030315169762,-0.6642368391960946,-0.7896446526358453,-1.460506649060148,0.4346265358571026,-0.06682002489631494,-2.224281395225444,-0.656195898116927,0.28626986846253016,-0.23024377422106057
2015-01-31,-1.022035848225211,-0.23175555814697554,-0.5579737659568743,0.03875077741306476,-1.333643386777622,-0.744806840576656,-0.8440155070810647,-0.6611466007453746,-1.5721910711040912,0.6628636969538201,-0.3235564971199192,-2.4061027994836586,-0.6573825548564353,0.3994245111736425,-0.4535808795403094
2015-02-01,-0.9162731977089196,-0.014424419245234044,-0.4513040583917144,0.10689700705003831,-0.9847812168590683,-0.8549409570276922,-0.9534084848916011,-0.42944283414726814,-1.597869034348735,0.6732645480880093,-0.6100358124602963,-2.517970288951729,-0.6896599716353051,0.48626994716108307,-0.6883850244462103
2015-02-02,-0.7678253026798056,0.21123724011511322,-0.37123660283030935,0.16253886708106152,-0.4533543248870872,-0.9198565273456056,-0.9823589096840697,-0.1797706746799715,-1.5824372624873393,0.6355718564672825,-0.9103259276400799,-2.537326915623453,-0.7418778900303988,0.5323981622434881,-0.9747183368909712
2015-02-03,-0.6281159588070019,0.4594194167123486,-0.4358288631437746,0.22594273956466632,0.1704495936293527,-0.9295022409639647,-0.9842805709150293,0.0682803305696575,-1.478702171853454,0.5665963147789453,-1.2186922779861251,-2.4777250401343442,-0.6995076164783807,0.5353105441469233,-1.2360885278689826
2015-02-04,-0.4544730941607128,0.7357616649678628,-0.5162793741419394,0.31583535925526945,0.7401981573988176,-0.8720281172356268,-0.8648136138220542,0.14577588820016615,-1.3385865778791475,0.4702404030304263,-1.4785107332993777,-2.3716451361936284,-0.6043163175201527,0.4828500248708563,-1.5233131196297267
2015-02-05,-0.2391550699739929,0.8280196397500889,-0.6990744187804512,0.39470210938585937,1.2556941508226307,-0.8565638296906305,-0.7252423129744634,0.14882752130114227,-1.164931892496065,0.2872936506214574,-1.6819833527928256,-2.138585501459395,-0.4276032172215006,0.3101339854724271,-1.6975461532010605
2015-02-06,0.022827000616848427,0.8198408704859759,-0.8286558011023526,0.4806131824069257,1.699709392593292,-0.9295836131510458,-0.592338926261207,-0.019474401795096068,-0.9637211130424214,0.07499417655840351,-1.9222204406174186,-1.9251511750690542,-0.24068762183424217,0.06637592599315194,-1.7087437616837142
2015-02-07,0.2791883678725367,0.7002982890012672,-0.9430528484512443,0.5666167538319694,1.9919650649415162,-0.9655101195474844,-0.4102742815720531,-0.21253523459617257,-0.6421193758546332,-0.09110406936573186,-2.140804510697432,-1.7573791251048978,-0.06719153536601329,-0.17967295105097988,-1.5092886333083677
2015-02-08,0.5697164406338316,0.5992450030683071,-1.0578088771423364,0.6113512231985396,2.132825984408249,-1.0229892718230393,-0.1431148646755881,-0.38397393477708985,-0.32892177155917524,-0.3301008071104939,-2.2762838053259213,-1.495041225552258,0.223146529705034,-0.39762074086707283,-1.2517545637726522
2015-02-09,0.8788427197625827,0.49906063048623955,-1.087383404142827,0.6946425868146091,2.1979692952008505,-1.1319008076642505,-0.01997430813110264,-0.5282325806035749,0.013936573607754315,-0.5482214945305987,-2.277631779622225,-1.2759414782158804,0.4082459304432764,-0.5411269506846155,-0.9839924581619283
2015-02-10,1.208600708313644,0.4104493714204017,-1.0382764350677318,0.8085799621552512,2.232244892686104,-1.213697228222999,0.08259316693845907,-0.680526606545239,0.3409461492278654,-0.7267080175069938,-2.2220986706597596,-1.1255327328600584,0.5619944343298517,-0.6901884456736002,-0.7295120294724509
2015-02-11,1.480921382234602,0.3120211363233186,-0.96927621030766,0.8826763853393018,2.1482239812842803,-1.2558941179460725,0.13649101545450834,-0.8566164146117574,0.6005059359413438,-0.9199703965765142,-2.184644749074032,-1.0222808892177313,0.6515284542453433,-0.8756352250455491,-0.4617199400985641
2015-02-12,1.7392416184045718,0.19160122558946338,-0.884578725568738,0.9753882783054166,2.03657446711249,-1.2928167884382178,0.24098555338728966,-1.0175993955941958,0.8192667826805103,-1.0956224995988617,-2.1601949271680443,-0.977034265822193,0.6306606535906844,-1.0525575300346826,-0.11526830524930806
2015-02-13,1.5338800266731565,0.24626164202387438,-0.9661113086306947,0.9172062699460803,2.0788363184798024,-1.248161441706971,0.1271693733167752,-0.9113424569142115,0.6092777833728085,-0.9925007346900482,-2.175142404806783,-1.0443692431215021,0.5476702057391954,-0.9407236702677396,-0.329792610625758
2015-02-14,1.8655209789211558,-0.028639955721796038,-0.990337369687708,1.015984015121834,1.867227760492345,-1.3621351570982183,0.24169095378825078,-1.115503701234196,0.8760766642102729,-1.1981159783017006,-2.1798065712088928,-0.9408602086738399,0.7029092814551663,-1.121250269994412,0.12324495930610962
2015-02-15,2.151734736487033,0.02909874592888968,-0.8770221069259861,1.1599004116351341,1.7477965175330077,-1.4677200599827689,0.42171775521508437,-1.2932618714487774,1.1628257087372607,-1.3449188712981686,-2.2395808366845458,-0.8896997289425819,0.6980424674869302,-1.1902421476849685,0.6200922255214629
2015-02-16,2.289510896958541,0.35824457566768053,-0.6666680646621304,1.2195256671531784,1.803480437811637,-1.5860352368142068,0.4219751278819518,-1.2602342595599088,1.248080714656624,-1.6483079078024203,-2.1291494591652818,-0.9721311151396107,0.3834440632448491,-1.2003530910629667,0.6551541797651387
2015-02-17,2.2878214768531433,0.479834412891421,-0.3780729924599104,1.17256722523876,1.9335207215374062,-1.3011807577734913,0.6315629972710011,-1.2768001796095283,1.4353338224276218,-1.9316319385327305,-2.098553444586651,-1.1510612740432595,-0.09108187802891879,-1.5120737673064926,0.9244658431280107
2015-02-18,2.18361393906741,0.5476351949757546,-0.45250781049484384,1.3355951912721942,1.9909133630144304,-1.2109386458082507,0.8251383624952833,-1.4000267096529913,1.6559685764616325,-1.8944637507266189,-2.2186256511501186,-1.0638739253581162,-0.3258010003698568,-1.5062770297315173,1.3870494450825577
