,1,2,3,4,5,6,7,8,9,10,11,12,13,14,15
2015-12-12,1.0513429227836186,1.025925112598723,0.932139060182366,1.3142448667359654,1.1631521531455473,0.8174789242366471,1.28374073378524,1.3983658359492375,0.9638618373616126,0.9090988314319618,0.9020502151946945,0.8056625516738818,0.5780590725296629,0.5698588732313502,1.1420528296326162
2015-12-13,1.1048558307057095,1.0623684369757187,1.0083304772173511,1.3702760546132144,1.2342302052010548,0.7343414826418139,1.4289508381271343,1.525289786071806,0.9889372819075483,0.907277839952148,0.8705363195668555,0.7488588954232676,0.4380161797288228,0.4839990480786046,1.2716946576407349
2015-12-14,1.1315935525071792,1.0944753147046935,1.0488154649072303,1.3526703230179542,1.2763264280297124,0.6340192287597038,1.5822316899344204,1.6639454357785728,1.0313160282466762,0.9917708831588794,0.8684022824320943,0.7032262370688345,0.31127030880718193,0.4447347706743735,1.357667746465773
2015-12-15,1.139759458150043,1.0365215703554804,1.0777882103381586,1.352755540180003,1.2964999215663862,0.554985910871806,1.711390004739184,1.8241215398157666,0.9757594542659878,1.0621252199023272,0.8505958705980807,0.6739628499965779,0.2556554620529089,0.42046172207258253,1.425504950503488
2015-12-16,1.1210058310390096,0.9243195554360014,1.0229364817236735,1.2502652391156845,1.30960350049602,0.4195596885158115,1.8016598374543447,1.8793248135994154,0.8779646534950019,1.100163492140787,0.7997540742074782,0.6474953564104019,0.11770465989917801,0.3905540835887953,1.3937012034080656
2015-12-17,1.094943529795974,0.7449335499752485,0.9956684605384071,1.0105007956540621,1.2751894608588563,0.2617889950586707,1.804200295165019,1.9073919330219105,0.7265494139354683,1.1136854278461115,0.7674111677956802,0.653784068355765,-0.09868230763562141,0.3461035907323935,1.341387594273231
2015-12-18,1.0380919646163573,0.5675097624031711,0.908446819404206,0.7502343083520404,1.1811127866032627,0.15441626370433584,1.6547374935437658,1.8380317480472539,0.5939396814567883,1.0755306811935463,0.7858274930318632,0.7016531849160347,-0.2776618016665755,0.30801145084819825,1.3043563340213382
2015-12-19,0.8807968076415655,0.33492751400700693,0.7676507307917431,0.4482018664050035,1.0127409221060808,0.06682096092776313,1.3776356136350605,1.732979728786407,0.40553917252480937,1.012669055247406,0.7517257262103417,0.7191736472523063,-0.4019046503623311,0.22751095219805031,1.1786382464320198
2015-12-20,0.6705346963386287,0.06763175603815239,0.5806718713386998,0.13914049845130036,0.7323188100509572,-0.08525811006524424,1.048212902674896,1.5986595447085932,0.1778227732078425,0.9535056014611206,0.6281872506189228,0.7443630702618262,-0.5410958440784435,0.17655061480111756,1.044637877512101
2015-12-21,0.467413778880389,-0.22813120280233032,0.37174571230396697,-0.17964727572683828,0.3374997720578314,-0.10471473302883835,0.714232867590307,1.4964106105865673,-0.017149102697546537,0.9628568586892098,0.5546490156772849,0.7465316649725009,-0.5980356921946393,0.12516804591419628,0.8320705848719365
2015-12-22,0.19582050730683742,-0.5214270849579422,0.08190970924260153,-0.48014163074711136,-0.0884835978768309,-0.22579977440254215,0.31856414297597097,1.315942656339233,-0.1753038881153169,0.8623193047467786,0.43433164940909436,0.7342892896455656,-0.6522827091708263,0.04844615809376517,0.4998418398989181
2015-12-23,-0.04785582895215809,-0.7661291882376283,-0.135864222346668,-0.6683334327515806,-0.4618478867260936,-0.3454684719781339,-0.10207918397027052,1.131475239355285,-0.35286998793003865,0.7513710569348623,0.21603064856859852,0.6596070710085676,-0.6947022872288107,-0.047335647306283576,0.2436902530574718
2015-12-24,-0.23743192862628346,-0.8832051642160498,-0.3756841685704668,-0.774790228070982,-0.7761986938949097,-0.555289682037644,-0.4811503678955196,0.9348743478109944,-0.45441916820068967,0.66177832262343,0.018746643014217298,0.5195431236323137,-0.7915033299192775,-0.13281876466723017,-0.05957765108696775
2015-12-25,-0.4219262947962574,-0.9111925280732229,-0.6622164841586932,-0.8150887205394965,-1.0533153429408504,-0.7432151901591291,-0.8532052693785778,0.7774525156358604,-0.44873403383436167,0.5324039514919302,-0.2259430428052764,0.3744592846284126,-0.8105093197734895,-0.0727236829351368,-0.28897843607575724
2015-12-26,-0.6474515422821872,-0.9516756031219069,-1.0389256072125024,-0.7214418924165169,-1.3469402901146494,-0.9014334115331986,-1.1389507164527624,0.5667022128512308,-0.3943330373315495,0.3974800296096581,-0.5561241946179696,0.2287394655959698,-0.6767173976271553,0.024538186011579442,-0.4713065978740999
2015-12-27,-0.8324885674040453,-0.9561756701412873,-1.3312919262655245,-0.570660490622138,-1.6065714933252357,-1.0072620908591836,-1.3436813847080311,0.3856769876231789,-0.36728654394961946,0.29560128995530804,-0.7745272539151826,0.0858335454857206,-0.5512654635877678,0.12102219256588162,-0.5648999860460635
2015-12-28,-0.9675499364102411,-1.0039899497779907,-1.5428830687928548,-0.38226925773215525,-1.7998083703732835,-1.1412335893761285,-1.4151972824840076,0.21488635045033036,-0.40736645990980236,0.22112347811753547,-0.9391814782242804,-0.11058663743211515,-0.5221734773884181,0.15966434042633706,-0.6433390355099114
2015-12-29,-1.0483207116262552,-1.027707094380523,-1.6325978620691697,-0.2360383267926774,-1.8930453732116768,-1.208289940326264,-1.5081473931041263,-0.058509106764917204,-0.5255857982192436,0.15329648953695005,-1.0607168115872343,-0.30799242373652425,-0.440263547034144,0.12834456889322138,-0.7616484190370529
2015-12-30,-1.1256550139708,-0.9825866253747072,-1.6810690184731873,-0.1355701265105834,-1.9515326098716386,-1.337856103488251,-1.5931337250831858,-0.4195945552800925,-0.6056398397851016,0.01663186738443501,-1.1836406446563665,-0.4096663585783806,-0.41174436508575146,0.08091399355836422,-0.9593681017231769
2015-12-31,-1.2525609096007706,-0.9319169768254723,-1.694740759896754,-0.02984399656198018,-1.9504272119566102,-1.4002285479388556,-1.6625135825222752,-0.7170542499187831,-0.64138687636625,-0.06274573976988126,-1.319277649146264,-0.534037099185556,-0.36593143484644947,0.031876833939415115,-1.1715148800288182
2016-01-01,-1.3875047754217844,-0.9095564724212285,-1.7216951596869388,0.06504395333141265,-1.9084631592370456,-1.408742351122473,-1.6514342649754992,-0.9639738918865194,-0.581736595289887,-0.16091612238663736,-1.368609631615691,-0.5895416819634216,-0.33337841311728206,-0.018210856286657223,-1.3540172417327956
2016-01-02,-1.5403394585688501,-0.9501490968423957,-1.7206904325592884,0.06518085731587707,-1.8855556322603035,-1.333429308127858,-1.720999201535532,-1.21139113683978,-0.5061752037669873,-0.2852925940866953,-1.4879619417033279,-0.7574311380276758,-0.31043838147914565,-0.178915430411709,-1.4735460753909906
2016-01-03,-1.6862230983529964,-1.0776391247281876,-1.5382459427858268,0.04824083395940907,-1.8877026740344447,-1.2082284520798714,-1.7672915867746621,-1.4327536059510286,-0.4921939024656906,-0.38173631564960225,-1.6177323592751325,-0.9632259501101875,-0.270857777070137,-0.43407039954157367,-1.622100469262073
2016-01-04,-1.797894324258282,-1.1702148642761443,-1.2306164048690758,-0.007837945090938674,-1.852096032549696,-1.0763561512106747,-1.8233327874408747,-1.6214865617896095,-0.5787828359414022,-0.45403594778538436,-1.6663810228008553,-1.2169025593609692,-0.25389787276066034,-0.7143425222977139,-1.7831770684686115
2016-01-05,-1.8335520847005935,-1.2485211507123908,-0.9263601808985558,-0.12110312979498553,-1.7801776790628212,-0.9441132990092934,-1.8513606737877977,-1.7751153610236454,-0.7095852738635234,-0.5921027032073192,-1.78509061148525,-1.4539891175747153,-0.31984138567287396,-0.9326539468549405,-2.0254888613826427
2016-01-06,-1.8185968175914131,-1.2670328739498173,-0.6635396308992191,-0.2371652994308523,-1.7096774171045426,-0.795402565406098,-1.8589892151854126,-1.8946668975557268,-0.7996950470146021,-0.7344053596658617,-1.9257874151873482,-1.6171745921360219,-0.42875378173025097,-1.068119051816098,-2.1612097205586505
2016-01-07,-1.819326471201069,-1.2849729585161986,-0.5510088104386275,-0.22125081748281178,-1.580916208103416,-0.657832888059326,-1.870631029993732,-1.879908899005247,-0.8393428064196521,-0.9094525614931055,-2.0382812330692732,-1.7809478169694273,-0.5024460179489968,-1.1691678753136499,-2.225045591511631
2016-01-08,-1.8513744992372785,-1.3203622318338804,-0.49098238739494754,-0.20356820162113815,-1.3251104742549888,-0.5914983763316273,-1.9170774248200522,-1.7844609740343755,-0.9515792943565928,-1.0841142506077748,-2.147383739639897,-1.9315409253955365,-0.4794860782700906,-1.2351182333967214,-2.1479756162904136
2016-01-09,-1.768183238969193,-1.3625256340653344,-0.43684288693515094,-0.23921466586398232,-0.9428118343526091,-0.5314203607699776,-1.907380583262556,-1.7856078186565914,-1.1250177042799931,-1.249059171906911,-2.2558617749530905,-2.0105783012311047,-0.43164902266646665,-1.2792889370581835,-1.9510597095055189
2016-01-10,-1.6485463491476708,-1.3179054691422518,-0.2667813095576218,-0.3692045042527761,-0.625872045864206,-0.5201505291594848,-1.893990796012579,-1.8339965507911862,-1.29098259742875,-1.4087122024999372,-2.26852778268507,-2.014403059498171,-0.3971904343984859,-1.3239099237357799,-1.7202970699439586
2016-01-11,-1.580095971443626,-1.2946733686522105,-0.06646561573935107,-0.52920645453221,-0.31172309447130636,-0.5078836864722988,-1.7510068089940725,-1.8876607653946553,-1.4759810698085964,-1.547531000187336,-2.187639602910747,-1.8844780152030574,-0.35837691290027973,-1.3174970908955654,-1.515248799637588
2016-01-12,-1.5036675999772358,-1.1242608145445607,0.09184659199974246,-0.7085364737675455,-0.004461291977856729,-0.5800676635852889,-1.5633999664537588,-1.9094586351118863,-1.6671080918827443,-1.680628521838846,-1.9484958019539613,-1.6886051959851789,-0.3554616868546974,-1.3393364120909872,-1.2367165569505822
2016-01-13,-1.4437797568696227,-0.9379837672266407,0.25607270656537623,-0.8250919031328888,0.3280437508863268,-0.5915217451448913,-1.3720998345763047,-1.8190911412120292,-1.7518405920419746,-1.7416750453058802,-1.6613897229937564,-1.4526694203183281,-0.34291233475856775,-1.3958943782088349,-0.9322166625965551
2016-01-14,-1.3758920962007786,-0.7559307390797586,0.41294584759334885,-0.8354744014268665,0.6637249307695506,-0.6359728466489368,-1.1469573897526992,-1.6941613712544097,-1.706976035208201,-1.742011253604692,-1.3314054509065607,-1.111674959602857,-0.2315843841244899,-1.4921960502745084,-0.606058926305575
2016-01-15,-1.3005697382719856,-0.6123930080756516,0.550428531347515,-0.7740637856860213,0.9223339382162605,-0.6711811504772102,-0.944766930746904,-1.6099353391150826,-1.5266295931403875,-1.762049223537325,-1.0965712205445426,-0.7263060381861001,-0.033134602653414225,-1.4971728665901514,-0.4153054680669882
2016-01-16,-1.2089654828094674,-0.5351411863733415,0.7535989610585908,-0.7873631102575491,1.1395609503205832,-0.6850275465405699,-0.7442856989360696,-1.6296115972009069,-1.3329044704921515,-1.7838762203118563,-0.8125093912027794,-0.3044131447049389,0.026197900866692044,-1.4225833974433761,-0.21432778051908766
2016-01-17,-1.0525258935705055,-0.3980559752568111,1.0424053446701433,-0.7795454862369057,1.2229966500623892,-0.6204405008802072,-0.5614590706357212,-1.6841187229013428,-1.0574808728644998,-1.7982648744722636,-0.4802965760504517,0.09250439910482149,-0.019412792830884356,-1.3453258867287994,-0.03612293466566465
2016-01-18,-0.8966500788591414,-0.23532751282679265,1.3187743911326746,-0.7749149598887445,1.1154980725297057,-0.5597686020709639,-0.42341083257043266,-1.6180284942083722,-0.8032580607917104,-1.7766231474531593,-0.08449641785963095,0.4390113625324297,-0.12111293907276703,-1.2546467313081813,0.05052731443091662
2016-01-19,-0.7023854709359015,-0.09880519406912389,1.5571141481512734,-0.6626097867983665,0.992707914639263,-0.476281548325348,-0.253265564031614,-1.438804870600415,-0.5864453898882147,-1.7780850543792774,0.20998821681302363,0.7758948636877581,-0.24702104912198716,-1.0719515012456002,0.10579334780928998
2016-01-20,-0.565242428820743,0.09302118856056128,1.7664674935461881,-0.4983242047389051,0.8935013436127985,-0.41364385696416484,-0.1702918194493029,-1.246682440863092,-0.38109077410444897,-1.7386762708791097,0.39121265907318586,1.0559212168180776,-0.4047553770011071,-0.9147077540275746,0.13530477245603165
2016-01-21,-0.5299011487013391,0.17168093544615848,1.954048490875345,-0.3389105711642659,0.8033587654269986,-0.3305350376331213,-0.13052536764261988,-1.077728778162781,-0.1252880940153746,-1.6538391263678516,0.4677405191765035,1.3426896407043216,-0.5194290424225059,-0.7462215342094359,0.18368159469185244
2016-01-22,-0.49968795883278333,0.26425654849753294,2.095415715985618,-0.24374962955522408,0.7313606904288795,-0.27738054457561084,-0.164617311025239,-0.9632306634781105,0.1405962571231798,-1.6151533744733009,0.5167155905376821,1.5565582010249799,-0.6174085787735462,-0.5758597580666052,0.22898080369548388
2016-01-23,-0.5772089086721673,0.44101051982138323,2.1709878835330434,-0.22859829104727744,0.627960533425546,-0.16581300341936292,-0.22096503045960814,-0.7760221771239513,0.34240921205102703,-1.5750872775776688,0.5664257864863275,1.6741906693059418,-0.7458661531242352,-0.3379506879051181,0.33286687128762904
2016-01-24,-0.7231460527938897,0.7558302323352903,2.329073589607192,-0.2708372246187502,0.5431055812132533,-0.014630470085032614,-0.24823554863152475,-0.5279125514495643,0.37001467806205196,-1.5380564738437847,0.7175921564446276,1.7048184828451385,-0.8504201375728259,-0.19855642334673773,0.5229000031910358
2016-01-25,-0.8738432593923333,1.1117530340316664,2.395553869211181,-0.3260933969079995,0.3851191028575612,0.08137401883554457,-0.2043856275689906,-0.1936254401088144,0.37756331786249303,-1.424805162656197,0.8721990546071897,1.603544937441288,-0.8400700352548783,-0.11529649955682224,0.7433637424189067
2016-01-26,-1.0181068689716957,1.3995007169186384,2.3534411657735608,-0.37739594455938497,0.21500424485672257,0.17263347564395065,-0.039404827684720284,0.204970262006687,0.3517707339443155,-1.3409111362206225,0.990632194374171,1.4478107122795942,-0.7790954969461005,-0.03284010637543362,0.9922666548027835
2016-01-27,-1.1376984572870785,1.6273631513460771,2.2837623266000096,-0.4509205496293114,0.14629567337218036,0.32757109360211084,0.0925155347257392,0.5344001199168128,0.2973711534337135,-1.2432856525211682,1.0347072287995278,1.3589504974914208,-0.722330812852805,0.10304848947960074,1.2540870781757216
2016-01-28,-1.2916883987647854,1.8051266415012828,2.033441076001946,-0.5438179488919068,0.12287627050969444,0.48040165956607245,0.2675934952670493,0.7796274196548211,0.21564986545380785,-1.1109351715294222,1.1265104953603875,1.236002991370526,-0.5615108473052062,0.18790704854195145,1.4516148582423067
2016-01-29,-1.3285416367891265,1.9294310937977381,1.6628191894548972,-0.6468663889936915,0.03939595037270239,0.6423270424371073,0.5088289320253105,0.9297009992743537,0.11042304255914531,-1.0084206092488692,1.259391659044011,1.0940678454871782,-0.33758586698155646,0.2566592940840779,1.692979866279724
2016-01-30,-1.236347143882022,2.107875872232817,1.2247879835969406,-0.7415809254496394,-0.04310319771094694,0.7819862085487954,0.7917260413839993,1.0646760439201521,-0.0005581722570953574,-0.8640537804592979,1.4002080122583431,0.9375470120112385,-0.031936205500877855,0.2840878763103107,1.8432992776347545
2016-01-31,-1.0771496561581655,2.1703660381386145,0.7932318004167344,-0.8857816320430285,-0.1381120011885557,0.8112460151108661,1.0952227619966177,1.171146788008857,-0.08640613096557817,-0.7035466959036907,1.4196372347464954,0.8007466329457021,0.21773045041089284,0.3673423969753367,1.866066785759319
2016-02-01,-0.8496196981845199,2.0410475242159603,0.4336151597289364,-0.9877812468630682,-0.2634847258828337,0.7303792165588306,1.3910183357417911,1.2081982093290204,-0.08790020824032296,-0.4131036047619331,1.3858521176786796,0.707950233822833,0.4287561968179542,0.3196744293260509,1.795066634400004
2016-02-02,-0.5640474009038947,1.860701162173685,-0.0002530362902223809,-1.048632937501627,-0.3863277755983175,0.5822467230432159,1.5645550838650597,1.2067552992131378,-0.011666128872439703,-0.027623412444546375,1.4120585969643171,0.5685540223991312,0.5881651248717593,0.2738400166276934,1.6310352751122494
2016-02-03,-0.2688654734879995,1.7738811913422405,-0.3925186174471954,-1.0495411638294965,-0.4687329028022513,0.36598753689693536,1.6020636395008585,1.1434255421067632,0.10719724173891414,0.32836743741183727,1.429483282260238,0.47043653220195786,0.7067757801011647,0.22358241310972363,1.3932794929113317
2016-02-04,0.024821129938538865,1.6863201148962446,-0.7466423882175708,-0.9543181900291339,-0.47219871821665216,0.19534259687522967,1.505493150478685,1.0904649434918168,0.23885266889740955,0.6991052364772942,1.4003496868071101,0.4201431274311765,0.8835170487081513,0.1382259533020508,1.0884899092596656
2016-02-05,-0.0519184246955275,1.7162099617013014,-0.6725247889416365,-0.9424378015565645,-0.5094343985675183,0.24270632221159286,1.4438124290672871,1.1788598835114552,0.2543376701828891,0.5649188908860563,1.4509507227714054,0.39599665880591306,0.8267358628333431,0.0866566197101687,1.1870441014419255
2016-02-06,0.2796890500483686,1.5155954096731654,-1.1837014910520312,-0.8631530058887986,-0.4642323930291194,0.056244534636048435,1.5075434116374498,0.9827617568223627,0.3845949814768513,0.9313420184382603,1.4140880437311314,0.31925746146991596,1.0826167622859821,0.016394039589430486,0.8788720809981229
2016-02-07,0.5454077782926718,1.2846475213332156,-1.372713101513253,-0.8224364796209658,-0.47288649153443624,-0.3092562401158255,1.368625376883058,0.8138495772985632,0.6128572469685976,1.3542629042816514,1.2588331168770486,0.23483979684139847,1.216522413900277,-0.19046960435082402,0.6206333370245154
2016-02-08,0.6585737712084846,1.0878170376752314,-1.1934128232008452,-0.6825781879395242,-0.6218268856196646,-0.663921816283345,1.0661107288061398,0.9051085407511428,0.8151511533222956,1.8690250415391751,1.3116333670372988,0.2415788581991462,1.0020672383331815,-0.4149315139489065,0.38418619458474873
2016-02-09,0.799729143006755,1.709357912593178,-1.1336115581919377,-0.15467660398983415,-0.7134319943656201,-0.9574538031481312,0.6713985862036266,1.1564370656037612,0.8083556557037668,2.0057781342465404,1.4685042024991675,0.0799833743270312,0.8528481003029108,-0.43599347096702806,0.17085674439100157
2016-02-10,0.9545263267048822,1.783555216042472,-1.1165900447441652,0.08824918764776184,-0.5860507960835385,-0.7847959293672659,0.4259244301339434,1.4370675093544192,0.7531401393208634,2.0204654924861676,1.3180148120415434,0.02483300818310881,1.0495610780221831,-0.4893829554666032,-0.05947825670187483
