,1,2,3,4,5,6,7,8,9,10,11,12,13,14,15
2015-12-12,0.22786055083028361,0.20437824684856962,0.21509056514673655,0.33225973391520786,0.33521019505144845,0.12198438129227443,0.07336026848622856,-0.17319219323684945,0.15161042898163718,-0.058032638623374114,0.2713394206221187,-0.05704418980501225,0.44445686817271746,-0.05191831254773789,0.07597703060554772
2015-12-13,0.27843024128469884,0.33944190574479155,0.2906900335154666,0.39531602844759767,0.45702782005100245,0.16352041563844744,0.11065352192346048,-0.1931780086649897,0.11553790101373858,-0.09648491308747241,0.3178230924278062,-0.12387840798270831,0.5502539754851358,-0.057151938211822635,0.12304470411762526
2015-12-14,0.3478471441423442,0.47141843894570223,0.3758772306308765,0.5049045679126276,0.593363315231095,0.23307319225182102,0.18351429863518404,-0.21205000472552574,0.05337984285891851,-0.08031329603040444,0.37578608534466645,-0.15907738603784416,0.723670638542729,-0.0631870315440513,0.22872657733628854
2015-12-15,0.4629099938215483,0.5505984514389898,0.4743696958650771,0.6438938502108502,0.7415056922079599,0.3150328018433206,0.24392439119905343,-0.19534356078956402,0.007778819227673083,-0.08227541176569719,0.32585615111197347,-0.2627050184955112,0.7953121525446079,-0.07295480357765079,0.3108486944346221
2015-12-16,0.6436715366947173,0.6625680752690208,0.657920256501572,0.8287907878449382,0.9769389932688017,0.4373662684777851,0.43273209095895576,-0.1262557435370959,0.05322205845159278,-0.05229582376087105,0.3029715093363788,-0.3090528658057858,0.8657821079709727,-0.026260158794263785,0.3470377320655027
2015-12-17,0.805692676161178,0.7501947171374381,0.8329834196484789,0.9790328466925605,1.2155804783617568,0.5813142248651374,0.6356413990634191,-0.015327320599267806,0.1184709885412329,0.0024827096996471133,0.315965455736044,-0.2772244321677332,0.930345592761369,0.06614330726749502,0.3957584646078828
2015-12-18,0.894887604786058,0.7979599430081884,0.9698215993448345,1.0051938965231313,1.3236866953334765,0.6884993408830372,0.6974633580400826,0.10126955378911776,0.12196667933969724,0.07268259507084256,0.32453217172831955,-0.3526045217828225,0.9159902544433939,0.12201456359395657,0.37671916261658345
2015-12-19,0.9902199573535047,0.8416426397151309,1.0562565285560048,0.8700662727320184,1.3695913796086374,0.6638751726275772,0.7093188822826605,0.22976622046314635,0.06644993535203418,0.16367703695659946,0.3162392033077408,-0.5033736288824224,0.8908537036490238,0.16918090966830035,0.28821522944523403
2015-12-20,1.1051554401641939,0.8957443204176038,1.0747337005424353,0.7467819132078298,1.4719383278865403,0.6684076104725862,0.7472498969563252,0.40119301072632224,0.02292147198583078,0.2893109406661991,0.35812103796587824,-0.49148827676186807,0.8175381230110348,0.166353361285651,0.24992090673541362
2015-12-21,1.1991264101626775,0.9546977700072323,1.069863011001148,0.5378057144199726,1.4241337691551825,0.6505380544114686,0.7174180724049599,0.548414755299815,-0.010886429137409821,0.44544399890593367,0.46108557443624265,-0.416479564537218,0.7209379764486153,0.15231719226171797,0.2710470346498615
2015-12-22,1.2470571725668218,0.8831536624806069,1.0417726306286452,0.3832884297702873,1.3189162953315867,0.6333060619640861,0.681618689560398,0.6753754149705241,-0.014683169775754835,0.5585075793269932,0.5729046420613217,-0.28439844463946445,0.6334632120763967,0.0913227826485881,0.32604110163560307
2015-12-23,1.2294744556622197,0.9016879756442571,1.0517101981530714,0.30679025382381037,1.1785514848416774,0.6021511207772653,0.6557987841332468,0.8480615698888373,0.08239783813447984,0.6830643056706274,0.6447725628263727,-0.18277560590753947,0.46146438410118523,0.04662819669771979,0.37049917376105757
2015-12-24,1.1270514909496616,0.950408040355219,1.045566049098611,0.16806387813604606,1.0157444782097385,0.51562329951158,0.63002589909791,0.9442395615195129,0.13137003244609222,0.7623137538655838,0.8362928478571084,-0.04095981956832324,0.29640970854191795,0.1434514246894985,0.39719984679683673
2015-12-25,1.0247998674903431,0.9888741715659475,0.8888711545755918,-0.043510321440917904,0.8272709177866772,0.4119383858190866,0.5578382873513832,0.9188605095276406,0.14755914871486003,0.8577173299347348,0.9480431328010023,0.15911667890233144,0.18546700543491748,0.2464479094061888,0.5336020413655884
2015-12-26,0.9837355236397977,1.0251658629193385,0.7066821142958463,-0.15865763380345535,0.6331285379651826,0.24010047467249768,0.5341449977475885,0.9570076289016196,0.18284917362711997,1.034037241291948,1.033944713396248,0.40676850165509953,0.12976951698313183,0.3157397165054788,0.6837630730297866
2015-12-27,0.9253312802625502,1.0415241310288477,0.4562651175530443,-0.16817462612364195,0.47192391964631075,-0.011597711004138134,0.6370621573838112,0.9981722416391248,0.22921697023213544,1.1976705539128711,1.1101090618109377,0.7192618021896376,0.16266260292466342,0.3621561369592483,0.8488633196492323
2015-12-28,0.8523489099119776,1.0299983416590917,0.27956125245137103,-0.12332904282658338,0.29303119459186217,-0.1985984608133635,0.7823935375813753,1.0671017658581947,0.3134250441738215,1.3506911573795755,1.2357925190251853,1.124683444713654,0.218448833872208,0.528744182990356,1.0364841086021963
2015-12-29,0.7875629625628635,0.9569239128738836,0.1368558003426123,-0.12680218433373394,0.06051182050338273,-0.364165511934737,0.8632495662742886,1.0552214672702094,0.5221016541776142,1.4702046027084728,1.3186329770632486,1.5113123277318494,0.23732353234594525,0.7898807392538574,1.1757028522380577
2015-12-30,0.6730720037925194,0.8497942326025925,0.0393962832725968,-0.1273327307088713,-0.07840779965100793,-0.48001623079237604,0.9412509441189346,1.01455895839197,0.7527198803720934,1.4919187654817383,1.2843083069456884,1.740260625973155,0.2074201429741996,1.0300598510637151,1.2463484570348167
2015-12-31,0.5874826904515388,0.6952480084406354,-0.046414510438438035,-0.13660517965808675,-0.21837103733171764,-0.5469163474153491,0.9575777128785025,0.9647351809143373,0.9938101087689585,1.4322865721456077,1.2148868799291601,1.9185065962062813,0.1473592551637978,1.3023503348970797,1.179817747277073
2016-01-01,0.6040409604292917,0.5785085218967749,-0.11422725546881203,-0.28669852034169674,-0.2580278723823449,-0.5378858960788195,0.9947122218626129,0.9221256178892241,1.2175314932817412,1.3339217426620498,1.175689311786847,2.0441822241618786,0.10397434656386216,1.4378778759428863,1.1215372231544507
2016-01-02,0.6268259295059491,0.4665666806797612,-0.2103788185924067,-0.35621111440298253,-0.33855008630960826,-0.4847492662983346,0.9834728013615086,0.9055889215321719,1.392746360726633,1.3095856488301805,1.0420752393184236,2.1363583450287873,0.12025491670846748,1.4016271237846853,1.0302968618466286
2016-01-03,0.5603547760093687,0.31552353078295503,-0.19972565059371855,-0.3314407475135062,-0.45285055155166754,-0.39787765072319614,1.0086144605174912,0.9861668575127588,1.571002618764745,1.2214582511063399,0.9647959256251911,2.1325207500887005,0.109607323506144,1.2871537851599106,0.862154658130945
2016-01-04,0.44865449732813173,0.12562298376369446,-0.08315779973259109,-0.3351190117724174,-0.5658721079110937,-0.2632149459762117,0.9543528998139313,1.0096390626468277,1.6445705727582203,1.0709504254396842,0.8157421723925906,2.031141248865898,0.12362082736532633,1.1613450754147197,0.648718515459773
2016-01-05,0.37538185832864174,-0.08624446361120974,0.1316259192051716,-0.2689259080232998,-0.7529057048291693,-0.09320593820938139,0.8216872828977565,0.9346332901634722,1.7222269113988684,0.9317477970265261,0.6050201964984374,1.8549233007083057,0.05672334104138185,1.0409980695982262,0.39460384008360283
2016-01-06,0.24487050852718428,-0.32904327431366237,0.2652928099874326,-0.12982261355593983,-0.8866494948764567,0.050147421701305914,0.6611822773069703,0.8105448556635776,1.759637832382993,0.8041897738744317,0.2937060787415415,1.5578802859305823,-0.02229135832790745,0.7460071512480578,0.1549099342570292
2016-01-07,0.06367088647602555,-0.4598806088217657,0.39459884284549124,-0.0064684910336321785,-0.984801563195084,0.21238964030929552,0.46457816828709875,0.7659010918319517,1.64953648026897,0.7162726854287537,-0.0877718553881983,1.1842021328081445,0.0041471029236501864,0.44337545815140156,-0.12044871472626802
2016-01-08,-0.046864577420924355,-0.5556355323122075,0.44257702721228476,0.13844300138536755,-1.064881495951153,0.3675162502616358,0.24568475222063804,0.77281525638858,1.4030954760672758,0.6548166870521634,-0.44506039076330006,0.849493840296633,0.11035833940402306,0.13466598632145885,-0.4674391078506416
2016-01-09,-0.09328262681395746,-0.5537222228308947,0.4480156794682827,0.28382411297175825,-1.1186347018620306,0.44718987516562597,-0.0006876411644844054,0.8012670055699191,1.1478688602504603,0.6445342346856616,-0.7352642367124759,0.5764544714000457,0.2746381922339935,-0.1999682482125738,-0.6900777687610288
2016-01-10,-0.15022584961714958,-0.6196694756525829,0.3210344142157963,0.5035224098777914,-1.1342672388594317,0.526038034769058,-0.29168102520412187,0.7713533006866455,0.8316471739332736,0.597486969344292,-0.9722780363542437,0.3987965771726136,0.495227741630963,-0.44681975093232723,-0.9183096536510758
2016-01-11,-0.24171496324637767,-0.7427683959762286,0.10776668657055372,0.6541232447210327,-1.0948057739094328,0.5653198369178131,-0.48898162262898437,0.6780904906915525,0.5119709113624126,0.5454945218843339,-1.2386919614697323,0.2759375638700502,0.7098218405388231,-0.57155473927513,-1.1398077006543295
2016-01-12,-0.35387791619577863,-0.8767359815297607,-0.16832051194047218,0.7864543563615503,-0.987713554493007,0.5487360753309348,-0.7205781859456137,0.5712468083238417,0.2028935246603548,0.4925011791638052,-1.4704867542886695,0.15007926770091445,0.923577814469122,-0.6592143910106066,-1.2364896848683895
2016-01-13,-0.4317074162538562,-0.8799810970003125,-0.39115902512169803,0.8267515075175269,-0.8334779272193042,0.5664517697034785,-0.8317668981604827,0.4983618546571354,-0.031076419269928948,0.34967415527751056,-1.6028813786464609,0.01593611195909242,1.0982231322986928,-0.7600887181690237,-1.285398729075319
2016-01-14,-0.5620427924683415,-0.8713913043032299,-0.595799591313467,0.7010258358778682,-0.5843004512720672,0.5951273457542555,-0.914301921052167,0.4533936923693064,-0.25985556211291005,0.19998763175562018,-1.6734872493841795,-0.020485167335062827,1.2625854449850429,-0.8256320890191381,-1.2693593869115936
2016-01-15,-0.6487418932124497,-0.8308891239849178,-0.7866758141373902,0.5394240308224242,-0.30231274946229986,0.6776907473895232,-0.9624794993047935,0.3336743258231413,-0.49916204547876325,-0.00414524040623922,-1.7005195012226717,-0.03838648916502325,1.35545938068799,-0.7897900388150403,-1.1956615344324655
2016-01-16,-0.6928043565836122,-0.8201554718333209,-0.9650560313581856,0.46094017436465673,-0.009009651745347857,0.6968373871034156,-0.9291606472700822,0.18397047824956284,-0.6477238066801331,-0.1963592737686392,-1.6745461084714752,-0.07100715236428391,1.3099158778053275,-0.8343343904086225,-1.0236640414074585
2016-01-17,-0.7593429441913206,-0.877631807908481,-1.1131475106972315,0.39562053432491445,0.23792483411065138,0.628481290263618,-0.8917115136697372,-0.04820416628117961,-0.6521502049077658,-0.2956617486259869,-1.5742601058084142,-0.06544522552543885,1.2276862901593213,-0.868330475986306,-0.7882356742612271
2016-01-18,-0.8166902089831224,-0.9207494963576721,-1.201170863872619,0.43102442680380076,0.4646368350518296,0.5123151138857125,-0.7843329069955359,-0.30430283788785223,-0.6868199438719537,-0.3596128852030339,-1.4589931427939007,-0.03210513852665535,1.1507501493758499,-0.8830694499450803,-0.6382891227846939
2016-01-19,-0.79529005012853,-0.9988149893675239,-1.1687900210473716,0.4969863874744358,0.6744359619351037,0.3821415631665657,-0.6338938265327679,-0.5623772891747023,-0.615225332237857,-0.39441706450781494,-1.3219089748129502,-0.03233919244468509,0.9807431252792382,-0.729604518776949,-0.4076529808216314
2016-01-20,-0.6803262046580056,-1.1065477009869626,-1.0537173550632462,0.5900351418804769,0.8341347870788097,0.2728533174794293,-0.5817622804901433,-0.7504870329442096,-0.5064048130445228,-0.41573868626310945,-1.1217162594965135,-0.07015401074114999,0.7947303687999463,-0.6424656708410216,-0.1823373890246036
2016-01-21,-0.5533373138863903,-1.1388288510420785,-0.8173245671898689,0.6715689201909611,0.9248384751740844,0.13694163901560405,-0.5946768881002723,-0.9844286353725054,-0.4273349977297306,-0.45018310342784207,-0.9405451505532413,-0.09997623364125639,0.5923614764694891,-0.5569932331229873,-0.009691873009025123
2016-01-22,-0.5478271909333912,-1.2286658333054183,-0.5956950995882379,0.851333133015953,0.9671743628605279,-0.017365353571660302,-0.6921159976142424,-1.2513924468091846,-0.32785466577220396,-0.4907437103517288,-0.7696122935327162,-0.12043585456194202,0.3867157372389245,-0.390811005106096,0.13634678012913165
2016-01-23,-0.5462960823581008,-1.2790619466212758,-0.39267420954944876,1.0989053979439403,0.9400169793057873,-0.23102244269229744,-0.7659850937180641,-1.4689173405951497,-0.2791246777709551,-0.5398249895030699,-0.6735991404666759,-0.21028093962073605,0.16910690740364612,-0.2058678051475767,0.28081493652307
2016-01-24,-0.5315145576341886,-1.3089033509083003,-0.12585522375418276,1.2824744635602268,0.8495884095773991,-0.48663979529214935,-0.8642853732412031,-1.6031619551031377,-0.20063672550748318,-0.5612518492101602,-0.5700347509374769,-0.14947392554130115,-0.0077026471683220195,-0.041335697489320984,0.32808408371441283
2016-01-25,-0.5420596709707836,-1.3422279495193503,0.1974880460912179,1.4319010523732572,0.724023499265622,-0.6592133778433854,-0.9015802460232581,-1.7196110824711894,-0.1357412770074567,-0.5761442053533489,-0.4334140745676648,-0.03131756105402882,-0.1652603840271223,0.1057199621423315,0.2931345370366999
2016-01-26,-0.5597884306344091,-1.257896619368808,0.5561249015093964,1.5252513189310317,0.6387964503023134,-0.8027003441467868,-0.8681845977538885,-1.7785517790749181,-0.12313886798906659,-0.6176346646703619,-0.3799608561075905,0.08994463963411678,-0.38278166276202497,0.26157323683479755,0.25250905834106
2016-01-27,-0.6137495261842306,-1.179511495068049,0.8880932070595681,1.5420602991881542,0.6391139178233771,-0.7921775943773922,-0.9153289537835552,-1.8273531150363034,-0.13826259301900273,-0.6541876919364306,-0.3552810111030567,0.05377572784927364,-0.6116938629083934,0.4581523625830089,0.28279878747602377
2016-01-28,-0.6966228162753128,-1.0642472972844637,1.2573909555765148,1.4263167009382332,0.6641876113569879,-0.7024142836017209,-0.9350253789584672,-1.7218339274110552,-0.22230504653786703,-0.7695394719861314,-0.4343371687986103,0.013735456991477884,-0.7668783353129445,0.5494511487097855,0.295261609203187
2016-01-29,-0.8880418954502544,-0.7768223377851469,1.6020031742135246,1.1964979666841515,0.6158254764576179,-0.6150574010983046,-0.855752239605963,-1.606577473726658,-0.3162070188093111,-0.8692672119319688,-0.5423239223805889,0.034465268022215154,-0.8073281426841448,0.5680394338574362,0.3399493289429453
2016-01-30,-1.0586959736427075,-0.5118555870743527,1.9002917581678513,0.9766483934340587,0.5578182306892344,-0.5200176131839352,-0.6558975579841732,-1.3727410613111304,-0.4708058065883957,-0.9021789832666128,-0.5854809735425904,0.10071834393606277,-0.8396372948518863,0.6469852703982166,0.41822503373482683
2016-01-31,-1.1015234483231966,-0.20923568956385782,2.162542023884616,0.756319131293806,0.5211898037580663,-0.3685400320214538,-0.3738350469263942,-1.0656512064910804,-0.6251889829596979,-0.891283031170257,-0.6075742683313977,0.2023087721833276,-0.923687010691195,0.6986998522277508,0.4679712795435312
2016-02-01,-1.121925635358964,0.1046984891964065,2.3823138810193782,0.5507586306880973,0.4471592301283837,-0.1813837120461762,-0.07664339715875487,-0.7270483423053087,-0.7346408387377344,-0.8440324741518942,-0.5806174828076838,0.32499351373410507,-1.0133171546272473,0.7115435986401675,0.4935801891791733
2016-02-02,-1.1563453450291532,0.430379889652249,2.4634068415160257,0.3681760310417309,0.35033103393962334,-0.0805281523841995,0.2555245548050645,-0.4220622193373338,-0.8187260252918872,-0.7781932101001469,-0.5315169386480268,0.34791892399328034,-1.0402901011845713,0.7306133772573803,0.5210064621446969
2016-02-03,-1.2132424853314774,0.6371077706616964,2.3163852364160302,0.06737830958645012,0.29573665310012326,0.03646553556969197,0.4608535177744328,-0.18588155295287156,-0.9400556445788734,-0.6706125930049579,-0.4530608770237573,0.28355261916135915,-0.9600035806742218,0.7625489625712794,0.6294278805295129
2016-02-04,-1.324535833452551,0.7668543895759329,2.063846109959758,-0.1946229742502015,0.1983084082147691,0.14526828630274918,0.6673690088146388,-0.03172954865536169,-0.9888749742196032,-0.5471494600702386,-0.3680751480968752,0.2148923061461788,-0.7533029737470053,0.7510921015685783,0.7326513934129256
2016-02-05,-1.3134066453999569,0.7927774635667317,2.0853770046391853,-0.1368318038616664,0.1933558796331839,-0.0034957857323830864,0.6732064941072409,-0.12183964801314306,-0.8833519675468079,-0.5384081664134611,-0.30870158527190134,0.30005568704916213,-0.7888296129895472,0.7197863419369086,0.7420556394998994
2016-02-06,-1.3075179818968001,1.0049091755123056,1.8920454397214226,-0.4421692651845324,0.06213199104475816,0.23097719628632166,1.0328819375489608,0.25069197923416314,-0.9891429563147041,-0.42474902117276087,-0.225966004918632,0.27391981109246255,-0.5186908466246242,0.7525796160371835,0.8281688042397225
2016-02-07,-1.3101757244382404,1.1720721624293018,1.7175705453547396,-0.5400968567780068,-0.21102495266287716,0.006195329676352075,1.4604084491700209,0.43411946167504556,-0.9975132898620307,-0.12586442844745682,-0.019353290282535848,0.3775725065525195,-0.43782090652079064,0.7499834372006754,0.6795144821053547
2016-02-08,-1.3538928555945593,1.1102368182599631,1.3313098597385264,-0.6247089641603385,-0.44432940022102896,-0.45052485993359925,1.5130326821094173,0.3289515680949654,-0.8157783848352324,0.189285490132973,0.03173680881940103,0.29757379499305564,-0.47821201082954845,0.6190477626180705,0.3796964728918976
2016-02-09,-1.669920217365132,0.8741302492165501,0.5367278766897735,-1.0868140358184353,-0.30449600168206603,-0.7333240169946668,1.1637472413115388,-0.16598637896628898,-0.6587311353656226,0.4913352975728388,0.06032037546899414,0.023462124945450764,-0.08871359499512159,0.3498981095293449,0.390711734818254
2016-02-10,-1.94109670169595,0.8110791652534767,0.4055468685446858,-1.0014086569031277,-0.28547397151907306,-0.7632843145435376,1.164351233681498,-0.4965680361137788,-0.45104723914651984,0.5402787487275308,-0.21249830728280275,0.057092017295212925,0.14032654015950297,0.11749726503985977,0.48846900685742417
