,1,2,3,4,5,6,7,8,9,10,11,12,13,14,15
2015-12-12,0.1882073533978497,0.14971959241700974,0.174835519907436,0.29454934555634243,0.3080664016298419,0.042258750661485385,-0.008949881159417507,-0.16743861301282156,0.11788894336291765,-0.09338705343410997,0.3046874881540139,-0.015933099810716556,0.3882208453389022,-0.10055121758834402,-0.06346353810947158
2015-12-13,0.28583376944630723,0.28090445512486373,0.2778495959306474,0.41605540281607495,0.4683507365083311,0.07841034020582963,0.040648239266941874,-0.21282998386310922,0.10066063068881757,-0.14770656839507076,0.4056916434301243,-0.03016026329230415,0.5316141920942491,-0.11508811148938312,0.010932056631719304
2015-12-14,0.4368858532579551,0.42337331608426554,0.45580712193297307,0.5589406264317186,0.6580466269160137,0.1775247355864364,0.10862786725651044,-0.20285161262099807,0.09131931832826382,-0.1529394682054587,0.549341749702383,0.009943420794565769,0.7430196558198793,-0.1477145063063049,0.12869556785746833
2015-12-15,0.6026024396954918,0.48765664985559753,0.5951008882000919,0.6332887621348583,0.8765926931264578,0.2949795106227812,0.18123725432313542,-0.17413871112844023,0.09756736792262279,-0.2170138415021235,0.6196913350914234,-0.043164287016836826,0.8079525753469118,-0.16813095099767172,0.18903518914037573
2015-12-16,0.7593553259524196,0.5479161969975521,0.7574753596369285,0.7671112228016667,1.1307109457891,0.4228646270325021,0.3949484627465166,-0.08478599437098219,0.206129042145064,-0.19222314228874146,0.6782702110917566,-0.04136990261456645,0.9342298040145675,-0.09753043291190987,0.257141366494524
2015-12-17,0.9235724704578008,0.6606691083207695,0.9451184288492509,0.8970360351791785,1.3643542007113731,0.5301957098940652,0.6380901428712995,0.10672976277620627,0.3391959983726938,-0.10222086884378437,0.7533264038758378,0.04580796304144179,1.0730059494980082,0.01355249440445205,0.3928492186136177
2015-12-18,1.030365964391183,0.7068353832640965,1.09326192615718,0.9452897807111404,1.4614887118739235,0.582874734374158,0.7674871610080308,0.3063689084243973,0.43275768835769823,0.0027939710817250813,0.8243098179394098,0.04447900925471373,1.1282560465688678,0.057256279841731386,0.4347894723585936
2015-12-19,1.080292295370818,0.7477998189864957,1.1964084110380817,0.8519069769377788,1.4899791286701156,0.4658555877486017,0.8459535964306005,0.43383440087011405,0.44245011820951585,0.1239272747028604,0.7998448837272979,0.042341761041310245,1.160212940470538,0.06538953715643826,0.4720663368871022
2015-12-20,1.1597469048550406,0.8524113974104324,1.280627755935146,0.7333589819731391,1.5313507611171895,0.35077970956196847,0.9228247983271392,0.6003395230659841,0.4775755900216061,0.3085895839524143,0.8218704825267042,0.08459666864064336,1.1587201575341866,0.06687829684253531,0.6143419937941557
2015-12-21,1.2479045174745176,0.9976806820926158,1.2981180532592,0.5367447428242026,1.534736859842291,0.25881098537853836,0.9277926941426202,0.763897375165629,0.43021206955309116,0.5275086703618829,0.8821317557804649,0.12065092985538849,1.161220828135741,0.10937347355047639,0.7256951413750699
2015-12-22,1.2765119792726982,1.0215433660283963,1.2736562884325486,0.3435446978244899,1.517297935743508,0.15356770041968298,0.8322495465998623,0.8969040790147177,0.34246648665933954,0.7430041468976719,0.8759162866391986,0.1954413408896854,1.1384173541112907,0.08775182861012741,0.7687789171891649
2015-12-23,1.2310721268624563,1.0952095431884252,1.2150069071305851,0.25785489467505657,1.4528727622033408,0.008760753072260853,0.7225109380087863,1.0070307059431693,0.293762796073273,0.9329454434333762,0.7554575628909322,0.27862848892706843,1.0011085684068626,0.06930069100080923,0.7953922205096707
2015-12-24,1.113962030825667,1.1996436299071525,1.1680028900947308,0.2853862895867425,1.3032395917830475,-0.1876932184786578,0.6410700893110801,1.0868008132671891,0.23965839123578936,1.1472681939456895,0.7165729482471361,0.4521051343464259,0.8667890072671853,0.05090546269439508,0.8143212302622519
2015-12-25,1.001516913992988,1.3045952206309315,1.0748944263321396,0.28889320281248004,1.1772321893834725,-0.33600332592502524,0.48600209803989186,1.1257004183094725,0.15274617158718423,1.312228507175342,0.7403775423034855,0.5926843205082644,0.6614559381884897,0.029605946248092624,0.8647447209777839
2015-12-26,0.8526865514830754,1.285018457479773,0.9923484742355136,0.21638564189600276,1.0571472109686255,-0.49376496207134973,0.3197244306108606,1.1587297055178258,0.09224478767975315,1.4150846022669128,0.7795525770418603,0.6803617089087918,0.41856844883981037,0.04029168757933051,0.8537718357738392
2015-12-27,0.6919012378448067,1.3433141439678613,0.9159173918871194,0.17566175701521594,0.9294499235301911,-0.6168979518574291,0.2155572815037295,1.1809816024380786,-0.004680930854954149,1.5153940104439494,0.8024178661866247,0.8663513377595399,0.27025428765906095,0.010206236135540227,0.851357272964191
2015-12-28,0.5523158111042574,1.450059598439696,0.8202868468587318,0.1396694611716693,0.8619658824319899,-0.5601748300222733,0.16537372810248244,1.197251883273238,-0.033241464240049555,1.6530669648711136,0.8946935019992336,1.116964639491915,0.14878817793147758,0.08703186556281332,0.8189135833896759
2015-12-29,0.39503416313188155,1.491098610111148,0.7495964432652228,0.08549682856204112,0.7884283827330036,-0.40094789039813916,0.10095396200939367,1.1703303270939092,0.03346601960087971,1.8051746555519277,0.9795847871415466,1.4026449543695692,-0.01593888612928525,0.18737598339159053,0.7375503180161039
2015-12-30,0.2542264881331592,1.4130277323883038,0.7374292713697891,0.02205961338128126,0.5922667344077528,-0.2565117801679477,0.12651381969788825,1.0588264034711063,0.22881169794985118,1.8960790895021773,1.0383751704482647,1.6595553459686456,-0.22818784122181238,0.34385944290668635,0.6124685918862871
2015-12-31,0.1878285104368865,1.302771200637794,0.7100325497528908,-0.014757234556181942,0.2957664523907896,-0.06384133119025562,0.1660429451999626,0.9149479441745669,0.4718193319530145,1.9354526924839437,1.0662548955736506,1.8065921340624398,-0.5076189121044046,0.5929304676483843,0.38494226501712686
2016-01-01,0.2296605289605388,1.1413448282524778,0.6604504479519298,-0.1453960080884108,0.19708473640637192,0.08428214746936011,0.2649490862120835,0.7967035806364976,0.7164430298337081,2.015716335814945,1.1695775852048391,1.849714195568051,-0.7639452429247554,0.8130188425266879,0.14913814545198883
2016-01-02,0.3127860787559782,0.992301590500433,0.5297627371060756,-0.299776622257648,0.13057452849545653,0.2776971343370138,0.29264908429888586,0.593397838413644,0.9430784706505132,2.0672015286361427,1.1705293469690705,1.8022032530843484,-0.9843225321102538,0.8985150550839386,-0.08477710134037904
2016-01-03,0.3921438791087977,0.8053135895414892,0.39992077719068236,-0.4551483758486247,0.03919100860531773,0.4897308455740853,0.34119415874319403,0.4271782749282269,1.1385533897775968,2.0675208182051854,1.1339589585351555,1.761460348502129,-1.0540654090754342,0.8833220375730587,-0.3209835884975984
2016-01-04,0.46157485847085594,0.6494867801028991,0.2943684820966073,-0.5395370482024702,-0.02582750808837805,0.7003941834182369,0.3115648686218652,0.2681571126460648,1.281605621420784,1.9752966731017065,1.0516206883509964,1.687303748135801,-1.1073019700705173,0.8165624279395438,-0.5564299588846451
2016-01-05,0.5107453436053302,0.390240644981006,0.3180906537091873,-0.6139445719594433,-0.0665424221577828,0.871305716710376,0.3001049495932162,0.09058239122229395,1.421537136811506,1.822925694544908,0.9912800291173764,1.466807058528026,-1.152320992515342,0.8073815046872166,-0.737987431106223
2016-01-06,0.5825701592765631,0.12334468402658755,0.4114983915086697,-0.6363026641598234,-0.16580723532818945,0.9126699939845718,0.33987651104101263,-0.0921511798052001,1.5226352732391915,1.5610135435195924,0.855881442792034,1.1261514463385571,-1.1976215544144795,0.8047651836398547,-0.9558994254758723
2016-01-07,0.6570266434517353,-0.05697507257528106,0.4800770831591135,-0.5928945508740298,-0.3009797230575231,0.9128921897299493,0.4110840088524735,-0.24946190283806177,1.5490254364410752,1.2584144563983017,0.718137060826207,0.7524273520726786,-1.2042911265373113,0.8131913393070463,-1.2057314658728457
2016-01-08,0.6414122121864881,-0.2571493316120894,0.4796570896956311,-0.5419903114862786,-0.4086957071419451,0.9086239942326096,0.46168735227253926,-0.3031521430931485,1.470824123427523,0.9719369379290617,0.5051200310704984,0.4044732995022322,-1.2078003736823182,0.698621276855172,-1.468559492052004
2016-01-09,0.48801330802825615,-0.3954768630053729,0.4670971526667868,-0.4848092272410689,-0.4507491240796729,0.8354630919384326,0.4358649625548133,-0.30290167833327497,1.3451758652845405,0.679918463910983,0.3710105237721456,0.06155856961779534,-1.1866420930893986,0.5049532718360205,-1.6581875286946115
2016-01-10,0.3045002232733104,-0.49921752567554917,0.39745529858900525,-0.4158505096775765,-0.603546638952755,0.7923009026985831,0.33603977956375536,-0.3323919489609786,1.1794955697145373,0.3789799158470429,0.24387291518418228,-0.19485459429664542,-1.1238407282278398,0.41784225801704855,-1.752901337318644
2016-01-11,0.08031714392266691,-0.6388469460221213,0.35976102049293884,-0.3319331951309461,-0.7729583195645239,0.6726642433607971,0.20524368702806076,-0.3339521417469415,0.9450706191552645,0.20384959272816391,0.13653063825268222,-0.3251196343699155,-1.0520337956806423,0.4384798736543775,-1.8714891419598978
2016-01-12,-0.031205437967767192,-0.688629409324736,0.34860643143803577,-0.21713800259489208,-0.894964297522063,0.48503401838918264,0.11151394423772375,-0.36911529886614275,0.6751059626476378,0.03541289083170438,0.04195295971263413,-0.4653549871514878,-0.9971635278261087,0.523810619907308,-1.9054357343843868
2016-01-13,-0.0628738052266798,-0.6804917056871163,0.3286177021138559,-0.13329793390770736,-1.0241949424937018,0.35427924184624415,0.17339168111319306,-0.4581645399210398,0.40220469780015794,-0.003224993469133285,-0.028526099176476742,-0.522152858093846,-0.9022851770546009,0.5608273962891024,-1.8268100516512593
2016-01-14,-0.05017722827351011,-0.5632150036991519,0.2383747866294506,-0.033119271613421444,-1.0900957774210902,0.28439234423965276,0.2115038439036156,-0.5380272748139666,0.189886981298845,0.038340212065141474,-0.16424894061969983,-0.39561826662209126,-0.8814448894347812,0.6373396732615323,-1.7145718073209744
2016-01-15,-0.042789751824003956,-0.48346178426255154,0.07455382385683591,0.06345556175701529,-1.153565106319408,0.3154591227141753,0.24000761593924014,-0.6442748419933224,-0.026226976023793244,0.12774500147075224,-0.26043779787970367,-0.2060434259701292,-0.8585400190805264,0.6650786428536506,-1.5589519389961963
2016-01-16,-0.04012970803338392,-0.513417206695421,-0.1048441738049907,0.13601261679091692,-1.1995711943224627,0.3471863152123447,0.2427065820640836,-0.7916596132038457,-0.22804840651792155,0.23725877271806048,-0.37840998027170636,-0.15530092454383862,-0.9044735979581054,0.5902745736501714,-1.3590214411008044
2016-01-17,0.019578561029235754,-0.5781393387162823,-0.27507681463277334,0.2399526602123481,-1.24088583000899,0.2996209381589881,0.22496022240216956,-0.9015090310081431,-0.38733953773648827,0.3026916060617692,-0.42594071755251134,-0.15976942982203643,-0.9217517171676162,0.5443930013454797,-1.0635551332301718
2016-01-18,0.14008117172880272,-0.6017846086571147,-0.3617101666170048,0.3485750067721049,-1.2986575968997098,0.19668097701944195,0.31426803253105096,-1.0024640159028104,-0.5128905414052592,0.31914854749705346,-0.5236578057745287,-0.1137108839511533,-0.8537483251667071,0.4542115607844537,-0.7122996682266909
2016-01-19,0.20376961797684187,-0.5913511778178681,-0.37442366874980115,0.4727173392654148,-1.2994352401944178,0.03590011702392876,0.43761698253716286,-1.0767952774413452,-0.5888179373171788,0.2750429592792511,-0.6275912548103517,-0.09085699285804329,-0.6946505623392031,0.35710265083883125,-0.41611161205797825
2016-01-20,0.23689608387237876,-0.5600798005069049,-0.39388277014449075,0.5279754268074887,-1.3160496282708105,-0.03607628044901728,0.506266098483491,-1.1271340495764957,-0.6614410977984404,0.08709641525665185,-0.7591450850546851,-0.08720556582586778,-0.4262308646548242,0.2587228608626449,-0.18784995310705394
2016-01-21,0.15052939315987257,-0.5685002834401223,-0.4304111034995688,0.543667830603939,-1.3371736916196082,-0.05112606017381792,0.4999670097443905,-1.1756898014904207,-0.6914503054122456,-0.08171526323096408,-0.9192838270185683,-0.045659024756179376,-0.2316285969018769,0.2009461483085953,0.074666465380618
2016-01-22,0.021767562529124714,-0.6040724369873584,-0.4831350917483511,0.661710229134264,-1.417186789627675,-0.07193782718691247,0.4031221614788165,-1.1064389406965336,-0.7238286133982915,-0.3494633852018609,-1.0774520029792145,-0.08305119434544227,-0.07246603706874076,0.2198132110570598,0.3322577900975843
2016-01-23,-0.12450418888834078,-0.6815349403931168,-0.5893612721070743,0.7903559431664614,-1.5243123980642226,-0.13577772176778866,0.3046220302309378,-0.8844884364109954,-0.781385345747476,-0.6565530118278011,-1.1444031078979868,-0.2839589963217469,0.08359160393369487,0.17570133396596657,0.5865956299760835
2016-01-24,-0.22249245898201225,-0.7183963743793498,-0.561972551416968,0.8947585380996754,-1.538340828311872,-0.24566336569070793,0.11531213355796989,-0.6144013085604841,-0.8698187867057401,-0.9123098695406797,-1.1060626462968293,-0.5476356111389733,0.25031487960628224,0.08184046220828194,0.8225659805375489
2016-01-25,-0.2628662613820787,-0.7904917287301793,-0.5245583404060334,1.013202772329094,-1.4834392500142204,-0.30835303422637544,-0.024591628992703188,-0.4499694201316931,-0.9958878269141885,-1.2104793146394839,-1.1199878729804091,-0.719182354101578,0.4701279348457349,-0.031892562332935526,1.048538968437949
2016-01-26,-0.36599673153710244,-0.8116615868304653,-0.4534307835085442,1.0711680717068834,-1.331630697761203,-0.33751701289629976,-0.11344484132213285,-0.3604016680084708,-1.0612247589320343,-1.4100406612423322,-1.2525237027754292,-0.8756732233098862,0.673094083818783,-0.1548883903078748,1.227297579401133
2016-01-27,-0.4453067903180729,-0.8531692743512888,-0.4334901344122367,1.107706851317165,-1.1249292193512999,-0.2578686928420914,-0.2412039009103166,-0.27642118771001506,-1.1508689863926802,-1.477429522132281,-1.4002515214121225,-1.128556518407339,0.7762386811509306,-0.19520551523000718,1.3867679117321772
2016-01-28,-0.4738616767803881,-0.8032274376173226,-0.38402379686521243,1.1230739603118294,-0.9314024343272693,-0.08358113426412159,-0.28370068409801324,-0.14101095688101276,-1.2494556824881464,-1.6053399931142582,-1.519776728336901,-1.3233414137180148,0.7945171604254705,-0.26454871915302125,1.5835068384206588
2016-01-29,-0.5143597409409078,-0.7227375589007531,-0.3765320841241086,1.1987517504160903,-0.7632155657457955,-0.005094764767338993,-0.19202578238467913,-0.01384777704382641,-1.262071091034445,-1.6070998686222957,-1.5764116981252712,-1.5329345573276065,0.7336765495941191,-0.328877629292928,1.8125904443446343
2016-01-30,-0.4558626680635293,-0.6412065087869661,-0.37267724336838376,1.2766295377187322,-0.6349932505077569,0.019917800588670723,-0.08348878411368844,0.03783026918299404,-1.2827831722546095,-1.5434839187288496,-1.5732473782459606,-1.6839460718858323,0.7016236182892369,-0.4307829608089297,1.8832598971296473
2016-01-31,-0.3558974308270079,-0.4626474517767278,-0.3597883921206864,1.2676320388846982,-0.35402215525317415,0.03713705080225163,-0.008934522117401223,0.03011925238003993,-1.2488297507177195,-1.4743471371730745,-1.6070443725819346,-1.79478310673239,0.7094184283301055,-0.48794635346944143,1.7772210834380255
2016-02-01,-0.2008506959571212,-0.21841449963185305,-0.2393306724921376,1.2474430174369342,-0.10446807342960654,0.0490206510126333,0.014038210918540111,-0.15739028720160006,-1.1882757325436337,-1.427214642775472,-1.614810779494041,-1.8310617811231114,0.6989330513766566,-0.5079931732659333,1.632723218292395
2016-02-02,-0.016823602836105487,0.04222300758689302,-0.24942842910029556,1.1613725499776124,0.10528726465755686,0.08557283434575162,0.12110072014228754,-0.32707061074057076,-0.9583500202203189,-1.3841000728946282,-1.5867299261508656,-1.7869744959702958,0.7135686553418478,-0.4522994568826708,1.4907404675970053
2016-02-03,0.18270229984497457,0.3393691748755864,-0.24398165842327418,1.078070801844976,0.3194505093909041,0.14067525819625715,0.1827992336893862,-0.36269300733928417,-0.6992569467409389,-1.2290867528353593,-1.4977319227980062,-1.677476799947541,0.7949715336599688,-0.38337286140916793,1.368218408809593
2016-02-04,0.43418978721168844,0.6509587076548621,-0.31003344386549037,0.9659595803312215,0.4028460431640634,0.13076435502588662,0.2396816241181373,-0.4064114675656777,-0.41900112682288837,-1.0837636680340115,-1.2605161955116462,-1.4337076860350366,0.9199428376372547,-0.2850130440359873,1.3065027629499908
2016-02-05,0.4501037233030353,0.5913089928853485,-0.21782045719899185,0.9241602893235522,0.3622091495680909,0.10551993598440018,0.23569412363382247,-0.3525817819982591,-0.4319054289456523,-1.141659687729583,-1.2722816802805637,-1.4038225246197902,1.0023326586157806,-0.28573476738357156,1.384913807371711
2016-02-06,0.7326250974814258,1.0079123178680662,-0.2248633927016282,0.8173864617248979,0.5286689862532917,0.08897243673096786,0.2577914622786516,-0.3330386430379068,-0.15496337341344502,-1.0618963752764803,-1.0077689172981643,-1.071741386237208,0.9940163368365136,-0.110156409464965,1.233256895993683
2016-02-07,1.1060874820744069,1.2411133233307459,-0.32060685577278664,0.5438375178544579,0.6231161619505992,-0.04353067817124407,0.08130610077384494,-0.3776435554989024,0.09538461181314951,-0.9151682584248533,-0.6242292971513121,-0.6853908562146447,1.0584115810361625,0.0210576903388884,0.8624421885922443
2016-02-08,1.4809915527738189,1.6176714883563725,-0.21692186146468373,0.2509535688765924,0.6113679934666814,-0.045939285283770885,-0.13000409743553457,-0.46150362411192697,0.3683675027334214,-0.8732437980738926,-0.11217566192869965,-0.4319334117881154,1.151178811545891,-0.06534986774519483,0.7081264645661435
2016-02-09,1.6105491981727846,1.4577818191002005,-0.4839031037771768,0.057583604225848684,0.3640913526067852,0.06220171072227323,0.11477632637228216,-0.5815119244284122,0.7941465806564222,-0.38851712523820847,0.1412886406927057,-0.1786899265972955,1.5744095872390793,-0.550417770846493,0.9933767079757888
2016-02-10,1.4308990185477752,1.301646514385239,-0.8658926377250519,-0.04199033408137399,-0.043363638464535094,-0.1873764424990776,0.3927630794975208,-0.8076989637002376,0.9906646414489979,-0.23969260594128747,0.19596681664032875,0.007455478400027004,1.8320845663275422,-0.65696355404437,1.307022874458798
