,1,2,3,4,5,6,7,8,9,10,11,12,13,14,15
1990-08-20,1.610747342763992,1.610747342763992,1.610747342763992,1.610747342763992,1.610747342763992,1.610747342763992,1.610747342763992,1.610747342763992,1.610747342763992,1.610747342763992,1.610747342763992,1.610747342763992,1.610747342763992,1.610747342763992,1.610747342763992
1990-08-21,1.2622267985502829,1.2622267985502829,1.2622267985502829,1.2622267985502829,1.2622267985502829,1.2622267985502829,1.2622267985502829,1.2622267985502829,1.2622267985502829,1.2622267985502829,1.2622267985502829,1.2622267985502829,1.2622267985502829,1.2622267985502829,1.2622267985502829
1990-08-22,1.1893499581577505,1.1893499581577505,1.1893499581577505,1.1893499581577505,1.1893499581577505,1.1893499581577505,1.1893499581577505,1.1893499581577505,1.1893499581577505,1.1893499581577505,1.1893499581577505,1.1893499581577505,1.1893499581577505,1.1893499581577505,1.1893499581577505
1990-08-23,1.0170524888993728,1.0170524888993728,1.0170524888993728,1.0170524888993728,1.0170524888993728,1.0170524888993728,1.0170524888993728,1.0170524888993728,1.0170524888993728,1.0170524888993728,1.0170524888993728,1.0170524888993728,1.0170524888993728,1.0170524888993728,1.0170524888993728
1990-08-24,0.6793823230063668,0.6793823230063668,0.6793823230063668,0.6793823230063668,0.6793823230063668,0.6793823230063668,0.6793823230063668,0.6793823230063668,0.6793823230063668,0.6793823230063668,0.6793823230063668,0.6793823230063668,0.6793823230063668,0.6793823230063668,0.6793823230063668
1990-08-25,0.6428141120738596,0.6428141120738596,0.6428141120738596,0.6428141120738596,0.6428141120738596,0.6428141120738596,0.6428141120738596,0.6428141120738596,0.6428141120738596,0.6428141120738596,0.6428141120738596,0.6428141120738596,0.6428141120738596,0.6428141120738596,0.6428141120738596
1990-08-26,0.6408151427757877,0.6408151427757877,0.6408151427757877,0.6408151427757877,0.6408151427757877,0.6408151427757877,0.6408151427757877,0.6408151427757877,0.6408151427757877,0.6408151427757877,0.6408151427757877,0.6408151427757877,0.6408151427757877,0.6408151427757877,0.6408151427757877
1990-08-27,0.4925888059545104,0.4925888059545104,0.4925888059545104,0.4925888059545104,0.4925888059545104,0.4925888059545104,0.4925888059545104,0.4925888059545104,0.4925888059545104,0.4925888059545104,0.4925888059545104,0.4925888059545104,0.4925888059545104,0.4925888059545104,0.4925888059545104
1990-08-28,0.44965400377450315,0.44965400377450315,0.44965400377450315,0.44965400377450315,0.44965400377450315,0.44965400377450315,0.44965400377450315,0.44965400377450315,0.44965400377450315,0.44965400377450315,0.44965400377450315,0.44965400377450315,0.44965400377450315,0.44965400377450315,0.44965400377450315
1990-08-29,0.606824668357565,0.606824668357565,0.606824668357565,0.606824668357565,0.606824668357565,0.606824668357565,0.606824668357565,0.606824668357565,0.606824668357565,0.606824668357565,0.606824668357565,0.606824668357565,0.606824668357565,0.606824668357565,0.606824668357565
1990-08-30,0.692090231014955,0.692090231014955,0.692090231014955,0.692090231014955,0.692090231014955,0.692090231014955,0.692090231014955,0.692090231014955,0.692090231014955,0.692090231014955,0.692090231014955,0.692090231014955,0.692090231014955,0.692090231014955,0.692090231014955
1990-08-31,0.7176169946157843,0.7176169946157843,0.7176169946157843,0.7176169946157843,0.7176169946157843,0.7176169946157843,0.7176169946157843,0.7176169946157843,0.7176169946157843,0.7176169946157843,0.7176169946157843,0.7176169946157843,0.7176169946157843,0.7176169946157843,0.7176169946157843
1990-09-01,0.6115301853247983,0.6115301853247983,0.6115301853247983,0.6115301853247983,0.6115301853247983,0.6115301853247983,0.6115301853247983,0.6115301853247983,0.6115301853247983,0.6115301853247983,0.6115301853247983,0.6115301853247983,0.6115301853247983,0.6115301853247983,0.6115301853247983
1990-09-02,0.7002372737531563,0.7002372737531563,0.7002372737531563,0.7002372737531563,0.7002372737531563,0.7002372737531563,0.7002372737531563,0.7002372737531563,0.7002372737531563,0.7002372737531563,0.7002372737531563,0.7002372737531563,0.7002372737531563,0.7002372737531563,0.7002372737531563
1990-09-03,0.9184720163902524,0.9184720163902524,0.9184720163902524,0.9184720163902524,0.9184720163902524,0.9184720163902524,0.9184720163902524,0.9184720163902524,0.9184720163902524,0.9184720163902524,0.9184720163902524,0.9184720163902524,0.9184720163902524,0.9184720163902524,0.9184720163902524
1990-09-04,0.9002169948966884,0.9002169948966884,0.9002169948966884,0.9002169948966884,0.9002169948966884,0.9002169948966884,0.9002169948966884,0.9002169948966884,0.9002169948966884,0.9002169948966884,0.9002169948966884,0.9002169948966884,0.9002169948966884,0.9002169948966884,0.9002169948966884
1990-09-05,0.7134759055106218,0.7134759055106218,0.7134759055106218,0.7134759055106218,0.7134759055106218,0.7134759055106218,0.7134759055106218,0.7134759055106218,0.7134759055106218,0.7134759055106218,0.7134759055106218,0.7134759055106218,0.7134759055106218,0.7134759055106218,0.7134759055106218
1990-09-06,0.624026231731921,0.624026231731921,0.624026231731921,0.624026231731921,0.624026231731921,0.624026231731921,0.624026231731921,0.624026231731921,0.624026231731921,0.624026231731921,0.624026231731921,0.624026231731921,0.624026231731921,0.624026231731921,0.624026231731921
1990-09-07,0.40925112263810487,0.40925112263810487,0.40925112263810487,0.40925112263810487,0.40925112263810487,0.40925112263810487,0.40925112263810487,0.40925112263810487,0.40925112263810487,0.40925112263810487,0.40925112263810487,0.40925112263810487,0.40925112263810487,0.40925112263810487,0.40925112263810487
1990-09-08,0.20294444344351517,0.20294444344351517,0.20294444344351517,0.20294444344351517,0.20294444344351517,0.20294444344351517,0.20294444344351517,0.20294444344351517,0.20294444344351517,0.20294444344351517,0.20294444344351517,0.20294444344351517,0.20294444344351517,0.20294444344351517,0.20294444344351517
1990-09-09,0.2272680454683997,0.2272680454683997,0.2272680454683997,0.2272680454683997,0.2272680454683997,0.2272680454683997,0.2272680454683997,0.2272680454683997,0.2272680454683997,0.2272680454683997,0.2272680454683997,0.2272680454683997,0.2272680454683997,0.2272680454683997,0.2272680454683997
1990-09-10,-0.012769824494237001,-0.012769824494237001,-0.012769824494237001,-0.012769824494237001,-0.012769824494237001,-0.012769824494237001,-0.012769824494237001,-0.012769824494237001,-0.012769824494237001,-0.012769824494237001,-0.012769824494237001,-0.012769824494237001,-0.012769824494237001,-0.012769824494237001,-0.012769824494237001
1990-09-11,-0.1022043531899274,-0.1022043531899274,-0.1022043531899274,-0.1022043531899274,-0.1022043531899274,-0.1022043531899274,-0.1022043531899274,-0.1022043531899274,-0.1022043531899274,-0.1022043531899274,-0.1022043531899274,-0.1022043531899274,-0.1022043531899274,-0.1022043531899274,-0.1022043531899274
1990-09-12,0.01948418180811691,0.01948418180811691,0.01948418180811691,0.01948418180811691,0.01948418180811691,0.01948418180811691,0.01948418180811691,0.01948418180811691,0.01948418180811691,0.01948418180811691,0.01948418180811691,0.01948418180811691,0.01948418180811691,0.01948418180811691,0.01948418180811691
1990-09-13,-0.2016414886901491,-0.2016414886901491,-0.2016414886901491,-0.2016414886901491,-0.2016414886901491,-0.2016414886901491,-0.2016414886901491,-0.2016414886901491,-0.2016414886901491,-0.2016414886901491,-0.2016414886901491,-0.2016414886901491,-0.2016414886901491,-0.2016414886901491,-0.2016414886901491
1990-09-14,-0.3509255403054885,-0.3509255403054885,-0.3509255403054885,-0.3509255403054885,-0.3509255403054885,-0.3509255403054885,-0.3509255403054885,-0.3509255403054885,-0.3509255403054885,-0.3509255403054885,-0.3509255403054885,-0.3509255403054885,-0.3509255403054885,-0.3509255403054885,-0.3509255403054885
1990-09-15,-0.1266267665423922,-0.1266267665423922,-0.1266267665423922,-0.1266267665423922,-0.1266267665423922,-0.1266267665423922,-0.1266267665423922,-0.1266267665423922,-0.1266267665423922,-0.1266267665423922,-0.1266267665423922,-0.1266267665423922,-0.1266267665423922,-0.1266267665423922,-0.1266267665423922
1990-09-16,0.04895281172943134,0.04895281172943134,0.04895281172943134,0.04895281172943134,0.04895281172943134,0.04895281172943134,0.04895281172943134,0.04895281172943134,0.04895281172943134,0.04895281172943134,0.04895281172943134,0.04895281172943134,0.04895281172943134,0.04895281172943134,0.04895281172943134
1990-09-17,0.2456240484620793,0.2456240484620793,0.2456240484620793,0.2456240484620793,0.2456240484620793,0.2456240484620793,0.2456240484620793,0.2456240484620793,0.2456240484620793,0.2456240484620793,0.2456240484620793,0.2456240484620793,0.2456240484620793,0.2456240484620793,0.2456240484620793
1990-09-18,0.2334792807849445,0.2334792807849445,0.2334792807849445,0.2334792807849445,0.2334792807849445,0.2334792807849445,0.2334792807849445,0.2334792807849445,0.2334792807849445,0.2334792807849445,0.2334792807849445,0.2334792807849445,0.2334792807849445,0.2334792807849445,0.2334792807849445
1990-09-19,0.48271218174581,0.48271218174581,0.48271218174581,0.48271218174581,0.48271218174581,0.48271218174581,0.48271218174581,0.48271218174581,0.48271218174581,0.48271218174581,0.48271218174581,0.48271218174581,0.48271218174581,0.48271218174581,0.48271218174581
1990-09-20,0.35390565103738153,0.35390565103738153,0.35390565103738153,0.35390565103738153,0.35390565103738153,0.35390565103738153,0.35390565103738153,0.35390565103738153,0.35390565103738153,0.35390565103738153,0.35390565103738153,0.35390565103738153,0.35390565103738153,0.35390565103738153,0.35390565103738153
1990-09-21,0.3723202940891663,0.3723202940891663,0.3723202940891663,0.3723202940891663,0.3723202940891663,0.3723202940891663,0.3723202940891663,0.3723202940891663,0.3723202940891663,0.3723202940891663,0.3723202940891663,0.3723202940891663,0.3723202940891663,0.3723202940891663,0.3723202940891663
1990-09-22,0.5604072414475725,0.5604072414475725,0.5604072414475725,0.5604072414475725,0.5604072414475725,0.5604072414475725,0.5604072414475725,0.5604072414475725,0.5604072414475725,0.5604072414475725,0.5604072414475725,0.5604072414475725,0.5604072414475725,0.5604072414475725,0.5604072414475725
1990-09-23,0.5126783817206223,0.5126783817206223,0.5126783817206223,0.5126783817206223,0.5126783817206223,0.5126783817206223,0.5126783817206223,0.5126783817206223,0.5126783817206223,0.5126783817206223,0.5126783817206223,0.5126783817206223,0.5126783817206223,0.5126783817206223,0.5126783817206223
1990-09-24,0.47928227802302115,0.47928227802302115,0.47928227802302115,0.47928227802302115,0.47928227802302115,0.47928227802302115,0.47928227802302115,0.47928227802302115,0.47928227802302115,0.47928227802302115,0.47928227802302115,0.47928227802302115,0.47928227802302115,0.47928227802302115,0.47928227802302115
1990-09-25,0.25925368554245426,0.25925368554245426,0.25925368554245426,0.25925368554245426,0.25925368554245426,0.25925368554245426,0.25925368554245426,0.25925368554245426,0.25925368554245426,0.25925368554245426,0.25925368554245426,0.25925368554245426,0.25925368554245426,0.25925368554245426,0.25925368554245426
1990-09-26,0.2283989124056571,0.2283989124056571,0.2283989124056571,0.2283989124056571,0.2283989124056571,0.2283989124056571,0.2283989124056571,0.2283989124056571,0.2283989124056571,0.2283989124056571,0.2283989124056571,0.2283989124056571,0.2283989124056571,0.2283989124056571,0.2283989124056571
1990-09-27,-0.027494227374083708,-0.027494227374083708,-0.027494227374083708,-0.027494227374083708,-0.027494227374083708,-0.027494227374083708,-0.027494227374083708,-0.027494227374083708,-0.027494227374083708,-0.027494227374083708,-0.027494227374083708,-0.027494227374083708,-0.027494227374083708,-0.027494227374083708,-0.027494227374083708
1990-09-28,0.17884844777690828,0.17884844777690828,0.17884844777690828,0.17884844777690828,0.17884844777690828,0.17884844777690828,0.17884844777690828,0.17884844777690828,0.17884844777690828,0.17884844777690828,0.17884844777690828,0.17884844777690828,0.17884844777690828,0.17884844777690828,0.17884844777690828
1990-09-29,0.1569311786531888,0.1569311786531888,0.1569311786531888,0.1569311786531888,0.1569311786531888,0.1569311786531888,0.1569311786531888,0.1569311786531888,0.1569311786531888,0.1569311786531888,0.1569311786531888,0.1569311786531888,0.1569311786531888,0.1569311786531888,0.1569311786531888
1990-09-30,0.30409218374038893,0.30409218374038893,0.30409218374038893,0.30409218374038893,0.30409218374038893,0.30409218374038893,0.30409218374038893,0.30409218374038893,0.30409218374038893,0.30409218374038893,0.30409218374038893,0.30409218374038893,0.30409218374038893,0.30409218374038893,0.30409218374038893
1990-10-01,0.6760835917337328,0.6760835917337328,0.6760835917337328,0.6760835917337328,0.6760835917337328,0.6760835917337328,0.6760835917337328,0.6760835917337328,0.6760835917337328,0.6760835917337328,0.6760835917337328,0.6760835917337328,0.6760835917337328,0.6760835917337328,0.6760835917337328
1990-10-02,0.7942350490240712,0.7942350490240712,0.7942350490240712,0.7942350490240712,0.7942350490240712,0.7942350490240712,0.7942350490240712,0.7942350490240712,0.7942350490240712,0.7942350490240712,0.7942350490240712,0.7942350490240712,0.7942350490240712,0.7942350490240712,0.7942350490240712
1990-10-03,0.8442144108812931,0.8442144108812931,0.8442144108812931,0.8442144108812931,0.8442144108812931,0.8442144108812931,0.8442144108812931,0.8442144108812931,0.8442144108812931,0.8442144108812931,0.8442144108812931,0.8442144108812931,0.8442144108812931,0.8442144108812931,0.8442144108812931
1990-10-04,0.9063840947382278,0.9063840947382278,0.9063840947382278,0.9063840947382278,0.9063840947382278,0.9063840947382278,0.9063840947382278,0.9063840947382278,0.9063840947382278,0.9063840947382278,0.9063840947382278,0.9063840947382278,0.9063840947382278,0.9063840947382278,0.9063840947382278
1990-10-05,0.8676635645473707,0.8676635645473707,0.8676635645473707,0.8676635645473707,0.8676635645473707,0.8676635645473707,0.8676635645473707,0.8676635645473707,0.8676635645473707,0.8676635645473707,0.8676635645473707,0.8676635645473707,0.8676635645473707,0.8676635645473707,0.8676635645473707
1990-10-06,0.5929069566962994,0.5929069566962994,0.5929069566962994,0.5929069566962994,0.5929069566962994,0.5929069566962994,0.5929069566962994,0.5929069566962994,0.5929069566962994,0.5929069566962994,0.5929069566962994,0.5929069566962994,0.5929069566962994,0.5929069566962994,0.5929069566962994
1990-10-07,0.11472674452437319,0.11472674452437319,0.11472674452437319,0.11472674452437319,0.11472674452437319,0.11472674452437319,0.11472674452437319,0.11472674452437319,0.11472674452437319,0.11472674452437319,0.11472674452437319,0.11472674452437319,0.11472674452437319,0.11472674452437319,0.11472674452437319
1990-10-08,-0.2910892984631717,-0.2910892984631717,-0.2910892984631717,-0.2910892984631717,-0.2910892984631717,-0.2910892984631717,-0.2910892984631717,-0.2910892984631717,-0.2910892984631717,-0.2910892984631717,-0.2910892984631717,-0.2910892984631717,-0.2910892984631717,-0.2910892984631717,-0.2910892984631717
1990-10-09,-0.5894036141231372,-0.5894036141231372,-0.5894036141231372,-0.5894036141231372,-0.5894036141231372,-0.5894036141231372,-0.5894036141231372,-0.5894036141231372,-0.5894036141231372,-0.5894036141231372,-0.5894036141231372,-0.5894036141231372,-0.5894036141231372,-0.5894036141231372,-0.5894036141231372
1990-10-10,-0.6570289033544106,-0.6570289033544106,-0.6570289033544106,-0.6570289033544106,-0.6570289033544106,-0.6570289033544106,-0.6570289033544106,-0.6570289033544106,-0.6570289033544106,-0.6570289033544106,-0.6570289033544106,-0.6570289033544106,-0.6570289033544106,-0.6570289033544106,-0.6570289033544106
1990-10-11,-0.5754667703124589,-0.5754667703124589,-0.5754667703124589,-0.5754667703124589,-0.5754667703124589,-0.5754667703124589,-0.5754667703124589,-0.5754667703124589,-0.5754667703124589,-0.5754667703124589,-0.5754667703124589,-0.5754667703124589,-0.5754667703124589,-0.5754667703124589,-0.5754667703124589
1990-10-12,-0.4442021919819546,-0.4442021919819546,-0.4442021919819546,-0.4442021919819546,-0.4442021919819546,-0.4442021919819546,-0.4442021919819546,-0.4442021919819546,-0.4442021919819546,-0.4442021919819546,-0.4442021919819546,-0.4442021919819546,-0.4442021919819546,-0.4442021919819546,-0.4442021919819546
1990-10-13,-0.13454132538461921,-0.13454132538461921,-0.13454132538461921,-0.13454132538461921,-0.13454132538461921,-0.13454132538461921,-0.13454132538461921,-0.13454132538461921,-0.13454132538461921,-0.13454132538461921,-0.13454132538461921,-0.13454132538461921,-0.13454132538461921,-0.13454132538461921,-0.13454132538461921
1990-10-14,-0.47512899745413056,-0.47512899745413056,-0.47512899745413056,-0.47512899745413056,-0.47512899745413056,-0.47512899745413056,-0.47512899745413056,-0.47512899745413056,-0.47512899745413056,-0.47512899745413056,-0.47512899745413056,-0.47512899745413056,-0.47512899745413056,-0.47512899745413056,-0.47512899745413056
1990-10-15,-0.7892852889098741,-0.7892852889098741,-0.7892852889098741,-0.7892852889098741,-0.7892852889098741,-0.7892852889098741,-0.7892852889098741,-0.7892852889098741,-0.7892852889098741,-0.7892852889098741,-0.7892852889098741,-0.7892852889098741,-0.7892852889098741,-0.7892852889098741,-0.7892852889098741
1990-10-16,-0.6662535209991483,-0.6662535209991483,-0.6662535209991483,-0.6662535209991483,-0.6662535209991483,-0.6662535209991483,-0.6662535209991483,-0.6662535209991483,-0.6662535209991483,-0.6662535209991483,-0.6662535209991483,-0.6662535209991483,-0.6662535209991483,-0.6662535209991483,-0.6662535209991483
1990-10-17,-0.5380744536354737,-0.5380744536354737,-0.5380744536354737,-0.5380744536354737,-0.5380744536354737,-0.5380744536354737,-0.5380744536354737,-0.5380744536354737,-0.5380744536354737,-0.5380744536354737,-0.5380744536354737,-0.5380744536354737,-0.5380744536354737,-0.5380744536354737,-0.5380744536354737
1990-10-18,-0.555908548670808,-0.555908548670808,-0.555908548670808,-0.555908548670808,-0.555908548670808,-0.555908548670808,-0.555908548670808,-0.555908548670808,-0.555908548670808,-0.555908548670808,-0.555908548670808,-0.555908548670808,-0.555908548670808,-0.555908548670808,-0.555908548670808
1990-10-19,-0.38761049437488804,-0.38761049437488804,-0.38761049437488804,-0.38761049437488804,-0.38761049437488804,-0.38761049437488804,-0.38761049437488804,-0.38761049437488804,-0.38761049437488804,-0.38761049437488804,-0.38761049437488804,-0.38761049437488804,-0.38761049437488804,-0.38761049437488804,-0.38761049437488804
1990-10-20,-0.3467460847383423,-0.3467460847383423,-0.3467460847383423,-0.3467460847383423,-0.3467460847383423,-0.3467460847383423,-0.3467460847383423,-0.3467460847383423,-0.3467460847383423,-0.3467460847383423,-0.3467460847383423,-0.3467460847383423,-0.3467460847383423,-0.3467460847383423,-0.3467460847383423
1990-10-21,-0.6668394504615426,-0.6668394504615426,-0.6668394504615426,-0.6668394504615426,-0.6668394504615426,-0.6668394504615426,-0.6668394504615426,-0.6668394504615426,-0.6668394504615426,-0.6668394504615426,-0.6668394504615426,-0.6668394504615426,-0.6668394504615426,-0.6668394504615426,-0.6668394504615426
1990-10-22,-0.8504860487326955,-0.8504860487326955,-0.8504860487326955,-0.8504860487326955,-0.8504860487326955,-0.8504860487326955,-0.8504860487326955,-0.8504860487326955,-0.8504860487326955,-0.8504860487326955,-0.8504860487326955,-0.8504860487326955,-0.8504860487326955,-0.8504860487326955,-0.8504860487326955
1990-10-23,-0.8754077094811304,-0.8754077094811304,-0.8754077094811304,-0.8754077094811304,-0.8754077094811304,-0.8754077094811304,-0.8754077094811304,-0.8754077094811304,-0.8754077094811304,-0.8754077094811304,-0.8754077094811304,-0.8754077094811304,-0.8754077094811304,-0.8754077094811304,-0.8754077094811304
1990-10-24,-0.8825886495847969,-0.8825886495847969,-0.8825886495847969,-0.8825886495847969,-0.8825886495847969,-0.8825886495847969,-0.8825886495847969,-0.8825886495847969,-0.8825886495847969,-0.8825886495847969,-0.8825886495847969,-0.8825886495847969,-0.8825886495847969,-0.8825886495847969,-0.8825886495847969
1990-10-25,-0.7064149556709695,-0.7064149556709695,-0.7064149556709695,-0.7064149556709695,-0.7064149556709695,-0.7064149556709695,-0.7064149556709695,-0.7064149556709695,-0.7064149556709695,-0.7064149556709695,-0.7064149556709695,-0.7064149556709695,-0.7064149556709695,-0.7064149556709695,-0.7064149556709695
1990-10-26,-0.5246704127371967,-0.5246704127371967,-0.5246704127371967,-0.5246704127371967,-0.5246704127371967,-0.5246704127371967,-0.5246704127371967,-0.5246704127371967,-0.5246704127371967,-0.5246704127371967,-0.5246704127371967,-0.5246704127371967,-0.5246704127371967,-0.5246704127371967,-0.5246704127371967
1990-10-27,-0.4613165690511966,-0.4613165690511966,-0.4613165690511966,-0.4613165690511966,-0.4613165690511966,-0.4613165690511966,-0.4613165690511966,-0.4613165690511966,-0.4613165690511966,-0.4613165690511966,-0.4613165690511966,-0.4613165690511966,-0.4613165690511966,-0.4613165690511966,-0.4613165690511966
1990-10-28,-0.2078689657630921,-0.2078689657630921,-0.2078689657630921,-0.2078689657630921,-0.2078689657630921,-0.2078689657630921,-0.2078689657630921,-0.2078689657630921,-0.2078689657630921,-0.2078689657630921,-0.2078689657630921,-0.2078689657630921,-0.2078689657630921,-0.2078689657630921,-0.2078689657630921
1990-10-29,-0.036745254022817586,-0.036745254022817586,-0.036745254022817586,-0.036745254022817586,-0.036745254022817586,-0.036745254022817586,-0.036745254022817586,-0.036745254022817586,-0.036745254022817586,-0.036745254022817586,-0.036745254022817586,-0.036745254022817586,-0.036745254022817586,-0.036745254022817586,-0.036745254022817586
1990-10-30,0.18418936358071772,0.18418936358071772,0.18418936358071772,0.18418936358071772,0.18418936358071772,0.18418936358071772,0.18418936358071772,0.18418936358071772,0.18418936358071772,0.18418936358071772,0.18418936358071772,0.18418936358071772,0.18418936358071772,0.18418936358071772,0.18418936358071772
1990-10-31,0.440770102319005,0.440770102319005,0.440770102319005,0.440770102319005,0.440770102319005,0.440770102319005,0.440770102319005,0.440770102319005,0.440770102319005,0.440770102319005,0.440770102319005,0.440770102319005,0.440770102319005,0.440770102319005,0.440770102319005
1990-11-01,0.7091233663134305,0.7091233663134305,0.7091233663134305,0.7091233663134305,0.7091233663134305,0.7091233663134305,0.7091233663134305,0.7091233663134305,0.7091233663134305,0.7091233663134305,0.7091233663134305,0.7091233663134305,0.7091233663134305,0.7091233663134305,0.7091233663134305
1990-11-02,0.9454770498260948,0.9454770498260948,0.9454770498260948,0.9454770498260948,0.9454770498260948,0.9454770498260948,0.9454770498260948,0.9454770498260948,0.9454770498260948,0.9454770498260948,0.9454770498260948,0.9454770498260948,0.9454770498260948,0.9454770498260948,0.9454770498260948
1990-11-03,1.1774583173527402,1.1774583173527402,1.1774583173527402,1.1774583173527402,1.1774583173527402,1.1774583173527402,1.1774583173527402,1.1774583173527402,1.1774583173527402,1.1774583173527402,1.1774583173527402,1.1774583173527402,1.1774583173527402,1.1774583173527402,1.1774583173527402
1990-11-04,1.1708566863859793,1.1708566863859793,1.1708566863859793,1.1708566863859793,1.1708566863859793,1.1708566863859793,1.1708566863859793,1.1708566863859793,1.1708566863859793,1.1708566863859793,1.1708566863859793,1.1708566863859793,1.1708566863859793,1.1708566863859793,1.1708566863859793
1990-11-05,1.1118318551743451,1.1118318551743451,1.1118318551743451,1.1118318551743451,1.1118318551743451,1.1118318551743451,1.1118318551743451,1.1118318551743451,1.1118318551743451,1.1118318551743451,1.1118318551743451,1.1118318551743451,1.1118318551743451,1.1118318551743451,1.1118318551743451
1990-11-06,1.0336146076370047,1.0336146076370047,1.0336146076370047,1.0336146076370047,1.0336146076370047,1.0336146076370047,1.0336146076370047,1.0336146076370047,1.0336146076370047,1.0336146076370047,1.0336146076370047,1.0336146076370047,1.0336146076370047,1.0336146076370047,1.0336146076370047
1990-11-07,1.1508295150918064,1.1508295150918064,1.1508295150918064,1.1508295150918064,1.1508295150918064,1.1508295150918064,1.1508295150918064,1.1508295150918064,1.1508295150918064,1.1508295150918064,1.1508295150918064,1.1508295150918064,1.1508295150918064,1.1508295150918064,1.1508295150918064
1990-11-08,1.258798971162032,1.258798971162032,1.258798971162032,1.258798971162032,1.258798971162032,1.258798971162032,1.258798971162032,1.258798971162032,1.258798971162032,1.258798971162032,1.258798971162032,1.258798971162032,1.258798971162032,1.258798971162032,1.258798971162032
1990-11-09,1.2867908667672385,1.2867908667672385,1.2867908667672385,1.2867908667672385,1.2867908667672385,1.2867908667672385,1.2867908667672385,1.2867908667672385,1.2867908667672385,1.2867908667672385,1.2867908667672385,1.2867908667672385,1.2867908667672385,1.2867908667672385,1.2867908667672385
1990-11-10,1.2273458254951757,1.2273458254951757,1.2273458254951757,1.2273458254951757,1.2273458254951757,1.2273458254951757,1.2273458254951757,1.2273458254951757,1.2273458254951757,1.2273458254951757,1.2273458254951757,1.2273458254951757,1.2273458254951757,1.2273458254951757,1.2273458254951757
1990-11-11,1.2650851223599113,1.2650851223599113,1.2650851223599113,1.2650851223599113,1.2650851223599113,1.2650851223599113,1.2650851223599113,1.2650851223599113,1.2650851223599113,1.2650851223599113,1.2650851223599113,1.2650851223599113,1.2650851223599113,1.2650851223599113,1.2650851223599113
1990-11-12,1.04066141847009,1.04066141847009,1.04066141847009,1.04066141847009,1.04066141847009,1.04066141847009,1.04066141847009,1.04066141847009,1.04066141847009,1.04066141847009,1.04066141847009,1.04066141847009,1.04066141847009,1.04066141847009,1.04066141847009
1990-11-13,0.7837735961361352,0.7837735961361352,0.7837735961361352,0.7837735961361352,0.7837735961361352,0.7837735961361352,0.7837735961361352,0.7837735961361352,0.7837735961361352,0.7837735961361352,0.7837735961361352,0.7837735961361352,0.7837735961361352,0.7837735961361352,0.7837735961361352
1990-11-14,0.4911656195831308,0.4911656195831308,0.4911656195831308,0.4911656195831308,0.4911656195831308,0.4911656195831308,0.4911656195831308,0.4911656195831308,0.4911656195831308,0.4911656195831308,0.4911656195831308,0.4911656195831308,0.4911656195831308,0.4911656195831308,0.4911656195831308
1990-11-15,0.29637920801174555,0.29637920801174555,0.29637920801174555,0.29637920801174555,0.29637920801174555,0.29637920801174555,0.29637920801174555,0.29637920801174555,0.29637920801174555,0.29637920801174555,0.29637920801174555,0.29637920801174555,0.29637920801174555,0.29637920801174555,0.29637920801174555
1990-11-16,0.02070427243366744,0.02070427243366744,0.02070427243366744,0.02070427243366744,0.02070427243366744,0.02070427243366744,0.02070427243366744,0.02070427243366744,0.02070427243366744,0.02070427243366744,0.02070427243366744,0.02070427243366744,0.02070427243366744,0.02070427243366744,0.02070427243366744
1990-11-17,-0.37323802806090706,-0.37323802806090706,-0.37323802806090706,-0.37323802806090706,-0.37323802806090706,-0.37323802806090706,-0.37323802806090706,-0.37323802806090706,-0.37323802806090706,-0.37323802806090706,-0.37323802806090706,-0.37323802806090706,-0.37323802806090706,-0.37323802806090706,-0.37323802806090706
1990-11-18,-0.3684172816373425,-0.3684172816373425,-0.3684172816373425,-0.3684172816373425,-0.3684172816373425,-0.3684172816373425,-0.3684172816373425,-0.3684172816373425,-0.3684172816373425,-0.3684172816373425,-0.3684172816373425,-0.3684172816373425,-0.3684172816373425,-0.3684172816373425,-0.3684172816373425
1990-11-19,-0.5783244492247579,-0.5783244492247579,-0.5783244492247579,-0.5783244492247579,-0.5783244492247579,-0.5783244492247579,-0.5783244492247579,-0.5783244492247579,-0.5783244492247579,-0.5783244492247579,-0.5783244492247579,-0.5783244492247579,-0.5783244492247579,-0.5783244492247579,-0.5783244492247579
1990-11-20,-0.8941213704934344,-0.8941213704934344,-0.8941213704934344,-0.8941213704934344,-0.8941213704934344,-0.8941213704934344,-0.8941213704934344,-0.8941213704934344,-0.8941213704934344,-0.8941213704934344,-0.8941213704934344,-0.8941213704934344,-0.8941213704934344,-0.8941213704934344,-0.8941213704934344
1990-11-21,-1.19808394468763,-1.19808394468763,-1.19808394468763,-1.19808394468763,-1.19808394468763,-1.19808394468763,-1.19808394468763,-1.19808394468763,-1.19808394468763,-1.19808394468763,-1.19808394468763,-1.19808394468763,-1.19808394468763,-1.19808394468763,-1.19808394468763
1990-11-22,-1.3528823167427018,-1.3528823167427018,-1.3528823167427018,-1.3528823167427018,-1.3528823167427018,-1.3528823167427018,-1.3528823167427018,-1.3528823167427018,-1.3528823167427018,-1.3528823167427018,-1.3528823167427018,-1.3528823167427018,-1.3528823167427018,-1.3528823167427018,-1.3528823167427018
1990-11-23,-1.262927112703245,-1.262927112703245,-1.262927112703245,-1.262927112703245,-1.262927112703245,-1.262927112703245,-1.262927112703245,-1.262927112703245,-1.262927112703245,-1.262927112703245,-1.262927112703245,-1.262927112703245,-1.262927112703245,-1.262927112703245,-1.262927112703245
1990-11-24,-1.233774243047106,-1.233774243047106,-1.233774243047106,-1.233774243047106,-1.233774243047106,-1.233774243047106,-1.233774243047106,-1.233774243047106,-1.233774243047106,-1.233774243047106,-1.233774243047106,-1.233774243047106,-1.233774243047106,-1.233774243047106,-1.233774243047106
1990-11-25,-0.8516230506034199,-0.8516230506034199,-0.8516230506034199,-0.8516230506034199,-0.8516230506034199,-0.8516230506034199,-0.8516230506034199,-0.8516230506034199,-0.8516230506034199,-0.8516230506034199,-0.8516230506034199,-0.8516230506034199,-0.8516230506034199,-0.8516230506034199,-0.8516230506034199
1990-11-26,-0.485907300888465,-0.485907300888465,-0.485907300888465,-0.485907300888465,-0.485907300888465,-0.485907300888465,-0.485907300888465,-0.485907300888465,-0.485907300888465,-0.485907300888465,-0.485907300888465,-0.485907300888465,-0.485907300888465,-0.485907300888465,-0.485907300888465
1990-11-27,-0.4213877710073591,-0.4213877710073591,-0.4213877710073591,-0.4213877710073591,-0.4213877710073591,-0.4213877710073591,-0.4213877710073591,-0.4213877710073591,-0.4213877710073591,-0.4213877710073591,-0.4213877710073591,-0.4213877710073591,-0.4213877710073591,-0.4213877710073591,-0.4213877710073591
1990-11-28,-0.4784640197992264,-0.4784640197992264,-0.4784640197992264,-0.4784640197992264,-0.4784640197992264,-0.4784640197992264,-0.4784640197992264,-0.4784640197992264,-0.4784640197992264,-0.4784640197992264,-0.4784640197992264,-0.4784640197992264,-0.4784640197992264,-0.4784640197992264,-0.4784640197992264
1990-11-29,-0.5448744706538308,-0.5448744706538308,-0.5448744706538308,-0.5448744706538308,-0.5448744706538308,-0.5448744706538308,-0.5448744706538308,-0.5448744706538308,-0.5448744706538308,-0.5448744706538308,-0.5448744706538308,-0.5448744706538308,-0.5448744706538308,-0.5448744706538308,-0.5448744706538308
1990-11-30,-0.3822892713330904,-0.3822892713330904,-0.3822892713330904,-0.3822892713330904,-0.3822892713330904,-0.3822892713330904,-0.3822892713330904,-0.3822892713330904,-0.3822892713330904,-0.3822892713330904,-0.3822892713330904,-0.3822892713330904,-0.3822892713330904,-0.3822892713330904,-0.3822892713330904
1990-12-01,-0.9019094424941578,-0.9019094424941578,-0.9019094424941578,-0.9019094424941578,-0.9019094424941578,-0.9019094424941578,-0.9019094424941578,-0.9019094424941578,-0.9019094424941578,-0.9019094424941578,-0.9019094424941578,-0.9019094424941578,-0.9019094424941578,-0.9019094424941578,-0.9019094424941578
1990-12-02,-1.1314463472433018,-1.1314463472433018,-1.1314463472433018,-1.1314463472433018,-1.1314463472433018,-1.1314463472433018,-1.1314463472433018,-1.1314463472433018,-1.1314463472433018,-1.1314463472433018,-1.1314463472433018,-1.1314463472433018,-1.1314463472433018,-1.1314463472433018,-1.1314463472433018
1990-12-03,-1.4413012404459398,-1.4413012404459398,-1.4413012404459398,-1.4413012404459398,-1.4413012404459398,-1.4413012404459398,-1.4413012404459398,-1.4413012404459398,-1.4413012404459398,-1.4413012404459398,-1.4413012404459398,-1.4413012404459398,-1.4413012404459398,-1.4413012404459398,-1.4413012404459398
1990-12-04,-1.9426506105797812,-1.9426506105797812,-1.9426506105797812,-1.9426506105797812,-1.9426506105797812,-1.9426506105797812,-1.9426506105797812,-1.9426506105797812,-1.9426506105797812,-1.9426506105797812,-1.9426506105797812,-1.9426506105797812,-1.9426506105797812,-1.9426506105797812,-1.9426506105797812
1990-12-05,-1.7745308608841204,-1.7745308608841204,-1.7745308608841204,-1.7745308608841204,-1.7745308608841204,-1.7745308608841204,-1.7745308608841204,-1.7745308608841204,-1.7745308608841204,-1.7745308608841204,-1.7745308608841204,-1.7745308608841204,-1.7745308608841204,-1.7745308608841204,-1.7745308608841204
1990-12-06,-1.674662960118707,-1.674662960118707,-1.674662960118707,-1.674662960118707,-1.674662960118707,-1.674662960118707,-1.674662960118707,-1.674662960118707,-1.674662960118707,-1.674662960118707,-1.674662960118707,-1.674662960118707,-1.674662960118707,-1.674662960118707,-1.674662960118707
1990-12-07,-1.868376291541019,-1.868376291541019,-1.868376291541019,-1.868376291541019,-1.868376291541019,-1.868376291541019,-1.868376291541019,-1.868376291541019,-1.868376291541019,-1.868376291541019,-1.868376291541019,-1.868376291541019,-1.868376291541019,-1.868376291541019,-1.868376291541019
1990-12-08,-1.9403981642764028,-1.9403981642764028,-1.9403981642764028,-1.9403981642764028,-1.9403981642764028,-1.9403981642764028,-1.9403981642764028,-1.9403981642764028,-1.9403981642764028,-1.9403981642764028,-1.9403981642764028,-1.9403981642764028,-1.9403981642764028,-1.9403981642764028,-1.9403981642764028
1990-12-09,-1.6256738154646906,-1.6256738154646906,-1.6256738154646906,-1.6256738154646906,-1.6256738154646906,-1.6256738154646906,-1.6256738154646906,-1.6256738154646906,-1.6256738154646906,-1.6256738154646906,-1.6256738154646906,-1.6256738154646906,-1.6256738154646906,-1.6256738154646906,-1.6256738154646906
1990-12-10,-1.2284301461820981,-1.2284301461820981,-1.2284301461820981,-1.2284301461820981,-1.2284301461820981,-1.2284301461820981,-1.2284301461820981,-1.2284301461820981,-1.2284301461820981,-1.2284301461820981,-1.2284301461820981,-1.2284301461820981,-1.2284301461820981,-1.2284301461820981,-1.2284301461820981
1990-12-11,-1.0236534277518679,-1.0236534277518679,-1.0236534277518679,-1.0236534277518679,-1.0236534277518679,-1.0236534277518679,-1.0236534277518679,-1.0236534277518679,-1.0236534277518679,-1.0236534277518679,-1.0236534277518679,-1.0236534277518679,-1.0236534277518679,-1.0236534277518679,-1.0236534277518679
1990-12-12,-0.9102240909523148,-0.9102240909523148,-0.9102240909523148,-0.9102240909523148,-0.9102240909523148,-0.9102240909523148,-0.9102240909523148,-0.9102240909523148,-0.9102240909523148,-0.9102240909523148,-0.9102240909523148,-0.9102240909523148,-0.9102240909523148,-0.9102240909523148,-0.9102240909523148
1990-12-13,-0.37614964401776313,-0.37614964401776313,-0.37614964401776313,-0.37614964401776313,-0.37614964401776313,-0.37614964401776313,-0.37614964401776313,-0.37614964401776313,-0.37614964401776313,-0.37614964401776313,-0.37614964401776313,-0.37614964401776313,-0.37614964401776313,-0.37614964401776313,-0.37614964401776313
1990-12-14,0.04847554643645951,0.04847554643645951,0.04847554643645951,0.04847554643645951,0.04847554643645951,0.04847554643645951,0.04847554643645951,0.04847554643645951,0.04847554643645951,0.04847554643645951,0.04847554643645951,0.04847554643645951,0.04847554643645951,0.04847554643645951,0.04847554643645951
1990-12-15,0.17658693228776673,0.17658693228776673,0.17658693228776673,0.17658693228776673,0.17658693228776673,0.17658693228776673,0.17658693228776673,0.17658693228776673,0.17658693228776673,0.17658693228776673,0.17658693228776673,0.17658693228776673,0.17658693228776673,0.17658693228776673,0.17658693228776673
1990-12-16,0.38937287830004264,0.38937287830004264,0.38937287830004264,0.38937287830004264,0.38937287830004264,0.38937287830004264,0.38937287830004264,0.38937287830004264,0.38937287830004264,0.38937287830004264,0.38937287830004264,0.38937287830004264,0.38937287830004264,0.38937287830004264,0.38937287830004264
1990-12-17,0.7653263724153615,0.7653263724153615,0.7653263724153615,0.7653263724153615,0.7653263724153615,0.7653263724153615,0.7653263724153615,0.7653263724153615,0.7653263724153615,0.7653263724153615,0.7653263724153615,0.7653263724153615,0.7653263724153615,0.7653263724153615,0.7653263724153615
1990-12-18,0.23165680014919718,0.1951650553178354,0.3079997486250885,0.29965557270846377,0.1782902599038792,0.39090466519673883,0.2504798592501695,0.2445369880176898,0.2642449093790673,0.23045161478982548,0.25928657721034665,0.27152992060210657,0.37922668330312137,0.19662750229146878,0.266160776506735
1990-12-19,0.0582773250388458,-0.028952753711078864,0.15796441008213874,0.28019616387337554,-0.029437541183520904,-0.04595744051220853,0.059530600096048214,0.07032210796171938,0.10123358794151267,0.03638020972834744,-0.15881706237478901,0.06029375115749359,0.16159956859326433,0.2197269733358001,0.025606465296209253
1990-12-20,0.0033713557078163987,-0.09503705129643773,0.2674647475952107,0.1646095467937966,0.1517981106445019,-0.04569931758406856,0.060217778036700795,-0.15280437891411772,0.07559957055551023,0.08196913769438717,-0.218827136678313,0.3532380017667503,0.16318707460782728,0.2995612187329648,0.04760811497176739
1990-12-21,-0.2616690685563607,-0.35580125729708795,0.06466258627386418,-0.10751845251462053,-0.06472305091875537,-0.5554372632287807,-0.053547835082429954,-0.6980559166974253,-0.07489537460009524,-0.2810905579972444,-0.38939052946274944,-0.03549393842442423,-0.28772248789924315,0.1304545045915088,-0.25085715355236693
1990-12-22,-0.5980570599959267,-0.5929562705173583,-0.18977557805839598,-0.4578563706338578,-0.45957233115430585,-1.0128109433947283,-0.3053034540586748,-0.9659509004323129,-0.4887304588681493,-0.7026512808404396,-0.671390066293867,-0.29936753174117875,-0.8576185122805042,-0.22340406360689963,-0.711466904681424
1990-12-23,-0.6000795456885087,-0.7068971188933815,-0.25591163293432334,-0.447175716159746,-0.45524487798670393,-1.024961255411554,-0.1542887967140612,-0.9056406796963926,-0.4593500670743014,-0.6293321015528418,-0.8109235218929288,-0.278398077556001,-1.148149447932997,-0.6362331129930429,-0.8490231360673046
1990-12-24,-0.5485835320669531,-0.5325160065305722,-0.18314310072703158,0.06684904481047382,-0.3574611726278986,-0.8310279040806138,-0.1835071065040306,-0.42400911016589976,-0.26545851278076316,-0.38074234774422167,-0.9076173796400565,0.0752191817065122,-1.144781735527946,-0.9245078334312904,-0.6054491975904968
1990-12-25,-0.5826921714492986,-0.6868739040804013,-0.03828295995642543,-0.022051994168699175,-0.3528015584607681,-1.0192919865878876,-0.16053897407450693,-0.3482788871344221,-0.3973871417844038,-0.3899248113959865,-0.7777864908058216,0.04397013781011333,-1.1327769110357586,-1.1119864783082207,-0.41348972802596395
1990-12-26,-0.8331904455987533,-0.9418106036823098,-0.11798941198485033,-0.26225924047930743,-0.5188553376728833,-0.8266749120077067,-0.48479495755298413,-0.4079067392704276,-0.5936249210215648,-0.4877641542007012,-1.0973104640057916,0.2124043484441911,-1.0634090846186606,-1.1489779908957936,-0.6120975431519743
1990-12-27,-0.8641156552397404,-1.368969053809379,-0.28822464909886364,-0.607417419034365,-0.5762245046719283,-0.43521371468197634,-0.7637242483290834,-0.5162784147636428,-0.8782353338983798,-0.5638649391412495,-1.1710553937594153,0.03765651144668221,-1.1812098826033572,-1.0113924349559942,-0.5040437021286566
1990-12-28,-0.8092518466085858,-1.6892166289020525,-0.43795285785856564,-0.8146101764740054,-0.768395720631377,-0.2271563440465225,-0.4661346959618314,-0.6596973912946577,-0.6194317611484527,-0.24035004906107862,-0.9704194278570504,-0.0167236114665067,-0.8265357255495386,-0.9914857869046663,-0.3673284906098196
1990-12-29,-0.8131474390320426,-1.7880338315151167,-0.6865338891493492,-0.8450354924154337,-0.49748120670204987,-0.22503045676237104,-0.29077130142552315,-0.8567090401638762,-0.541032423945353,0.1275914308134665,-1.1427905314398052,0.3209708950117135,-0.5882966104694998,-1.2434838812710889,-0.06443144480557454
1990-12-30,-0.6007977419281703,-1.4291348027645223,-0.7857732344688649,-0.7258346255164868,-0.23798936195819081,-0.2594056385004026,-0.12279507712669653,-0.842176023399768,-0.36069902439733187,0.1655266188911707,-1.4159861255857498,0.6146906143804777,-0.2682355763909655,-1.1288489846981618,-0.10444223018881328
1990-12-31,-0.4348130782418149,-1.0543828045533588,-0.9007495278888619,-0.4550231094795199,-0.19197352527706935,-0.4699552527299922,0.20028895585372833,-0.9282169736133682,-0.44355341251667946,0.2771781009736153,-1.3607714224556395,0.5526239191658331,-0.1293337399706443,-0.8703469751976297,-0.27686707536529265
1991-01-01,-0.5264311733926791,-0.7336840143871785,-0.7453016686356075,0.05841984152788588,0.025218533593150207,-0.2562470020879664,0.43791598418486166,-0.764348084309203,-0.3506689320599171,0.43027648813022434,-1.0313829393854599,0.7176022390863456,-0.010342288754805577,-0.64326622745192,-0.3004395901549958
1991-01-02,-0.21771551853523102,-0.5095343491843134,-0.6621136772127213,0.45547262973747255,0.22889619452289478,-0.382912669383727,0.7238305087022423,-0.6347035703260141,-0.46869134638386534,0.42214276290989244,-0.6469714946868206,0.8191107713445359,0.2798608409739229,-0.5672239303961344,-0.20644435055467497
1991-01-03,0.3464168925523144,-0.3677735229177135,-0.5944611493141269,0.6341627997089814,0.40649007592621567,-0.6029846033111931,0.528064411026198,-0.610446838787826,-0.25004252581433795,0.30452361291339064,-0.483845102910967,1.0220247241432678,0.5577943123736612,-0.5684521343759189,-0.44356130926806697
1991-01-04,0.7747197296014724,-0.2682771273387551,-0.41586022896422736,1.0453500785816738,0.5929686350810703,-0.6582988034426008,0.5638200088740355,-0.6643638599121248,-0.18144263274261377,-0.10205894135539809,-0.40401966510184234,1.18428662065962,0.5494570974263872,-0.24971880294852097,-0.4602223209908826
1991-01-05,1.0593425096941833,0.015386801945837523,-0.2424480736958915,0.9878570978167689,0.5822569012006179,-0.5378812479069562,0.7470158910639156,-0.8449324362645365,-0.021151503869283144,-0.21651611817989827,0.10145690907087312,1.2635251544302644,0.150973066176879,0.04259085793340266,-0.5922688489676784
1991-01-06,1.1449161457941852,0.2553747638683505,-0.3083619598518796,1.1974525990630478,0.4632859989177601,-0.5979363319135348,0.6926612994701221,-1.0170242477382434,0.025520909288527526,-0.2033217870329541,0.31427051588465005,1.2247023552746894,0.06349208155017706,0.32029872316318975,-0.3757043405044955
1991-01-07,1.1190681427532456,0.2922355474102849,-0.46748649442534085,1.2705194276758633,0.7097832863252372,-0.6689276796287587,0.8002199403643725,-0.9074039416638103,0.07650830809358398,-0.29011699817342146,0.5043823279898251,1.0338064549956445,0.008312005420386421,0.4971623581729982,-0.2583407195670885
1991-01-08,0.9242868837972829,0.45782480379605744,-0.2972422712192469,1.0918130499528436,0.6474496625268962,-0.7263919956078284,0.6915991144049605,-0.9683614986623413,-0.2942007581596729,-0.5408097330569851,0.6592172923239982,0.8931717418318604,0.18376753496517303,0.2368088915975707,-0.15929394726227425
1991-01-09,0.7541268623928402,0.3805682711735334,-0.10092602734555463,0.7418978899588877,0.6041729919922466,-0.793332309978556,0.59864256361694,-0.6420118630451053,-0.23473464354913207,-0.5535786643060965,0.6472995810948942,0.7524529482334325,0.04023167333253812,-0.04622662246076631,-0.2045318281729976
1991-01-10,0.6337647589551988,0.08108640455634204,-0.008749538732541017,0.6856144321086158,0.5439912443286724,-0.7807974264325529,0.43983849988274065,-0.5638636571073421,-0.13677273131676246,-0.44643217511394434,0.7990876867750681,0.7711914926529917,-0.050227127480047824,0.15353650735347277,-0.19890735888058697
1991-01-11,0.5951048475177017,-0.12157607456390548,0.2734435019568643,0.5158582133632231,0.41133889257750283,-0.9586702795849373,0.1854607613855376,-0.582101518519459,-0.22556969189254703,-0.6868211246483524,0.5998726620012382,0.46931940247419074,0.324313257157543,0.47441901360524624,-0.040095015230398205
1991-01-12,0.5290209399068194,-0.32718686640657274,0.6217009867509051,0.2980226700550754,0.3584687256595302,-1.0010701696955957,-0.02441051503478203,-0.32378825960016105,-0.2759017329440742,-0.8598274996129815,0.3210206123068884,0.19639573629091278,0.4946085306823262,0.4382805494992551,0.36040206020448107
1991-01-13,0.44673558900065835,-0.37770841287180296,0.8005893186831621,0.4481333661041328,0.33269113533887307,-0.9498168503203959,-0.38671782320425363,-0.21643201451084176,-0.060409909200527356,-1.093927899246053,-0.03760924635778417,-0.40569850019430787,0.4962354034915647,0.34173385200188294,0.3023992301482906
1991-01-14,0.6430163993343441,-0.4850870350160627,0.8331149711948752,0.27490788560786283,0.2568931187998112,-0.5260649466983285,-0.5171572004136108,0.09774507441233363,0.18343865044898988,-1.120609552588144,-0.22281830851906187,-0.4026990468963294,0.5138784172523206,0.1314467824894526,0.1630173383169725
1991-01-15,0.927157488930799,-0.44336212298671657,0.36726501012087526,0.5028203968347404,0.4536194864546973,-0.4979742874446493,-0.6737298629443358,0.06438839807485158,0.2794081218008253,-1.0882438104933012,-0.2167180533782225,-0.6624452457747101,0.47825160622863677,-0.011189504767561278,0.19650022778296353
1991-01-16,1.1013552526253012,-0.19848178599246133,0.08746845364909878,0.5024826661847394,0.6007659345933777,-0.33120802784548986,-0.6218581372886371,0.02815621094910416,0.1116540505320509,-0.833528751530751,-0.4334469042568993,-0.6851915393856923,0.7933924734788216,-0.023733711688321123,0.6023130589552351
1991-01-17,1.2036342220697334,0.10014095044569661,-0.4973139191018799,0.2584732344266465,0.9542888715930362,-0.1413869701365745,-0.6620331694004957,0.3323627502184814,0.03379612004506537,-0.7485453306990855,-0.7572835752144006,-0.7116409064901209,1.0773153347558762,-0.04548168825064483,0.7618067809476262
1991-01-18,1.377049829871482,0.31539520105776964,-1.0207398380696604,0.015419815164029535,1.0757260739615804,0.03105312343662647,-0.6199104883809289,0.4441943272809211,0.048103747628276794,-0.552484064850338,-0.8681135251694954,-1.1004753556927411,0.9986070250774967,-0.018368613282802208,0.5451624256667758
1991-01-19,1.211554027406643,0.5530308214498503,-1.3032083575747313,-0.10140457688278606,1.165373421358629,0.3068950929560632,-0.4783489056376124,0.6358120034962996,0.31138465634362505,0.05581882173862249,-1.0084975377893628,-1.6019162268851126,0.7515639164407973,-0.30619047056979887,0.3850141019086515
1991-01-20,0.9932525028510625,0.7363016767932724,-1.510477525397942,0.15202485084991277,1.4181994259006896,0.26197893380260723,-0.31727415008999904,0.7726385950856467,0.36898776676484707,0.6443631107275666,-0.9214143329519449,-2.125029905431208,0.9875689815192424,-0.24744804307695706,0.08665614265983199
1991-01-21,0.6094840933086473,0.6425945646144079,-1.3858525256465777,0.3732379353745314,1.3023736737875717,0.32653846117595664,-0.21611488539702312,0.7847212293678666,0.16817099017811812,1.0694186165932322,-0.8386301028510561,-2.0989997708739687,0.7886024123560804,-0.0153369790178675,0.2183016741041178
1991-01-22,0.40554991160797826,0.8370925547021546,-1.2073520359141063,0.43994363587106794,1.2258673906750512,0.1823225193412437,-0.057967679016848496,0.7632157710088727,0.3074728556045228,1.0356918058049644,-1.0948297678039438,-1.9206675769177322,0.5713561288394109,-0.33118480545163026,0.32640576766857443
1991-01-23,0.13258146701691317,1.0770667952291613,-0.7759209533150511,0.3372410693855284,1.1438451184051974,0.07606713219506143,0.3775757176425284,0.5040917147023697,0.3958943078392729,0.9633189763053551,-0.9352996837842544,-1.7036187111725654,0.6580823595358472,-0.4957135443172226,0.30485581310882987
1991-01-24,-0.3384447539255849,1.5955036815279013,-0.26796539939327013,0.5409088539001101,0.5584703983330681,-0.48609796827256735,0.33515094252035327,0.27711908132091195,0.19077748281077225,1.1300686544743743,-0.35836995732305227,-1.9030567132392084,0.8178021323790376,-0.6294056094807635,0.2909509289441243
1991-01-25,-0.7484589545304029,1.4274396380349366,0.066586820546536,0.8727675571549995,0.17326041714640994,-0.8584759015242214,0.3162663795162668,0.11905649285799826,0.18963242247962717,1.2464820072557738,0.3125656358217762,-2.0088376471142926,0.7610045361685984,-0.8083092532335229,0.18694677184841046
1991-01-26,-0.6420093914322665,1.369459094592478,0.14020924577544375,0.9939119134701705,-0.1426255198767502,-0.9267286295841419,0.3703830961724469,-0.07929895893277629,0.19995234723215566,1.1807909793410603,0.4436491466751162,-2.2402964657035267,0.6822773322214625,-0.5798321544438543,0.10246722973441912
1991-01-27,-0.3712425368539965,1.582232397098964,0.09320479007384794,0.9203183055296619,-0.3378645052773864,-1.2602735111443233,0.5300374702650752,-0.04299052365432713,0.29984121044199097,0.7454803304426215,0.7207378331799749,-2.1322024293827764,0.530279155889402,-0.4031277394817805,0.05165308924645351
1991-01-28,-0.13189166235879268,1.8740453585900112,0.05833213061644969,0.7395442067671697,-0.716940044860668,-1.155850082064467,0.9143448759896075,0.044295381369857924,0.16875499465328098,0.5056608852574227,0.9761750233446589,-2.273289836446873,0.6001648892948446,-0.5244602552269291,0.22906531687793738
1991-01-29,0.3883270991330121,1.9637647574355364,-0.252395318513054,0.546261550875431,-0.7286951679863246,-1.1901051454984357,0.9365480770371083,0.10140072549448434,0.38905859712412916,0.4073979245724109,1.2673846196607286,-1.8023265568989029,0.8619777700260398,-0.38255006625983373,0.5095189017081156
1991-01-30,1.0677819789200025,2.2964044318290004,-0.5993569654967316,0.29112534015231095,-0.4424545404142156,-1.0339382473134364,1.0035450952884324,-0.02210106898309819,0.9122710033081148,0.2927964429003246,1.3903372661672404,-1.2120420887745147,0.8671866463704816,-0.44314730999764296,0.8911502313019318
1991-01-31,1.5323354440277175,2.4301078741615036,-0.8119992352417426,0.19075953269904125,-0.34397810764919673,-0.5739085258526198,1.0200103931351938,0.0279538651026815,1.3838038682133655,0.5079777047317693,1.387485651248757,-0.5458524233352573,0.8737966898905357,-0.6720965650020787,0.9873342920922475
1991-02-01,1.5690157192597545,2.719382212703975,-0.8468187422605619,0.24403242226926675,-0.49860054996470726,-0.17771223596801702,1.0182032473806348,-0.044647337686936864,1.6276922197734145,0.6547792381693535,1.4126297420974998,-0.10260549713539638,1.0463990140605437,-0.8186432914700121,1.0316383884076394
1991-02-02,1.4507851183490164,2.8609841453898097,-0.5754535629097519,0.6184062681613365,-0.5322060369438475,-0.18616743690605095,1.165268108026386,0.09851967076892074,1.4977095975575998,0.526557764820575,1.5791423890757652,0.6371594114529462,1.3974533149018695,-0.6834291947314171,1.1382207711730299
1991-02-03,1.6098482863617438,2.815176524882611,-0.3116677635322989,0.7865550204417411,-0.39297904877588985,-0.5027076116350303,1.2976444829418756,0.17822387850251184,1.3902402248434682,0.4715979479508059,1.3537662757855127,1.0341820786167475,1.7259410237914063,-0.4180316010568325,1.0399998268620483
1991-02-04,1.5707738061110823,2.4465317061264855,-0.35055163957551977,0.9320636884440485,0.06771511112515985,-0.4948347169645038,1.0136110729406345,0.5069316316419117,1.373326713581446,0.093810859656548,1.0596560998122013,1.56743614524845,1.9373166879867865,-0.11443510808397492,0.9595066435324164
1991-02-05,1.417282695609414,1.7109056046749156,-0.549937317042481,1.1076307970389931,0.18516730975781995,-0.6470931769234896,0.9005612505779089,0.6091023691204042,1.3887280110184475,-0.3115490188524899,0.570044095004342,1.91778318926255,1.5282197003387759,0.235733136426728,0.5766458368719658
1991-02-06,0.7134646386668674,1.1307776828904168,-0.7142990761186907,0.9184876017082272,0.43131471504702773,-0.41168052815121936,0.4855393483778634,0.5742684174984288,1.3830217958967628,-0.5017269724647963,0.21417778510539862,2.1310510064679518,1.244325076208073,0.6949740275956982,0.2657677867526866
1991-02-07,0.1591898306302793,0.7562713906083948,-1.002672956532367,0.6692184223900713,0.817113880589242,-0.29784153456499435,0.5564712644265404,0.6793489476055538,1.3957529696937896,-0.29469832051420053,-0.10143024864159157,1.7804261577258247,1.396928198020272,1.1396494548101488,0.10534330399822611
1991-02-08,-0.22993332018868146,0.532369106119328,-1.0198404399727998,0.3451575391930395,1.175342621969835,-0.09961558163242724,0.6227595946492193,0.4052488937017293,1.4550789286827517,-0.12651817649113548,0.16211685253934457,1.7786113856714005,1.7158305876337658,1.2619151440454248,-0.7305465641561287
1991-02-09,-0.48660329222385856,0.36322846627715316,-1.1933946144401255,0.29327917177402585,1.4391007214406704,-0.2288805992032731,0.7680406850451983,0.48560331124305667,1.4997824395704913,-0.33436676585209124,0.7577722750842526,1.6548665675648713,1.6228348182963144,1.4315271298673404,-1.2960720392838172
1991-02-10,-0.36473156945924307,0.23035884944372587,-1.2266093495537878,0.17582474092438716,1.4726282312988794,-0.41133881622675883,1.473026389243115,0.5438841119913246,1.544660320745841,-0.4324383695115537,0.8611948740952322,1.430753316508592,1.2688186185322516,1.5520063259997225,-1.42667239371866
1991-02-11,-0.2559161417588665,0.13777933344193777,-0.9112348878511176,-0.037635767894448724,1.445920462015077,-0.5082889929521759,1.7153854852720578,0.5933555506145495,1.605590284936413,-0.10636010183339806,1.1692752990610566,1.1407773350370494,0.722947760067103,1.4488401928594505,-1.4177786080277404
1991-02-12,-0.4275020423748,0.2737943661659227,-0.8674591284429474,-0.3849198433107607,1.5006779852714582,-0.5095395176439909,1.9636775590812636,0.4378700633932073,1.8556553037999997,0.21900706986518031,1.6143878369934705,1.1911753191664824,0.3107319363996677,1.4653813687714026,-1.33743035289646
1991-02-13,-0.7328654004847155,-0.05891484070238472,-0.6337477880355379,-0.19582272067176587,1.724824812267043,-0.37078147392648897,2.1083344680221145,0.14953882022515042,1.8916423473323465,0.33753554625648224,2.0188651895441128,1.1912193255221197,0.04130313652713843,1.525679195012333,-1.4156886867113658
1991-02-14,-0.7368606536066498,-0.06450718207344204,-0.5713182052458362,-0.05952566598657025,1.82107999227707,-0.05748467969326296,1.9062777414335312,0.07253260388789715,1.9235993727414313,0.2105788192625698,2.052267319797465,1.2238126830325056,-0.35648486832581666,1.7580441734497412,-1.3697550931131552
1991-02-15,-0.6097232846923522,0.27406219022611383,-0.6819893200751628,-0.5001905298251003,1.9334274986213158,0.4124277121584023,1.6253425069570977,0.20340736425308525,1.949422381026631,0.0692911709082013,1.9469727057885258,1.1244129511526755,-0.6901942474560837,2.1011571907464135,-1.2710873268273624
1991-02-16,-0.6439884831938084,0.4945147963733776,-0.5043993157830352,-0.48252584851796565,2.1781313738109835,0.9439651640161587,1.9076798900961125,0.1123388338515015,1.7501604981387515,0.17154514314006197,2.0759071450742637,1.2142152773479395,-0.8070947317307174,2.1263088094453164,-1.1430534937473473
