,1,2,3,4,5,6,7,8,9,10,11,12,13,14,15
1990-08-20,1.3493806249976223,1.3493806249976223,1.3493806249976223,1.3493806249976223,1.3493806249976223,1.3493806249976223,1.3493806249976223,1.3493806249976223,1.3493806249976223,1.3493806249976223,1.3493806249976223,1.3493806249976223,1.3493806249976223,1.3493806249976223,1.3493806249976223
1990-08-21,1.7122548880468582,1.7122548880468582,1.7122548880468582,1.7122548880468582,1.7122548880468582,1.7122548880468582,1.7122548880468582,1.7122548880468582,1.7122548880468582,1.7122548880468582,1.7122548880468582,1.7122548880468582,1.7122548880468582,1.7122548880468582,1.7122548880468582
1990-08-22,1.8304889528353172,1.8304889528353172,1.8304889528353172,1.8304889528353172,1.8304889528353172,1.8304889528353172,1.8304889528353172,1.8304889528353172,1.8304889528353172,1.8304889528353172,1.8304889528353172,1.8304889528353172,1.8304889528353172,1.8304889528353172,1.8304889528353172
1990-08-23,2.058988200410087,2.058988200410087,2.058988200410087,2.058988200410087,2.058988200410087,2.058988200410087,2.058988200410087,2.058988200410087,2.058988200410087,2.058988200410087,2.058988200410087,2.058988200410087,2.058988200410087,2.058988200410087,2.058988200410087
1990-08-24,2.070552477247754,2.070552477247754,2.070552477247754,2.070552477247754,2.070552477247754,2.070552477247754,2.070552477247754,2.070552477247754,2.070552477247754,2.070552477247754,2.070552477247754,2.070552477247754,2.070552477247754,2.070552477247754,2.070552477247754
1990-08-25,1.8770434464321302,1.8770434464321302,1.8770434464321302,1.8770434464321302,1.8770434464321302,1.8770434464321302,1.8770434464321302,1.8770434464321302,1.8770434464321302,1.8770434464321302,1.8770434464321302,1.8770434464321302,1.8770434464321302,1.8770434464321302,1.8770434464321302
1990-08-26,1.6956409390587066,1.6956409390587066,1.6956409390587066,1.6956409390587066,1.6956409390587066,1.6956409390587066,1.6956409390587066,1.6956409390587066,1.6956409390587066,1.6956409390587066,1.6956409390587066,1.6956409390587066,1.6956409390587066,1.6956409390587066,1.6956409390587066
1990-08-27,1.0901006706932224,1.0901006706932224,1.0901006706932224,1.0901006706932224,1.0901006706932224,1.0901006706932224,1.0901006706932224,1.0901006706932224,1.0901006706932224,1.0901006706932224,1.0901006706932224,1.0901006706932224,1.0901006706932224,1.0901006706932224,1.0901006706932224
1990-08-28,0.851154703662201,0.851154703662201,0.851154703662201,0.851154703662201,0.851154703662201,0.851154703662201,0.851154703662201,0.851154703662201,0.851154703662201,0.851154703662201,0.851154703662201,0.851154703662201,0.851154703662201,0.851154703662201,0.851154703662201
1990-08-29,0.49773974338378696,0.49773974338378696,0.49773974338378696,0.49773974338378696,0.49773974338378696,0.49773974338378696,0.49773974338378696,0.49773974338378696,0.49773974338378696,0.49773974338378696,0.49773974338378696,0.49773974338378696,0.49773974338378696,0.49773974338378696,0.49773974338378696
1990-08-30,0.21033599152338356,0.21033599152338356,0.21033599152338356,0.21033599152338356,0.21033599152338356,0.21033599152338356,0.21033599152338356,0.21033599152338356,0.21033599152338356,0.21033599152338356,0.21033599152338356,0.21033599152338356,0.21033599152338356,0.21033599152338356,0.21033599152338356
1990-08-31,-0.18465240127035373,-0.18465240127035373,-0.18465240127035373,-0.18465240127035373,-0.18465240127035373,-0.18465240127035373,-0.18465240127035373,-0.18465240127035373,-0.18465240127035373,-0.18465240127035373,-0.18465240127035373,-0.18465240127035373,-0.18465240127035373,-0.18465240127035373,-0.18465240127035373
1990-09-01,-0.024006681829300214,-0.024006681829300214,-0.024006681829300214,-0.024006681829300214,-0.024006681829300214,-0.024006681829300214,-0.024006681829300214,-0.024006681829300214,-0.024006681829300214,-0.024006681829300214,-0.024006681829300214,-0.024006681829300214,-0.024006681829300214,-0.024006681829300214,-0.024006681829300214
1990-09-02,-0.11408240364652754,-0.11408240364652754,-0.11408240364652754,-0.11408240364652754,-0.11408240364652754,-0.11408240364652754,-0.11408240364652754,-0.11408240364652754,-0.11408240364652754,-0.11408240364652754,-0.11408240364652754,-0.11408240364652754,-0.11408240364652754,-0.11408240364652754,-0.11408240364652754
1990-09-03,-0.13226337499813173,-0.13226337499813173,-0.13226337499813173,-0.13226337499813173,-0.13226337499813173,-0.13226337499813173,-0.13226337499813173,-0.13226337499813173,-0.13226337499813173,-0.13226337499813173,-0.13226337499813173,-0.13226337499813173,-0.13226337499813173,-0.13226337499813173,-0.13226337499813173
1990-09-04,-0.37444356621176444,-0.37444356621176444,-0.37444356621176444,-0.37444356621176444,-0.37444356621176444,-0.37444356621176444,-0.37444356621176444,-0.37444356621176444,-0.37444356621176444,-0.37444356621176444,-0.37444356621176444,-0.37444356621176444,-0.37444356621176444,-0.37444356621176444,-0.37444356621176444
1990-09-05,0.07787826685812958,0.07787826685812958,0.07787826685812958,0.07787826685812958,0.07787826685812958,0.07787826685812958,0.07787826685812958,0.07787826685812958,0.07787826685812958,0.07787826685812958,0.07787826685812958,0.07787826685812958,0.07787826685812958,0.07787826685812958,0.07787826685812958
1990-09-06,0.22408022404214178,0.22408022404214178,0.22408022404214178,0.22408022404214178,0.22408022404214178,0.22408022404214178,0.22408022404214178,0.22408022404214178,0.22408022404214178,0.22408022404214178,0.22408022404214178,0.22408022404214178,0.22408022404214178,0.22408022404214178,0.22408022404214178
1990-09-07,0.635931985461013,0.635931985461013,0.635931985461013,0.635931985461013,0.635931985461013,0.635931985461013,0.635931985461013,0.635931985461013,0.635931985461013,0.635931985461013,0.635931985461013,0.635931985461013,0.635931985461013,0.635931985461013,0.635931985461013
1990-09-08,0.5858238005256604,0.5858238005256604,0.5858238005256604,0.5858238005256604,0.5858238005256604,0.5858238005256604,0.5858238005256604,0.5858238005256604,0.5858238005256604,0.5858238005256604,0.5858238005256604,0.5858238005256604,0.5858238005256604,0.5858238005256604,0.5858238005256604
1990-09-09,0.4678097532851701,0.4678097532851701,0.4678097532851701,0.4678097532851701,0.4678097532851701,0.4678097532851701,0.4678097532851701,0.4678097532851701,0.4678097532851701,0.4678097532851701,0.4678097532851701,0.4678097532851701,0.4678097532851701,0.4678097532851701,0.4678097532851701
1990-09-10,0.3484494446016397,0.3484494446016397,0.3484494446016397,0.3484494446016397,0.3484494446016397,0.3484494446016397,0.3484494446016397,0.3484494446016397,0.3484494446016397,0.3484494446016397,0.3484494446016397,0.3484494446016397,0.3484494446016397,0.3484494446016397,0.3484494446016397
1990-09-11,0.3702709736849746,0.3702709736849746,0.3702709736849746,0.3702709736849746,0.3702709736849746,0.3702709736849746,0.3702709736849746,0.3702709736849746,0.3702709736849746,0.3702709736849746,0.3702709736849746,0.3702709736849746,0.3702709736849746,0.3702709736849746,0.3702709736849746
1990-09-12,0.05720006773744476,0.05720006773744476,0.05720006773744476,0.05720006773744476,0.05720006773744476,0.05720006773744476,0.05720006773744476,0.05720006773744476,0.05720006773744476,0.05720006773744476,0.05720006773744476,0.05720006773744476,0.05720006773744476,0.05720006773744476,0.05720006773744476
1990-09-13,-0.09007670485566738,-0.09007670485566738,-0.09007670485566738,-0.09007670485566738,-0.09007670485566738,-0.09007670485566738,-0.09007670485566738,-0.09007670485566738,-0.09007670485566738,-0.09007670485566738,-0.09007670485566738,-0.09007670485566738,-0.09007670485566738,-0.09007670485566738,-0.09007670485566738
1990-09-14,-0.21622510051244526,-0.21622510051244526,-0.21622510051244526,-0.21622510051244526,-0.21622510051244526,-0.21622510051244526,-0.21622510051244526,-0.21622510051244526,-0.21622510051244526,-0.21622510051244526,-0.21622510051244526,-0.21622510051244526,-0.21622510051244526,-0.21622510051244526,-0.21622510051244526
1990-09-15,-0.0901361801119544,-0.0901361801119544,-0.0901361801119544,-0.0901361801119544,-0.0901361801119544,-0.0901361801119544,-0.0901361801119544,-0.0901361801119544,-0.0901361801119544,-0.0901361801119544,-0.0901361801119544,-0.0901361801119544,-0.0901361801119544,-0.0901361801119544,-0.0901361801119544
1990-09-16,-0.04981767907923301,-0.04981767907923301,-0.04981767907923301,-0.04981767907923301,-0.04981767907923301,-0.04981767907923301,-0.04981767907923301,-0.04981767907923301,-0.04981767907923301,-0.04981767907923301,-0.04981767907923301,-0.04981767907923301,-0.04981767907923301,-0.04981767907923301,-0.04981767907923301
1990-09-17,-0.07446038433601289,-0.07446038433601289,-0.07446038433601289,-0.07446038433601289,-0.07446038433601289,-0.07446038433601289,-0.07446038433601289,-0.07446038433601289,-0.07446038433601289,-0.07446038433601289,-0.07446038433601289,-0.07446038433601289,-0.07446038433601289,-0.07446038433601289,-0.07446038433601289
1990-09-18,-0.1804594507657549,-0.1804594507657549,-0.1804594507657549,-0.1804594507657549,-0.1804594507657549,-0.1804594507657549,-0.1804594507657549,-0.1804594507657549,-0.1804594507657549,-0.1804594507657549,-0.1804594507657549,-0.1804594507657549,-0.1804594507657549,-0.1804594507657549,-0.1804594507657549
1990-09-19,-0.46870881995163105,-0.46870881995163105,-0.46870881995163105,-0.46870881995163105,-0.46870881995163105,-0.46870881995163105,-0.46870881995163105,-0.46870881995163105,-0.46870881995163105,-0.46870881995163105,-0.46870881995163105,-0.46870881995163105,-0.46870881995163105,-0.46870881995163105,-0.46870881995163105
1990-09-20,-0.37136429476909416,-0.37136429476909416,-0.37136429476909416,-0.37136429476909416,-0.37136429476909416,-0.37136429476909416,-0.37136429476909416,-0.37136429476909416,-0.37136429476909416,-0.37136429476909416,-0.37136429476909416,-0.37136429476909416,-0.37136429476909416,-0.37136429476909416,-0.37136429476909416
1990-09-21,-0.3787487231407667,-0.3787487231407667,-0.3787487231407667,-0.3787487231407667,-0.3787487231407667,-0.3787487231407667,-0.3787487231407667,-0.3787487231407667,-0.3787487231407667,-0.3787487231407667,-0.3787487231407667,-0.3787487231407667,-0.3787487231407667,-0.3787487231407667,-0.3787487231407667
1990-09-22,-0.6020970369841813,-0.6020970369841813,-0.6020970369841813,-0.6020970369841813,-0.6020970369841813,-0.6020970369841813,-0.6020970369841813,-0.6020970369841813,-0.6020970369841813,-0.6020970369841813,-0.6020970369841813,-0.6020970369841813,-0.6020970369841813,-0.6020970369841813,-0.6020970369841813
1990-09-23,-0.6614806270109032,-0.6614806270109032,-0.6614806270109032,-0.6614806270109032,-0.6614806270109032,-0.6614806270109032,-0.6614806270109032,-0.6614806270109032,-0.6614806270109032,-0.6614806270109032,-0.6614806270109032,-0.6614806270109032,-0.6614806270109032,-0.6614806270109032,-0.6614806270109032
1990-09-24,-0.796447825437614,-0.796447825437614,-0.796447825437614,-0.796447825437614,-0.796447825437614,-0.796447825437614,-0.796447825437614,-0.796447825437614,-0.796447825437614,-0.796447825437614,-0.796447825437614,-0.796447825437614,-0.796447825437614,-0.796447825437614,-0.796447825437614
1990-09-25,-0.8974825591451967,-0.8974825591451967,-0.8974825591451967,-0.8974825591451967,-0.8974825591451967,-0.8974825591451967,-0.8974825591451967,-0.8974825591451967,-0.8974825591451967,-0.8974825591451967,-0.8974825591451967,-0.8974825591451967,-0.8974825591451967,-0.8974825591451967,-0.8974825591451967
1990-09-26,-0.8082248756287221,-0.8082248756287221,-0.8082248756287221,-0.8082248756287221,-0.8082248756287221,-0.8082248756287221,-0.8082248756287221,-0.8082248756287221,-0.8082248756287221,-0.8082248756287221,-0.8082248756287221,-0.8082248756287221,-0.8082248756287221,-0.8082248756287221,-0.8082248756287221
1990-09-27,-0.7131494133652463,-0.7131494133652463,-0.7131494133652463,-0.7131494133652463,-0.7131494133652463,-0.7131494133652463,-0.7131494133652463,-0.7131494133652463,-0.7131494133652463,-0.7131494133652463,-0.7131494133652463,-0.7131494133652463,-0.7131494133652463,-0.7131494133652463,-0.7131494133652463
1990-09-28,-0.48141576430418304,-0.48141576430418304,-0.48141576430418304,-0.48141576430418304,-0.48141576430418304,-0.48141576430418304,-0.48141576430418304,-0.48141576430418304,-0.48141576430418304,-0.48141576430418304,-0.48141576430418304,-0.48141576430418304,-0.48141576430418304,-0.48141576430418304,-0.48141576430418304
1990-09-29,-0.47903575713171775,-0.47903575713171775,-0.47903575713171775,-0.47903575713171775,-0.47903575713171775,-0.47903575713171775,-0.47903575713171775,-0.47903575713171775,-0.47903575713171775,-0.47903575713171775,-0.47903575713171775,-0.47903575713171775,-0.47903575713171775,-0.47903575713171775,-0.47903575713171775
1990-09-30,-0.4324443383668376,-0.4324443383668376,-0.4324443383668376,-0.4324443383668376,-0.4324443383668376,-0.4324443383668376,-0.4324443383668376,-0.4324443383668376,-0.4324443383668376,-0.4324443383668376,-0.4324443383668376,-0.4324443383668376,-0.4324443383668376,-0.4324443383668376,-0.4324443383668376
1990-10-01,-0.09831697200008435,-0.09831697200008435,-0.09831697200008435,-0.09831697200008435,-0.09831697200008435,-0.09831697200008435,-0.09831697200008435,-0.09831697200008435,-0.09831697200008435,-0.09831697200008435,-0.09831697200008435,-0.09831697200008435,-0.09831697200008435,-0.09831697200008435,-0.09831697200008435
1990-10-02,0.05552175610695003,0.05552175610695003,0.05552175610695003,0.05552175610695003,0.05552175610695003,0.05552175610695003,0.05552175610695003,0.05552175610695003,0.05552175610695003,0.05552175610695003,0.05552175610695003,0.05552175610695003,0.05552175610695003,0.05552175610695003,0.05552175610695003
1990-10-03,0.5688176409940128,0.5688176409940128,0.5688176409940128,0.5688176409940128,0.5688176409940128,0.5688176409940128,0.5688176409940128,0.5688176409940128,0.5688176409940128,0.5688176409940128,0.5688176409940128,0.5688176409940128,0.5688176409940128,0.5688176409940128,0.5688176409940128
1990-10-04,0.889507093050027,0.889507093050027,0.889507093050027,0.889507093050027,0.889507093050027,0.889507093050027,0.889507093050027,0.889507093050027,0.889507093050027,0.889507093050027,0.889507093050027,0.889507093050027,0.889507093050027,0.889507093050027,0.889507093050027
1990-10-05,1.2225908251477402,1.2225908251477402,1.2225908251477402,1.2225908251477402,1.2225908251477402,1.2225908251477402,1.2225908251477402,1.2225908251477402,1.2225908251477402,1.2225908251477402,1.2225908251477402,1.2225908251477402,1.2225908251477402,1.2225908251477402,1.2225908251477402
1990-10-06,1.3399631667503193,1.3399631667503193,1.3399631667503193,1.3399631667503193,1.3399631667503193,1.3399631667503193,1.3399631667503193,1.3399631667503193,1.3399631667503193,1.3399631667503193,1.3399631667503193,1.3399631667503193,1.3399631667503193,1.3399631667503193,1.3399631667503193
1990-10-07,1.2017909249060987,1.2017909249060987,1.2017909249060987,1.2017909249060987,1.2017909249060987,1.2017909249060987,1.2017909249060987,1.2017909249060987,1.2017909249060987,1.2017909249060987,1.2017909249060987,1.2017909249060987,1.2017909249060987,1.2017909249060987,1.2017909249060987
1990-10-08,0.8131544503688029,0.8131544503688029,0.8131544503688029,0.8131544503688029,0.8131544503688029,0.8131544503688029,0.8131544503688029,0.8131544503688029,0.8131544503688029,0.8131544503688029,0.8131544503688029,0.8131544503688029,0.8131544503688029,0.8131544503688029,0.8131544503688029
1990-10-09,0.13878968951238183,0.13878968951238183,0.13878968951238183,0.13878968951238183,0.13878968951238183,0.13878968951238183,0.13878968951238183,0.13878968951238183,0.13878968951238183,0.13878968951238183,0.13878968951238183,0.13878968951238183,0.13878968951238183,0.13878968951238183,0.13878968951238183
1990-10-10,-0.15274804124185132,-0.15274804124185132,-0.15274804124185132,-0.15274804124185132,-0.15274804124185132,-0.15274804124185132,-0.15274804124185132,-0.15274804124185132,-0.15274804124185132,-0.15274804124185132,-0.15274804124185132,-0.15274804124185132,-0.15274804124185132,-0.15274804124185132,-0.15274804124185132
1990-10-11,-0.3562797069788561,-0.3562797069788561,-0.3562797069788561,-0.3562797069788561,-0.3562797069788561,-0.3562797069788561,-0.3562797069788561,-0.3562797069788561,-0.3562797069788561,-0.3562797069788561,-0.3562797069788561,-0.3562797069788561,-0.3562797069788561,-0.3562797069788561,-0.3562797069788561
1990-10-12,-0.3471345297861908,-0.3471345297861908,-0.3471345297861908,-0.3471345297861908,-0.3471345297861908,-0.3471345297861908,-0.3471345297861908,-0.3471345297861908,-0.3471345297861908,-0.3471345297861908,-0.3471345297861908,-0.3471345297861908,-0.3471345297861908,-0.3471345297861908,-0.3471345297861908
1990-10-13,-0.33388758508448885,-0.33388758508448885,-0.33388758508448885,-0.33388758508448885,-0.33388758508448885,-0.33388758508448885,-0.33388758508448885,-0.33388758508448885,-0.33388758508448885,-0.33388758508448885,-0.33388758508448885,-0.33388758508448885,-0.33388758508448885,-0.33388758508448885,-0.33388758508448885
1990-10-14,-0.6518552493333166,-0.6518552493333166,-0.6518552493333166,-0.6518552493333166,-0.6518552493333166,-0.6518552493333166,-0.6518552493333166,-0.6518552493333166,-0.6518552493333166,-0.6518552493333166,-0.6518552493333166,-0.6518552493333166,-0.6518552493333166,-0.6518552493333166,-0.6518552493333166
1990-10-15,-0.920595456303989,-0.920595456303989,-0.920595456303989,-0.920595456303989,-0.920595456303989,-0.920595456303989,-0.920595456303989,-0.920595456303989,-0.920595456303989,-0.920595456303989,-0.920595456303989,-0.920595456303989,-0.920595456303989,-0.920595456303989,-0.920595456303989
1990-10-16,-0.9339192662701812,-0.9339192662701812,-0.9339192662701812,-0.9339192662701812,-0.9339192662701812,-0.9339192662701812,-0.9339192662701812,-0.9339192662701812,-0.9339192662701812,-0.9339192662701812,-0.9339192662701812,-0.9339192662701812,-0.9339192662701812,-0.9339192662701812,-0.9339192662701812
1990-10-17,-1.0484593869549679,-1.0484593869549679,-1.0484593869549679,-1.0484593869549679,-1.0484593869549679,-1.0484593869549679,-1.0484593869549679,-1.0484593869549679,-1.0484593869549679,-1.0484593869549679,-1.0484593869549679,-1.0484593869549679,-1.0484593869549679,-1.0484593869549679,-1.0484593869549679
1990-10-18,-1.21000802988627,-1.21000802988627,-1.21000802988627,-1.21000802988627,-1.21000802988627,-1.21000802988627,-1.21000802988627,-1.21000802988627,-1.21000802988627,-1.21000802988627,-1.21000802988627,-1.21000802988627,-1.21000802988627,-1.21000802988627,-1.21000802988627
1990-10-19,-0.9975289316864705,-0.9975289316864705,-0.9975289316864705,-0.9975289316864705,-0.9975289316864705,-0.9975289316864705,-0.9975289316864705,-0.9975289316864705,-0.9975289316864705,-0.9975289316864705,-0.9975289316864705,-0.9975289316864705,-0.9975289316864705,-0.9975289316864705,-0.9975289316864705
1990-10-20,-1.0194639178512073,-1.0194639178512073,-1.0194639178512073,-1.0194639178512073,-1.0194639178512073,-1.0194639178512073,-1.0194639178512073,-1.0194639178512073,-1.0194639178512073,-1.0194639178512073,-1.0194639178512073,-1.0194639178512073,-1.0194639178512073,-1.0194639178512073,-1.0194639178512073
1990-10-21,-1.198032864704511,-1.198032864704511,-1.198032864704511,-1.198032864704511,-1.198032864704511,-1.198032864704511,-1.198032864704511,-1.198032864704511,-1.198032864704511,-1.198032864704511,-1.198032864704511,-1.198032864704511,-1.198032864704511,-1.198032864704511,-1.198032864704511
1990-10-22,-1.2825629151095408,-1.2825629151095408,-1.2825629151095408,-1.2825629151095408,-1.2825629151095408,-1.2825629151095408,-1.2825629151095408,-1.2825629151095408,-1.2825629151095408,-1.2825629151095408,-1.2825629151095408,-1.2825629151095408,-1.2825629151095408,-1.2825629151095408,-1.2825629151095408
1990-10-23,-1.2707171900359706,-1.2707171900359706,-1.2707171900359706,-1.2707171900359706,-1.2707171900359706,-1.2707171900359706,-1.2707171900359706,-1.2707171900359706,-1.2707171900359706,-1.2707171900359706,-1.2707171900359706,-1.2707171900359706,-1.2707171900359706,-1.2707171900359706,-1.2707171900359706
1990-10-24,-1.3973439216439512,-1.3973439216439512,-1.3973439216439512,-1.3973439216439512,-1.3973439216439512,-1.3973439216439512,-1.3973439216439512,-1.3973439216439512,-1.3973439216439512,-1.3973439216439512,-1.3973439216439512,-1.3973439216439512,-1.3973439216439512,-1.3973439216439512,-1.3973439216439512
1990-10-25,-1.4972524213859184,-1.4972524213859184,-1.4972524213859184,-1.4972524213859184,-1.4972524213859184,-1.4972524213859184,-1.4972524213859184,-1.4972524213859184,-1.4972524213859184,-1.4972524213859184,-1.4972524213859184,-1.4972524213859184,-1.4972524213859184,-1.4972524213859184,-1.4972524213859184
1990-10-26,-1.2677497504867923,-1.2677497504867923,-1.2677497504867923,-1.2677497504867923,-1.2677497504867923,-1.2677497504867923,-1.2677497504867923,-1.2677497504867923,-1.2677497504867923,-1.2677497504867923,-1.2677497504867923,-1.2677497504867923,-1.2677497504867923,-1.2677497504867923,-1.2677497504867923
1990-10-27,-1.1953590730433035,-1.1953590730433035,-1.1953590730433035,-1.1953590730433035,-1.1953590730433035,-1.1953590730433035,-1.1953590730433035,-1.1953590730433035,-1.1953590730433035,-1.1953590730433035,-1.1953590730433035,-1.1953590730433035,-1.1953590730433035,-1.1953590730433035,-1.1953590730433035
1990-10-28,-1.2118922581173852,-1.2118922581173852,-1.2118922581173852,-1.2118922581173852,-1.2118922581173852,-1.2118922581173852,-1.2118922581173852,-1.2118922581173852,-1.2118922581173852,-1.2118922581173852,-1.2118922581173852,-1.2118922581173852,-1.2118922581173852,-1.2118922581173852,-1.2118922581173852
1990-10-29,-1.227171814472742,-1.227171814472742,-1.227171814472742,-1.227171814472742,-1.227171814472742,-1.227171814472742,-1.227171814472742,-1.227171814472742,-1.227171814472742,-1.227171814472742,-1.227171814472742,-1.227171814472742,-1.227171814472742,-1.227171814472742,-1.227171814472742
1990-10-30,-1.6397031223372913,-1.6397031223372913,-1.6397031223372913,-1.6397031223372913,-1.6397031223372913,-1.6397031223372913,-1.6397031223372913,-1.6397031223372913,-1.6397031223372913,-1.6397031223372913,-1.6397031223372913,-1.6397031223372913,-1.6397031223372913,-1.6397031223372913,-1.6397031223372913
1990-10-31,-1.4970035758745759,-1.4970035758745759,-1.4970035758745759,-1.4970035758745759,-1.4970035758745759,-1.4970035758745759,-1.4970035758745759,-1.4970035758745759,-1.4970035758745759,-1.4970035758745759,-1.4970035758745759,-1.4970035758745759,-1.4970035758745759,-1.4970035758745759,-1.4970035758745759
1990-11-01,-1.3426726873454327,-1.3426726873454327,-1.3426726873454327,-1.3426726873454327,-1.3426726873454327,-1.3426726873454327,-1.3426726873454327,-1.3426726873454327,-1.3426726873454327,-1.3426726873454327,-1.3426726873454327,-1.3426726873454327,-1.3426726873454327,-1.3426726873454327,-1.3426726873454327
1990-11-02,-1.323639889994478,-1.323639889994478,-1.323639889994478,-1.323639889994478,-1.323639889994478,-1.323639889994478,-1.323639889994478,-1.323639889994478,-1.323639889994478,-1.323639889994478,-1.323639889994478,-1.323639889994478,-1.323639889994478,-1.323639889994478,-1.323639889994478
1990-11-03,-1.0711156130172383,-1.0711156130172383,-1.0711156130172383,-1.0711156130172383,-1.0711156130172383,-1.0711156130172383,-1.0711156130172383,-1.0711156130172383,-1.0711156130172383,-1.0711156130172383,-1.0711156130172383,-1.0711156130172383,-1.0711156130172383,-1.0711156130172383,-1.0711156130172383
1990-11-04,-0.8263563785618775,-0.8263563785618775,-0.8263563785618775,-0.8263563785618775,-0.8263563785618775,-0.8263563785618775,-0.8263563785618775,-0.8263563785618775,-0.8263563785618775,-0.8263563785618775,-0.8263563785618775,-0.8263563785618775,-0.8263563785618775,-0.8263563785618775,-0.8263563785618775
1990-11-05,-0.6405476070968532,-0.6405476070968532,-0.6405476070968532,-0.6405476070968532,-0.6405476070968532,-0.6405476070968532,-0.6405476070968532,-0.6405476070968532,-0.6405476070968532,-0.6405476070968532,-0.6405476070968532,-0.6405476070968532,-0.6405476070968532,-0.6405476070968532,-0.6405476070968532
1990-11-06,-0.32380575344617746,-0.32380575344617746,-0.32380575344617746,-0.32380575344617746,-0.32380575344617746,-0.32380575344617746,-0.32380575344617746,-0.32380575344617746,-0.32380575344617746,-0.32380575344617746,-0.32380575344617746,-0.32380575344617746,-0.32380575344617746,-0.32380575344617746,-0.32380575344617746
1990-11-07,-0.23576584781988988,-0.23576584781988988,-0.23576584781988988,-0.23576584781988988,-0.23576584781988988,-0.23576584781988988,-0.23576584781988988,-0.23576584781988988,-0.23576584781988988,-0.23576584781988988,-0.23576584781988988,-0.23576584781988988,-0.23576584781988988,-0.23576584781988988,-0.23576584781988988
1990-11-08,0.18211573567411704,0.18211573567411704,0.18211573567411704,0.18211573567411704,0.18211573567411704,0.18211573567411704,0.18211573567411704,0.18211573567411704,0.18211573567411704,0.18211573567411704,0.18211573567411704,0.18211573567411704,0.18211573567411704,0.18211573567411704,0.18211573567411704
1990-11-09,0.3780737121815466,0.3780737121815466,0.3780737121815466,0.3780737121815466,0.3780737121815466,0.3780737121815466,0.3780737121815466,0.3780737121815466,0.3780737121815466,0.3780737121815466,0.3780737121815466,0.3780737121815466,0.3780737121815466,0.3780737121815466,0.3780737121815466
1990-11-10,0.5486027344371978,0.5486027344371978,0.5486027344371978,0.5486027344371978,0.5486027344371978,0.5486027344371978,0.5486027344371978,0.5486027344371978,0.5486027344371978,0.5486027344371978,0.5486027344371978,0.5486027344371978,0.5486027344371978,0.5486027344371978,0.5486027344371978
1990-11-11,0.7547094014045606,0.7547094014045606,0.7547094014045606,0.7547094014045606,0.7547094014045606,0.7547094014045606,0.7547094014045606,0.7547094014045606,0.7547094014045606,0.7547094014045606,0.7547094014045606,0.7547094014045606,0.7547094014045606,0.7547094014045606,0.7547094014045606
1990-11-12,0.9375141262786009,0.9375141262786009,0.9375141262786009,0.9375141262786009,0.9375141262786009,0.9375141262786009,0.9375141262786009,0.9375141262786009,0.9375141262786009,0.9375141262786009,0.9375141262786009,0.9375141262786009,0.9375141262786009,0.9375141262786009,0.9375141262786009
1990-11-13,1.324924752726631,1.324924752726631,1.324924752726631,1.324924752726631,1.324924752726631,1.324924752726631,1.324924752726631,1.324924752726631,1.324924752726631,1.324924752726631,1.324924752726631,1.324924752726631,1.324924752726631,1.324924752726631,1.324924752726631
1990-11-14,1.693684961486665,1.693684961486665,1.693684961486665,1.693684961486665,1.693684961486665,1.693684961486665,1.693684961486665,1.693684961486665,1.693684961486665,1.693684961486665,1.693684961486665,1.693684961486665,1.693684961486665,1.693684961486665,1.693684961486665
1990-11-15,2.0929426305649366,2.0929426305649366,2.0929426305649366,2.0929426305649366,2.0929426305649366,2.0929426305649366,2.0929426305649366,2.0929426305649366,2.0929426305649366,2.0929426305649366,2.0929426305649366,2.0929426305649366,2.0929426305649366,2.0929426305649366,2.0929426305649366
1990-11-16,2.1510240045595257,2.1510240045595257,2.1510240045595257,2.1510240045595257,2.1510240045595257,2.1510240045595257,2.1510240045595257,2.1510240045595257,2.1510240045595257,2.1510240045595257,2.1510240045595257,2.1510240045595257,2.1510240045595257,2.1510240045595257,2.1510240045595257
1990-11-17,2.334968867710858,2.334968867710858,2.334968867710858,2.334968867710858,2.334968867710858,2.334968867710858,2.334968867710858,2.334968867710858,2.334968867710858,2.334968867710858,2.334968867710858,2.334968867710858,2.334968867710858,2.334968867710858,2.334968867710858
1990-11-18,2.020222564042863,2.020222564042863,2.020222564042863,2.020222564042863,2.020222564042863,2.020222564042863,2.020222564042863,2.020222564042863,2.020222564042863,2.020222564042863,2.020222564042863,2.020222564042863,2.020222564042863,2.020222564042863,2.020222564042863
1990-11-19,1.8218716306961371,1.8218716306961371,1.8218716306961371,1.8218716306961371,1.8218716306961371,1.8218716306961371,1.8218716306961371,1.8218716306961371,1.8218716306961371,1.8218716306961371,1.8218716306961371,1.8218716306961371,1.8218716306961371,1.8218716306961371,1.8218716306961371
1990-11-20,1.6446975693289159,1.6446975693289159,1.6446975693289159,1.6446975693289159,1.6446975693289159,1.6446975693289159,1.6446975693289159,1.6446975693289159,1.6446975693289159,1.6446975693289159,1.6446975693289159,1.6446975693289159,1.6446975693289159,1.6446975693289159,1.6446975693289159
1990-11-21,1.3315768753487651,1.3315768753487651,1.3315768753487651,1.3315768753487651,1.3315768753487651,1.3315768753487651,1.3315768753487651,1.3315768753487651,1.3315768753487651,1.3315768753487651,1.3315768753487651,1.3315768753487651,1.3315768753487651,1.3315768753487651,1.3315768753487651
1990-11-22,1.0722776519489245,1.0722776519489245,1.0722776519489245,1.0722776519489245,1.0722776519489245,1.0722776519489245,1.0722776519489245,1.0722776519489245,1.0722776519489245,1.0722776519489245,1.0722776519489245,1.0722776519489245,1.0722776519489245,1.0722776519489245,1.0722776519489245
1990-11-23,0.6754723351451181,0.6754723351451181,0.6754723351451181,0.6754723351451181,0.6754723351451181,0.6754723351451181,0.6754723351451181,0.6754723351451181,0.6754723351451181,0.6754723351451181,0.6754723351451181,0.6754723351451181,0.6754723351451181,0.6754723351451181,0.6754723351451181
1990-11-24,0.611120899342332,0.611120899342332,0.611120899342332,0.611120899342332,0.611120899342332,0.611120899342332,0.611120899342332,0.611120899342332,0.611120899342332,0.611120899342332,0.611120899342332,0.611120899342332,0.611120899342332,0.611120899342332,0.611120899342332
1990-11-25,0.28242166095032,0.28242166095032,0.28242166095032,0.28242166095032,0.28242166095032,0.28242166095032,0.28242166095032,0.28242166095032,0.28242166095032,0.28242166095032,0.28242166095032,0.28242166095032,0.28242166095032,0.28242166095032,0.28242166095032
1990-11-26,0.3511433808745386,0.3511433808745386,0.3511433808745386,0.3511433808745386,0.3511433808745386,0.3511433808745386,0.3511433808745386,0.3511433808745386,0.3511433808745386,0.3511433808745386,0.3511433808745386,0.3511433808745386,0.3511433808745386,0.3511433808745386,0.3511433808745386
1990-11-27,0.3416871452410111,0.3416871452410111,0.3416871452410111,0.3416871452410111,0.3416871452410111,0.3416871452410111,0.3416871452410111,0.3416871452410111,0.3416871452410111,0.3416871452410111,0.3416871452410111,0.3416871452410111,0.3416871452410111,0.3416871452410111,0.3416871452410111
1990-11-28,0.5499205221143976,0.5499205221143976,0.5499205221143976,0.5499205221143976,0.5499205221143976,0.5499205221143976,0.5499205221143976,0.5499205221143976,0.5499205221143976,0.5499205221143976,0.5499205221143976,0.5499205221143976,0.5499205221143976,0.5499205221143976,0.5499205221143976
1990-11-29,0.7303040724987613,0.7303040724987613,0.7303040724987613,0.7303040724987613,0.7303040724987613,0.7303040724987613,0.7303040724987613,0.7303040724987613,0.7303040724987613,0.7303040724987613,0.7303040724987613,0.7303040724987613,0.7303040724987613,0.7303040724987613,0.7303040724987613
1990-11-30,1.029234675267572,1.029234675267572,1.029234675267572,1.029234675267572,1.029234675267572,1.029234675267572,1.029234675267572,1.029234675267572,1.029234675267572,1.029234675267572,1.029234675267572,1.029234675267572,1.029234675267572,1.029234675267572,1.029234675267572
1990-12-01,0.9469139976415772,0.9469139976415772,0.9469139976415772,0.9469139976415772,0.9469139976415772,0.9469139976415772,0.9469139976415772,0.9469139976415772,0.9469139976415772,0.9469139976415772,0.9469139976415772,0.9469139976415772,0.9469139976415772,0.9469139976415772,0.9469139976415772
1990-12-02,0.818732423838966,0.818732423838966,0.818732423838966,0.818732423838966,0.818732423838966,0.818732423838966,0.818732423838966,0.818732423838966,0.818732423838966,0.818732423838966,0.818732423838966,0.818732423838966,0.818732423838966,0.818732423838966,0.818732423838966
1990-12-03,0.5816291613944611,0.5816291613944611,0.5816291613944611,0.5816291613944611,0.5816291613944611,0.5816291613944611,0.5816291613944611,0.5816291613944611,0.5816291613944611,0.5816291613944611,0.5816291613944611,0.5816291613944611,0.5816291613944611,0.5816291613944611,0.5816291613944611
1990-12-04,0.5135671822281809,0.5135671822281809,0.5135671822281809,0.5135671822281809,0.5135671822281809,0.5135671822281809,0.5135671822281809,0.5135671822281809,0.5135671822281809,0.5135671822281809,0.5135671822281809,0.5135671822281809,0.5135671822281809,0.5135671822281809,0.5135671822281809
1990-12-05,0.19306811645613473,0.19306811645613473,0.19306811645613473,0.19306811645613473,0.19306811645613473,0.19306811645613473,0.19306811645613473,0.19306811645613473,0.19306811645613473,0.19306811645613473,0.19306811645613473,0.19306811645613473,0.19306811645613473,0.19306811645613473,0.19306811645613473
1990-12-06,-0.0015943461210164175,-0.0015943461210164175,-0.0015943461210164175,-0.0015943461210164175,-0.0015943461210164175,-0.0015943461210164175,-0.0015943461210164175,-0.0015943461210164175,-0.0015943461210164175,-0.0015943461210164175,-0.0015943461210164175,-0.0015943461210164175,-0.0015943461210164175,-0.0015943461210164175,-0.0015943461210164175
1990-12-07,-0.5182849838638657,-0.5182849838638657,-0.5182849838638657,-0.5182849838638657,-0.5182849838638657,-0.5182849838638657,-0.5182849838638657,-0.5182849838638657,-0.5182849838638657,-0.5182849838638657,-0.5182849838638657,-0.5182849838638657,-0.5182849838638657,-0.5182849838638657,-0.5182849838638657
1990-12-08,-1.1161380370632015,-1.1161380370632015,-1.1161380370632015,-1.1161380370632015,-1.1161380370632015,-1.1161380370632015,-1.1161380370632015,-1.1161380370632015,-1.1161380370632015,-1.1161380370632015,-1.1161380370632015,-1.1161380370632015,-1.1161380370632015,-1.1161380370632015,-1.1161380370632015
1990-12-09,-1.4745897586494363,-1.4745897586494363,-1.4745897586494363,-1.4745897586494363,-1.4745897586494363,-1.4745897586494363,-1.4745897586494363,-1.4745897586494363,-1.4745897586494363,-1.4745897586494363,-1.4745897586494363,-1.4745897586494363,-1.4745897586494363,-1.4745897586494363,-1.4745897586494363
1990-12-10,-1.686867566111023,-1.686867566111023,-1.686867566111023,-1.686867566111023,-1.686867566111023,-1.686867566111023,-1.686867566111023,-1.686867566111023,-1.686867566111023,-1.686867566111023,-1.686867566111023,-1.686867566111023,-1.686867566111023,-1.686867566111023,-1.686867566111023
1990-12-11,-1.7791429163579555,-1.7791429163579555,-1.7791429163579555,-1.7791429163579555,-1.7791429163579555,-1.7791429163579555,-1.7791429163579555,-1.7791429163579555,-1.7791429163579555,-1.7791429163579555,-1.7791429163579555,-1.7791429163579555,-1.7791429163579555,-1.7791429163579555,-1.7791429163579555
1990-12-12,-1.7091511225521419,-1.7091511225521419,-1.7091511225521419,-1.7091511225521419,-1.7091511225521419,-1.7091511225521419,-1.7091511225521419,-1.7091511225521419,-1.7091511225521419,-1.7091511225521419,-1.7091511225521419,-1.7091511225521419,-1.7091511225521419,-1.7091511225521419,-1.7091511225521419
1990-12-13,-1.7549903314805977,-1.7549903314805977,-1.7549903314805977,-1.7549903314805977,-1.7549903314805977,-1.7549903314805977,-1.7549903314805977,-1.7549903314805977,-1.7549903314805977,-1.7549903314805977,-1.7549903314805977,-1.7549903314805977,-1.7549903314805977,-1.7549903314805977,-1.7549903314805977
1990-12-14,-1.992236949693419,-1.992236949693419,-1.992236949693419,-1.992236949693419,-1.992236949693419,-1.992236949693419,-1.992236949693419,-1.992236949693419,-1.992236949693419,-1.992236949693419,-1.992236949693419,-1.992236949693419,-1.992236949693419,-1.992236949693419,-1.992236949693419
1990-12-15,-1.680930808521606,-1.680930808521606,-1.680930808521606,-1.680930808521606,-1.680930808521606,-1.680930808521606,-1.680930808521606,-1.680930808521606,-1.680930808521606,-1.680930808521606,-1.680930808521606,-1.680930808521606,-1.680930808521606,-1.680930808521606,-1.680930808521606
1990-12-16,-1.301642951567889,-1.301642951567889,-1.301642951567889,-1.301642951567889,-1.301642951567889,-1.301642951567889,-1.301642951567889,-1.301642951567889,-1.301642951567889,-1.301642951567889,-1.301642951567889,-1.301642951567889,-1.301642951567889,-1.301642951567889,-1.301642951567889
1990-12-17,-0.9626959680616747,-0.9626959680616747,-0.9626959680616747,-0.9626959680616747,-0.9626959680616747,-0.9626959680616747,-0.9626959680616747,-0.9626959680616747,-0.9626959680616747,-0.9626959680616747,-0.9626959680616747,-0.9626959680616747,-0.9626959680616747,-0.9626959680616747,-0.9626959680616747
1990-12-18,-0.35768445042733343,-0.35530756808202146,-0.37960678915744783,-0.361962139956493,-0.29092766264434583,-0.425694458940593,-0.471947802888049,-0.2676824532950274,-0.3609923003629649,-0.37111719043663643,-0.40928684195790094,-0.39322563358521007,-0.32312748064283964,-0.3325055967284764,-0.26215448906635014
1990-12-19,-0.272320604920214,-0.22239977638912586,-0.21530221473025912,-0.21588225458940613,-0.21393991713588345,-0.28424103418027385,-0.41337850772781787,0.05431725778096873,-0.31270790588819236,-0.10518070807280781,-0.09690166323632098,-0.34521897338695234,-0.11038766218106663,-0.15261426956682408,-0.061094848255998924
1990-12-20,0.06447765571238302,-0.1038247213421087,0.17617662179064078,0.00545920991947668,0.11697205118791722,0.3053572357091478,0.046119185330821516,0.5008078710090691,0.05889023395405899,0.18761502694312346,0.2762895756430083,0.10485403216452477,0.2277932262387784,0.2519912385523657,0.24717103557978737
1990-12-21,0.26428983716111126,0.12423476127988327,0.4532074058309038,0.26919081877909606,0.3262403185350733,0.5983720661126282,0.279542942410984,0.6439085121831536,0.28930650111627454,0.42433970742335353,0.44959165753485525,0.28594159583063994,0.45274057103558196,0.8432538346771198,0.49145973204280813
1990-12-22,0.3503441689061642,0.14388500718278002,0.6334584869996108,0.25269852578133833,0.2486237393196238,0.4942397034780002,0.251802006426164,0.6988936080529848,0.6194170989782638,0.4845502666958826,0.5422800572896007,0.13336805265811133,0.42050077421775,1.126394690114112,0.45327279494548534
1990-12-23,0.4596233994663576,0.39306559028615673,0.9531043458150051,0.32019769660167136,0.6808692517992259,0.576909303676241,0.44651317617649,1.0867367787084639,0.6555609936970209,0.6493033827707135,0.4525421294335108,0.5384722897523311,0.5354847325856259,1.2182865251131105,0.5120288756158986
1990-12-24,0.5545361950358095,0.5957648818314872,1.2178681285597734,0.2888558331184777,0.9503766137403699,0.5825063558216109,0.840813952325553,1.2565974002973317,0.5380676803213614,0.7883700156402338,0.4830990992788429,0.7637904459334228,0.4212936665788919,1.3150481695013063,0.6248886094815828
1990-12-25,0.5034700358286588,0.6662175212536,1.430365597044436,0.5185180516039152,0.8154635488589557,0.21051100101957418,1.160285285402003,1.0342403646869682,0.7375684071526069,0.8205961667176006,0.8728128579855252,0.8913604909237055,0.21687676718401694,1.049409498217003,0.6159635062681207
1990-12-26,0.3900152193620408,0.7888895815578533,1.799179253998352,0.5160263313341562,0.9625629423955815,0.036069706320965574,1.0338667663153862,0.9011421007070686,0.8757893127870471,0.9455572311880412,1.013943406456752,0.9196029109885686,-0.2200017412962427,0.8812709844421324,0.5973092080362424
1990-12-27,0.4201049516371717,0.6404165916875809,1.9250781400428019,0.39712570980998885,0.9439450877376573,0.14998559937688183,0.9091743372729008,0.9994983831504445,1.156875051290389,0.6552181180251336,1.1809873399441788,0.7543757484632023,-0.4343109823480033,0.9021567389622621,0.4368295180570515
1990-12-28,0.2554642038482085,0.41722183514306,1.7155166076414667,0.47643922631315083,1.0395509782934207,0.1913578971095438,0.8337855230422433,0.8799461472439297,1.2473366016042944,0.568702842327422,0.9517856460179613,0.5207933022403859,-0.40967360254051893,0.7421964364281525,0.22856682531329334
1990-12-29,-0.10180862242557381,-0.2005191538564397,1.3273459195225241,0.1702542684583187,0.7837486966244488,0.0933894547055342,0.5420584978408965,0.774216534642604,1.209554511155981,0.24402192397326183,0.4355663351859334,0.02663248702647675,-0.43919350551266595,0.5493142078250101,-0.04805970740131166
1990-12-30,-0.761103627687061,-0.4927356779733549,1.0943287633114769,-0.3185344481916582,0.5046252038906424,-0.04527570111237007,0.3810272634680282,0.6166452562262511,0.8514939898172413,0.24941522059415747,-0.2826470180119861,-0.5199351802840216,-0.4847668917620587,0.3513099207332573,-0.1124217672741498
1990-12-31,-1.2290058711796294,-0.7458104044746595,0.9349476426387755,-0.57918348473074,0.2876009092249664,-0.17275029307878872,0.0544133150887398,0.6416112034228367,0.5391789439130108,0.11542095559283985,-0.4229759810531113,-0.7100611062929371,-0.6825335988314268,0.2414180298104871,-0.232041055209364
1991-01-01,-1.4221950513190278,-0.7538945706683718,0.9379070424400595,-0.6016141053172656,0.19868815371649398,-0.08208630366363298,0.1716391887991113,0.5242400931163752,0.5383336006639639,0.17587774517716356,-0.6271556306134431,-0.5825370720556384,-0.8408009594197126,-0.23898247117395702,-0.3045384618448443
1991-01-02,-1.44102711721163,-0.6546974263252756,0.86368410121656,-0.4037733760600548,0.29090988727464756,-0.07443319471694146,0.09598377048081057,0.28732244201893437,0.6699473289043749,0.1740253749849455,-0.7622703622212338,-0.28237134374770667,-0.7769962342219541,-0.4241174413344029,-0.5352060669045232
1991-01-03,-1.4787802667544592,-0.8794433390372591,0.5475776851669157,-0.5233588889781199,0.21313463390750628,0.1415538843501992,0.21152690727544277,0.09813346623269789,0.5930625958849527,-0.026931591696156533,-1.201162662628808,-0.13615519854301503,-0.6397863191905548,-0.6526880170088738,-0.6006303858390616
1991-01-04,-1.276402850272549,-1.1545530061271214,0.33403147447836906,-0.6244580103069698,0.19363728590453863,0.11844798528711754,0.3168943879373856,0.14070290786237344,0.3010778110098442,-0.24617414686003267,-1.3634354374259376,0.20078886895210288,-0.5269214800074711,-0.6455817262005509,-0.478533044638931
1991-01-05,-1.221870268728139,-1.1643076526128349,0.31964945814962165,-0.3951352011348558,0.2688709500764647,0.05396542222676948,0.2493750004916497,0.009748895758686316,0.17185485183834148,-0.26610562458530457,-1.305235065565521,0.5408244633391505,-0.7798848454603605,-0.7096429765797623,-0.1597012291302605
1991-01-06,-1.350891623016917,-1.0334449623191062,0.1773031472486018,-0.5141449824555264,0.2961513476227967,0.19423210062373064,0.3710369461543666,0.04522099444318584,0.06141622338627433,-0.09626934074083736,-1.3456429538781227,0.5750904269223345,-0.5882406891396572,-0.7148249963645592,0.11042961130019224
1991-01-07,-1.4469735282563454,-0.5872821052162484,0.18008794230250771,-0.49335123832319894,0.2288053297015672,0.3027051151251947,0.10407940594076287,0.02144493911730107,0.022391727505469163,0.019693683252403407,-1.2859239803185059,0.6050319496099636,-0.4823497497715406,-0.6816484265304733,0.42385498734106103
1991-01-08,-1.3534223942586787,-0.5282795799840939,0.2957455190112531,-0.5341070848888289,0.08414906873802724,0.94501884121939,-0.16846534156789222,-0.1213854247243104,-0.26432646318823827,0.19666827763548167,-0.8484249367959247,1.0702350889964043,-0.4171841485965531,-0.578753914801678,0.5557753829483573
1991-01-09,-1.322675883426888,0.028516821940322803,0.45726439779847394,-0.4251011361868458,0.05299017632418431,1.2522627858183297,-0.5768912243970464,-0.26429182141509194,-0.38403637081222064,0.14419351558879673,-0.44604350986037206,1.0763953103874189,-0.3063430739394563,-0.37898287732769836,0.2942941801724795
1991-01-10,-1.1917079821272452,0.2089656008219051,0.1680505258693912,-0.5133669143244902,0.042220208816371174,1.3167076607174018,-0.6771751596831425,-0.3837776326984539,-0.643464482757123,-0.08405717851878793,-0.36343485283334015,1.0912160756312326,-0.18151176384701434,-0.33274316680280264,-0.11057716164730383
1991-01-11,-1.1811484763391529,0.09218564242565158,-0.322837221984538,-0.4638573510048513,0.32594468181591224,1.77777193116353,-0.5844275371177072,-0.7006659062846665,-0.7262447874064368,-0.2836182921229699,-0.22568683711173984,0.9176366937282844,-0.49740123737746184,-0.5213546838827819,-0.266632005569371
1991-01-12,-0.9086606727051093,0.012437979190832432,-0.3752779781699322,-0.6554553779543161,0.3630594262261063,1.9150791860828216,-0.8760464330962497,-0.9063715982040569,-0.8893388781998555,-0.5050074458767515,-0.19404957046831042,0.8921131087912856,-0.429660102845032,-0.5813098279071905,-0.3762827658330097
1991-01-13,-0.5831594948144088,-0.04864080738634446,-0.2987236909380205,-1.0154618976619783,0.09737887994211292,2.011639929611234,-1.1208442115415762,-0.7465892981971898,-1.0471159969343957,-0.7825335004188134,-0.2908507818944957,1.0705580413972016,-0.25175475063486313,-0.23389256846822284,-0.38370639881613533
1991-01-14,-0.03611391680462668,-0.45349238438022604,-0.1619202657005738,-1.337457106330316,0.032293965561626385,1.6182725052868192,-1.2562058544200503,-0.7665293170920824,-1.0949270152021997,-0.955621103914412,-0.2538977273296185,0.8625644128320862,0.04930622686146587,-0.10730768138234964,-0.13359764592408352
1991-01-15,0.3531973050802235,-0.6139327068946275,0.22645662972172448,-1.2515705083943534,0.023160359913716656,1.7976576955409669,-1.2298015058642595,-0.597503783271439,-0.9819632380559327,-1.0010918513569897,-0.4249424753806616,0.8828432323863098,0.6100787816943933,-0.024095712963494702,0.09908855984630748
1991-01-16,0.5484891573100728,-0.6101663149806373,0.5808858700937831,-0.7402638688203792,-0.058192837388208976,1.9400264761008104,-1.3032660494441601,-0.3451295032443037,-0.7555949784196533,-1.086967140108621,-0.3385271287302562,0.8684076284089868,0.7839556916794089,-0.33929092152633894,0.5083511850987422
1991-01-17,0.8524138830177892,-0.6539768831035719,0.9586987189223357,-0.3385075556178332,-0.16577385694011676,2.0932383935332037,-1.2950815999239373,-0.000667868723223182,-0.6223144427194641,-1.1619014766667501,-0.49224009933947754,1.0378625537882809,0.656561567773703,-0.29725050001474074,1.00433633300434
1991-01-18,1.1842506127233956,-0.8282107979361756,1.1017998208846342,0.2837882210090744,-0.22087038772682194,1.9306149076120211,-0.9850502083383503,0.5846337111452617,-0.46445518533132857,-1.219671754805643,-0.6827549001589778,1.1290298916629897,0.6641141403548214,0.030544339154943187,1.3330724769225915
1991-01-19,1.5688400051549534,-0.8297585431233407,1.0150229697091135,0.5907029851782161,-0.11993656896187604,1.141909154921662,-0.6895595714976799,1.0625637016349478,-0.46522609953956284,-1.1265195358193676,-0.5101450581594529,1.318597124409582,0.7190705615956043,0.4255919106305322,1.8369261258244438
1991-01-20,1.5833697384247203,-0.824080646752341,0.9848837612794473,0.8427370146703297,0.061996666784092436,0.8953912458734423,-0.5453208336133478,1.1802726130984222,-0.33673634129354657,-1.1909594331694249,-0.5481177649349733,1.1927115961989971,0.4528942871610704,0.7114383557933863,1.8590713217644095
1991-01-21,1.458149538540729,-0.6348766948117083,0.6977067314034083,0.9509030067906041,0.3523157226792097,1.2534707156185652,-0.741351639341002,1.2566952515623726,-0.32979584030436804,-1.4368429850302802,-0.514130527340945,1.4043759035899854,0.46246476799305175,0.7162116443885866,2.1076868217448994
1991-01-22,1.2814642778589758,-0.34328179427064376,0.6620786591911331,1.1946242189719554,0.7428328878383429,1.4624289495915628,-0.9154660160203117,1.5248170724635828,-0.6114919465070975,-1.6587781506611328,-0.3624236664690159,1.4487582224633833,0.5070037133000321,0.9004143623529994,2.0585022043266115
1991-01-23,0.987339132545436,-0.23386542604074842,0.44495818175408564,1.1758970122533805,1.4113863874189896,1.4243499590062632,-0.7745650313257567,1.590999808524276,-0.3838451099847854,-1.8891384457177074,0.040652535529762536,1.539248370159483,0.285548337622874,1.1427095206698603,1.7984088136672494
1991-01-24,0.8602836623589394,0.26786496374347457,0.17779669166785722,1.6113596413757458,1.4891289496663929,1.5334371044028865,-0.5490771229368695,1.2530141485780357,-0.338245873476721,-1.910497434349131,0.3785052585284973,1.5126531644469647,0.1336925911307546,1.2174783343077826,1.7004002936720137
1991-01-25,0.8564445036341957,0.6840914546928342,-0.07985329342485104,1.757071174838518,1.4954681759662456,1.4799316713982058,-0.38115175622078157,1.0807944657931803,0.022748795274481384,-1.4652906314549807,0.6172101318370596,1.1204477808737627,0.2790699862048315,1.057520667229216,1.5496353970755439
1991-01-26,0.8518523872384001,0.9520005226266003,-0.4287093502502328,1.788171057199163,1.2031756919275713,1.1568276345929134,-0.3743740993982314,1.3116705996475713,0.5293740894781568,-1.3222153737021634,1.0068112673717753,0.5840940123095981,0.5993493753576119,1.0303747621998898,1.3259700576396685
1991-01-27,1.014887130673403,1.03880271069842,-0.5104083696818412,1.9670794616630298,0.9191752092204067,1.0114206880957877,-0.19172736433985657,1.5351772228314955,0.687909878719098,-1.4893221180014335,1.1163608598193173,0.1985493481861192,0.793666167461256,1.2471029911965799,1.412185218737508
1991-01-28,0.9606121964798605,1.0586539296525914,-0.6406435209268654,1.9969236041338085,0.766257203078659,0.8037624579918707,-0.03694421094886916,1.9068226544015388,0.9358988364190362,-1.4784821937031056,1.2322047957749103,0.12029271463796996,0.9252301279000458,1.3312323388658815,1.3921700703997582
1991-01-29,0.3483331641667708,1.1736930554898048,-0.48710069480427054,2.4463444289030525,0.7317260407827093,0.46188386535055415,0.015375270119268303,1.7618985758360912,0.8367787796956933,-1.0784504828648924,1.0539191462249275,0.30088732846876104,0.9794447544501337,1.0675694727258898,1.4644756590280825
1991-01-30,-0.15615105778445287,0.746929997828754,-0.4146730852488872,2.131990916159112,0.9414466980376189,0.05105107377283115,-0.08225072793263787,1.2090101759437604,1.0303020191200996,-0.4497518552032711,0.6830035227432248,0.05333459487579479,0.7773944334424762,0.8910445144674654,1.3916115713083563
1991-01-31,-0.47330297638672647,0.6954005680718695,-0.597602536360988,1.7067886855602943,1.144830832769634,-0.4595932558200592,-0.8086658947030186,0.7615140596488311,1.1723879590177069,-0.35668333545007697,0.04707390874457681,-0.2668315223266519,0.7315371412055053,0.972733036022972,1.386106241216617
1991-02-01,-0.6009394835720446,0.5473684564307039,-0.5375168686748344,1.3674545644640514,1.3950110734741952,-0.8705843339289772,-1.0587522858352318,0.7394064412011448,1.4601523213335974,-0.043230744363814244,-0.48987912736178746,-0.6700160673753919,0.6608662899377427,0.9033867949286949,1.3616101981688014
1991-02-02,-0.6038296283133727,0.8638353883502696,-0.5827964637314916,1.3592025368762553,1.754429508291672,-1.2678873082091766,-1.6749951229480013,0.5584052228396352,1.6308440980159946,0.3278653759106066,-0.779655974615471,-0.6509704470627345,0.6789952461021376,0.5248923526342142,1.1670496917325075
1991-02-03,-0.3269147158537158,1.5608737973597449,-0.6878445687773145,1.2763607181478471,2.283474352851619,-1.5891332510126048,-2.037778704338818,0.4091475367835636,1.8146355354532953,0.9069571755603881,-0.7788415030635973,-0.7772970805449823,1.1133087733710816,0.6713969332412194,0.9444086944886204
1991-02-04,0.12013235330132398,1.924978935782138,-0.685797622794723,1.4939132122835426,1.9599530707100654,-1.9728960664278086,-2.24340709761683,0.48951155351312703,1.622273012706898,1.2781809158247257,-0.6240374909468702,-1.0254549911862394,1.174551176316214,0.7853899863171553,0.879900879693686
1991-02-05,0.38847732354134884,2.3513418622504583,-0.5101043513824756,1.6799309772992506,1.3746026222243692,-2.194905382038935,-2.0352918373323607,0.5735573668497372,1.103220154808986,1.0261126268652645,-0.5043733778017586,-0.8984593831383393,1.547961352455565,0.7016256065987854,0.945502850704237
1991-02-06,0.4232338400301298,2.205411408266502,-0.18551113961555876,1.9458682888185814,1.2466623731441595,-2.3376783518709177,-1.8188539315595855,0.37921438118982526,0.47671676330423973,0.5506107870805175,-0.5189480781713666,-0.6971015049924427,1.548360557071758,0.33070100008488756,0.8405973752815292
1991-02-07,0.337175001158498,1.8522185386794803,-0.12984635559307275,2.1595260066982758,1.1582174514027566,-2.7094416193569337,-1.5636623412121355,0.23086151699542817,0.16373392450704177,0.48442862491017386,-0.604072008221003,-0.25447637471396645,1.8870497545099767,-0.10720297235926972,0.5535609407124514
1991-02-08,0.40485680317769046,1.2775025542557819,-0.1762140572248511,2.3434342568514372,0.6916142902730912,-2.8042978433661854,-1.4255883538426353,0.3849778289162835,-0.2270150948652931,0.2714142414981988,-0.553000924634928,0.10761415930288389,2.027816165098807,-0.4528895838508867,0.3746927598399889
1991-02-09,0.6235030712770951,0.923633126077957,-0.571678328276856,1.976512194286522,0.1077197415479506,-2.6276201024089145,-1.536157104091943,0.8818583038182441,-0.46044000365693244,0.1787057871847889,-0.6485292313334593,0.34789177692991463,2.2173058514645216,-0.8520342329682737,0.30640340147440576
1991-02-10,0.8943003548418513,0.8768775899888596,-0.9146947354489602,2.0975562836916617,-0.4575263933690287,-2.5106406305814883,-1.4572497314652568,1.0858243779262724,-0.6307922025645241,0.15681031826941705,-0.5163165930504285,0.008535610710531362,2.291672521919975,-0.9045581783805944,0.21262462467724694
1991-02-11,1.3337467026289243,0.7647864572669366,-1.0050608648929378,1.9139799287449137,-0.43239199795502986,-2.2020172054341742,-0.8946774345656809,1.1786584581070485,-0.629415442781175,0.35164635695080826,0.02773311134324189,-0.15283141264650926,2.4300695665265306,-1.0356007705130748,0.3427917795636383
1991-02-12,1.7190976515875842,0.6766963431793352,-0.8968862393805029,1.256398098858843,-0.28845685946373784,-2.002307447582098,-0.3711567939315053,0.9634075074032515,-0.40654294208255287,0.7278282843629726,-0.14547300090985085,-0.584279175555145,2.4343137783872475,-1.2063068075780532,0.6046267544147563
1991-02-13,1.9530075318698006,0.5295677876389078,-1.3299957357509085,0.505332496402035,-0.25694242243868803,-2.0497557728469293,-0.03487425527192831,0.7512359340064513,-0.5567438452406333,0.7347125766141197,-0.16044155684028372,-0.5288617559104003,2.31309326928792,-1.5332504756367693,0.5505661703033435
1991-02-14,1.8547358436388601,0.22635952829456715,-1.4052270766179487,0.25474167681874194,-0.5911462674133012,-1.8572650366388102,0.23274995680495897,0.8134385544228581,-0.7326539548172993,0.5991908251723392,0.25222405871088677,-0.8126249695775809,2.2037578469930166,-1.5856720875338908,0.2940596108045068
1991-02-15,1.7666680388914333,0.2696913300205113,-1.310639161073274,0.1782960279268791,-0.9034617618168879,-1.6529939443664008,0.5059685518280801,0.8551481089206419,-0.842203778297991,0.7088631932614563,0.6532516444711086,-1.0823997587501293,1.7926900528879288,-1.7813509022395488,0.04474961746905487
1991-02-16,1.6768208906501556,0.05614207422344916,-1.4479560059740726,0.09603084154384123,-0.6798152494163859,-1.5198890398148648,0.8237950250531331,0.5594827279395836,-1.0267392740451138,0.9338402631511231,1.1036426898490685,-1.017564616732981,1.2945790232468308,-1.7131984131140587,-0.4930983574902105
