,1,2,3,4,5,6,7,8,9,10,11,12,13,14,15
1991-10-16,1.1389168057644876,1.1389168057644876,1.1389168057644876,1.1389168057644876,1.1389168057644876,1.1389168057644876,1.1389168057644876,1.1389168057644876,1.1389168057644876,1.1389168057644876,1.1389168057644876,1.1389168057644876,1.1389168057644876,1.1389168057644876,1.1389168057644876
1991-10-17,1.224826576080013,1.224826576080013,1.224826576080013,1.224826576080013,1.224826576080013,1.224826576080013,1.224826576080013,1.224826576080013,1.224826576080013,1.224826576080013,1.224826576080013,1.224826576080013,1.224826576080013,1.224826576080013,1.224826576080013
1991-10-18,1.2965713247770512,1.2965713247770512,1.2965713247770512,1.2965713247770512,1.2965713247770512,1.2965713247770512,1.2965713247770512,1.2965713247770512,1.2965713247770512,1.2965713247770512,1.2965713247770512,1.2965713247770512,1.2965713247770512,1.2965713247770512,1.2965713247770512
1991-10-19,1.2678998728753235,1.2678998728753235,1.2678998728753235,1.2678998728753235,1.2678998728753235,1.2678998728753235,1.2678998728753235,1.2678998728753235,1.2678998728753235,1.2678998728753235,1.2678998728753235,1.2678998728753235,1.2678998728753235,1.2678998728753235,1.2678998728753235
1991-10-20,1.1790659700804997,1.1790659700804997,1.1790659700804997,1.1790659700804997,1.1790659700804997,1.1790659700804997,1.1790659700804997,1.1790659700804997,1.1790659700804997,1.1790659700804997,1.1790659700804997,1.1790659700804997,1.1790659700804997,1.1790659700804997,1.1790659700804997
1991-10-21,1.3244102388360839,1.3244102388360839,1.3244102388360839,1.3244102388360839,1.3244102388360839,1.3244102388360839,1.3244102388360839,1.3244102388360839,1.3244102388360839,1.3244102388360839,1.3244102388360839,1.3244102388360839,1.3244102388360839,1.3244102388360839,1.3244102388360839
1991-10-22,1.3733705460866763,1.3733705460866763,1.3733705460866763,1.3733705460866763,1.3733705460866763,1.3733705460866763,1.3733705460866763,1.3733705460866763,1.3733705460866763,1.3733705460866763,1.3733705460866763,1.3733705460866763,1.3733705460866763,1.3733705460866763,1.3733705460866763
1991-10-23,1.4520575163774214,1.4520575163774214,1.4520575163774214,1.4520575163774214,1.4520575163774214,1.4520575163774214,1.4520575163774214,1.4520575163774214,1.4520575163774214,1.4520575163774214,1.4520575163774214,1.4520575163774214,1.4520575163774214,1.4520575163774214,1.4520575163774214
1991-10-24,1.5974878217822437,1.5974878217822437,1.5974878217822437,1.5974878217822437,1.5974878217822437,1.5974878217822437,1.5974878217822437,1.5974878217822437,1.5974878217822437,1.5974878217822437,1.5974878217822437,1.5974878217822437,1.5974878217822437,1.5974878217822437,1.5974878217822437
1991-10-25,1.675654604685148,1.675654604685148,1.675654604685148,1.675654604685148,1.675654604685148,1.675654604685148,1.675654604685148,1.675654604685148,1.675654604685148,1.675654604685148,1.675654604685148,1.675654604685148,1.675654604685148,1.675654604685148,1.675654604685148
1991-10-26,1.5480332582131997,1.5480332582131997,1.5480332582131997,1.5480332582131997,1.5480332582131997,1.5480332582131997,1.5480332582131997,1.5480332582131997,1.5480332582131997,1.5480332582131997,1.5480332582131997,1.5480332582131997,1.5480332582131997,1.5480332582131997,1.5480332582131997
1991-10-27,1.620655853501138,1.620655853501138,1.620655853501138,1.620655853501138,1.620655853501138,1.620655853501138,1.620655853501138,1.620655853501138,1.620655853501138,1.620655853501138,1.620655853501138,1.620655853501138,1.620655853501138,1.620655853501138,1.620655853501138
1991-10-28,1.7575962890355314,1.7575962890355314,1.7575962890355314,1.7575962890355314,1.7575962890355314,1.7575962890355314,1.7575962890355314,1.7575962890355314,1.7575962890355314,1.7575962890355314,1.7575962890355314,1.7575962890355314,1.7575962890355314,1.7575962890355314,1.7575962890355314
1991-10-29,1.759394665053414,1.759394665053414,1.759394665053414,1.759394665053414,1.759394665053414,1.759394665053414,1.759394665053414,1.759394665053414,1.759394665053414,1.759394665053414,1.759394665053414,1.759394665053414,1.759394665053414,1.759394665053414,1.759394665053414
1991-10-30,1.3831993255833945,1.3831993255833945,1.3831993255833945,1.3831993255833945,1.3831993255833945,1.3831993255833945,1.3831993255833945,1.3831993255833945,1.3831993255833945,1.3831993255833945,1.3831993255833945,1.3831993255833945,1.3831993255833945,1.3831993255833945,1.3831993255833945
1991-10-31,1.0833462749525808,1.0833462749525808,1.0833462749525808,1.0833462749525808,1.0833462749525808,1.0833462749525808,1.0833462749525808,1.0833462749525808,1.0833462749525808,1.0833462749525808,1.0833462749525808,1.0833462749525808,1.0833462749525808,1.0833462749525808,1.0833462749525808
1991-11-01,1.0236102158020133,1.0236102158020133,1.0236102158020133,1.0236102158020133,1.0236102158020133,1.0236102158020133,1.0236102158020133,1.0236102158020133,1.0236102158020133,1.0236102158020133,1.0236102158020133,1.0236102158020133,1.0236102158020133,1.0236102158020133,1.0236102158020133
1991-11-02,0.735952372677711,0.735952372677711,0.735952372677711,0.735952372677711,0.735952372677711,0.735952372677711,0.735952372677711,0.735952372677711,0.735952372677711,0.735952372677711,0.735952372677711,0.735952372677711,0.735952372677711,0.735952372677711,0.735952372677711
1991-11-03,1.2336640392710716,1.2336640392710716,1.2336640392710716,1.2336640392710716,1.2336640392710716,1.2336640392710716,1.2336640392710716,1.2336640392710716,1.2336640392710716,1.2336640392710716,1.2336640392710716,1.2336640392710716,1.2336640392710716,1.2336640392710716,1.2336640392710716
1991-11-04,1.2363034298070066,1.2363034298070066,1.2363034298070066,1.2363034298070066,1.2363034298070066,1.2363034298070066,1.2363034298070066,1.2363034298070066,1.2363034298070066,1.2363034298070066,1.2363034298070066,1.2363034298070066,1.2363034298070066,1.2363034298070066,1.2363034298070066
1991-11-05,1.0917539537060645,1.0917539537060645,1.0917539537060645,1.0917539537060645,1.0917539537060645,1.0917539537060645,1.0917539537060645,1.0917539537060645,1.0917539537060645,1.0917539537060645,1.0917539537060645,1.0917539537060645,1.0917539537060645,1.0917539537060645,1.0917539537060645
1991-11-06,0.762601679693239,0.762601679693239,0.762601679693239,0.762601679693239,0.762601679693239,0.762601679693239,0.762601679693239,0.762601679693239,0.762601679693239,0.762601679693239,0.762601679693239,0.762601679693239,0.762601679693239,0.762601679693239,0.762601679693239
1991-11-07,0.6104299399724251,0.6104299399724251,0.6104299399724251,0.6104299399724251,0.6104299399724251,0.6104299399724251,0.6104299399724251,0.6104299399724251,0.6104299399724251,0.6104299399724251,0.6104299399724251,0.6104299399724251,0.6104299399724251,0.6104299399724251,0.6104299399724251
1991-11-08,0.5847873607639018,0.5847873607639018,0.5847873607639018,0.5847873607639018,0.5847873607639018,0.5847873607639018,0.5847873607639018,0.5847873607639018,0.5847873607639018,0.5847873607639018,0.5847873607639018,0.5847873607639018,0.5847873607639018,0.5847873607639018,0.5847873607639018
1991-11-09,0.6222523481808553,0.6222523481808553,0.6222523481808553,0.6222523481808553,0.6222523481808553,0.6222523481808553,0.6222523481808553,0.6222523481808553,0.6222523481808553,0.6222523481808553,0.6222523481808553,0.6222523481808553,0.6222523481808553,0.6222523481808553,0.6222523481808553
1991-11-10,0.45605486915882626,0.45605486915882626,0.45605486915882626,0.45605486915882626,0.45605486915882626,0.45605486915882626,0.45605486915882626,0.45605486915882626,0.45605486915882626,0.45605486915882626,0.45605486915882626,0.45605486915882626,0.45605486915882626,0.45605486915882626,0.45605486915882626
1991-11-11,0.3935086665480333,0.3935086665480333,0.3935086665480333,0.3935086665480333,0.3935086665480333,0.3935086665480333,0.3935086665480333,0.3935086665480333,0.3935086665480333,0.3935086665480333,0.3935086665480333,0.3935086665480333,0.3935086665480333,0.3935086665480333,0.3935086665480333
1991-11-12,0.23858231767169427,0.23858231767169427,0.23858231767169427,0.23858231767169427,0.23858231767169427,0.23858231767169427,0.23858231767169427,0.23858231767169427,0.23858231767169427,0.23858231767169427,0.23858231767169427,0.23858231767169427,0.23858231767169427,0.23858231767169427,0.23858231767169427
1991-11-13,0.09596457411823704,0.09596457411823704,0.09596457411823704,0.09596457411823704,0.09596457411823704,0.09596457411823704,0.09596457411823704,0.09596457411823704,0.09596457411823704,0.09596457411823704,0.09596457411823704,0.09596457411823704,0.09596457411823704,0.09596457411823704,0.09596457411823704
1991-11-14,-0.11208243603500193,-0.11208243603500193,-0.11208243603500193,-0.11208243603500193,-0.11208243603500193,-0.11208243603500193,-0.11208243603500193,-0.11208243603500193,-0.11208243603500193,-0.11208243603500193,-0.11208243603500193,-0.11208243603500193,-0.11208243603500193,-0.11208243603500193,-0.11208243603500193
1991-11-15,-0.07404653341503958,-0.07404653341503958,-0.07404653341503958,-0.07404653341503958,-0.07404653341503958,-0.07404653341503958,-0.07404653341503958,-0.07404653341503958,-0.07404653341503958,-0.07404653341503958,-0.07404653341503958,-0.07404653341503958,-0.07404653341503958,-0.07404653341503958,-0.07404653341503958
1991-11-16,0.09862562079632904,0.09862562079632904,0.09862562079632904,0.09862562079632904,0.09862562079632904,0.09862562079632904,0.09862562079632904,0.09862562079632904,0.09862562079632904,0.09862562079632904,0.09862562079632904,0.09862562079632904,0.09862562079632904,0.09862562079632904,0.09862562079632904
1991-11-17,-0.04136016078053345,-0.04136016078053345,-0.04136016078053345,-0.04136016078053345,-0.04136016078053345,-0.04136016078053345,-0.04136016078053345,-0.04136016078053345,-0.04136016078053345,-0.04136016078053345,-0.04136016078053345,-0.04136016078053345,-0.04136016078053345,-0.04136016078053345,-0.04136016078053345
1991-11-18,-0.07212997071585618,-0.07212997071585618,-0.07212997071585618,-0.07212997071585618,-0.07212997071585618,-0.07212997071585618,-0.07212997071585618,-0.07212997071585618,-0.07212997071585618,-0.07212997071585618,-0.07212997071585618,-0.07212997071585618,-0.07212997071585618,-0.07212997071585618,-0.07212997071585618
1991-11-19,-0.021230264636932835,-0.021230264636932835,-0.021230264636932835,-0.021230264636932835,-0.021230264636932835,-0.021230264636932835,-0.021230264636932835,-0.021230264636932835,-0.021230264636932835,-0.021230264636932835,-0.021230264636932835,-0.021230264636932835,-0.021230264636932835,-0.021230264636932835,-0.021230264636932835
1991-11-20,0.10940066141393819,0.10940066141393819,0.10940066141393819,0.10940066141393819,0.10940066141393819,0.10940066141393819,0.10940066141393819,0.10940066141393819,0.10940066141393819,0.10940066141393819,0.10940066141393819,0.10940066141393819,0.10940066141393819,0.10940066141393819,0.10940066141393819
1991-11-21,0.23573160190996623,0.23573160190996623,0.23573160190996623,0.23573160190996623,0.23573160190996623,0.23573160190996623,0.23573160190996623,0.23573160190996623,0.23573160190996623,0.23573160190996623,0.23573160190996623,0.23573160190996623,0.23573160190996623,0.23573160190996623,0.23573160190996623
1991-11-22,0.562702090050658,0.562702090050658,0.562702090050658,0.562702090050658,0.562702090050658,0.562702090050658,0.562702090050658,0.562702090050658,0.562702090050658,0.562702090050658,0.562702090050658,0.562702090050658,0.562702090050658,0.562702090050658,0.562702090050658
1991-11-23,0.8247094934636133,0.8247094934636133,0.8247094934636133,0.8247094934636133,0.8247094934636133,0.8247094934636133,0.8247094934636133,0.8247094934636133,0.8247094934636133,0.8247094934636133,0.8247094934636133,0.8247094934636133,0.8247094934636133,0.8247094934636133,0.8247094934636133
1991-11-24,0.9186506995863458,0.9186506995863458,0.9186506995863458,0.9186506995863458,0.9186506995863458,0.9186506995863458,0.9186506995863458,0.9186506995863458,0.9186506995863458,0.9186506995863458,0.9186506995863458,0.9186506995863458,0.9186506995863458,0.9186506995863458,0.9186506995863458
1991-11-25,0.985570346745579,0.985570346745579,0.985570346745579,0.985570346745579,0.985570346745579,0.985570346745579,0.985570346745579,0.985570346745579,0.985570346745579,0.985570346745579,0.985570346745579,0.985570346745579,0.985570346745579,0.985570346745579,0.985570346745579
1991-11-26,1.0132316018903225,1.0132316018903225,1.0132316018903225,1.0132316018903225,1.0132316018903225,1.0132316018903225,1.0132316018903225,1.0132316018903225,1.0132316018903225,1.0132316018903225,1.0132316018903225,1.0132316018903225,1.0132316018903225,1.0132316018903225,1.0132316018903225
1991-11-27,1.0097943584688107,1.0097943584688107,1.0097943584688107,1.0097943584688107,1.0097943584688107,1.0097943584688107,1.0097943584688107,1.0097943584688107,1.0097943584688107,1.0097943584688107,1.0097943584688107,1.0097943584688107,1.0097943584688107,1.0097943584688107,1.0097943584688107
1991-11-28,0.7967960559366308,0.7967960559366308,0.7967960559366308,0.7967960559366308,0.7967960559366308,0.7967960559366308,0.7967960559366308,0.7967960559366308,0.7967960559366308,0.7967960559366308,0.7967960559366308,0.7967960559366308,0.7967960559366308,0.7967960559366308,0.7967960559366308
1991-11-29,0.44567682282957266,0.44567682282957266,0.44567682282957266,0.44567682282957266,0.44567682282957266,0.44567682282957266,0.44567682282957266,0.44567682282957266,0.44567682282957266,0.44567682282957266,0.44567682282957266,0.44567682282957266,0.44567682282957266,0.44567682282957266,0.44567682282957266
1991-11-30,0.3244945450380866,0.3244945450380866,0.3244945450380866,0.3244945450380866,0.3244945450380866,0.3244945450380866,0.3244945450380866,0.3244945450380866,0.3244945450380866,0.3244945450380866,0.3244945450380866,0.3244945450380866,0.3244945450380866,0.3244945450380866,0.3244945450380866
1991-12-01,-0.30653944595496985,-0.30653944595496985,-0.30653944595496985,-0.30653944595496985,-0.30653944595496985,-0.30653944595496985,-0.30653944595496985,-0.30653944595496985,-0.30653944595496985,-0.30653944595496985,-0.30653944595496985,-0.30653944595496985,-0.30653944595496985,-0.30653944595496985,-0.30653944595496985
1991-12-02,-0.14937662492162912,-0.14937662492162912,-0.14937662492162912,-0.14937662492162912,-0.14937662492162912,-0.14937662492162912,-0.14937662492162912,-0.14937662492162912,-0.14937662492162912,-0.14937662492162912,-0.14937662492162912,-0.14937662492162912,-0.14937662492162912,-0.14937662492162912,-0.14937662492162912
1991-12-03,-0.20598034218746494,-0.20598034218746494,-0.20598034218746494,-0.20598034218746494,-0.20598034218746494,-0.20598034218746494,-0.20598034218746494,-0.20598034218746494,-0.20598034218746494,-0.20598034218746494,-0.20598034218746494,-0.20598034218746494,-0.20598034218746494,-0.20598034218746494,-0.20598034218746494
1991-12-04,-0.13107823588558792,-0.13107823588558792,-0.13107823588558792,-0.13107823588558792,-0.13107823588558792,-0.13107823588558792,-0.13107823588558792,-0.13107823588558792,-0.13107823588558792,-0.13107823588558792,-0.13107823588558792,-0.13107823588558792,-0.13107823588558792,-0.13107823588558792,-0.13107823588558792
1991-12-05,-0.08891915778137374,-0.08891915778137374,-0.08891915778137374,-0.08891915778137374,-0.08891915778137374,-0.08891915778137374,-0.08891915778137374,-0.08891915778137374,-0.08891915778137374,-0.08891915778137374,-0.08891915778137374,-0.08891915778137374,-0.08891915778137374,-0.08891915778137374,-0.08891915778137374
1991-12-06,0.21807578298373473,0.21807578298373473,0.21807578298373473,0.21807578298373473,0.21807578298373473,0.21807578298373473,0.21807578298373473,0.21807578298373473,0.21807578298373473,0.21807578298373473,0.21807578298373473,0.21807578298373473,0.21807578298373473,0.21807578298373473,0.21807578298373473
1991-12-07,0.10750369181211138,0.10750369181211138,0.10750369181211138,0.10750369181211138,0.10750369181211138,0.10750369181211138,0.10750369181211138,0.10750369181211138,0.10750369181211138,0.10750369181211138,0.10750369181211138,0.10750369181211138,0.10750369181211138,0.10750369181211138,0.10750369181211138
1991-12-08,-0.1513085340470299,-0.1513085340470299,-0.1513085340470299,-0.1513085340470299,-0.1513085340470299,-0.1513085340470299,-0.1513085340470299,-0.1513085340470299,-0.1513085340470299,-0.1513085340470299,-0.1513085340470299,-0.1513085340470299,-0.1513085340470299,-0.1513085340470299,-0.1513085340470299
1991-12-09,-0.45901386312007086,-0.45901386312007086,-0.45901386312007086,-0.45901386312007086,-0.45901386312007086,-0.45901386312007086,-0.45901386312007086,-0.45901386312007086,-0.45901386312007086,-0.45901386312007086,-0.45901386312007086,-0.45901386312007086,-0.45901386312007086,-0.45901386312007086,-0.45901386312007086
1991-12-10,-0.6665958404360675,-0.6665958404360675,-0.6665958404360675,-0.6665958404360675,-0.6665958404360675,-0.6665958404360675,-0.6665958404360675,-0.6665958404360675,-0.6665958404360675,-0.6665958404360675,-0.6665958404360675,-0.6665958404360675,-0.6665958404360675,-0.6665958404360675,-0.6665958404360675
1991-12-11,-0.8208709081051213,-0.8208709081051213,-0.8208709081051213,-0.8208709081051213,-0.8208709081051213,-0.8208709081051213,-0.8208709081051213,-0.8208709081051213,-0.8208709081051213,-0.8208709081051213,-0.8208709081051213,-0.8208709081051213,-0.8208709081051213,-0.8208709081051213,-0.8208709081051213
1991-12-12,-1.0784035450599816,-1.0784035450599816,-1.0784035450599816,-1.0784035450599816,-1.0784035450599816,-1.0784035450599816,-1.0784035450599816,-1.0784035450599816,-1.0784035450599816,-1.0784035450599816,-1.0784035450599816,-1.0784035450599816,-1.0784035450599816,-1.0784035450599816,-1.0784035450599816
1991-12-13,-1.3581334354335017,-1.3581334354335017,-1.3581334354335017,-1.3581334354335017,-1.3581334354335017,-1.3581334354335017,-1.3581334354335017,-1.3581334354335017,-1.3581334354335017,-1.3581334354335017,-1.3581334354335017,-1.3581334354335017,-1.3581334354335017,-1.3581334354335017,-1.3581334354335017
1991-12-14,-1.5290902946506657,-1.5290902946506657,-1.5290902946506657,-1.5290902946506657,-1.5290902946506657,-1.5290902946506657,-1.5290902946506657,-1.5290902946506657,-1.5290902946506657,-1.5290902946506657,-1.5290902946506657,-1.5290902946506657,-1.5290902946506657,-1.5290902946506657,-1.5290902946506657
1991-12-15,-1.3292440004861283,-1.3292440004861283,-1.3292440004861283,-1.3292440004861283,-1.3292440004861283,-1.3292440004861283,-1.3292440004861283,-1.3292440004861283,-1.3292440004861283,-1.3292440004861283,-1.3292440004861283,-1.3292440004861283,-1.3292440004861283,-1.3292440004861283,-1.3292440004861283
1991-12-16,-1.0965434293102672,-1.0965434293102672,-1.0965434293102672,-1.0965434293102672,-1.0965434293102672,-1.0965434293102672,-1.0965434293102672,-1.0965434293102672,-1.0965434293102672,-1.0965434293102672,-1.0965434293102672,-1.0965434293102672,-1.0965434293102672,-1.0965434293102672,-1.0965434293102672
1991-12-17,-0.8329766006830338,-0.8329766006830338,-0.8329766006830338,-0.8329766006830338,-0.8329766006830338,-0.8329766006830338,-0.8329766006830338,-0.8329766006830338,-0.8329766006830338,-0.8329766006830338,-0.8329766006830338,-0.8329766006830338,-0.8329766006830338,-0.8329766006830338,-0.8329766006830338
1991-12-18,-0.9171092858772893,-0.9171092858772893,-0.9171092858772893,-0.9171092858772893,-0.9171092858772893,-0.9171092858772893,-0.9171092858772893,-0.9171092858772893,-0.9171092858772893,-0.9171092858772893,-0.9171092858772893,-0.9171092858772893,-0.9171092858772893,-0.9171092858772893,-0.9171092858772893
1991-12-19,-0.5818928593471049,-0.5818928593471049,-0.5818928593471049,-0.5818928593471049,-0.5818928593471049,-0.5818928593471049,-0.5818928593471049,-0.5818928593471049,-0.5818928593471049,-0.5818928593471049,-0.5818928593471049,-0.5818928593471049,-0.5818928593471049,-0.5818928593471049,-0.5818928593471049
1991-12-20,-0.41100620556669015,-0.41100620556669015,-0.41100620556669015,-0.41100620556669015,-0.41100620556669015,-0.41100620556669015,-0.41100620556669015,-0.41100620556669015,-0.41100620556669015,-0.41100620556669015,-0.41100620556669015,-0.41100620556669015,-0.41100620556669015,-0.41100620556669015,-0.41100620556669015
1991-12-21,0.037829650157203736,0.037829650157203736,0.037829650157203736,0.037829650157203736,0.037829650157203736,0.037829650157203736,0.037829650157203736,0.037829650157203736,0.037829650157203736,0.037829650157203736,0.037829650157203736,0.037829650157203736,0.037829650157203736,0.037829650157203736,0.037829650157203736
1991-12-22,0.3386228157127227,0.3386228157127227,0.3386228157127227,0.3386228157127227,0.3386228157127227,0.3386228157127227,0.3386228157127227,0.3386228157127227,0.3386228157127227,0.3386228157127227,0.3386228157127227,0.3386228157127227,0.3386228157127227,0.3386228157127227,0.3386228157127227
1991-12-23,0.6987607594549179,0.6987607594549179,0.6987607594549179,0.6987607594549179,0.6987607594549179,0.6987607594549179,0.6987607594549179,0.6987607594549179,0.6987607594549179,0.6987607594549179,0.6987607594549179,0.6987607594549179,0.6987607594549179,0.6987607594549179,0.6987607594549179
1991-12-24,0.927130875028093,0.927130875028093,0.927130875028093,0.927130875028093,0.927130875028093,0.927130875028093,0.927130875028093,0.927130875028093,0.927130875028093,0.927130875028093,0.927130875028093,0.927130875028093,0.927130875028093,0.927130875028093,0.927130875028093
1991-12-25,1.2226478586259735,1.2226478586259735,1.2226478586259735,1.2226478586259735,1.2226478586259735,1.2226478586259735,1.2226478586259735,1.2226478586259735,1.2226478586259735,1.2226478586259735,1.2226478586259735,1.2226478586259735,1.2226478586259735,1.2226478586259735,1.2226478586259735
1991-12-26,1.2229579610142975,1.2229579610142975,1.2229579610142975,1.2229579610142975,1.2229579610142975,1.2229579610142975,1.2229579610142975,1.2229579610142975,1.2229579610142975,1.2229579610142975,1.2229579610142975,1.2229579610142975,1.2229579610142975,1.2229579610142975,1.2229579610142975
1991-12-27,1.1467847863807181,1.1467847863807181,1.1467847863807181,1.1467847863807181,1.1467847863807181,1.1467847863807181,1.1467847863807181,1.1467847863807181,1.1467847863807181,1.1467847863807181,1.1467847863807181,1.1467847863807181,1.1467847863807181,1.1467847863807181,1.1467847863807181
1991-12-28,0.8325983457882274,0.8325983457882274,0.8325983457882274,0.8325983457882274,0.8325983457882274,0.8325983457882274,0.8325983457882274,0.8325983457882274,0.8325983457882274,0.8325983457882274,0.8325983457882274,0.8325983457882274,0.8325983457882274,0.8325983457882274,0.8325983457882274
1991-12-29,0.8157841089254547,0.8157841089254547,0.8157841089254547,0.8157841089254547,0.8157841089254547,0.8157841089254547,0.8157841089254547,0.8157841089254547,0.8157841089254547,0.8157841089254547,0.8157841089254547,0.8157841089254547,0.8157841089254547,0.8157841089254547,0.8157841089254547
1991-12-30,0.8371861789227085,0.8371861789227085,0.8371861789227085,0.8371861789227085,0.8371861789227085,0.8371861789227085,0.8371861789227085,0.8371861789227085,0.8371861789227085,0.8371861789227085,0.8371861789227085,0.8371861789227085,0.8371861789227085,0.8371861789227085,0.8371861789227085
1991-12-31,0.7982686198286494,0.7982686198286494,0.7982686198286494,0.7982686198286494,0.7982686198286494,0.7982686198286494,0.7982686198286494,0.7982686198286494,0.7982686198286494,0.7982686198286494,0.7982686198286494,0.7982686198286494,0.7982686198286494,0.7982686198286494,0.7982686198286494
1992-01-01,0.8828006821559066,0.8828006821559066,0.8828006821559066,0.8828006821559066,0.8828006821559066,0.8828006821559066,0.8828006821559066,0.8828006821559066,0.8828006821559066,0.8828006821559066,0.8828006821559066,0.8828006821559066,0.8828006821559066,0.8828006821559066,0.8828006821559066
1992-01-02,0.6079111354541558,0.6079111354541558,0.6079111354541558,0.6079111354541558,0.6079111354541558,0.6079111354541558,0.6079111354541558,0.6079111354541558,0.6079111354541558,0.6079111354541558,0.6079111354541558,0.6079111354541558,0.6079111354541558,0.6079111354541558,0.6079111354541558
1992-01-03,0.5184564916056861,0.5184564916056861,0.5184564916056861,0.5184564916056861,0.5184564916056861,0.5184564916056861,0.5184564916056861,0.5184564916056861,0.5184564916056861,0.5184564916056861,0.5184564916056861,0.5184564916056861,0.5184564916056861,0.5184564916056861,0.5184564916056861
1992-01-04,0.6836483113605807,0.6836483113605807,0.6836483113605807,0.6836483113605807,0.6836483113605807,0.6836483113605807,0.6836483113605807,0.6836483113605807,0.6836483113605807,0.6836483113605807,0.6836483113605807,0.6836483113605807,0.6836483113605807,0.6836483113605807,0.6836483113605807
1992-01-05,0.8615601716301591,0.8615601716301591,0.8615601716301591,0.8615601716301591,0.8615601716301591,0.8615601716301591,0.8615601716301591,0.8615601716301591,0.8615601716301591,0.8615601716301591,0.8615601716301591,0.8615601716301591,0.8615601716301591,0.8615601716301591,0.8615601716301591
1992-01-06,0.8049473868331759,0.8049473868331759,0.8049473868331759,0.8049473868331759,0.8049473868331759,0.8049473868331759,0.8049473868331759,0.8049473868331759,0.8049473868331759,0.8049473868331759,0.8049473868331759,0.8049473868331759,0.8049473868331759,0.8049473868331759,0.8049473868331759
1992-01-07,0.7390456715838233,0.7390456715838233,0.7390456715838233,0.7390456715838233,0.7390456715838233,0.7390456715838233,0.7390456715838233,0.7390456715838233,0.7390456715838233,0.7390456715838233,0.7390456715838233,0.7390456715838233,0.7390456715838233,0.7390456715838233,0.7390456715838233
1992-01-08,0.6316739677446801,0.6316739677446801,0.6316739677446801,0.6316739677446801,0.6316739677446801,0.6316739677446801,0.6316739677446801,0.6316739677446801,0.6316739677446801,0.6316739677446801,0.6316739677446801,0.6316739677446801,0.6316739677446801,0.6316739677446801,0.6316739677446801
1992-01-09,0.4479754183569294,0.4479754183569294,0.4479754183569294,0.4479754183569294,0.4479754183569294,0.4479754183569294,0.4479754183569294,0.4479754183569294,0.4479754183569294,0.4479754183569294,0.4479754183569294,0.4479754183569294,0.4479754183569294,0.4479754183569294,0.4479754183569294
1992-01-10,0.1177705696914254,0.1177705696914254,0.1177705696914254,0.1177705696914254,0.1177705696914254,0.1177705696914254,0.1177705696914254,0.1177705696914254,0.1177705696914254,0.1177705696914254,0.1177705696914254,0.1177705696914254,0.1177705696914254,0.1177705696914254,0.1177705696914254
1992-01-11,-0.4231731927187702,-0.4231731927187702,-0.4231731927187702,-0.4231731927187702,-0.4231731927187702,-0.4231731927187702,-0.4231731927187702,-0.4231731927187702,-0.4231731927187702,-0.4231731927187702,-0.4231731927187702,-0.4231731927187702,-0.4231731927187702,-0.4231731927187702,-0.4231731927187702
1992-01-12,-0.893734564957046,-0.893734564957046,-0.893734564957046,-0.893734564957046,-0.893734564957046,-0.893734564957046,-0.893734564957046,-0.893734564957046,-0.893734564957046,-0.893734564957046,-0.893734564957046,-0.893734564957046,-0.893734564957046,-0.893734564957046,-0.893734564957046
1992-01-13,-1.3852572143457729,-1.3852572143457729,-1.3852572143457729,-1.3852572143457729,-1.3852572143457729,-1.3852572143457729,-1.3852572143457729,-1.3852572143457729,-1.3852572143457729,-1.3852572143457729,-1.3852572143457729,-1.3852572143457729,-1.3852572143457729,-1.3852572143457729,-1.3852572143457729
1992-01-14,-1.6316715750154935,-1.6316715750154935,-1.6316715750154935,-1.6316715750154935,-1.6316715750154935,-1.6316715750154935,-1.6316715750154935,-1.6316715750154935,-1.6316715750154935,-1.6316715750154935,-1.6316715750154935,-1.6316715750154935,-1.6316715750154935,-1.6316715750154935,-1.6316715750154935
1992-01-15,-1.6210826996091292,-1.6210826996091292,-1.6210826996091292,-1.6210826996091292,-1.6210826996091292,-1.6210826996091292,-1.6210826996091292,-1.6210826996091292,-1.6210826996091292,-1.6210826996091292,-1.6210826996091292,-1.6210826996091292,-1.6210826996091292,-1.6210826996091292,-1.6210826996091292
1992-01-16,-1.8060700229667992,-1.8060700229667992,-1.8060700229667992,-1.8060700229667992,-1.8060700229667992,-1.8060700229667992,-1.8060700229667992,-1.8060700229667992,-1.8060700229667992,-1.8060700229667992,-1.8060700229667992,-1.8060700229667992,-1.8060700229667992,-1.8060700229667992,-1.8060700229667992
1992-01-17,-1.6384977710432613,-1.6384977710432613,-1.6384977710432613,-1.6384977710432613,-1.6384977710432613,-1.6384977710432613,-1.6384977710432613,-1.6384977710432613,-1.6384977710432613,-1.6384977710432613,-1.6384977710432613,-1.6384977710432613,-1.6384977710432613,-1.6384977710432613,-1.6384977710432613
1992-01-18,-1.433552877694903,-1.433552877694903,-1.433552877694903,-1.433552877694903,-1.433552877694903,-1.433552877694903,-1.433552877694903,-1.433552877694903,-1.433552877694903,-1.433552877694903,-1.433552877694903,-1.433552877694903,-1.433552877694903,-1.433552877694903,-1.433552877694903
1992-01-19,-1.6097292505305594,-1.6097292505305594,-1.6097292505305594,-1.6097292505305594,-1.6097292505305594,-1.6097292505305594,-1.6097292505305594,-1.6097292505305594,-1.6097292505305594,-1.6097292505305594,-1.6097292505305594,-1.6097292505305594,-1.6097292505305594,-1.6097292505305594,-1.6097292505305594
1992-01-20,-1.674870585957315,-1.674870585957315,-1.674870585957315,-1.674870585957315,-1.674870585957315,-1.674870585957315,-1.674870585957315,-1.674870585957315,-1.674870585957315,-1.674870585957315,-1.674870585957315,-1.674870585957315,-1.674870585957315,-1.674870585957315,-1.674870585957315
1992-01-21,-1.6277469641231432,-1.6277469641231432,-1.6277469641231432,-1.6277469641231432,-1.6277469641231432,-1.6277469641231432,-1.6277469641231432,-1.6277469641231432,-1.6277469641231432,-1.6277469641231432,-1.6277469641231432,-1.6277469641231432,-1.6277469641231432,-1.6277469641231432,-1.6277469641231432
1992-01-22,-1.626042385658711,-1.626042385658711,-1.626042385658711,-1.626042385658711,-1.626042385658711,-1.626042385658711,-1.626042385658711,-1.626042385658711,-1.626042385658711,-1.626042385658711,-1.626042385658711,-1.626042385658711,-1.626042385658711,-1.626042385658711,-1.626042385658711
1992-01-23,-1.8298533695621946,-1.8298533695621946,-1.8298533695621946,-1.8298533695621946,-1.8298533695621946,-1.8298533695621946,-1.8298533695621946,-1.8298533695621946,-1.8298533695621946,-1.8298533695621946,-1.8298533695621946,-1.8298533695621946,-1.8298533695621946,-1.8298533695621946,-1.8298533695621946
1992-01-24,-2.08999619172895,-2.08999619172895,-2.08999619172895,-2.08999619172895,-2.08999619172895,-2.08999619172895,-2.08999619172895,-2.08999619172895,-2.08999619172895,-2.08999619172895,-2.08999619172895,-2.08999619172895,-2.08999619172895,-2.08999619172895,-2.08999619172895
1992-01-25,-2.3576530804502176,-2.3576530804502176,-2.3576530804502176,-2.3576530804502176,-2.3576530804502176,-2.3576530804502176,-2.3576530804502176,-2.3576530804502176,-2.3576530804502176,-2.3576530804502176,-2.3576530804502176,-2.3576530804502176,-2.3576530804502176,-2.3576530804502176,-2.3576530804502176
1992-01-26,-2.387063859627203,-2.387063859627203,-2.387063859627203,-2.387063859627203,-2.387063859627203,-2.387063859627203,-2.387063859627203,-2.387063859627203,-2.387063859627203,-2.387063859627203,-2.387063859627203,-2.387063859627203,-2.387063859627203,-2.387063859627203,-2.387063859627203
1992-01-27,-2.418813652384685,-2.418813652384685,-2.418813652384685,-2.418813652384685,-2.418813652384685,-2.418813652384685,-2.418813652384685,-2.418813652384685,-2.418813652384685,-2.418813652384685,-2.418813652384685,-2.418813652384685,-2.418813652384685,-2.418813652384685,-2.418813652384685
1992-01-28,-2.280460967995367,-2.280460967995367,-2.280460967995367,-2.280460967995367,-2.280460967995367,-2.280460967995367,-2.280460967995367,-2.280460967995367,-2.280460967995367,-2.280460967995367,-2.280460967995367,-2.280460967995367,-2.280460967995367,-2.280460967995367,-2.280460967995367
1992-01-29,-1.8345397671693857,-1.8345397671693857,-1.8345397671693857,-1.8345397671693857,-1.8345397671693857,-1.8345397671693857,-1.8345397671693857,-1.8345397671693857,-1.8345397671693857,-1.8345397671693857,-1.8345397671693857,-1.8345397671693857,-1.8345397671693857,-1.8345397671693857,-1.8345397671693857
1992-01-30,-1.6695436677124147,-1.6695436677124147,-1.6695436677124147,-1.6695436677124147,-1.6695436677124147,-1.6695436677124147,-1.6695436677124147,-1.6695436677124147,-1.6695436677124147,-1.6695436677124147,-1.6695436677124147,-1.6695436677124147,-1.6695436677124147,-1.6695436677124147,-1.6695436677124147
1992-01-31,-1.204412675306841,-1.204412675306841,-1.204412675306841,-1.204412675306841,-1.204412675306841,-1.204412675306841,-1.204412675306841,-1.204412675306841,-1.204412675306841,-1.204412675306841,-1.204412675306841,-1.204412675306841,-1.204412675306841,-1.204412675306841,-1.204412675306841
1992-02-01,-1.0704532056247182,-1.0704532056247182,-1.0704532056247182,-1.0704532056247182,-1.0704532056247182,-1.0704532056247182,-1.0704532056247182,-1.0704532056247182,-1.0704532056247182,-1.0704532056247182,-1.0704532056247182,-1.0704532056247182,-1.0704532056247182,-1.0704532056247182,-1.0704532056247182
1992-02-02,-1.0585612302300949,-1.0585612302300949,-1.0585612302300949,-1.0585612302300949,-1.0585612302300949,-1.0585612302300949,-1.0585612302300949,-1.0585612302300949,-1.0585612302300949,-1.0585612302300949,-1.0585612302300949,-1.0585612302300949,-1.0585612302300949,-1.0585612302300949,-1.0585612302300949
1992-02-03,-0.960276330376985,-0.960276330376985,-0.960276330376985,-0.960276330376985,-0.960276330376985,-0.960276330376985,-0.960276330376985,-0.960276330376985,-0.960276330376985,-0.960276330376985,-0.960276330376985,-0.960276330376985,-0.960276330376985,-0.960276330376985,-0.960276330376985
1992-02-04,-0.6818176847177639,-0.6818176847177639,-0.6818176847177639,-0.6818176847177639,-0.6818176847177639,-0.6818176847177639,-0.6818176847177639,-0.6818176847177639,-0.6818176847177639,-0.6818176847177639,-0.6818176847177639,-0.6818176847177639,-0.6818176847177639,-0.6818176847177639,-0.6818176847177639
1992-02-05,-0.7616522742971491,-0.7616522742971491,-0.7616522742971491,-0.7616522742971491,-0.7616522742971491,-0.7616522742971491,-0.7616522742971491,-0.7616522742971491,-0.7616522742971491,-0.7616522742971491,-0.7616522742971491,-0.7616522742971491,-0.7616522742971491,-0.7616522742971491,-0.7616522742971491
1992-02-06,-0.5044791837577149,-0.5044791837577149,-0.5044791837577149,-0.5044791837577149,-0.5044791837577149,-0.5044791837577149,-0.5044791837577149,-0.5044791837577149,-0.5044791837577149,-0.5044791837577149,-0.5044791837577149,-0.5044791837577149,-0.5044791837577149,-0.5044791837577149,-0.5044791837577149
1992-02-07,-0.3039775661781675,-0.3039775661781675,-0.3039775661781675,-0.3039775661781675,-0.3039775661781675,-0.3039775661781675,-0.3039775661781675,-0.3039775661781675,-0.3039775661781675,-0.3039775661781675,-0.3039775661781675,-0.3039775661781675,-0.3039775661781675,-0.3039775661781675,-0.3039775661781675
1992-02-08,-0.17299922061981773,-0.17299922061981773,-0.17299922061981773,-0.17299922061981773,-0.17299922061981773,-0.17299922061981773,-0.17299922061981773,-0.17299922061981773,-0.17299922061981773,-0.17299922061981773,-0.17299922061981773,-0.17299922061981773,-0.17299922061981773,-0.17299922061981773,-0.17299922061981773
1992-02-09,-0.3164241449871417,-0.3164241449871417,-0.3164241449871417,-0.3164241449871417,-0.3164241449871417,-0.3164241449871417,-0.3164241449871417,-0.3164241449871417,-0.3164241449871417,-0.3164241449871417,-0.3164241449871417,-0.3164241449871417,-0.3164241449871417,-0.3164241449871417,-0.3164241449871417
1992-02-10,-0.4781816493598213,-0.4781816493598213,-0.4781816493598213,-0.4781816493598213,-0.4781816493598213,-0.4781816493598213,-0.4781816493598213,-0.4781816493598213,-0.4781816493598213,-0.4781816493598213,-0.4781816493598213,-0.4781816493598213,-0.4781816493598213,-0.4781816493598213,-0.4781816493598213
1992-02-11,-0.4057570490915888,-0.4057570490915888,-0.4057570490915888,-0.4057570490915888,-0.4057570490915888,-0.4057570490915888,-0.4057570490915888,-0.4057570490915888,-0.4057570490915888,-0.4057570490915888,-0.4057570490915888,-0.4057570490915888,-0.4057570490915888,-0.4057570490915888,-0.4057570490915888
1992-02-12,0.20368468536402276,0.20368468536402276,0.20368468536402276,0.20368468536402276,0.20368468536402276,0.20368468536402276,0.20368468536402276,0.20368468536402276,0.20368468536402276,0.20368468536402276,0.20368468536402276,0.20368468536402276,0.20368468536402276,0.20368468536402276,0.20368468536402276
1992-02-13,0.851187608479256,0.7735819891217026,0.9667503439957646,0.8060371724521461,0.9373355266416031,0.8166533679452513,0.8214008953464157,0.8652168102276993,0.8673689997363382,0.8800732256033962,0.9520680672561288,0.8563255286258087,0.9248417894185849,0.8719475912721014,0.9825013031128673
1992-02-14,0.7901166012408587,0.8441912781883204,0.8186927837648781,0.898168588463201,0.8903167826993634,0.8695414429807351,0.5737342253730385,1.011333263263362,0.9160007643550021,0.9136965514828541,0.904419415055194,0.9065157281777412,0.8872826027963148,0.9191097561697447,1.046629062369831
1992-02-15,0.7596557668880037,0.9507542546658945,0.7002704154589613,0.9628224755141999,0.8802932879139801,0.8182301752954113,0.6608537217085437,0.9276121469116642,1.0900213678124475,0.9051586365177933,1.0282448461697866,0.96925239509546,0.9515360191347539,1.00310624216428,0.8957407010871806
1992-02-16,0.8620183001304164,1.0000167138648537,0.7210750873221332,0.8858753546754243,0.9053683529815322,1.1344039426414632,0.7098705593500345,1.0979503638152552,1.3498360433362437,0.9348674298445895,1.221144795101188,1.038782160953107,1.0021118495803958,1.2007448687218718,0.9025935771108595
1992-02-17,0.9981614193590547,1.3408555021699944,0.9266494971143601,1.0128732130152165,0.8165080055859387,1.3488042632404562,1.082529057505123,1.1222743863711124,1.3464947129461668,0.8915780285631925,1.3806039400810364,1.0361376147034982,1.3679160415896765,1.146859720829803,1.1255102295546218
1992-02-18,1.169218363288259,1.6212512460874675,1.2109983131968303,1.1144459220783478,0.7952278995307136,1.4934044045878556,1.1780011368357033,1.313176497433759,1.3518587040885706,0.8682356567238055,1.2599542683935545,1.000957146022394,1.632995618391212,1.2463804228353574,1.2306666027378241
1992-02-19,1.4239571392514554,1.6006125106802638,1.411720725527945,1.3988210792100961,0.9842477563103436,1.6277765316660533,1.3703213427722232,1.6668401399097035,1.4036523510416694,0.8980635393693948,1.3739594546005074,1.09706769585742,1.59569162148597,1.2958009599617324,1.5791613725803655
1992-02-20,1.3020273811870149,1.7092876265760484,1.4215888581255653,1.2181368350724984,0.9672482901693434,1.3864743311393,1.4675293341368487,1.7259034536814086,1.3164660828652583,0.4337344904017289,1.2596394540449969,0.8838819444509282,1.4258309250330865,1.202332436393491,1.7874165146661323
1992-02-21,1.4354248360391357,1.9456306653961952,1.703595832398794,1.4340028837010328,1.1645962620835377,1.5790605685566972,1.7409964144882861,1.9279785362027342,1.5394981778291288,0.2841653886075292,1.4663529283854695,0.9223768599624173,1.5443720267147272,1.447939683566379,1.9676649728992626
1992-02-22,1.4512627305261685,1.87139652050233,1.7470489214217269,1.373388221899404,1.5756227972451884,1.7588346620855024,1.9337749179241077,1.8694519096181237,1.6450985188424223,0.05255944182450009,1.2959520202721224,0.9034385880383045,1.4776214852896945,1.3820410691230995,1.7014236548343318
1992-02-23,1.4436165574452593,1.4834119124311358,1.6243100247845093,1.3409079533535806,1.3656972382957167,1.3898413988603457,2.1401019529594505,1.7832196246046383,1.361791246574814,0.14108252116863804,1.2969867436585705,0.8137740398814892,1.3717742527955457,1.531324633854061,1.4860900724060642
1992-02-24,1.0821793762623937,1.2531030539009302,1.5221045561969622,1.2259354677911023,0.920559301922147,0.9846871713501604,2.305113183395132,1.3568832895988727,1.00023746388121,0.14792699552369923,1.1430036076233185,0.47409893763178,1.337929509612831,1.4353768300961003,1.3071611867347137
1992-02-25,0.9195585777801245,0.8402071360726878,1.4327455482668183,1.1686749511988017,0.9005301414950713,0.7749855075964206,1.9906438065229133,0.836730658182544,0.5759265706623988,0.49982888696466415,0.8742737828163146,0.2306212700319622,1.4886996519841853,1.2014853172523183,1.1820811158271898
1992-02-26,1.13628172115604,0.7208227102651903,1.1583404364835823,1.129912749755071,1.1563292228250082,0.8184909767236523,2.0602791466465504,0.5646397043787271,0.36220092998274533,0.5804365779109375,0.6853745439186993,0.1299988095506073,1.6154667398071685,0.5765589206633879,1.269433966370438
1992-02-27,1.0197052760833056,0.45430121740412244,1.072124311742686,1.1512375505604366,0.5727212479389804,0.7265095974743988,2.049740000948585,0.05197536990871433,0.23137954851411763,0.5498682883278332,0.755324418757477,0.0374386388179982,1.3119174605493007,0.20734946760608536,1.4371483694650877
1992-02-28,0.7463052480538559,0.569341510224787,0.8345258466566766,1.2726731493946257,0.14460534282499807,0.37337201905322087,1.7332278021335452,-0.09190138000123345,-0.0047918643455305155,0.48252080999771224,0.37508615867476125,-0.0964235427702462,0.9214815209954036,-0.06700717393711528,1.149245542777196
1992-02-29,0.48557241424749226,0.3065887246681235,0.6004835536483422,1.3157221187385717,-0.05426778326261617,0.11730830867051317,1.403359360952594,-0.27565390205941515,-0.28209014578696145,0.17089508939916523,0.3702593076021328,0.0691346998861346,0.8318679663715116,-0.1337544693875936,0.8392320742762368
1992-03-01,-0.07575503618072583,0.19299340672527418,0.40657735201716005,1.0995914617576967,-0.44409484357859835,0.21493218982841936,1.050101931258091,-0.243571279425796,-0.6011835248044733,0.020002035672753327,-0.032696755217687064,-0.2679357895326402,0.42199604121429257,-0.31908607283756896,0.7020212060212283
1992-03-02,-0.48503432215643927,0.0019026293261184023,0.4448337691596819,1.2111650463799029,-0.7234575028721946,0.5885822048929223,0.6704405140447854,-0.010415383176254386,-0.5958036500939426,-0.0010304300943531075,0.11146175105200877,-0.7444730710246509,0.10346631042266166,-0.11830433261572502,0.7578340938291644
1992-03-03,-0.3352261697139147,-0.05836513445520484,0.645397515884693,1.5434560018127208,-1.1081274631942297,0.5605397299394232,0.4598940963264892,-0.10340204123697741,-0.7690884769037339,-0.09010308524090427,-0.11097918100831736,-1.1184024464453768,0.03406598710289408,-0.0680026595415391,0.9337902598331803
1992-03-04,-0.11373479575945081,-0.3317499201824775,0.5217808435840784,1.5625523092125464,-1.513641726909063,0.6135860510745816,0.2694573002329871,-0.04051287956508963,-0.7214047853994243,0.24684220667008014,-0.09462715471677724,-1.1824669026589198,-0.15667373903047999,-0.3351618593357442,0.8281965953438153
1992-03-05,-0.15982010826583148,-0.5619597443398843,0.21063861290999464,1.5431408505626103,-2.015381126393907,0.7026628989044372,-0.0147066439783779,0.20836571166828344,-0.7626659700631082,0.09630700442507809,-0.3160289185727598,-1.1480030596212178,-0.550617326619458,-0.573401572060147,0.755348850271497
1992-03-06,-0.5121491279473137,-0.8745277916589391,-0.22299758117877005,1.082924100864881,-2.632203014830572,0.6183716410102624,0.1214184597154783,-0.040698617029415185,-0.6041139104667664,0.05193394887335239,-0.6074795575580128,-1.360084884016047,-0.943627259169261,-0.5925314998993868,0.5339860219111908
1992-03-07,-0.8719917135460209,-1.2837478874730768,-0.5030579302938311,0.6001780748502068,-2.92326785660467,0.7517046350674742,0.225938443966662,-0.37755728370796593,-0.533901770591143,-0.05078017676979013,-0.9620258318634362,-1.575230711110025,-0.8818716193969328,-0.9558471686792155,-0.08833172105016542
1992-03-08,-1.117514296651896,-1.5441559724921397,-0.4651554406203987,0.2226312063848917,-3.4522943947066844,0.7211125413450509,0.31448486531013603,-0.49290556567333493,-1.0318056794064425,0.06081273845914444,-1.4444859277065951,-1.9256755829067116,-1.2020332270396497,-1.0949215452909995,-0.8090650891663258
1992-03-09,-1.1633787054291964,-1.4980993699187608,-0.7705690899983352,-0.28651765186946215,-3.731538744297746,0.02208111079278469,0.48410057037752124,-0.7846308626387243,-1.5690839714535112,0.017453395314553644,-1.6584913621678694,-1.5710490449806047,-1.4946002494358592,-1.2040086174796125,-1.2245011319675725
1992-03-10,-1.659993751553732,-1.509172730630131,-1.2178519072465317,-0.6748807627746845,-3.1607112952450223,-0.7457582029470501,0.4199853822919589,-1.1774806378253104,-1.9333530340085934,-0.3131346081953564,-2.263055501487441,-1.5034224316689297,-1.4911331572292943,-1.3882150129719608,-2.195746702661814
1992-03-11,-2.2672084510731945,-1.6907992180949796,-1.5745867006206131,-1.3152995779012362,-2.840772570432334,-1.17556887546502,0.6350932100214105,-1.3572381026224247,-2.3469554153269327,-0.7473002238849095,-2.5633251700397226,-1.533270199926767,-1.4593372020489186,-1.4786749431618218,-2.651038458675529
1992-03-12,-2.68428053745123,-1.6989161226970688,-1.7721655702220427,-1.8402957940287878,-2.5947573665197385,-1.152523066128616,0.8484199538644251,-1.5422508550932625,-2.603050994537887,-0.8617071709507925,-2.9061028509272235,-1.4097266687210963,-1.2009614178499095,-1.440478902712766,-2.7198452198968632
1992-03-13,-2.9063724048686557,-1.2369338844409705,-1.7592275252158807,-2.225490367779171,-2.5679343559271146,-1.3605350581916424,0.652868372269692,-1.620767779912333,-2.864203172077315,-1.0324040655276958,-2.821721262608113,-1.353673055267711,-1.2210075464840122,-1.1999250621379696,-2.673965478701318
1992-03-14,-2.700371016639472,-1.1634709620413313,-1.5410758377999267,-2.3035927438729873,-2.1151524463772438,-1.4928209541846547,0.349269277284936,-1.6758615604448865,-3.0085648635730373,-1.0160435444545466,-2.523481665563933,-1.3027029422774299,-1.4437536910963198,-1.0128941847010065,-2.22308017600887
1992-03-15,-2.4426677869428297,-0.9429599480603396,-1.007012567447584,-2.7525436526837512,-1.7790331940124975,-1.7414451029831635,0.16213824451188155,-1.6327003855838313,-3.063770230523674,-1.0791648761912476,-2.1205915437707388,-1.5127639317699022,-1.530683599777455,-0.7174276887632132,-2.0168932524702874
1992-03-16,-2.053621144167432,-0.8090077427190238,-0.7860733988345776,-3.131592528448905,-1.3688435588260373,-1.959389161760272,-0.5504179965733763,-1.8115561204782031,-2.9325580129770654,-1.5475177111781848,-1.8464362900874256,-1.4088835850391566,-1.3901450646780267,-0.7767201736420958,-1.625636992341607
1992-03-17,-1.8699932842884772,-0.8736140024817014,-0.929934959555492,-3.2056831933468013,-1.421101026259812,-2.3404924348350304,-1.532539429679167,-1.943858855515961,-2.7453747536014577,-2.0129023076149477,-1.5195343544844677,-1.6272505060903077,-1.446868616467059,-0.7530956074280134,-0.8177705147612877
1992-03-18,-1.7144950367134526,-0.5245569750616724,-0.995605156952928,-3.067557202419396,-1.3926545939813557,-2.601079495212858,-1.7839405688015761,-1.9670205136845338,-2.2022450233590027,-2.151945801897746,-1.8267720184810383,-1.616817930670813,-1.2620176680383075,-1.0428036700935919,-0.41622774896846376
1992-03-19,-1.7231037825519429,-0.42730215505117103,-1.0377409709250054,-3.139583902487073,-1.116642221747156,-3.0188828250822732,-1.7966519636053997,-1.8285855542102674,-2.2285664023442875,-2.2744561709937856,-1.4686813805469618,-2.0707689948846046,-1.007549370416856,-1.2626452480307788,-0.28537913961683437
1992-03-20,-1.8575395080938506,-0.6310396272153149,-0.9354085590228645,-3.312482653144094,-0.8883524283058292,-2.9878679411046063,-1.841058238937887,-1.6979346716713626,-2.2862060511368996,-2.3025437895778738,-1.2641702839177276,-2.4377669703846876,-0.9927018619218425,-1.8327563259457136,-0.2530648815884692
1992-03-21,-2.045636026906542,-0.5625856625152877,-0.8051158192845776,-3.4236688848883636,-1.0147245999512302,-2.912034541969795,-1.9263597029014703,-1.7116624383578518,-2.3846283397963344,-2.6656479889605316,-1.0639797523080556,-2.314448325834841,-1.1160595365245565,-2.3396770045713864,-0.33117324391440855
1992-03-22,-1.8016028428061435,-0.09659905640229935,-0.8230246912465435,-3.6719652766673656,-1.5910087123991938,-3.049652009703067,-1.7170301111653854,-1.7199193345732438,-2.1070331454643125,-2.764351875301191,-1.2329279340942736,-2.0208075528907403,-1.2773350723653938,-2.584938689915121,-0.22767239574240053
1992-03-23,-1.5898191586565762,-0.3321559450763479,-1.1122094830514586,-3.881734765146705,-2.0583701511979675,-3.0894562937738437,-1.5372150806952811,-1.9472149745870582,-1.6026472431170462,-3.244140246625715,-1.29305108057661,-2.1803195436878515,-1.4080783469202514,-2.6160680862321604,-0.4038056917679108
1992-03-24,-1.5227497908524035,-0.17188836484623696,-1.465014301934249,-3.818180636317125,-2.0584044923111993,-2.9808364854189917,-1.0913917190027567,-2.3222062935268823,-1.1888692497448303,-3.248227817598064,-1.3345003577058527,-2.358107199700455,-1.6269954840003469,-2.5971084240756066,-0.3723357401267485
1992-03-25,-1.2697384795192759,-0.23847027522349215,-1.702511678795501,-3.670686320562358,-2.138182214736204,-2.8089224943732076,-0.9988903088517733,-2.24323493960286,-0.5998434321414737,-3.0702150982901326,-1.0648246653275215,-2.4875430343677496,-1.7065230417236397,-2.333319439396491,-0.34869840005280806
1992-03-26,-1.2343308200130902,-0.4789044395872735,-1.6176026550433749,-3.3400245667433777,-2.2507481728605025,-2.605352643539729,-0.9018788963359875,-2.247937887647549,-0.062775153188822,-3.004789289857874,-0.8347768454451725,-2.329644119854256,-1.926856933072104,-2.0572311504808076,-0.3063530076216109
1992-03-27,-1.1499296283080929,-0.5957796765726658,-1.6325231501737711,-3.0439115118833064,-1.9648584321338538,-2.330000271624466,-0.8890645714286304,-2.477750887680664,0.07489909640141143,-2.5497341352905956,-0.6423957497519548,-2.2674759318864126,-1.9999738083801923,-1.8558027451414496,-0.8436884809838149
1992-03-28,-0.8899244972088114,-0.40492884072246166,-1.3949497268531847,-2.834216042730023,-1.7883683079823094,-2.295452449270097,-0.5970780468985777,-2.3143492267800427,0.029545808667320955,-2.301379829918181,-0.31783531818041805,-2.1743566325621964,-1.9550767995916971,-1.6029237338313873,-1.2217721088018911
1992-03-29,-0.5708294862584119,-0.5438979287581368,-1.2947705245593468,-2.3709367512122808,-1.387163918752207,-2.429476321656246,-0.7458170355075746,-2.116657656935253,-0.01630129225742468,-2.089241465106851,-0.5767260369295644,-1.9086295973853786,-1.6838886314925863,-1.1239967077634945,-1.3409205081030984
1992-03-30,-0.38962360686538083,-0.8170819253843312,-1.139366865436648,-1.6651173687942413,-1.1335957113407606,-2.24667989729345,-0.7586855591501016,-1.9324400270112783,0.07438835533328088,-2.0195526431145425,-0.6658224058676943,-1.6586510913042143,-1.3105838678293513,-0.8708066770885878,-1.4021940980167709
1992-03-31,-0.4110544369886235,-0.8971745021706831,-1.1181854396569526,-1.077810087641562,-0.8843861567902822,-1.7418028956752083,-0.8045036240204013,-1.655321680045382,0.18998465995975067,-1.7390580848192534,-0.4754851704895948,-1.2831339136279356,-1.1286265843095133,-0.8889568817383984,-1.175254725575628
1992-04-01,-0.42123820052288263,-0.7489016354275123,-1.0281616799534896,-0.5556295822295431,-0.80133556674244,-1.413486591963939,-0.6743795938052375,-1.5402063339779504,-0.0570741435272324,-1.2874896009399395,-0.39667724221563605,-0.9809159339557287,-1.081399637520385,-1.0762536436234003,-0.8520639221328784
1992-04-02,-0.3511303314583178,-0.2504104958053031,-0.6562207418498099,-0.17796882543599335,-0.5758070249724148,-1.0708828616160821,-0.5632657813219886,-1.3333306700569318,-0.40452887946375155,-0.9075359235378517,-0.40835364570032817,-0.5517589238723596,-0.9087098618074986,-0.9232380897666577,-0.8598589710056498
1992-04-03,-0.47101953217282844,0.12735924179286617,-0.6487888878748117,0.3162897831088082,-0.5051749806989962,-1.1013061269960474,-0.7434899608346244,-0.9466912849719299,-0.6421250841631566,-0.6463292070834203,-0.20280537859962347,-0.05705508582689037,-0.3748511913638988,-0.562029845011156,-0.6871930731826865
1992-04-04,-0.6221266104332994,0.24598789358266823,-0.4793268744914431,0.4160877588164377,-0.2783121266911044,-0.8844753948074535,-0.5953853627172359,-0.8956142151281902,-0.4461239174915314,-0.3412138216593662,-0.3132994639797234,0.5306925324027884,-0.00810950374568244,-0.24512401500234238,-0.6140864469007759
1992-04-05,-0.7876644280493607,0.32744433985003374,-0.4368466470526932,0.17076367499175352,-0.09810940725539664,-0.5181411200868878,-0.45162869123549104,-1.0830340146595734,-0.1684251261346212,-0.5759992374836191,-0.3566824540231956,0.6033493452864601,0.020999028477890543,-0.5073438150480143,-0.34373146379871955
1992-04-06,-0.8472652441783193,0.2676574714907149,-0.2866521324671397,-0.03473415284841183,-0.12023140066504662,-0.23258673210465844,-0.7056943395714741,-1.154212365924091,-0.006559827620730558,-0.5102413317707235,-0.3645256601803352,0.6876665753227883,-0.016656769351173297,-0.5181878462932042,-0.05821938041161304
1992-04-07,-0.8779239382750509,0.07988652422028565,-0.3640331690952224,0.03265994212858883,0.032943620740679976,0.08569497792844363,-0.8831875856387604,-1.058982729914263,-0.032498586464132784,-0.6489593206477092,-0.5834203337601125,0.46681202150997503,0.14337584871587994,-0.47115754899256057,0.010638224548377245
1992-04-08,-1.03043169763347,-0.3948175558743405,-0.3020507316752854,0.19027133311004296,0.1587917080612686,0.14137070727555218,-0.9237650623548607,-1.3180659296042117,0.09154880559714675,-0.6110255474874015,-0.810747398913376,0.6995258990445635,0.14983288443712614,-0.28370989779033884,0.2864769482405178
1992-04-09,-1.1934081599743527,-0.9143443733745287,-0.34681096163194153,0.38494171562414475,0.18704873846341155,0.3883597650721955,-0.49483236885476184,-1.3545809477298039,0.09652075198100112,-0.6700540482348742,-0.8515878148876244,0.8137580370118935,0.2096649440906359,-0.03516039432841601,0.396201726014336
1992-04-10,-1.4210504814561673,-0.928295234589025,-0.07985670054780238,0.12671190205509483,-0.13742826229240232,0.5426037253797199,-0.38689598205817455,-1.2261474342281327,0.17289832503691493,-0.4608617837990385,-1.0104620093019623,0.7488463593415098,0.44039589684547426,-0.01352858222510958,0.645921208356127
1992-04-11,-1.6000773138426454,-0.8362849246165119,0.3413735965069425,-0.1651360576930307,-0.11313862847437209,0.5052742150219794,-0.46808007904535603,-1.0183135458946544,0.3498369617332103,-0.704247449691466,-0.45061552182699055,0.6346211834199552,0.8605060112098161,0.33580121459345075,0.5961550774449252
1992-04-12,-1.615765852038436,-0.6215046015893616,0.18009199488238,-0.3581626360555004,-0.17541998205245188,0.37802157601146746,-0.5686007500550823,-1.3374676372074106,0.36792621449837826,-0.36536639265168674,-0.1008051785482571,0.6972156344600129,1.0440645035399725,0.8863284032999506,0.4798950145843922
1992-04-13,-1.6380575425406683,-0.4339138813440826,0.23877141481307781,-0.38453764093190357,-0.2671222154140684,0.1936267769251008,-0.6312026053508712,-1.631937458570118,0.30114803973878546,0.4081531646719146,0.07727938464481114,0.7507576302962714,0.7099610090999016,1.1602400437682674,0.03900271264244131
