,1,2,3,4,5,6,7,8,9,10,11,12,13,14,15
1993-08-07,1.7864792372495262,1.7864792372495262,1.7864792372495262,1.7864792372495262,1.7864792372495262,1.7864792372495262,1.7864792372495262,1.7864792372495262,1.7864792372495262,1.7864792372495262,1.7864792372495262,1.7864792372495262,1.7864792372495262,1.7864792372495262,1.7864792372495262
1993-08-08,1.8768129651932035,1.8768129651932035,1.8768129651932035,1.8768129651932035,1.8768129651932035,1.8768129651932035,1.8768129651932035,1.8768129651932035,1.8768129651932035,1.8768129651932035,1.8768129651932035,1.8768129651932035,1.8768129651932035,1.8768129651932035,1.8768129651932035
1993-08-09,1.4197572514192072,1.4197572514192072,1.4197572514192072,1.4197572514192072,1.4197572514192072,1.4197572514192072,1.4197572514192072,1.4197572514192072,1.4197572514192072,1.4197572514192072,1.4197572514192072,1.4197572514192072,1.4197572514192072,1.4197572514192072,1.4197572514192072
1993-08-10,1.1025800747690635,1.1025800747690635,1.1025800747690635,1.1025800747690635,1.1025800747690635,1.1025800747690635,1.1025800747690635,1.1025800747690635,1.1025800747690635,1.1025800747690635,1.1025800747690635,1.1025800747690635,1.1025800747690635,1.1025800747690635,1.1025800747690635
1993-08-11,0.9779509272544902,0.9779509272544902,0.9779509272544902,0.9779509272544902,0.9779509272544902,0.9779509272544902,0.9779509272544902,0.9779509272544902,0.9779509272544902,0.9779509272544902,0.9779509272544902,0.9779509272544902,0.9779509272544902,0.9779509272544902,0.9779509272544902
1993-08-12,0.9784123514250933,0.9784123514250933,0.9784123514250933,0.9784123514250933,0.9784123514250933,0.9784123514250933,0.9784123514250933,0.9784123514250933,0.9784123514250933,0.9784123514250933,0.9784123514250933,0.9784123514250933,0.9784123514250933,0.9784123514250933,0.9784123514250933
1993-08-13,0.8072759868706116,0.8072759868706116,0.8072759868706116,0.8072759868706116,0.8072759868706116,0.8072759868706116,0.8072759868706116,0.8072759868706116,0.8072759868706116,0.8072759868706116,0.8072759868706116,0.8072759868706116,0.8072759868706116,0.8072759868706116,0.8072759868706116
1993-08-14,0.6578042910460501,0.6578042910460501,0.6578042910460501,0.6578042910460501,0.6578042910460501,0.6578042910460501,0.6578042910460501,0.6578042910460501,0.6578042910460501,0.6578042910460501,0.6578042910460501,0.6578042910460501,0.6578042910460501,0.6578042910460501,0.6578042910460501
1993-08-15,0.3466080913219639,0.3466080913219639,0.3466080913219639,0.3466080913219639,0.3466080913219639,0.3466080913219639,0.3466080913219639,0.3466080913219639,0.3466080913219639,0.3466080913219639,0.3466080913219639,0.3466080913219639,0.3466080913219639,0.3466080913219639,0.3466080913219639
1993-08-16,0.33123904590248787,0.33123904590248787,0.33123904590248787,0.33123904590248787,0.33123904590248787,0.33123904590248787,0.33123904590248787,0.33123904590248787,0.33123904590248787,0.33123904590248787,0.33123904590248787,0.33123904590248787,0.33123904590248787,0.33123904590248787,0.33123904590248787
1993-08-17,0.34122235853714483,0.34122235853714483,0.34122235853714483,0.34122235853714483,0.34122235853714483,0.34122235853714483,0.34122235853714483,0.34122235853714483,0.34122235853714483,0.34122235853714483,0.34122235853714483,0.34122235853714483,0.34122235853714483,0.34122235853714483,0.34122235853714483
1993-08-18,0.23266528461153807,0.23266528461153807,0.23266528461153807,0.23266528461153807,0.23266528461153807,0.23266528461153807,0.23266528461153807,0.23266528461153807,0.23266528461153807,0.23266528461153807,0.23266528461153807,0.23266528461153807,0.23266528461153807,0.23266528461153807,0.23266528461153807
1993-08-19,0.04580385129961727,0.04580385129961727,0.04580385129961727,0.04580385129961727,0.04580385129961727,0.04580385129961727,0.04580385129961727,0.04580385129961727,0.04580385129961727,0.04580385129961727,0.04580385129961727,0.04580385129961727,0.04580385129961727,0.04580385129961727,0.04580385129961727
1993-08-20,0.06551535406121374,0.06551535406121374,0.06551535406121374,0.06551535406121374,0.06551535406121374,0.06551535406121374,0.06551535406121374,0.06551535406121374,0.06551535406121374,0.06551535406121374,0.06551535406121374,0.06551535406121374,0.06551535406121374,0.06551535406121374,0.06551535406121374
1993-08-21,-0.1049421091075761,-0.1049421091075761,-0.1049421091075761,-0.1049421091075761,-0.1049421091075761,-0.1049421091075761,-0.1049421091075761,-0.1049421091075761,-0.1049421091075761,-0.1049421091075761,-0.1049421091075761,-0.1049421091075761,-0.1049421091075761,-0.1049421091075761,-0.1049421091075761
1993-08-22,-0.10322956199689197,-0.10322956199689197,-0.10322956199689197,-0.10322956199689197,-0.10322956199689197,-0.10322956199689197,-0.10322956199689197,-0.10322956199689197,-0.10322956199689197,-0.10322956199689197,-0.10322956199689197,-0.10322956199689197,-0.10322956199689197,-0.10322956199689197,-0.10322956199689197
1993-08-23,-0.03458184510282079,-0.03458184510282079,-0.03458184510282079,-0.03458184510282079,-0.03458184510282079,-0.03458184510282079,-0.03458184510282079,-0.03458184510282079,-0.03458184510282079,-0.03458184510282079,-0.03458184510282079,-0.03458184510282079,-0.03458184510282079,-0.03458184510282079,-0.03458184510282079
1993-08-24,0.040677666580121834,0.040677666580121834,0.040677666580121834,0.040677666580121834,0.040677666580121834,0.040677666580121834,0.040677666580121834,0.040677666580121834,0.040677666580121834,0.040677666580121834,0.040677666580121834,0.040677666580121834,0.040677666580121834,0.040677666580121834,0.040677666580121834
1993-08-25,0.11264797331646519,0.11264797331646519,0.11264797331646519,0.11264797331646519,0.11264797331646519,0.11264797331646519,0.11264797331646519,0.11264797331646519,0.11264797331646519,0.11264797331646519,0.11264797331646519,0.11264797331646519,0.11264797331646519,0.11264797331646519,0.11264797331646519
1993-08-26,0.24123348370054945,0.24123348370054945,0.24123348370054945,0.24123348370054945,0.24123348370054945,0.24123348370054945,0.24123348370054945,0.24123348370054945,0.24123348370054945,0.24123348370054945,0.24123348370054945,0.24123348370054945,0.24123348370054945,0.24123348370054945,0.24123348370054945
1993-08-27,0.12561156611547528,0.12561156611547528,0.12561156611547528,0.12561156611547528,0.12561156611547528,0.12561156611547528,0.12561156611547528,0.12561156611547528,0.12561156611547528,0.12561156611547528,0.12561156611547528,0.12561156611547528,0.12561156611547528,0.12561156611547528,0.12561156611547528
1993-08-28,0.3985307762816608,0.3985307762816608,0.3985307762816608,0.3985307762816608,0.3985307762816608,0.3985307762816608,0.3985307762816608,0.3985307762816608,0.3985307762816608,0.3985307762816608,0.3985307762816608,0.3985307762816608,0.3985307762816608,0.3985307762816608,0.3985307762816608
1993-08-29,0.11091531884195581,0.11091531884195581,0.11091531884195581,0.11091531884195581,0.11091531884195581,0.11091531884195581,0.11091531884195581,0.11091531884195581,0.11091531884195581,0.11091531884195581,0.11091531884195581,0.11091531884195581,0.11091531884195581,0.11091531884195581,0.11091531884195581
1993-08-30,0.0991757989712475,0.0991757989712475,0.0991757989712475,0.0991757989712475,0.0991757989712475,0.0991757989712475,0.0991757989712475,0.0991757989712475,0.0991757989712475,0.0991757989712475,0.0991757989712475,0.0991757989712475,0.0991757989712475,0.0991757989712475,0.0991757989712475
1993-08-31,-0.05425694613217709,-0.05425694613217709,-0.05425694613217709,-0.05425694613217709,-0.05425694613217709,-0.05425694613217709,-0.05425694613217709,-0.05425694613217709,-0.05425694613217709,-0.05425694613217709,-0.05425694613217709,-0.05425694613217709,-0.05425694613217709,-0.05425694613217709,-0.05425694613217709
1993-09-01,-0.06960623669889272,-0.06960623669889272,-0.06960623669889272,-0.06960623669889272,-0.06960623669889272,-0.06960623669889272,-0.06960623669889272,-0.06960623669889272,-0.06960623669889272,-0.06960623669889272,-0.06960623669889272,-0.06960623669889272,-0.06960623669889272,-0.06960623669889272,-0.06960623669889272
1993-09-02,-0.20091730158972904,-0.20091730158972904,-0.20091730158972904,-0.20091730158972904,-0.20091730158972904,-0.20091730158972904,-0.20091730158972904,-0.20091730158972904,-0.20091730158972904,-0.20091730158972904,-0.20091730158972904,-0.20091730158972904,-0.20091730158972904,-0.20091730158972904,-0.20091730158972904
1993-09-03,-0.37911399973173754,-0.37911399973173754,-0.37911399973173754,-0.37911399973173754,-0.37911399973173754,-0.37911399973173754,-0.37911399973173754,-0.37911399973173754,-0.37911399973173754,-0.37911399973173754,-0.37911399973173754,-0.37911399973173754,-0.37911399973173754,-0.37911399973173754,-0.37911399973173754
1993-09-04,-0.40662774768009635,-0.40662774768009635,-0.40662774768009635,-0.40662774768009635,-0.40662774768009635,-0.40662774768009635,-0.40662774768009635,-0.40662774768009635,-0.40662774768009635,-0.40662774768009635,-0.40662774768009635,-0.40662774768009635,-0.40662774768009635,-0.40662774768009635,-0.40662774768009635
1993-09-05,-0.5028648593369068,-0.5028648593369068,-0.5028648593369068,-0.5028648593369068,-0.5028648593369068,-0.5028648593369068,-0.5028648593369068,-0.5028648593369068,-0.5028648593369068,-0.5028648593369068,-0.5028648593369068,-0.5028648593369068,-0.5028648593369068,-0.5028648593369068,-0.5028648593369068
1993-09-06,-0.31289190279592555,-0.31289190279592555,-0.31289190279592555,-0.31289190279592555,-0.31289190279592555,-0.31289190279592555,-0.31289190279592555,-0.31289190279592555,-0.31289190279592555,-0.31289190279592555,-0.31289190279592555,-0.31289190279592555,-0.31289190279592555,-0.31289190279592555,-0.31289190279592555
1993-09-07,-0.19972961400993205,-0.19972961400993205,-0.19972961400993205,-0.19972961400993205,-0.19972961400993205,-0.19972961400993205,-0.19972961400993205,-0.19972961400993205,-0.19972961400993205,-0.19972961400993205,-0.19972961400993205,-0.19972961400993205,-0.19972961400993205,-0.19972961400993205,-0.19972961400993205
1993-09-08,-0.6437238421912275,-0.6437238421912275,-0.6437238421912275,-0.6437238421912275,-0.6437238421912275,-0.6437238421912275,-0.6437238421912275,-0.6437238421912275,-0.6437238421912275,-0.6437238421912275,-0.6437238421912275,-0.6437238421912275,-0.6437238421912275,-0.6437238421912275,-0.6437238421912275
1993-09-09,-0.5227272610564867,-0.5227272610564867,-0.5227272610564867,-0.5227272610564867,-0.5227272610564867,-0.5227272610564867,-0.5227272610564867,-0.5227272610564867,-0.5227272610564867,-0.5227272610564867,-0.5227272610564867,-0.5227272610564867,-0.5227272610564867,-0.5227272610564867,-0.5227272610564867
1993-09-10,-0.7093567499271093,-0.7093567499271093,-0.7093567499271093,-0.7093567499271093,-0.7093567499271093,-0.7093567499271093,-0.7093567499271093,-0.7093567499271093,-0.7093567499271093,-0.7093567499271093,-0.7093567499271093,-0.7093567499271093,-0.7093567499271093,-0.7093567499271093,-0.7093567499271093
1993-09-11,-0.6491162562767813,-0.6491162562767813,-0.6491162562767813,-0.6491162562767813,-0.6491162562767813,-0.6491162562767813,-0.6491162562767813,-0.6491162562767813,-0.6491162562767813,-0.6491162562767813,-0.6491162562767813,-0.6491162562767813,-0.6491162562767813,-0.6491162562767813,-0.6491162562767813
1993-09-12,-0.6993125879450864,-0.6993125879450864,-0.6993125879450864,-0.6993125879450864,-0.6993125879450864,-0.6993125879450864,-0.6993125879450864,-0.6993125879450864,-0.6993125879450864,-0.6993125879450864,-0.6993125879450864,-0.6993125879450864,-0.6993125879450864,-0.6993125879450864,-0.6993125879450864
1993-09-13,-0.5925652977853677,-0.5925652977853677,-0.5925652977853677,-0.5925652977853677,-0.5925652977853677,-0.5925652977853677,-0.5925652977853677,-0.5925652977853677,-0.5925652977853677,-0.5925652977853677,-0.5925652977853677,-0.5925652977853677,-0.5925652977853677,-0.5925652977853677,-0.5925652977853677
1993-09-14,-0.2502600467836654,-0.2502600467836654,-0.2502600467836654,-0.2502600467836654,-0.2502600467836654,-0.2502600467836654,-0.2502600467836654,-0.2502600467836654,-0.2502600467836654,-0.2502600467836654,-0.2502600467836654,-0.2502600467836654,-0.2502600467836654,-0.2502600467836654,-0.2502600467836654
1993-09-15,0.06860142220942016,0.06860142220942016,0.06860142220942016,0.06860142220942016,0.06860142220942016,0.06860142220942016,0.06860142220942016,0.06860142220942016,0.06860142220942016,0.06860142220942016,0.06860142220942016,0.06860142220942016,0.06860142220942016,0.06860142220942016,0.06860142220942016
1993-09-16,0.21378634792816714,0.21378634792816714,0.21378634792816714,0.21378634792816714,0.21378634792816714,0.21378634792816714,0.21378634792816714,0.21378634792816714,0.21378634792816714,0.21378634792816714,0.21378634792816714,0.21378634792816714,0.21378634792816714,0.21378634792816714,0.21378634792816714
1993-09-17,0.22583843788709732,0.22583843788709732,0.22583843788709732,0.22583843788709732,0.22583843788709732,0.22583843788709732,0.22583843788709732,0.22583843788709732,0.22583843788709732,0.22583843788709732,0.22583843788709732,0.22583843788709732,0.22583843788709732,0.22583843788709732,0.22583843788709732
1993-09-18,0.008501267458308929,0.008501267458308929,0.008501267458308929,0.008501267458308929,0.008501267458308929,0.008501267458308929,0.008501267458308929,0.008501267458308929,0.008501267458308929,0.008501267458308929,0.008501267458308929,0.008501267458308929,0.008501267458308929,0.008501267458308929,0.008501267458308929
1993-09-19,0.0019002304030833665,0.0019002304030833665,0.0019002304030833665,0.0019002304030833665,0.0019002304030833665,0.0019002304030833665,0.0019002304030833665,0.0019002304030833665,0.0019002304030833665,0.0019002304030833665,0.0019002304030833665,0.0019002304030833665,0.0019002304030833665,0.0019002304030833665,0.0019002304030833665
1993-09-20,0.11480590370891476,0.11480590370891476,0.11480590370891476,0.11480590370891476,0.11480590370891476,0.11480590370891476,0.11480590370891476,0.11480590370891476,0.11480590370891476,0.11480590370891476,0.11480590370891476,0.11480590370891476,0.11480590370891476,0.11480590370891476,0.11480590370891476
1993-09-21,0.4385556260648133,0.4385556260648133,0.4385556260648133,0.4385556260648133,0.4385556260648133,0.4385556260648133,0.4385556260648133,0.4385556260648133,0.4385556260648133,0.4385556260648133,0.4385556260648133,0.4385556260648133,0.4385556260648133,0.4385556260648133,0.4385556260648133
1993-09-22,0.23851034621821735,0.23851034621821735,0.23851034621821735,0.23851034621821735,0.23851034621821735,0.23851034621821735,0.23851034621821735,0.23851034621821735,0.23851034621821735,0.23851034621821735,0.23851034621821735,0.23851034621821735,0.23851034621821735,0.23851034621821735,0.23851034621821735
1993-09-23,0.1060617923043113,0.1060617923043113,0.1060617923043113,0.1060617923043113,0.1060617923043113,0.1060617923043113,0.1060617923043113,0.1060617923043113,0.1060617923043113,0.1060617923043113,0.1060617923043113,0.1060617923043113,0.1060617923043113,0.1060617923043113,0.1060617923043113
1993-09-24,-0.01865599763605968,-0.01865599763605968,-0.01865599763605968,-0.01865599763605968,-0.01865599763605968,-0.01865599763605968,-0.01865599763605968,-0.01865599763605968,-0.01865599763605968,-0.01865599763605968,-0.01865599763605968,-0.01865599763605968,-0.01865599763605968,-0.01865599763605968,-0.01865599763605968
1993-09-25,-0.06861467485283472,-0.06861467485283472,-0.06861467485283472,-0.06861467485283472,-0.06861467485283472,-0.06861467485283472,-0.06861467485283472,-0.06861467485283472,-0.06861467485283472,-0.06861467485283472,-0.06861467485283472,-0.06861467485283472,-0.06861467485283472,-0.06861467485283472,-0.06861467485283472
1993-09-26,0.036081550738172666,0.036081550738172666,0.036081550738172666,0.036081550738172666,0.036081550738172666,0.036081550738172666,0.036081550738172666,0.036081550738172666,0.036081550738172666,0.036081550738172666,0.036081550738172666,0.036081550738172666,0.036081550738172666,0.036081550738172666,0.036081550738172666
1993-09-27,0.17568389592347763,0.17568389592347763,0.17568389592347763,0.17568389592347763,0.17568389592347763,0.17568389592347763,0.17568389592347763,0.17568389592347763,0.17568389592347763,0.17568389592347763,0.17568389592347763,0.17568389592347763,0.17568389592347763,0.17568389592347763,0.17568389592347763
1993-09-28,-0.08464191697623474,-0.08464191697623474,-0.08464191697623474,-0.08464191697623474,-0.08464191697623474,-0.08464191697623474,-0.08464191697623474,-0.08464191697623474,-0.08464191697623474,-0.08464191697623474,-0.08464191697623474,-0.08464191697623474,-0.08464191697623474,-0.08464191697623474,-0.08464191697623474
1993-09-29,-0.12926271510743664,-0.12926271510743664,-0.12926271510743664,-0.12926271510743664,-0.12926271510743664,-0.12926271510743664,-0.12926271510743664,-0.12926271510743664,-0.12926271510743664,-0.12926271510743664,-0.12926271510743664,-0.12926271510743664,-0.12926271510743664,-0.12926271510743664,-0.12926271510743664
1993-09-30,-0.09844431552462306,-0.09844431552462306,-0.09844431552462306,-0.09844431552462306,-0.09844431552462306,-0.09844431552462306,-0.09844431552462306,-0.09844431552462306,-0.09844431552462306,-0.09844431552462306,-0.09844431552462306,-0.09844431552462306,-0.09844431552462306,-0.09844431552462306,-0.09844431552462306
1993-10-01,-0.07832441989254033,-0.07832441989254033,-0.07832441989254033,-0.07832441989254033,-0.07832441989254033,-0.07832441989254033,-0.07832441989254033,-0.07832441989254033,-0.07832441989254033,-0.07832441989254033,-0.07832441989254033,-0.07832441989254033,-0.07832441989254033,-0.07832441989254033,-0.07832441989254033
1993-10-02,-0.1740812737728013,-0.1740812737728013,-0.1740812737728013,-0.1740812737728013,-0.1740812737728013,-0.1740812737728013,-0.1740812737728013,-0.1740812737728013,-0.1740812737728013,-0.1740812737728013,-0.1740812737728013,-0.1740812737728013,-0.1740812737728013,-0.1740812737728013,-0.1740812737728013
1993-10-03,-0.24662126703057785,-0.24662126703057785,-0.24662126703057785,-0.24662126703057785,-0.24662126703057785,-0.24662126703057785,-0.24662126703057785,-0.24662126703057785,-0.24662126703057785,-0.24662126703057785,-0.24662126703057785,-0.24662126703057785,-0.24662126703057785,-0.24662126703057785,-0.24662126703057785
1993-10-04,-0.38101950241550187,-0.38101950241550187,-0.38101950241550187,-0.38101950241550187,-0.38101950241550187,-0.38101950241550187,-0.38101950241550187,-0.38101950241550187,-0.38101950241550187,-0.38101950241550187,-0.38101950241550187,-0.38101950241550187,-0.38101950241550187,-0.38101950241550187,-0.38101950241550187
1993-10-05,-0.5446694781300694,-0.5446694781300694,-0.5446694781300694,-0.5446694781300694,-0.5446694781300694,-0.5446694781300694,-0.5446694781300694,-0.5446694781300694,-0.5446694781300694,-0.5446694781300694,-0.5446694781300694,-0.5446694781300694,-0.5446694781300694,-0.5446694781300694,-0.5446694781300694
1993-10-06,-0.5487475385566806,-0.5487475385566806,-0.5487475385566806,-0.5487475385566806,-0.5487475385566806,-0.5487475385566806,-0.5487475385566806,-0.5487475385566806,-0.5487475385566806,-0.5487475385566806,-0.5487475385566806,-0.5487475385566806,-0.5487475385566806,-0.5487475385566806,-0.5487475385566806
1993-10-07,-0.27914744437460803,-0.27914744437460803,-0.27914744437460803,-0.27914744437460803,-0.27914744437460803,-0.27914744437460803,-0.27914744437460803,-0.27914744437460803,-0.27914744437460803,-0.27914744437460803,-0.27914744437460803,-0.27914744437460803,-0.27914744437460803,-0.27914744437460803,-0.27914744437460803
1993-10-08,-0.12077747290603119,-0.12077747290603119,-0.12077747290603119,-0.12077747290603119,-0.12077747290603119,-0.12077747290603119,-0.12077747290603119,-0.12077747290603119,-0.12077747290603119,-0.12077747290603119,-0.12077747290603119,-0.12077747290603119,-0.12077747290603119,-0.12077747290603119,-0.12077747290603119
1993-10-09,0.24262958743169535,0.24262958743169535,0.24262958743169535,0.24262958743169535,0.24262958743169535,0.24262958743169535,0.24262958743169535,0.24262958743169535,0.24262958743169535,0.24262958743169535,0.24262958743169535,0.24262958743169535,0.24262958743169535,0.24262958743169535,0.24262958743169535
1993-10-10,0.4280058639222169,0.4280058639222169,0.4280058639222169,0.4280058639222169,0.4280058639222169,0.4280058639222169,0.4280058639222169,0.4280058639222169,0.4280058639222169,0.4280058639222169,0.4280058639222169,0.4280058639222169,0.4280058639222169,0.4280058639222169,0.4280058639222169
1993-10-11,0.21964415499482476,0.21964415499482476,0.21964415499482476,0.21964415499482476,0.21964415499482476,0.21964415499482476,0.21964415499482476,0.21964415499482476,0.21964415499482476,0.21964415499482476,0.21964415499482476,0.21964415499482476,0.21964415499482476,0.21964415499482476,0.21964415499482476
1993-10-12,0.11912107567226217,0.11912107567226217,0.11912107567226217,0.11912107567226217,0.11912107567226217,0.11912107567226217,0.11912107567226217,0.11912107567226217,0.11912107567226217,0.11912107567226217,0.11912107567226217,0.11912107567226217,0.11912107567226217,0.11912107567226217,0.11912107567226217
1993-10-13,0.21253672842717256,0.21253672842717256,0.21253672842717256,0.21253672842717256,0.21253672842717256,0.21253672842717256,0.21253672842717256,0.21253672842717256,0.21253672842717256,0.21253672842717256,0.21253672842717256,0.21253672842717256,0.21253672842717256,0.21253672842717256,0.21253672842717256
1993-10-14,0.30008154140071575,0.30008154140071575,0.30008154140071575,0.30008154140071575,0.30008154140071575,0.30008154140071575,0.30008154140071575,0.30008154140071575,0.30008154140071575,0.30008154140071575,0.30008154140071575,0.30008154140071575,0.30008154140071575,0.30008154140071575,0.30008154140071575
1993-10-15,0.14907771889146215,0.14907771889146215,0.14907771889146215,0.14907771889146215,0.14907771889146215,0.14907771889146215,0.14907771889146215,0.14907771889146215,0.14907771889146215,0.14907771889146215,0.14907771889146215,0.14907771889146215,0.14907771889146215,0.14907771889146215,0.14907771889146215
1993-10-16,0.31477953335556386,0.31477953335556386,0.31477953335556386,0.31477953335556386,0.31477953335556386,0.31477953335556386,0.31477953335556386,0.31477953335556386,0.31477953335556386,0.31477953335556386,0.31477953335556386,0.31477953335556386,0.31477953335556386,0.31477953335556386,0.31477953335556386
1993-10-17,0.5041687738767957,0.5041687738767957,0.5041687738767957,0.5041687738767957,0.5041687738767957,0.5041687738767957,0.5041687738767957,0.5041687738767957,0.5041687738767957,0.5041687738767957,0.5041687738767957,0.5041687738767957,0.5041687738767957,0.5041687738767957,0.5041687738767957
1993-10-18,0.7086298106094098,0.7086298106094098,0.7086298106094098,0.7086298106094098,0.7086298106094098,0.7086298106094098,0.7086298106094098,0.7086298106094098,0.7086298106094098,0.7086298106094098,0.7086298106094098,0.7086298106094098,0.7086298106094098,0.7086298106094098,0.7086298106094098
1993-10-19,0.8588173133315741,0.8588173133315741,0.8588173133315741,0.8588173133315741,0.8588173133315741,0.8588173133315741,0.8588173133315741,0.8588173133315741,0.8588173133315741,0.8588173133315741,0.8588173133315741,0.8588173133315741,0.8588173133315741,0.8588173133315741,0.8588173133315741
1993-10-20,0.9668830833224966,0.9668830833224966,0.9668830833224966,0.9668830833224966,0.9668830833224966,0.9668830833224966,0.9668830833224966,0.9668830833224966,0.9668830833224966,0.9668830833224966,0.9668830833224966,0.9668830833224966,0.9668830833224966,0.9668830833224966,0.9668830833224966
1993-10-21,0.9866407749816981,0.9866407749816981,0.9866407749816981,0.9866407749816981,0.9866407749816981,0.9866407749816981,0.9866407749816981,0.9866407749816981,0.9866407749816981,0.9866407749816981,0.9866407749816981,0.9866407749816981,0.9866407749816981,0.9866407749816981,0.9866407749816981
1993-10-22,1.0529131904183584,1.0529131904183584,1.0529131904183584,1.0529131904183584,1.0529131904183584,1.0529131904183584,1.0529131904183584,1.0529131904183584,1.0529131904183584,1.0529131904183584,1.0529131904183584,1.0529131904183584,1.0529131904183584,1.0529131904183584,1.0529131904183584
1993-10-23,1.0269679344081304,1.0269679344081304,1.0269679344081304,1.0269679344081304,1.0269679344081304,1.0269679344081304,1.0269679344081304,1.0269679344081304,1.0269679344081304,1.0269679344081304,1.0269679344081304,1.0269679344081304,1.0269679344081304,1.0269679344081304,1.0269679344081304
1993-10-24,1.3142766155781092,1.3142766155781092,1.3142766155781092,1.3142766155781092,1.3142766155781092,1.3142766155781092,1.3142766155781092,1.3142766155781092,1.3142766155781092,1.3142766155781092,1.3142766155781092,1.3142766155781092,1.3142766155781092,1.3142766155781092,1.3142766155781092
1993-10-25,1.3646850829054253,1.3646850829054253,1.3646850829054253,1.3646850829054253,1.3646850829054253,1.3646850829054253,1.3646850829054253,1.3646850829054253,1.3646850829054253,1.3646850829054253,1.3646850829054253,1.3646850829054253,1.3646850829054253,1.3646850829054253,1.3646850829054253
1993-10-26,1.4370107109227068,1.4370107109227068,1.4370107109227068,1.4370107109227068,1.4370107109227068,1.4370107109227068,1.4370107109227068,1.4370107109227068,1.4370107109227068,1.4370107109227068,1.4370107109227068,1.4370107109227068,1.4370107109227068,1.4370107109227068,1.4370107109227068
1993-10-27,1.5299032874448608,1.5299032874448608,1.5299032874448608,1.5299032874448608,1.5299032874448608,1.5299032874448608,1.5299032874448608,1.5299032874448608,1.5299032874448608,1.5299032874448608,1.5299032874448608,1.5299032874448608,1.5299032874448608,1.5299032874448608,1.5299032874448608
1993-10-28,1.265543692961835,1.265543692961835,1.265543692961835,1.265543692961835,1.265543692961835,1.265543692961835,1.265543692961835,1.265543692961835,1.265543692961835,1.265543692961835,1.265543692961835,1.265543692961835,1.265543692961835,1.265543692961835,1.265543692961835
1993-10-29,0.917180505690813,0.917180505690813,0.917180505690813,0.917180505690813,0.917180505690813,0.917180505690813,0.917180505690813,0.917180505690813,0.917180505690813,0.917180505690813,0.917180505690813,0.917180505690813,0.917180505690813,0.917180505690813,0.917180505690813
1993-10-30,0.8273588803532564,0.8273588803532564,0.8273588803532564,0.8273588803532564,0.8273588803532564,0.8273588803532564,0.8273588803532564,0.8273588803532564,0.8273588803532564,0.8273588803532564,0.8273588803532564,0.8273588803532564,0.8273588803532564,0.8273588803532564,0.8273588803532564
1993-10-31,0.3789617047290384,0.3789617047290384,0.3789617047290384,0.3789617047290384,0.3789617047290384,0.3789617047290384,0.3789617047290384,0.3789617047290384,0.3789617047290384,0.3789617047290384,0.3789617047290384,0.3789617047290384,0.3789617047290384,0.3789617047290384,0.3789617047290384
1993-11-01,0.010532467961257595,0.010532467961257595,0.010532467961257595,0.010532467961257595,0.010532467961257595,0.010532467961257595,0.010532467961257595,0.010532467961257595,0.010532467961257595,0.010532467961257595,0.010532467961257595,0.010532467961257595,0.010532467961257595,0.010532467961257595,0.010532467961257595
1993-11-02,-0.47184221741342847,-0.47184221741342847,-0.47184221741342847,-0.47184221741342847,-0.47184221741342847,-0.47184221741342847,-0.47184221741342847,-0.47184221741342847,-0.47184221741342847,-0.47184221741342847,-0.47184221741342847,-0.47184221741342847,-0.47184221741342847,-0.47184221741342847,-0.47184221741342847
1993-11-03,-0.811696617869554,-0.811696617869554,-0.811696617869554,-0.811696617869554,-0.811696617869554,-0.811696617869554,-0.811696617869554,-0.811696617869554,-0.811696617869554,-0.811696617869554,-0.811696617869554,-0.811696617869554,-0.811696617869554,-0.811696617869554,-0.811696617869554
1993-11-04,-1.20745058251595,-1.20745058251595,-1.20745058251595,-1.20745058251595,-1.20745058251595,-1.20745058251595,-1.20745058251595,-1.20745058251595,-1.20745058251595,-1.20745058251595,-1.20745058251595,-1.20745058251595,-1.20745058251595,-1.20745058251595,-1.20745058251595
1993-11-05,-1.2356684071440012,-1.2356684071440012,-1.2356684071440012,-1.2356684071440012,-1.2356684071440012,-1.2356684071440012,-1.2356684071440012,-1.2356684071440012,-1.2356684071440012,-1.2356684071440012,-1.2356684071440012,-1.2356684071440012,-1.2356684071440012,-1.2356684071440012,-1.2356684071440012
1993-11-06,-1.4301662782725109,-1.4301662782725109,-1.4301662782725109,-1.4301662782725109,-1.4301662782725109,-1.4301662782725109,-1.4301662782725109,-1.4301662782725109,-1.4301662782725109,-1.4301662782725109,-1.4301662782725109,-1.4301662782725109,-1.4301662782725109,-1.4301662782725109,-1.4301662782725109
1993-11-07,-1.4828734037884734,-1.4828734037884734,-1.4828734037884734,-1.4828734037884734,-1.4828734037884734,-1.4828734037884734,-1.4828734037884734,-1.4828734037884734,-1.4828734037884734,-1.4828734037884734,-1.4828734037884734,-1.4828734037884734,-1.4828734037884734,-1.4828734037884734,-1.4828734037884734
1993-11-08,-1.3696032306939936,-1.3696032306939936,-1.3696032306939936,-1.3696032306939936,-1.3696032306939936,-1.3696032306939936,-1.3696032306939936,-1.3696032306939936,-1.3696032306939936,-1.3696032306939936,-1.3696032306939936,-1.3696032306939936,-1.3696032306939936,-1.3696032306939936,-1.3696032306939936
1993-11-09,-0.9796906425318129,-0.9796906425318129,-0.9796906425318129,-0.9796906425318129,-0.9796906425318129,-0.9796906425318129,-0.9796906425318129,-0.9796906425318129,-0.9796906425318129,-0.9796906425318129,-0.9796906425318129,-0.9796906425318129,-0.9796906425318129,-0.9796906425318129,-0.9796906425318129
1993-11-10,-0.7828825731951515,-0.7828825731951515,-0.7828825731951515,-0.7828825731951515,-0.7828825731951515,-0.7828825731951515,-0.7828825731951515,-0.7828825731951515,-0.7828825731951515,-0.7828825731951515,-0.7828825731951515,-0.7828825731951515,-0.7828825731951515,-0.7828825731951515,-0.7828825731951515
1993-11-11,-0.3285260172357198,-0.3285260172357198,-0.3285260172357198,-0.3285260172357198,-0.3285260172357198,-0.3285260172357198,-0.3285260172357198,-0.3285260172357198,-0.3285260172357198,-0.3285260172357198,-0.3285260172357198,-0.3285260172357198,-0.3285260172357198,-0.3285260172357198,-0.3285260172357198
1993-11-12,0.07018677823594269,0.07018677823594269,0.07018677823594269,0.07018677823594269,0.07018677823594269,0.07018677823594269,0.07018677823594269,0.07018677823594269,0.07018677823594269,0.07018677823594269,0.07018677823594269,0.07018677823594269,0.07018677823594269,0.07018677823594269,0.07018677823594269
1993-11-13,0.13877202897543656,0.13877202897543656,0.13877202897543656,0.13877202897543656,0.13877202897543656,0.13877202897543656,0.13877202897543656,0.13877202897543656,0.13877202897543656,0.13877202897543656,0.13877202897543656,0.13877202897543656,0.13877202897543656,0.13877202897543656,0.13877202897543656
1993-11-14,0.17167009924345444,0.17167009924345444,0.17167009924345444,0.17167009924345444,0.17167009924345444,0.17167009924345444,0.17167009924345444,0.17167009924345444,0.17167009924345444,0.17167009924345444,0.17167009924345444,0.17167009924345444,0.17167009924345444,0.17167009924345444,0.17167009924345444
1993-11-15,0.35024992456713866,0.35024992456713866,0.35024992456713866,0.35024992456713866,0.35024992456713866,0.35024992456713866,0.35024992456713866,0.35024992456713866,0.35024992456713866,0.35024992456713866,0.35024992456713866,0.35024992456713866,0.35024992456713866,0.35024992456713866,0.35024992456713866
1993-11-16,0.4019972044272659,0.4019972044272659,0.4019972044272659,0.4019972044272659,0.4019972044272659,0.4019972044272659,0.4019972044272659,0.4019972044272659,0.4019972044272659,0.4019972044272659,0.4019972044272659,0.4019972044272659,0.4019972044272659,0.4019972044272659,0.4019972044272659
1993-11-17,0.3370616725919867,0.3370616725919867,0.3370616725919867,0.3370616725919867,0.3370616725919867,0.3370616725919867,0.3370616725919867,0.3370616725919867,0.3370616725919867,0.3370616725919867,0.3370616725919867,0.3370616725919867,0.3370616725919867,0.3370616725919867,0.3370616725919867
1993-11-18,0.2367008799317827,0.2367008799317827,0.2367008799317827,0.2367008799317827,0.2367008799317827,0.2367008799317827,0.2367008799317827,0.2367008799317827,0.2367008799317827,0.2367008799317827,0.2367008799317827,0.2367008799317827,0.2367008799317827,0.2367008799317827,0.2367008799317827
1993-11-19,0.24094796509736108,0.24094796509736108,0.24094796509736108,0.24094796509736108,0.24094796509736108,0.24094796509736108,0.24094796509736108,0.24094796509736108,0.24094796509736108,0.24094796509736108,0.24094796509736108,0.24094796509736108,0.24094796509736108,0.24094796509736108,0.24094796509736108
1993-11-20,0.07273540481425052,0.07273540481425052,0.07273540481425052,0.07273540481425052,0.07273540481425052,0.07273540481425052,0.07273540481425052,0.07273540481425052,0.07273540481425052,0.07273540481425052,0.07273540481425052,0.07273540481425052,0.07273540481425052,0.07273540481425052,0.07273540481425052
1993-11-21,0.12966873839073892,0.12966873839073892,0.12966873839073892,0.12966873839073892,0.12966873839073892,0.12966873839073892,0.12966873839073892,0.12966873839073892,0.12966873839073892,0.12966873839073892,0.12966873839073892,0.12966873839073892,0.12966873839073892,0.12966873839073892,0.12966873839073892
1993-11-22,-0.12109212321988908,-0.12109212321988908,-0.12109212321988908,-0.12109212321988908,-0.12109212321988908,-0.12109212321988908,-0.12109212321988908,-0.12109212321988908,-0.12109212321988908,-0.12109212321988908,-0.12109212321988908,-0.12109212321988908,-0.12109212321988908,-0.12109212321988908,-0.12109212321988908
1993-11-23,-0.5050581259584607,-0.5050581259584607,-0.5050581259584607,-0.5050581259584607,-0.5050581259584607,-0.5050581259584607,-0.5050581259584607,-0.5050581259584607,-0.5050581259584607,-0.5050581259584607,-0.5050581259584607,-0.5050581259584607,-0.5050581259584607,-0.5050581259584607,-0.5050581259584607
1993-11-24,-0.7012054848861415,-0.7012054848861415,-0.7012054848861415,-0.7012054848861415,-0.7012054848861415,-0.7012054848861415,-0.7012054848861415,-0.7012054848861415,-0.7012054848861415,-0.7012054848861415,-0.7012054848861415,-0.7012054848861415,-0.7012054848861415,-0.7012054848861415,-0.7012054848861415
1993-11-25,-0.667790154830298,-0.667790154830298,-0.667790154830298,-0.667790154830298,-0.667790154830298,-0.667790154830298,-0.667790154830298,-0.667790154830298,-0.667790154830298,-0.667790154830298,-0.667790154830298,-0.667790154830298,-0.667790154830298,-0.667790154830298,-0.667790154830298
1993-11-26,-0.9322599874872669,-0.9322599874872669,-0.9322599874872669,-0.9322599874872669,-0.9322599874872669,-0.9322599874872669,-0.9322599874872669,-0.9322599874872669,-0.9322599874872669,-0.9322599874872669,-0.9322599874872669,-0.9322599874872669,-0.9322599874872669,-0.9322599874872669,-0.9322599874872669
1993-11-27,-1.2835390477583488,-1.2835390477583488,-1.2835390477583488,-1.2835390477583488,-1.2835390477583488,-1.2835390477583488,-1.2835390477583488,-1.2835390477583488,-1.2835390477583488,-1.2835390477583488,-1.2835390477583488,-1.2835390477583488,-1.2835390477583488,-1.2835390477583488,-1.2835390477583488
1993-11-28,-1.5717084503040257,-1.5717084503040257,-1.5717084503040257,-1.5717084503040257,-1.5717084503040257,-1.5717084503040257,-1.5717084503040257,-1.5717084503040257,-1.5717084503040257,-1.5717084503040257,-1.5717084503040257,-1.5717084503040257,-1.5717084503040257,-1.5717084503040257,-1.5717084503040257
1993-11-29,-1.8618617112193927,-1.8618617112193927,-1.8618617112193927,-1.8618617112193927,-1.8618617112193927,-1.8618617112193927,-1.8618617112193927,-1.8618617112193927,-1.8618617112193927,-1.8618617112193927,-1.8618617112193927,-1.8618617112193927,-1.8618617112193927,-1.8618617112193927,-1.8618617112193927
1993-11-30,-1.743438630287761,-1.743438630287761,-1.743438630287761,-1.743438630287761,-1.743438630287761,-1.743438630287761,-1.743438630287761,-1.743438630287761,-1.743438630287761,-1.743438630287761,-1.743438630287761,-1.743438630287761,-1.743438630287761,-1.743438630287761,-1.743438630287761
1993-12-01,-1.63918159257526,-1.63918159257526,-1.63918159257526,-1.63918159257526,-1.63918159257526,-1.63918159257526,-1.63918159257526,-1.63918159257526,-1.63918159257526,-1.63918159257526,-1.63918159257526,-1.63918159257526,-1.63918159257526,-1.63918159257526,-1.63918159257526
1993-12-02,-1.361360976115675,-1.361360976115675,-1.361360976115675,-1.361360976115675,-1.361360976115675,-1.361360976115675,-1.361360976115675,-1.361360976115675,-1.361360976115675,-1.361360976115675,-1.361360976115675,-1.361360976115675,-1.361360976115675,-1.361360976115675,-1.361360976115675
1993-12-03,-1.3158587668521813,-1.3158587668521813,-1.3158587668521813,-1.3158587668521813,-1.3158587668521813,-1.3158587668521813,-1.3158587668521813,-1.3158587668521813,-1.3158587668521813,-1.3158587668521813,-1.3158587668521813,-1.3158587668521813,-1.3158587668521813,-1.3158587668521813,-1.3158587668521813
1993-12-04,-1.2922013602636597,-1.2922013602636597,-1.2922013602636597,-1.2922013602636597,-1.2922013602636597,-1.2922013602636597,-1.2922013602636597,-1.2922013602636597,-1.2922013602636597,-1.2922013602636597,-1.2922013602636597,-1.2922013602636597,-1.2922013602636597,-1.2922013602636597,-1.2922013602636597
1993-12-05,-0.8973027633293635,-0.9765993065863906,-0.9682318555553241,-0.9042745426691944,-0.9332959229257652,-0.945266904193768,-0.9091973079869227,-0.9408854835110756,-0.9220771124285955,-1.0038810703435053,-0.9680387619011689,-0.9441035927799876,-0.8759926145758361,-0.9225205435895345,-0.9140713219541011
1993-12-06,-0.9598003150681356,-1.1282560607500485,-0.8832493876733566,-1.1177887680918968,-1.0117658960053635,-0.8413175977205001,-0.7977801625387058,-0.9197456619233901,-1.0106827510545726,-1.0828968718133019,-0.8834659495659044,-1.0080355216563686,-0.8947385415622627,-0.8071774010758959,-0.7821236200996531
1993-12-07,-0.927393767741415,-1.0761390059235774,-0.7654247239011398,-1.1621799350533089,-1.0912488002480043,-0.8615695643360977,-0.6432064478377437,-0.8304491921693775,-0.8801793048457482,-1.1645779545483113,-0.7603094222255175,-0.7085288859272487,-0.8560964843533672,-0.6046753372202853,-0.8557340383094203
1993-12-08,-0.8884345221124516,-1.1199510224271443,-0.7930374842619878,-0.8559750919778909,-1.048397304379503,-0.6760723539335766,-0.5731539987464519,-0.6843678676408622,-0.7899518896932554,-0.8290893786167289,-0.662746875176103,-0.6444117312522796,-0.5141768917638377,-0.4788372322476217,-0.8897469162711688
1993-12-09,-0.896550939578448,-1.1411591169004882,-0.8875763229970091,-0.5730871494640303,-0.9436575309736943,-0.35375527486484976,-0.5362686083685662,-0.6073352698474811,-0.4267304491836217,-0.5313244564372289,-0.6800267487953807,-0.777944980544678,-0.4764007344629936,-0.3958498308702204,-0.7308301952369554
1993-12-10,-0.8391705569604322,-1.1280045127479212,-0.8741850129936268,-0.2116959076073347,-0.7847421009825856,0.0048926514441810995,-0.5493535141464364,-0.5221398529660387,-0.38169264971800215,-0.047765156524467556,-0.3775514371999829,-0.8243325443204608,-0.35109913317671443,-0.32069625373754596,-0.5808063986332481
1993-12-11,-0.6206314751009502,-1.0800294910702997,-0.7559938167542625,0.1196342874171113,-0.36833558821148193,0.46422910362277525,-0.326382076754264,-0.08624951939070007,-0.4867799433839439,0.29056996416804726,0.07009207088985973,-0.5963896703769048,-0.1186719018988716,-0.03841567575460848,-0.2566345845206552
1993-12-12,-0.6301638046685046,-0.9841400704272142,-0.7495992750377176,0.22875922503983342,-0.32727729075462536,0.8516836969804675,-0.36411364559908377,-0.11276048318789983,-0.4220128359123111,0.4747692932577405,0.4135102663966343,-0.5349366409983304,0.03626809438387556,0.12550025204150717,-0.12558833594687752
1993-12-13,-0.6631566791904797,-0.6109385900903943,-0.6220187944575077,0.5611751081965033,-0.19135916770975955,1.2486407058274245,-0.2600373006810534,-0.09025608632913579,-0.2680529169190471,0.26285129596700046,0.3356346686991171,-0.5048673864617704,0.36556607212816933,-0.03660967460635432,-0.31035055004085416
1993-12-14,-0.527147574517312,-0.4974438265688785,-0.25108749644187767,0.5547440346853549,0.048325925732450904,1.4224260188000615,-0.16476739935659385,0.16734374391531093,-0.07425166819265105,0.17580226063629373,0.38482061430194603,-0.23730749253775668,0.5003157831418029,0.05665584439213523,-0.14387541232471432
1993-12-15,-0.4338749514344402,-0.16435731567165332,0.2334544952263667,0.6699534503205518,0.39082542341163057,1.4693663367164562,0.04508405176121761,0.3257309687514738,-0.21758443937337524,0.4128735997102692,0.003318736040746758,-0.24324721053392376,0.5515491488218073,0.20606011037047342,-0.2913511207515541
1993-12-16,-0.5869806930633292,0.00933948833339882,0.5071618792081912,0.4874714962306582,0.5214852651487811,1.2481764857897197,0.05015666103043739,0.29260375002282735,-0.4147787157711102,0.4492753101305855,-0.34803645948676737,-0.4068593678858294,0.4184655974360357,0.08576803007054473,-0.5596702141211316
1993-12-17,-0.7161947475879583,0.3314109673854843,0.8346717109101469,0.2450125159531064,0.26053075164224954,1.2210804937460105,0.12519547175759038,0.10221959911243256,-0.3804313996101468,0.5599743145503708,-0.6755387320790435,-0.6657267608233702,0.25360747982425114,0.3075017833496294,-0.9233240341553501
1993-12-18,-0.9099738914086244,0.7453836417954711,1.034770963468938,0.13719481451996987,0.09657937005186273,0.949660939845394,0.33627843632281595,-0.021467382133777895,-0.3137427283121624,0.6104646227070974,-0.865309746078991,-0.769761972649038,0.12208631522032809,0.4351386346979634,-1.1689847624952956
1993-12-19,-0.9879800134739836,1.015492203559869,1.1002338578396955,0.07018205462197516,-0.04381239845321006,0.9384374176459911,0.6079676902771133,-0.07211658655701671,-0.3183988256285814,0.6539989118407323,-0.9742326728296841,-1.2361933827017266,-0.14187057006879147,0.2593755135209652,-1.103664605631178
1993-12-20,-0.8499897507358961,1.2271684562367913,1.1788321493837812,-0.5795005796561962,0.0183528125331388,0.9717219368472036,0.7324732969102713,-0.08452373260878085,-0.30979273717359906,0.6697522275497397,-0.957188668593709,-1.4784522330833414,-0.24791220114878845,-0.09262666065127644,-1.0330470300486003
1993-12-21,-0.5769405875049223,1.3912090736835006,1.297474288348299,-1.2788110580614505,0.11581138864841377,0.969500694639714,1.122063869701038,-0.5259934514593831,-0.19772722976174242,0.5444348633562788,-0.9594928124491778,-1.5681245617504262,-0.17842832211988954,-0.5574912991156858,-1.0660724558047403
1993-12-22,-0.8151629544754341,1.7048271274782263,1.3133726414423692,-1.4445238479668912,0.12320062054141752,0.8880034122751239,1.3704310203418804,-0.696723174296977,-0.27167662546538596,0.19706074193901624,-0.9796562539837276,-1.6308417042457417,-0.11729420859837356,-0.8795790906286892,-1.1443395373979566
1993-12-23,-1.0012452205691085,1.8238555015136955,1.101788235485791,-1.468978014637064,0.04802507951523328,1.0093700171625377,1.2741649613848134,-0.8311380040513693,-0.1165751028997204,0.14505827941291063,-1.030931440697721,-1.8981907233026507,-0.13344476578135422,-0.9061457945814454,-1.1969975797522268
1993-12-24,-1.0746831098531369,2.2408730342241663,1.066982778835277,-1.3722434902857699,0.4220576228058859,1.1735680726926547,1.063484002078717,-0.37171692245712057,0.01928988067179182,0.24430307921842045,-1.1386611194880052,-1.7487789950499601,-0.1308599405468374,-0.8122011068344958,-1.2671665698413692
1993-12-25,-1.0132129203565725,2.472182754067048,0.8745284032494405,-1.3341985170776907,0.5759020022316368,1.2977216552546096,1.1591276943259767,-0.04350362694483367,0.21064743164181265,0.27979859958039355,-0.9502794452825466,-1.616436520544876,-0.16163218759969514,-0.7371856987953651,-1.1507073656082343
1993-12-26,-0.8918016766566748,2.3515594122140393,0.7022834029227764,-0.7870510270519371,0.8082368368010381,1.6748306757357516,1.3190294752542204,0.01958244532018373,0.2302465054093059,-0.005464433402493524,-0.8097568229007414,-1.4308657509113016,0.14029255174134922,-0.7633758714375879,-0.9848156384458404
1993-12-27,-0.7798579922776132,2.2720849713875224,0.7294187765449763,-0.7014486310601322,1.0135452174066097,1.429480239031057,1.506849969174212,0.19644832252258873,-0.004963092120697779,-0.02872562849877238,-0.6360294755829754,-1.192427510313675,0.4295681502891908,-0.5105802830524255,-0.922635761931129
1993-12-28,-0.5993522642189304,2.0687964281005926,0.9157096433719786,-0.9647473405397362,1.0798886362400644,1.663886954250766,1.7639325832755468,0.5317842197602864,0.11704774668120232,0.21829664871919946,-0.6064231745812646,-0.8531099195290703,0.6740151469414362,-0.5504716235275868,-0.9168023838414546
1993-12-29,-0.36540681375136014,1.7717632278270532,1.0642370746653653,-1.2351061747929228,1.1684467323386432,1.4329304284417819,1.632850852156919,0.6250764998179095,0.009922002057834492,0.2387742052663102,-0.4875684323125583,-0.6418815772189213,0.7831273248125321,-0.40252649700029053,-0.6663728361047491
1993-12-30,-0.2579339569054628,1.5632683014216555,1.4048631504952458,-1.2255680661870179,1.3267248761197086,1.0983129019965692,1.6649872943129655,0.2998738465744517,-0.022723191729119876,0.2603484204628364,-0.5598352550493538,-0.3649583070129261,1.0483445448763928,-0.2443940754816445,-0.4716381938354576
1993-12-31,-0.014463070115622832,1.0520987718547947,1.3750637557684866,-1.2035251415786519,1.5092962917985495,0.6882238718867509,1.4005409723150288,0.16741399818435035,-0.3214591844475633,0.3397145661245012,-0.3843233900697038,-0.09714943152327755,1.1529965916973233,0.05697064894833929,-0.18635801604133662
1994-01-01,0.13996135012269714,0.8745574888987908,1.045911316337773,-1.0004083972109725,1.3712039118381696,0.4045698763608303,1.3527816462025446,0.1233801264034566,-0.2804430349962548,0.18440235922763903,0.2407197287886206,0.2524119983570426,1.4243330293330536,0.43691273757991606,-0.16976539650614372
1994-01-02,0.2602782523417475,0.850502861884152,0.8581876974268384,-0.40768311456991774,1.2643512124841902,0.8204034341493296,1.18955820813939,0.06998893501460156,0.33279715599536425,0.15633961400527982,0.7704790253958906,0.4354100009258468,1.7004873839937271,0.9491158168441902,-0.08691481659640315
1994-01-03,0.4157455328468038,0.9139411796315943,0.87472158008568,-0.042874019398322395,1.2278668591450015,1.0455308372856218,1.2136726776243771,0.03318230316925675,0.6417671318538322,0.45682527374922416,0.9229742542373458,0.4190292659228173,1.9229188404789255,1.3044540212622229,0.42445660898180515
1994-01-04,0.3832997922926953,1.064729675518329,1.1656656290029108,0.17065249822431897,1.2673808808002223,1.1563534201840733,0.9534754367190679,-0.16036086952605572,0.9745617753173015,0.7199787816153498,0.8075851842366897,0.36109708014712766,2.0944111078569034,1.8210040462954211,0.5459261550357837
1994-01-05,0.4152567518802459,0.9281540633932172,1.3838802793403238,-0.01411056891934092,1.0967154317295476,1.1215640499183364,0.9269978494230526,-0.2764968162066455,1.5102486299206144,0.80165785394324,0.6282405762716523,0.4008355643884714,2.4423494435962665,2.0163652677615085,0.9042085555822408
1994-01-06,0.39522526217052106,0.87107631103491,1.6882363539794092,0.017392432303616912,0.9396583913933584,0.9520405353186971,0.8444240323608655,0.25238326164993663,1.7021039027742992,0.9893858317126115,0.4057827762788831,0.586203736645287,2.330427531933247,2.344469584286708,1.4555415280227144
1994-01-07,0.21387990295235063,1.0751007134416986,1.5326805524722795,0.37783344341329067,0.7060460484620596,0.8756531281215331,1.1083101356213692,0.25957502225475254,2.12137787266775,0.8195109331402883,0.5967707022635304,1.063531460970728,1.9907233462151197,2.71727063480435,1.495611493997677
1994-01-08,0.018241601544918173,1.1580292501661982,1.52776331190807,0.8152272025843396,0.7387546089463217,0.8055224601734345,0.8790821221976023,0.3863558734942725,2.5170602471149026,0.7499656924191314,0.6170383178472453,1.490152387392473,1.9266323400810461,2.7909349868375393,1.5609425717037815
1994-01-09,-0.3537603986905384,1.268888919972693,1.2887551329827294,1.4342511691667417,0.9836435188150813,0.35556247140330705,0.8334604811777455,0.4223364551506592,2.6924794615364047,0.6209590782935805,0.6288950450001252,1.5192906839054554,1.9245141170496138,2.8411556053182436,1.7729402168830606
1994-01-10,-0.42981406343351153,1.3817979647996517,0.8475096797419615,1.5961716190825248,0.9483861416283016,0.5681559861503411,0.519532680861725,0.4128278798864166,2.5203791736815093,0.49212282023477466,0.5827550726856514,1.709846128792848,1.7099275876499558,3.212240824922905,1.6568231932787938
1994-01-11,-0.5181359468197565,1.4248463437728291,0.18643846898024577,1.662311753165328,1.0365462789121582,0.91357870555637,0.15321977691493682,0.7456496900308625,2.161959551543236,0.5318167913900385,0.6944132282503517,1.69375416861166,1.3053456738505675,3.3397669160260772,1.5181419154659173
1994-01-12,-0.30592919742356,1.4541549326118584,-0.22430540423920872,1.511554519751899,0.9479523044785354,0.9279361494236915,0.08122039901793156,0.9128812011471337,1.612044363093896,0.551854721841181,0.8702319646300019,1.8897754187587468,0.9351973767700151,2.975212862346814,1.5972489795978138
1994-01-13,-0.06548147538689336,1.2742240879305187,-0.6842548274843782,1.3047423040226698,0.6347223248162899,0.8256817560705826,-0.3587312647507373,0.6551534421269976,1.1628334005315066,0.4686190446666777,0.7774623237877222,1.6811884746815868,0.41269490938574815,2.730635486740944,1.6580500793664321
1994-01-14,0.42314046485555934,0.9768285633631102,-0.9190853024579967,1.0790340602949848,0.4851578146296642,0.5061009325838173,-0.6629824314049537,0.4534432007566022,0.7955093318650039,0.35711658768528964,0.7657355247639588,1.6437238843512518,-0.07574765538545078,2.7458595229060325,1.4243294971395066
1994-01-15,0.9923610144902141,1.0057443740715182,-1.223768115455786,0.7911222604379485,0.12139363134004234,0.2560250774002112,-1.009382828442525,0.011305142227630686,0.43961870565789984,0.32439725926051644,0.7375828836809842,1.4612798033876395,-0.1717631175654574,2.6757834231507034,0.9784658065733637
1994-01-16,1.3510882579714107,0.6526786942165196,-1.6048206669053657,0.5004248287236204,0.046449741236363445,0.025243897734706353,-1.087980326863539,-0.17337872317687933,0.14598300865040173,0.38905863023900533,0.9447085239076225,1.1337552695246902,-0.22283325636433893,2.2400670271310448,0.6549480740591834
1994-01-17,1.5113015327502661,0.5356259348319105,-2.1379232766082774,-0.02380060633798681,0.15910166734150405,-0.4135083208060274,-1.0063687270398103,-0.10415874426610824,-0.1474424699788561,0.227469402068886,0.7438718599561364,0.943056937447182,-0.3263960416387481,1.6911489061769505,0.3904000310285024
1994-01-18,1.684490956580998,0.2123950120577894,-2.293417215259507,-0.036700970287205356,0.16477936903905477,-0.7452707070228788,-0.7033999558350321,-0.025288181168144016,-0.3302234179569987,0.12073974159452303,0.6761128032181428,0.8604913171791707,-0.21830884925830907,1.3148658424493556,0.19963871263721628
1994-01-19,2.022295875515489,0.2699679972099913,-2.1875618217097386,-0.14785293106045894,0.20590494884755361,-1.1056115980858996,-0.396273827570872,-0.1753110295197337,-0.4209986892774902,-0.0541524215682478,0.7674084645375303,0.6722272721600334,-0.05211744962529784,0.8759207021207549,0.2244169443555943
1994-01-20,1.8780921346605146,0.46833079680025963,-1.9030460729044967,-0.19940587600395568,0.3493931288004455,-1.3194582483686395,-0.1011184522930077,0.08257128429232742,-0.5358210854006804,-0.08333090498098476,0.6545083550187313,0.29339147743183963,-0.09937592125212949,0.623481296243951,0.13648835901601108
1994-01-21,1.5993465345397777,0.6457563554593706,-1.588774007419033,-0.3009670576844553,0.567760585169997,-1.6432051389817326,0.4459371706617944,0.6710810124917836,-0.8046606336063652,-0.06259228231036214,0.6745281826335604,0.15727905431364503,-0.10219274676545936,0.18154243101095385,0.25077806414138554
1994-01-22,1.4094954344730202,0.6258219745704886,-1.0860274133526073,-0.3330732630812048,0.8842820429066799,-1.8432276062058677,0.7998412290445516,1.1437654895067841,-0.9543480639368045,-0.16313262515429353,0.5542756832555378,0.14374426862011422,0.07928350636618722,0.1988089150444904,0.331679616379082
1994-01-23,1.5930222157294076,0.3463044293542512,-0.6401452860456016,-0.3114482618780929,1.0949119740272952,-1.769010620123201,0.8511654695628835,1.3944383439971881,-0.9048368587890528,-0.017820597198299114,0.7007515321001059,0.21186287595376166,0.5433903004083921,0.09308736677077237,0.20132469238285816
1994-01-24,1.5367349520502291,-0.059718616428004134,-0.5334868729292955,-0.4771303701004721,1.3382156359537667,-1.5818900528257218,1.0268664738241546,1.359351965153358,-0.6756949379054447,-0.09624920695500795,0.7573323360692082,0.1723506262312139,0.793766722956698,0.1798686733336459,0.03621325581654969
1994-01-25,1.131632596214738,-0.21786128433670285,-0.5183054625113714,-0.8091506331998494,1.3999701122450177,-1.4384398283558082,0.7365704141808485,1.4811666857674592,-0.46087127035568426,0.1525726544572581,0.8261534035324019,0.12447510117693227,0.73069363343458,0.1913538671027986,0.10463975148441602
1994-01-26,0.7088604652719319,-0.1869679986879784,-0.7805310792371802,-0.7007146627181622,1.2085265798461087,-1.1715201551997563,0.33766636869540134,1.2061854696833376,-0.4294214283879835,0.20668229197590127,0.5884801716679253,-0.047528681867416996,0.2973643175177894,0.26204699319566294,0.1650465980694311
1994-01-27,0.2918868102868843,-0.24304880907807297,-1.08166543260282,-0.6086865193412547,1.1511373916265737,-1.2104338583968524,0.01671393870362837,0.8309874574218232,-0.5746706403581775,0.3415879409024291,0.1831789770146731,-0.07537958017272645,0.13036915936798865,0.23365509059142844,0.11090967892151497
1994-01-28,-0.33325041986762294,-0.7622157077787484,-1.0613891463209952,-0.4662632526958253,0.9832478876070695,-1.0567730940612194,0.1047534403440194,0.31365237636514265,-0.3212973760133228,0.5184619311386497,-0.1983439621207904,-0.25013221085929704,0.3450950836682435,0.12852109153023372,0.34148113764248283
1994-01-29,-0.7740797692905312,-0.925687282846878,-1.0289819004810066,-0.3939869146457283,0.7440851672705227,-0.7997432109888724,-0.09832858877844648,-0.12233061801978758,0.04406495282889243,0.7180950415226836,-0.4095902789587562,-0.44412684518914103,0.8572762365366485,-0.12064645107656241,0.5969592918254412
1994-01-30,-0.9544926421996992,-1.1008873976296238,-1.0925044497066105,-0.3263157467404144,0.38175307449773677,-0.49957785909480973,-0.09461837538579916,-0.501564698573175,0.269232265528515,0.6235498073340255,-0.6431735620333621,-0.583024168838968,1.1548436243589244,-0.4539558602925958,0.9484271909117684
1994-01-31,-1.0543563487614223,-1.101686229266258,-1.194005111114793,0.014687630288934276,0.23861182128878683,-0.37865545193679956,-0.22669345054665443,-0.6344651809640515,-0.019340886663399375,0.48531255507981874,-0.8154754677008561,-0.6746496420419029,1.4125033159597713,-0.47870203325292365,1.39580606879693
1994-02-01,-1.1795272756358772,-1.159757480447156,-1.3385216798100485,0.37356264966010005,0.03759806803638469,-0.34673473000158866,-0.1861841881751963,-0.14917505517720636,0.15375073821002555,0.24266667910466388,-1.2835071449457738,-0.8721033394041041,1.6938648186523009,-0.5219641104918712,1.736995703220666
1994-02-02,-1.3420654291839942,-1.3408765298718566,-1.3593581786055944,0.3911494629967266,-0.529904783282142,-0.11811245712712892,-0.1207315161923863,0.3655451333939177,-0.08197306095106921,-0.1600291824092753,-1.9238564776697418,-1.1253940140341276,1.6898195329794545,-0.6613327174183846,1.6567450266141504
1994-02-03,-1.354898167420846,-1.3853628316066122,-1.1494658525478538,0.570266006962297,-0.9115958045307447,0.1289394102210231,-0.2971590038913451,0.7114327145544275,-0.3022837245413564,-0.5004671484704419,-2.331701982230367,-1.142673732974488,1.6149292120984544,-0.80154128527621,1.5511375439145154
