,1,2,3,4,5,6,7,8,9,10,11,12,13,14,15
1993-08-07,0.0870940396185614,0.0870940396185614,0.0870940396185614,0.0870940396185614,0.0870940396185614,0.0870940396185614,0.0870940396185614,0.0870940396185614,0.0870940396185614,0.0870940396185614,0.0870940396185614,0.0870940396185614,0.0870940396185614,0.0870940396185614,0.0870940396185614
1993-08-08,-0.07227871451899552,-0.07227871451899552,-0.07227871451899552,-0.07227871451899552,-0.07227871451899552,-0.07227871451899552,-0.07227871451899552,-0.07227871451899552,-0.07227871451899552,-0.07227871451899552,-0.07227871451899552,-0.07227871451899552,-0.07227871451899552,-0.07227871451899552,-0.07227871451899552
1993-08-09,-0.028540700460200318,-0.028540700460200318,-0.028540700460200318,-0.028540700460200318,-0.028540700460200318,-0.028540700460200318,-0.028540700460200318,-0.028540700460200318,-0.028540700460200318,-0.028540700460200318,-0.028540700460200318,-0.028540700460200318,-0.028540700460200318,-0.028540700460200318,-0.028540700460200318
1993-08-10,-0.0061065615522376115,-0.0061065615522376115,-0.0061065615522376115,-0.0061065615522376115,-0.0061065615522376115,-0.0061065615522376115,-0.0061065615522376115,-0.0061065615522376115,-0.0061065615522376115,-0.0061065615522376115,-0.0061065615522376115,-0.0061065615522376115,-0.0061065615522376115,-0.0061065615522376115,-0.0061065615522376115
1993-08-11,-0.04633039703928802,-0.04633039703928802,-0.04633039703928802,-0.04633039703928802,-0.04633039703928802,-0.04633039703928802,-0.04633039703928802,-0.04633039703928802,-0.04633039703928802,-0.04633039703928802,-0.04633039703928802,-0.04633039703928802,-0.04633039703928802,-0.04633039703928802,-0.04633039703928802
1993-08-12,-0.0884385568150486,-0.0884385568150486,-0.0884385568150486,-0.0884385568150486,-0.0884385568150486,-0.0884385568150486,-0.0884385568150486,-0.0884385568150486,-0.0884385568150486,-0.0884385568150486,-0.0884385568150486,-0.0884385568150486,-0.0884385568150486,-0.0884385568150486,-0.0884385568150486
1993-08-13,-0.03258803435067789,-0.03258803435067789,-0.03258803435067789,-0.03258803435067789,-0.03258803435067789,-0.03258803435067789,-0.03258803435067789,-0.03258803435067789,-0.03258803435067789,-0.03258803435067789,-0.03258803435067789,-0.03258803435067789,-0.03258803435067789,-0.03258803435067789,-0.03258803435067789
1993-08-14,-0.18426337887981845,-0.18426337887981845,-0.18426337887981845,-0.18426337887981845,-0.18426337887981845,-0.18426337887981845,-0.18426337887981845,-0.18426337887981845,-0.18426337887981845,-0.18426337887981845,-0.18426337887981845,-0.18426337887981845,-0.18426337887981845,-0.18426337887981845,-0.18426337887981845
1993-08-15,-0.3163440857668979,-0.3163440857668979,-0.3163440857668979,-0.3163440857668979,-0.3163440857668979,-0.3163440857668979,-0.3163440857668979,-0.3163440857668979,-0.3163440857668979,-0.3163440857668979,-0.3163440857668979,-0.3163440857668979,-0.3163440857668979,-0.3163440857668979,-0.3163440857668979
1993-08-16,-0.4309760899128591,-0.4309760899128591,-0.4309760899128591,-0.4309760899128591,-0.4309760899128591,-0.4309760899128591,-0.4309760899128591,-0.4309760899128591,-0.4309760899128591,-0.4309760899128591,-0.4309760899128591,-0.4309760899128591,-0.4309760899128591,-0.4309760899128591,-0.4309760899128591
1993-08-17,-0.6687364839411725,-0.6687364839411725,-0.6687364839411725,-0.6687364839411725,-0.6687364839411725,-0.6687364839411725,-0.6687364839411725,-0.6687364839411725,-0.6687364839411725,-0.6687364839411725,-0.6687364839411725,-0.6687364839411725,-0.6687364839411725,-0.6687364839411725,-0.6687364839411725
1993-08-18,-0.5568629550732933,-0.5568629550732933,-0.5568629550732933,-0.5568629550732933,-0.5568629550732933,-0.5568629550732933,-0.5568629550732933,-0.5568629550732933,-0.5568629550732933,-0.5568629550732933,-0.5568629550732933,-0.5568629550732933,-0.5568629550732933,-0.5568629550732933,-0.5568629550732933
1993-08-19,-0.5516723489085738,-0.5516723489085738,-0.5516723489085738,-0.5516723489085738,-0.5516723489085738,-0.5516723489085738,-0.5516723489085738,-0.5516723489085738,-0.5516723489085738,-0.5516723489085738,-0.5516723489085738,-0.5516723489085738,-0.5516723489085738,-0.5516723489085738,-0.5516723489085738
1993-08-20,-0.757580345353092,-0.757580345353092,-0.757580345353092,-0.757580345353092,-0.757580345353092,-0.757580345353092,-0.757580345353092,-0.757580345353092,-0.757580345353092,-0.757580345353092,-0.757580345353092,-0.757580345353092,-0.757580345353092,-0.757580345353092,-0.757580345353092
1993-08-21,-0.8313258074911727,-0.8313258074911727,-0.8313258074911727,-0.8313258074911727,-0.8313258074911727,-0.8313258074911727,-0.8313258074911727,-0.8313258074911727,-0.8313258074911727,-0.8313258074911727,-0.8313258074911727,-0.8313258074911727,-0.8313258074911727,-0.8313258074911727,-0.8313258074911727
1993-08-22,-0.5929062898070745,-0.5929062898070745,-0.5929062898070745,-0.5929062898070745,-0.5929062898070745,-0.5929062898070745,-0.5929062898070745,-0.5929062898070745,-0.5929062898070745,-0.5929062898070745,-0.5929062898070745,-0.5929062898070745,-0.5929062898070745,-0.5929062898070745,-0.5929062898070745
1993-08-23,-0.43793625046666823,-0.43793625046666823,-0.43793625046666823,-0.43793625046666823,-0.43793625046666823,-0.43793625046666823,-0.43793625046666823,-0.43793625046666823,-0.43793625046666823,-0.43793625046666823,-0.43793625046666823,-0.43793625046666823,-0.43793625046666823,-0.43793625046666823,-0.43793625046666823
1993-08-24,-0.34481132124400415,-0.34481132124400415,-0.34481132124400415,-0.34481132124400415,-0.34481132124400415,-0.34481132124400415,-0.34481132124400415,-0.34481132124400415,-0.34481132124400415,-0.34481132124400415,-0.34481132124400415,-0.34481132124400415,-0.34481132124400415,-0.34481132124400415,-0.34481132124400415
1993-08-25,0.03965245265236617,0.03965245265236617,0.03965245265236617,0.03965245265236617,0.03965245265236617,0.03965245265236617,0.03965245265236617,0.03965245265236617,0.03965245265236617,0.03965245265236617,0.03965245265236617,0.03965245265236617,0.03965245265236617,0.03965245265236617,0.03965245265236617
1993-08-26,0.11739884018665617,0.11739884018665617,0.11739884018665617,0.11739884018665617,0.11739884018665617,0.11739884018665617,0.11739884018665617,0.11739884018665617,0.11739884018665617,0.11739884018665617,0.11739884018665617,0.11739884018665617,0.11739884018665617,0.11739884018665617,0.11739884018665617
1993-08-27,0.06684592820161535,0.06684592820161535,0.06684592820161535,0.06684592820161535,0.06684592820161535,0.06684592820161535,0.06684592820161535,0.06684592820161535,0.06684592820161535,0.06684592820161535,0.06684592820161535,0.06684592820161535,0.06684592820161535,0.06684592820161535,0.06684592820161535
1993-08-28,-0.010722712891254513,-0.010722712891254513,-0.010722712891254513,-0.010722712891254513,-0.010722712891254513,-0.010722712891254513,-0.010722712891254513,-0.010722712891254513,-0.010722712891254513,-0.010722712891254513,-0.010722712891254513,-0.010722712891254513,-0.010722712891254513,-0.010722712891254513,-0.010722712891254513
1993-08-29,0.019068113314634323,0.019068113314634323,0.019068113314634323,0.019068113314634323,0.019068113314634323,0.019068113314634323,0.019068113314634323,0.019068113314634323,0.019068113314634323,0.019068113314634323,0.019068113314634323,0.019068113314634323,0.019068113314634323,0.019068113314634323,0.019068113314634323
1993-08-30,-0.1930492590644166,-0.1930492590644166,-0.1930492590644166,-0.1930492590644166,-0.1930492590644166,-0.1930492590644166,-0.1930492590644166,-0.1930492590644166,-0.1930492590644166,-0.1930492590644166,-0.1930492590644166,-0.1930492590644166,-0.1930492590644166,-0.1930492590644166,-0.1930492590644166
1993-08-31,-0.182742416148016,-0.182742416148016,-0.182742416148016,-0.182742416148016,-0.182742416148016,-0.182742416148016,-0.182742416148016,-0.182742416148016,-0.182742416148016,-0.182742416148016,-0.182742416148016,-0.182742416148016,-0.182742416148016,-0.182742416148016,-0.182742416148016
1993-09-01,0.1779056088072301,0.1779056088072301,0.1779056088072301,0.1779056088072301,0.1779056088072301,0.1779056088072301,0.1779056088072301,0.1779056088072301,0.1779056088072301,0.1779056088072301,0.1779056088072301,0.1779056088072301,0.1779056088072301,0.1779056088072301,0.1779056088072301
1993-09-02,0.16993769990665605,0.16993769990665605,0.16993769990665605,0.16993769990665605,0.16993769990665605,0.16993769990665605,0.16993769990665605,0.16993769990665605,0.16993769990665605,0.16993769990665605,0.16993769990665605,0.16993769990665605,0.16993769990665605,0.16993769990665605,0.16993769990665605
1993-09-03,0.16097093347982477,0.16097093347982477,0.16097093347982477,0.16097093347982477,0.16097093347982477,0.16097093347982477,0.16097093347982477,0.16097093347982477,0.16097093347982477,0.16097093347982477,0.16097093347982477,0.16097093347982477,0.16097093347982477,0.16097093347982477,0.16097093347982477
1993-09-04,0.26232931908022555,0.26232931908022555,0.26232931908022555,0.26232931908022555,0.26232931908022555,0.26232931908022555,0.26232931908022555,0.26232931908022555,0.26232931908022555,0.26232931908022555,0.26232931908022555,0.26232931908022555,0.26232931908022555,0.26232931908022555,0.26232931908022555
1993-09-05,0.42852717966121767,0.42852717966121767,0.42852717966121767,0.42852717966121767,0.42852717966121767,0.42852717966121767,0.42852717966121767,0.42852717966121767,0.42852717966121767,0.42852717966121767,0.42852717966121767,0.42852717966121767,0.42852717966121767,0.42852717966121767,0.42852717966121767
1993-09-06,0.27219227524313117,0.27219227524313117,0.27219227524313117,0.27219227524313117,0.27219227524313117,0.27219227524313117,0.27219227524313117,0.27219227524313117,0.27219227524313117,0.27219227524313117,0.27219227524313117,0.27219227524313117,0.27219227524313117,0.27219227524313117,0.27219227524313117
1993-09-07,0.20805279056920822,0.20805279056920822,0.20805279056920822,0.20805279056920822,0.20805279056920822,0.20805279056920822,0.20805279056920822,0.20805279056920822,0.20805279056920822,0.20805279056920822,0.20805279056920822,0.20805279056920822,0.20805279056920822,0.20805279056920822,0.20805279056920822
1993-09-08,0.03650754949474031,0.03650754949474031,0.03650754949474031,0.03650754949474031,0.03650754949474031,0.03650754949474031,0.03650754949474031,0.03650754949474031,0.03650754949474031,0.03650754949474031,0.03650754949474031,0.03650754949474031,0.03650754949474031,0.03650754949474031,0.03650754949474031
1993-09-09,0.005888955582075294,0.005888955582075294,0.005888955582075294,0.005888955582075294,0.005888955582075294,0.005888955582075294,0.005888955582075294,0.005888955582075294,0.005888955582075294,0.005888955582075294,0.005888955582075294,0.005888955582075294,0.005888955582075294,0.005888955582075294,0.005888955582075294
1993-09-10,-0.3504201552164181,-0.3504201552164181,-0.3504201552164181,-0.3504201552164181,-0.3504201552164181,-0.3504201552164181,-0.3504201552164181,-0.3504201552164181,-0.3504201552164181,-0.3504201552164181,-0.3504201552164181,-0.3504201552164181,-0.3504201552164181,-0.3504201552164181,-0.3504201552164181
1993-09-11,-0.3892464670193881,-0.3892464670193881,-0.3892464670193881,-0.3892464670193881,-0.3892464670193881,-0.3892464670193881,-0.3892464670193881,-0.3892464670193881,-0.3892464670193881,-0.3892464670193881,-0.3892464670193881,-0.3892464670193881,-0.3892464670193881,-0.3892464670193881,-0.3892464670193881
1993-09-12,0.00403754874673294,0.00403754874673294,0.00403754874673294,0.00403754874673294,0.00403754874673294,0.00403754874673294,0.00403754874673294,0.00403754874673294,0.00403754874673294,0.00403754874673294,0.00403754874673294,0.00403754874673294,0.00403754874673294,0.00403754874673294,0.00403754874673294
1993-09-13,0.035081979959968076,0.035081979959968076,0.035081979959968076,0.035081979959968076,0.035081979959968076,0.035081979959968076,0.035081979959968076,0.035081979959968076,0.035081979959968076,0.035081979959968076,0.035081979959968076,0.035081979959968076,0.035081979959968076,0.035081979959968076,0.035081979959968076
1993-09-14,0.2704325167257609,0.2704325167257609,0.2704325167257609,0.2704325167257609,0.2704325167257609,0.2704325167257609,0.2704325167257609,0.2704325167257609,0.2704325167257609,0.2704325167257609,0.2704325167257609,0.2704325167257609,0.2704325167257609,0.2704325167257609,0.2704325167257609
1993-09-15,0.23102846441985198,0.23102846441985198,0.23102846441985198,0.23102846441985198,0.23102846441985198,0.23102846441985198,0.23102846441985198,0.23102846441985198,0.23102846441985198,0.23102846441985198,0.23102846441985198,0.23102846441985198,0.23102846441985198,0.23102846441985198,0.23102846441985198
1993-09-16,0.11388708143638245,0.11388708143638245,0.11388708143638245,0.11388708143638245,0.11388708143638245,0.11388708143638245,0.11388708143638245,0.11388708143638245,0.11388708143638245,0.11388708143638245,0.11388708143638245,0.11388708143638245,0.11388708143638245,0.11388708143638245,0.11388708143638245
1993-09-17,0.10834625660049678,0.10834625660049678,0.10834625660049678,0.10834625660049678,0.10834625660049678,0.10834625660049678,0.10834625660049678,0.10834625660049678,0.10834625660049678,0.10834625660049678,0.10834625660049678,0.10834625660049678,0.10834625660049678,0.10834625660049678,0.10834625660049678
1993-09-18,0.02774471694438495,0.02774471694438495,0.02774471694438495,0.02774471694438495,0.02774471694438495,0.02774471694438495,0.02774471694438495,0.02774471694438495,0.02774471694438495,0.02774471694438495,0.02774471694438495,0.02774471694438495,0.02774471694438495,0.02774471694438495,0.02774471694438495
1993-09-19,-0.12384209838730613,-0.12384209838730613,-0.12384209838730613,-0.12384209838730613,-0.12384209838730613,-0.12384209838730613,-0.12384209838730613,-0.12384209838730613,-0.12384209838730613,-0.12384209838730613,-0.12384209838730613,-0.12384209838730613,-0.12384209838730613,-0.12384209838730613,-0.12384209838730613
1993-09-20,-0.12686983546043268,-0.12686983546043268,-0.12686983546043268,-0.12686983546043268,-0.12686983546043268,-0.12686983546043268,-0.12686983546043268,-0.12686983546043268,-0.12686983546043268,-0.12686983546043268,-0.12686983546043268,-0.12686983546043268,-0.12686983546043268,-0.12686983546043268,-0.12686983546043268
1993-09-21,-0.06975921508007148,-0.06975921508007148,-0.06975921508007148,-0.06975921508007148,-0.06975921508007148,-0.06975921508007148,-0.06975921508007148,-0.06975921508007148,-0.06975921508007148,-0.06975921508007148,-0.06975921508007148,-0.06975921508007148,-0.06975921508007148,-0.06975921508007148,-0.06975921508007148
1993-09-22,-0.0740903358791895,-0.0740903358791895,-0.0740903358791895,-0.0740903358791895,-0.0740903358791895,-0.0740903358791895,-0.0740903358791895,-0.0740903358791895,-0.0740903358791895,-0.0740903358791895,-0.0740903358791895,-0.0740903358791895,-0.0740903358791895,-0.0740903358791895,-0.0740903358791895
1993-09-23,-0.049630521926480896,-0.049630521926480896,-0.049630521926480896,-0.049630521926480896,-0.049630521926480896,-0.049630521926480896,-0.049630521926480896,-0.049630521926480896,-0.049630521926480896,-0.049630521926480896,-0.049630521926480896,-0.049630521926480896,-0.049630521926480896,-0.049630521926480896,-0.049630521926480896
1993-09-24,-0.02198425487584706,-0.02198425487584706,-0.02198425487584706,-0.02198425487584706,-0.02198425487584706,-0.02198425487584706,-0.02198425487584706,-0.02198425487584706,-0.02198425487584706,-0.02198425487584706,-0.02198425487584706,-0.02198425487584706,-0.02198425487584706,-0.02198425487584706,-0.02198425487584706
1993-09-25,0.04163895862945407,0.04163895862945407,0.04163895862945407,0.04163895862945407,0.04163895862945407,0.04163895862945407,0.04163895862945407,0.04163895862945407,0.04163895862945407,0.04163895862945407,0.04163895862945407,0.04163895862945407,0.04163895862945407,0.04163895862945407,0.04163895862945407
1993-09-26,0.14712555204794034,0.14712555204794034,0.14712555204794034,0.14712555204794034,0.14712555204794034,0.14712555204794034,0.14712555204794034,0.14712555204794034,0.14712555204794034,0.14712555204794034,0.14712555204794034,0.14712555204794034,0.14712555204794034,0.14712555204794034,0.14712555204794034
1993-09-27,0.21511550748974237,0.21511550748974237,0.21511550748974237,0.21511550748974237,0.21511550748974237,0.21511550748974237,0.21511550748974237,0.21511550748974237,0.21511550748974237,0.21511550748974237,0.21511550748974237,0.21511550748974237,0.21511550748974237,0.21511550748974237,0.21511550748974237
1993-09-28,0.27222650342678106,0.27222650342678106,0.27222650342678106,0.27222650342678106,0.27222650342678106,0.27222650342678106,0.27222650342678106,0.27222650342678106,0.27222650342678106,0.27222650342678106,0.27222650342678106,0.27222650342678106,0.27222650342678106,0.27222650342678106,0.27222650342678106
1993-09-29,0.31955712384223517,0.31955712384223517,0.31955712384223517,0.31955712384223517,0.31955712384223517,0.31955712384223517,0.31955712384223517,0.31955712384223517,0.31955712384223517,0.31955712384223517,0.31955712384223517,0.31955712384223517,0.31955712384223517,0.31955712384223517,0.31955712384223517
1993-09-30,0.5428103568015201,0.5428103568015201,0.5428103568015201,0.5428103568015201,0.5428103568015201,0.5428103568015201,0.5428103568015201,0.5428103568015201,0.5428103568015201,0.5428103568015201,0.5428103568015201,0.5428103568015201,0.5428103568015201,0.5428103568015201,0.5428103568015201
1993-10-01,0.6177363839946662,0.6177363839946662,0.6177363839946662,0.6177363839946662,0.6177363839946662,0.6177363839946662,0.6177363839946662,0.6177363839946662,0.6177363839946662,0.6177363839946662,0.6177363839946662,0.6177363839946662,0.6177363839946662,0.6177363839946662,0.6177363839946662
1993-10-02,0.77151175366696,0.77151175366696,0.77151175366696,0.77151175366696,0.77151175366696,0.77151175366696,0.77151175366696,0.77151175366696,0.77151175366696,0.77151175366696,0.77151175366696,0.77151175366696,0.77151175366696,0.77151175366696,0.77151175366696
1993-10-03,1.0536820931659314,1.0536820931659314,1.0536820931659314,1.0536820931659314,1.0536820931659314,1.0536820931659314,1.0536820931659314,1.0536820931659314,1.0536820931659314,1.0536820931659314,1.0536820931659314,1.0536820931659314,1.0536820931659314,1.0536820931659314,1.0536820931659314
1993-10-04,1.1334673956545407,1.1334673956545407,1.1334673956545407,1.1334673956545407,1.1334673956545407,1.1334673956545407,1.1334673956545407,1.1334673956545407,1.1334673956545407,1.1334673956545407,1.1334673956545407,1.1334673956545407,1.1334673956545407,1.1334673956545407,1.1334673956545407
1993-10-05,0.9644117891348918,0.9644117891348918,0.9644117891348918,0.9644117891348918,0.9644117891348918,0.9644117891348918,0.9644117891348918,0.9644117891348918,0.9644117891348918,0.9644117891348918,0.9644117891348918,0.9644117891348918,0.9644117891348918,0.9644117891348918,0.9644117891348918
1993-10-06,0.8482266858145557,0.8482266858145557,0.8482266858145557,0.8482266858145557,0.8482266858145557,0.8482266858145557,0.8482266858145557,0.8482266858145557,0.8482266858145557,0.8482266858145557,0.8482266858145557,0.8482266858145557,0.8482266858145557,0.8482266858145557,0.8482266858145557
1993-10-07,0.8034805538830304,0.8034805538830304,0.8034805538830304,0.8034805538830304,0.8034805538830304,0.8034805538830304,0.8034805538830304,0.8034805538830304,0.8034805538830304,0.8034805538830304,0.8034805538830304,0.8034805538830304,0.8034805538830304,0.8034805538830304,0.8034805538830304
1993-10-08,0.6003646685967339,0.6003646685967339,0.6003646685967339,0.6003646685967339,0.6003646685967339,0.6003646685967339,0.6003646685967339,0.6003646685967339,0.6003646685967339,0.6003646685967339,0.6003646685967339,0.6003646685967339,0.6003646685967339,0.6003646685967339,0.6003646685967339
1993-10-09,0.7118929091161813,0.7118929091161813,0.7118929091161813,0.7118929091161813,0.7118929091161813,0.7118929091161813,0.7118929091161813,0.7118929091161813,0.7118929091161813,0.7118929091161813,0.7118929091161813,0.7118929091161813,0.7118929091161813,0.7118929091161813,0.7118929091161813
1993-10-10,0.710994075620835,0.710994075620835,0.710994075620835,0.710994075620835,0.710994075620835,0.710994075620835,0.710994075620835,0.710994075620835,0.710994075620835,0.710994075620835,0.710994075620835,0.710994075620835,0.710994075620835,0.710994075620835,0.710994075620835
1993-10-11,0.6447407546034714,0.6447407546034714,0.6447407546034714,0.6447407546034714,0.6447407546034714,0.6447407546034714,0.6447407546034714,0.6447407546034714,0.6447407546034714,0.6447407546034714,0.6447407546034714,0.6447407546034714,0.6447407546034714,0.6447407546034714,0.6447407546034714
1993-10-12,0.45038883901954785,0.45038883901954785,0.45038883901954785,0.45038883901954785,0.45038883901954785,0.45038883901954785,0.45038883901954785,0.45038883901954785,0.45038883901954785,0.45038883901954785,0.45038883901954785,0.45038883901954785,0.45038883901954785,0.45038883901954785,0.45038883901954785
1993-10-13,0.570893404885195,0.570893404885195,0.570893404885195,0.570893404885195,0.570893404885195,0.570893404885195,0.570893404885195,0.570893404885195,0.570893404885195,0.570893404885195,0.570893404885195,0.570893404885195,0.570893404885195,0.570893404885195,0.570893404885195
1993-10-14,0.42323263206591244,0.42323263206591244,0.42323263206591244,0.42323263206591244,0.42323263206591244,0.42323263206591244,0.42323263206591244,0.42323263206591244,0.42323263206591244,0.42323263206591244,0.42323263206591244,0.42323263206591244,0.42323263206591244,0.42323263206591244,0.42323263206591244
1993-10-15,0.4107565343636834,0.4107565343636834,0.4107565343636834,0.4107565343636834,0.4107565343636834,0.4107565343636834,0.4107565343636834,0.4107565343636834,0.4107565343636834,0.4107565343636834,0.4107565343636834,0.4107565343636834,0.4107565343636834,0.4107565343636834,0.4107565343636834
1993-10-16,0.2668418854443331,0.2668418854443331,0.2668418854443331,0.2668418854443331,0.2668418854443331,0.2668418854443331,0.2668418854443331,0.2668418854443331,0.2668418854443331,0.2668418854443331,0.2668418854443331,0.2668418854443331,0.2668418854443331,0.2668418854443331,0.2668418854443331
1993-10-17,0.20847929989153108,0.20847929989153108,0.20847929989153108,0.20847929989153108,0.20847929989153108,0.20847929989153108,0.20847929989153108,0.20847929989153108,0.20847929989153108,0.20847929989153108,0.20847929989153108,0.20847929989153108,0.20847929989153108,0.20847929989153108,0.20847929989153108
1993-10-18,0.2820090932503436,0.2820090932503436,0.2820090932503436,0.2820090932503436,0.2820090932503436,0.2820090932503436,0.2820090932503436,0.2820090932503436,0.2820090932503436,0.2820090932503436,0.2820090932503436,0.2820090932503436,0.2820090932503436,0.2820090932503436,0.2820090932503436
1993-10-19,0.34518427100911286,0.34518427100911286,0.34518427100911286,0.34518427100911286,0.34518427100911286,0.34518427100911286,0.34518427100911286,0.34518427100911286,0.34518427100911286,0.34518427100911286,0.34518427100911286,0.34518427100911286,0.34518427100911286,0.34518427100911286,0.34518427100911286
1993-10-20,0.5081350683313163,0.5081350683313163,0.5081350683313163,0.5081350683313163,0.5081350683313163,0.5081350683313163,0.5081350683313163,0.5081350683313163,0.5081350683313163,0.5081350683313163,0.5081350683313163,0.5081350683313163,0.5081350683313163,0.5081350683313163,0.5081350683313163
1993-10-21,0.7857056681361635,0.7857056681361635,0.7857056681361635,0.7857056681361635,0.7857056681361635,0.7857056681361635,0.7857056681361635,0.7857056681361635,0.7857056681361635,0.7857056681361635,0.7857056681361635,0.7857056681361635,0.7857056681361635,0.7857056681361635,0.7857056681361635
1993-10-22,0.7555117958696822,0.7555117958696822,0.7555117958696822,0.7555117958696822,0.7555117958696822,0.7555117958696822,0.7555117958696822,0.7555117958696822,0.7555117958696822,0.7555117958696822,0.7555117958696822,0.7555117958696822,0.7555117958696822,0.7555117958696822,0.7555117958696822
1993-10-23,0.3962644474236507,0.3962644474236507,0.3962644474236507,0.3962644474236507,0.3962644474236507,0.3962644474236507,0.3962644474236507,0.3962644474236507,0.3962644474236507,0.3962644474236507,0.3962644474236507,0.3962644474236507,0.3962644474236507,0.3962644474236507,0.3962644474236507
1993-10-24,-0.1390588498244931,-0.1390588498244931,-0.1390588498244931,-0.1390588498244931,-0.1390588498244931,-0.1390588498244931,-0.1390588498244931,-0.1390588498244931,-0.1390588498244931,-0.1390588498244931,-0.1390588498244931,-0.1390588498244931,-0.1390588498244931,-0.1390588498244931,-0.1390588498244931
1993-10-25,-0.622977702284941,-0.622977702284941,-0.622977702284941,-0.622977702284941,-0.622977702284941,-0.622977702284941,-0.622977702284941,-0.622977702284941,-0.622977702284941,-0.622977702284941,-0.622977702284941,-0.622977702284941,-0.622977702284941,-0.622977702284941,-0.622977702284941
1993-10-26,-1.1241063309318413,-1.1241063309318413,-1.1241063309318413,-1.1241063309318413,-1.1241063309318413,-1.1241063309318413,-1.1241063309318413,-1.1241063309318413,-1.1241063309318413,-1.1241063309318413,-1.1241063309318413,-1.1241063309318413,-1.1241063309318413,-1.1241063309318413,-1.1241063309318413
1993-10-27,-1.4375065336986932,-1.4375065336986932,-1.4375065336986932,-1.4375065336986932,-1.4375065336986932,-1.4375065336986932,-1.4375065336986932,-1.4375065336986932,-1.4375065336986932,-1.4375065336986932,-1.4375065336986932,-1.4375065336986932,-1.4375065336986932,-1.4375065336986932,-1.4375065336986932
1993-10-28,-1.4204912549718776,-1.4204912549718776,-1.4204912549718776,-1.4204912549718776,-1.4204912549718776,-1.4204912549718776,-1.4204912549718776,-1.4204912549718776,-1.4204912549718776,-1.4204912549718776,-1.4204912549718776,-1.4204912549718776,-1.4204912549718776,-1.4204912549718776,-1.4204912549718776
1993-10-29,-1.5281335590558944,-1.5281335590558944,-1.5281335590558944,-1.5281335590558944,-1.5281335590558944,-1.5281335590558944,-1.5281335590558944,-1.5281335590558944,-1.5281335590558944,-1.5281335590558944,-1.5281335590558944,-1.5281335590558944,-1.5281335590558944,-1.5281335590558944,-1.5281335590558944
1993-10-30,-1.6632539084787161,-1.6632539084787161,-1.6632539084787161,-1.6632539084787161,-1.6632539084787161,-1.6632539084787161,-1.6632539084787161,-1.6632539084787161,-1.6632539084787161,-1.6632539084787161,-1.6632539084787161,-1.6632539084787161,-1.6632539084787161,-1.6632539084787161,-1.6632539084787161
1993-10-31,-1.6422218001673203,-1.6422218001673203,-1.6422218001673203,-1.6422218001673203,-1.6422218001673203,-1.6422218001673203,-1.6422218001673203,-1.6422218001673203,-1.6422218001673203,-1.6422218001673203,-1.6422218001673203,-1.6422218001673203,-1.6422218001673203,-1.6422218001673203,-1.6422218001673203
1993-11-01,-1.4020131354506264,-1.4020131354506264,-1.4020131354506264,-1.4020131354506264,-1.4020131354506264,-1.4020131354506264,-1.4020131354506264,-1.4020131354506264,-1.4020131354506264,-1.4020131354506264,-1.4020131354506264,-1.4020131354506264,-1.4020131354506264,-1.4020131354506264,-1.4020131354506264
1993-11-02,-1.1645979165999445,-1.1645979165999445,-1.1645979165999445,-1.1645979165999445,-1.1645979165999445,-1.1645979165999445,-1.1645979165999445,-1.1645979165999445,-1.1645979165999445,-1.1645979165999445,-1.1645979165999445,-1.1645979165999445,-1.1645979165999445,-1.1645979165999445,-1.1645979165999445
1993-11-03,-1.023369112989645,-1.023369112989645,-1.023369112989645,-1.023369112989645,-1.023369112989645,-1.023369112989645,-1.023369112989645,-1.023369112989645,-1.023369112989645,-1.023369112989645,-1.023369112989645,-1.023369112989645,-1.023369112989645,-1.023369112989645,-1.023369112989645
1993-11-04,-1.1193506244378824,-1.1193506244378824,-1.1193506244378824,-1.1193506244378824,-1.1193506244378824,-1.1193506244378824,-1.1193506244378824,-1.1193506244378824,-1.1193506244378824,-1.1193506244378824,-1.1193506244378824,-1.1193506244378824,-1.1193506244378824,-1.1193506244378824,-1.1193506244378824
1993-11-05,-0.7301403243067145,-0.7301403243067145,-0.7301403243067145,-0.7301403243067145,-0.7301403243067145,-0.7301403243067145,-0.7301403243067145,-0.7301403243067145,-0.7301403243067145,-0.7301403243067145,-0.7301403243067145,-0.7301403243067145,-0.7301403243067145,-0.7301403243067145,-0.7301403243067145
1993-11-06,-0.4765585385865369,-0.4765585385865369,-0.4765585385865369,-0.4765585385865369,-0.4765585385865369,-0.4765585385865369,-0.4765585385865369,-0.4765585385865369,-0.4765585385865369,-0.4765585385865369,-0.4765585385865369,-0.4765585385865369,-0.4765585385865369,-0.4765585385865369,-0.4765585385865369
1993-11-07,-0.19164582463495297,-0.19164582463495297,-0.19164582463495297,-0.19164582463495297,-0.19164582463495297,-0.19164582463495297,-0.19164582463495297,-0.19164582463495297,-0.19164582463495297,-0.19164582463495297,-0.19164582463495297,-0.19164582463495297,-0.19164582463495297,-0.19164582463495297,-0.19164582463495297
1993-11-08,0.07698375021238081,0.07698375021238081,0.07698375021238081,0.07698375021238081,0.07698375021238081,0.07698375021238081,0.07698375021238081,0.07698375021238081,0.07698375021238081,0.07698375021238081,0.07698375021238081,0.07698375021238081,0.07698375021238081,0.07698375021238081,0.07698375021238081
1993-11-09,0.5509096387395983,0.5509096387395983,0.5509096387395983,0.5509096387395983,0.5509096387395983,0.5509096387395983,0.5509096387395983,0.5509096387395983,0.5509096387395983,0.5509096387395983,0.5509096387395983,0.5509096387395983,0.5509096387395983,0.5509096387395983,0.5509096387395983
1993-11-10,0.8626535991427781,0.8626535991427781,0.8626535991427781,0.8626535991427781,0.8626535991427781,0.8626535991427781,0.8626535991427781,0.8626535991427781,0.8626535991427781,0.8626535991427781,0.8626535991427781,0.8626535991427781,0.8626535991427781,0.8626535991427781,0.8626535991427781
1993-11-11,1.1701411479495005,1.1701411479495005,1.1701411479495005,1.1701411479495005,1.1701411479495005,1.1701411479495005,1.1701411479495005,1.1701411479495005,1.1701411479495005,1.1701411479495005,1.1701411479495005,1.1701411479495005,1.1701411479495005,1.1701411479495005,1.1701411479495005
1993-11-12,1.3805908207471935,1.3805908207471935,1.3805908207471935,1.3805908207471935,1.3805908207471935,1.3805908207471935,1.3805908207471935,1.3805908207471935,1.3805908207471935,1.3805908207471935,1.3805908207471935,1.3805908207471935,1.3805908207471935,1.3805908207471935,1.3805908207471935
1993-11-13,1.4422331970022284,1.4422331970022284,1.4422331970022284,1.4422331970022284,1.4422331970022284,1.4422331970022284,1.4422331970022284,1.4422331970022284,1.4422331970022284,1.4422331970022284,1.4422331970022284,1.4422331970022284,1.4422331970022284,1.4422331970022284,1.4422331970022284
1993-11-14,0.8235644988386569,0.8235644988386569,0.8235644988386569,0.8235644988386569,0.8235644988386569,0.8235644988386569,0.8235644988386569,0.8235644988386569,0.8235644988386569,0.8235644988386569,0.8235644988386569,0.8235644988386569,0.8235644988386569,0.8235644988386569,0.8235644988386569
1993-11-15,0.5040189901138633,0.5040189901138633,0.5040189901138633,0.5040189901138633,0.5040189901138633,0.5040189901138633,0.5040189901138633,0.5040189901138633,0.5040189901138633,0.5040189901138633,0.5040189901138633,0.5040189901138633,0.5040189901138633,0.5040189901138633,0.5040189901138633
1993-11-16,0.40447942418450694,0.40447942418450694,0.40447942418450694,0.40447942418450694,0.40447942418450694,0.40447942418450694,0.40447942418450694,0.40447942418450694,0.40447942418450694,0.40447942418450694,0.40447942418450694,0.40447942418450694,0.40447942418450694,0.40447942418450694,0.40447942418450694
1993-11-17,0.4567504852638089,0.4567504852638089,0.4567504852638089,0.4567504852638089,0.4567504852638089,0.4567504852638089,0.4567504852638089,0.4567504852638089,0.4567504852638089,0.4567504852638089,0.4567504852638089,0.4567504852638089,0.4567504852638089,0.4567504852638089,0.4567504852638089
1993-11-18,0.09597697056343087,0.09597697056343087,0.09597697056343087,0.09597697056343087,0.09597697056343087,0.09597697056343087,0.09597697056343087,0.09597697056343087,0.09597697056343087,0.09597697056343087,0.09597697056343087,0.09597697056343087,0.09597697056343087,0.09597697056343087,0.09597697056343087
1993-11-19,-0.27014027136388635,-0.27014027136388635,-0.27014027136388635,-0.27014027136388635,-0.27014027136388635,-0.27014027136388635,-0.27014027136388635,-0.27014027136388635,-0.27014027136388635,-0.27014027136388635,-0.27014027136388635,-0.27014027136388635,-0.27014027136388635,-0.27014027136388635,-0.27014027136388635
1993-11-20,-0.5153186838467994,-0.5153186838467994,-0.5153186838467994,-0.5153186838467994,-0.5153186838467994,-0.5153186838467994,-0.5153186838467994,-0.5153186838467994,-0.5153186838467994,-0.5153186838467994,-0.5153186838467994,-0.5153186838467994,-0.5153186838467994,-0.5153186838467994,-0.5153186838467994
1993-11-21,-0.5859418965359362,-0.5859418965359362,-0.5859418965359362,-0.5859418965359362,-0.5859418965359362,-0.5859418965359362,-0.5859418965359362,-0.5859418965359362,-0.5859418965359362,-0.5859418965359362,-0.5859418965359362,-0.5859418965359362,-0.5859418965359362,-0.5859418965359362,-0.5859418965359362
1993-11-22,-0.6230220218836087,-0.6230220218836087,-0.6230220218836087,-0.6230220218836087,-0.6230220218836087,-0.6230220218836087,-0.6230220218836087,-0.6230220218836087,-0.6230220218836087,-0.6230220218836087,-0.6230220218836087,-0.6230220218836087,-0.6230220218836087,-0.6230220218836087,-0.6230220218836087
1993-11-23,-0.5003361469357661,-0.5003361469357661,-0.5003361469357661,-0.5003361469357661,-0.5003361469357661,-0.5003361469357661,-0.5003361469357661,-0.5003361469357661,-0.5003361469357661,-0.5003361469357661,-0.5003361469357661,-0.5003361469357661,-0.5003361469357661,-0.5003361469357661,-0.5003361469357661
1993-11-24,-0.5640329668266818,-0.5640329668266818,-0.5640329668266818,-0.5640329668266818,-0.5640329668266818,-0.5640329668266818,-0.5640329668266818,-0.5640329668266818,-0.5640329668266818,-0.5640329668266818,-0.5640329668266818,-0.5640329668266818,-0.5640329668266818,-0.5640329668266818,-0.5640329668266818
1993-11-25,-0.5230442949168077,-0.5230442949168077,-0.5230442949168077,-0.5230442949168077,-0.5230442949168077,-0.5230442949168077,-0.5230442949168077,-0.5230442949168077,-0.5230442949168077,-0.5230442949168077,-0.5230442949168077,-0.5230442949168077,-0.5230442949168077,-0.5230442949168077,-0.5230442949168077
1993-11-26,-0.39096012803723307,-0.39096012803723307,-0.39096012803723307,-0.39096012803723307,-0.39096012803723307,-0.39096012803723307,-0.39096012803723307,-0.39096012803723307,-0.39096012803723307,-0.39096012803723307,-0.39096012803723307,-0.39096012803723307,-0.39096012803723307,-0.39096012803723307,-0.39096012803723307
1993-11-27,-0.4963677493428349,-0.4963677493428349,-0.4963677493428349,-0.4963677493428349,-0.4963677493428349,-0.4963677493428349,-0.4963677493428349,-0.4963677493428349,-0.4963677493428349,-0.4963677493428349,-0.4963677493428349,-0.4963677493428349,-0.4963677493428349,-0.4963677493428349,-0.4963677493428349
1993-11-28,-0.617659577752654,-0.617659577752654,-0.617659577752654,-0.617659577752654,-0.617659577752654,-0.617659577752654,-0.617659577752654,-0.617659577752654,-0.617659577752654,-0.617659577752654,-0.617659577752654,-0.617659577752654,-0.617659577752654,-0.617659577752654,-0.617659577752654
1993-11-29,-0.3633981879669641,-0.3633981879669641,-0.3633981879669641,-0.3633981879669641,-0.3633981879669641,-0.3633981879669641,-0.3633981879669641,-0.3633981879669641,-0.3633981879669641,-0.3633981879669641,-0.3633981879669641,-0.3633981879669641,-0.3633981879669641,-0.3633981879669641,-0.3633981879669641
1993-11-30,0.20551879256753278,0.20551879256753278,0.20551879256753278,0.20551879256753278,0.20551879256753278,0.20551879256753278,0.20551879256753278,0.20551879256753278,0.20551879256753278,0.20551879256753278,0.20551879256753278,0.20551879256753278,0.20551879256753278,0.20551879256753278,0.20551879256753278
1993-12-01,0.4558376201994112,0.4558376201994112,0.4558376201994112,0.4558376201994112,0.4558376201994112,0.4558376201994112,0.4558376201994112,0.4558376201994112,0.4558376201994112,0.4558376201994112,0.4558376201994112,0.4558376201994112,0.4558376201994112,0.4558376201994112,0.4558376201994112
1993-12-02,0.7402340003939847,0.7402340003939847,0.7402340003939847,0.7402340003939847,0.7402340003939847,0.7402340003939847,0.7402340003939847,0.7402340003939847,0.7402340003939847,0.7402340003939847,0.7402340003939847,0.7402340003939847,0.7402340003939847,0.7402340003939847,0.7402340003939847
1993-12-03,0.8604937436286078,0.8604937436286078,0.8604937436286078,0.8604937436286078,0.8604937436286078,0.8604937436286078,0.8604937436286078,0.8604937436286078,0.8604937436286078,0.8604937436286078,0.8604937436286078,0.8604937436286078,0.8604937436286078,0.8604937436286078,0.8604937436286078
1993-12-04,0.9347495165440466,0.9347495165440466,0.9347495165440466,0.9347495165440466,0.9347495165440466,0.9347495165440466,0.9347495165440466,0.9347495165440466,0.9347495165440466,0.9347495165440466,0.9347495165440466,0.9347495165440466,0.9347495165440466,0.9347495165440466,0.9347495165440466
1993-12-05,0.5054297438343427,0.5180122291264447,0.5920480753164943,0.49622959977113035,0.535254765265273,0.5547065677753679,0.610482371208672,0.5359820204462665,0.45481092905378256,0.634000669104637,0.6636352010407011,0.5752098215132816,0.49981484596443176,0.599778836309412,0.5861971700529288
1993-12-06,0.6751902806012297,0.7002440332481177,0.6812802249264583,0.8451573357163716,0.8346475223509946,0.843100304778469,0.9161598528669433,0.7633078596288165,0.6004696489640264,0.9025732853492449,0.8677470442415197,0.8539143681391828,0.9015591951829888,0.8952482010608646,0.7453911437686761
1993-12-07,0.6582826541874356,0.6998709804657475,0.6510982438308005,1.1358999958089346,0.8397373366838369,0.8464710517535515,0.8311393005504807,0.7393100098983941,0.4717167430016424,0.977267542581743,0.8571118610487979,0.6617728831478158,1.1024452815572086,1.04511131584338,0.727361372396399
1993-12-08,0.43640768071668623,0.6054498927971771,0.39476074100423975,1.3013157240731419,0.5685107698566285,0.8053004938671828,0.5760786647118504,0.6062422218730349,0.5327480701873648,1.1520305434071518,0.8267533032956975,0.5554184895697037,0.9299349283171395,0.7470310105529667,0.6702668411505045
1993-12-09,0.4416324775581909,0.555762942811884,0.18123210195374012,1.1716373386242778,0.589190594356544,0.86549726440787,0.42744772202388825,0.8590321346293633,0.5411991627421164,1.0677733954967825,0.6981488580319349,0.39238045891839674,0.8177813724842684,0.634241563741323,0.7204396136252903
1993-12-10,0.34176670318942204,0.5403029669825328,0.20365671258161955,1.0731646289486705,0.4187518698864526,0.9319611482251617,0.3409761910455058,0.765921746624731,0.32428505120711815,0.93084902274419,0.677180526640969,0.24786018574501378,0.5731170660658069,0.5380173725108395,0.5798750541322267
1993-12-11,0.3379891527055302,0.7129795758699372,0.39979308256558915,0.6381796376467817,0.32546449914613446,0.69331675498544,0.2486007246981982,0.7050294982329991,0.05950202599005107,0.583820175974052,0.6581898606067538,0.21335595645430055,0.5210105548206605,0.3094959954803039,0.43476659045446986
1993-12-12,0.16757439921240994,0.7472330376628319,0.4883500800616779,0.37469135041949525,0.15635089901094334,0.5183470270071205,0.22954934778732175,0.3057317691324113,0.21479428784566876,0.14210343195118025,0.3578404128176748,0.08433463739999564,0.4987962071331862,0.06423419232858515,0.15936564845665585
1993-12-13,0.03881341062956454,0.7354382814645647,0.5754151740938409,0.2390359781895949,0.015935873387868588,0.18583195238023462,0.5006897091437623,0.3838790204240733,0.31193491929552614,0.019132112183651195,-0.04203720400058011,0.03790425352556358,0.40317098652726663,-0.12187956012257094,0.05881314265713014
1993-12-14,-0.11759287145007408,0.7309932367054959,0.8734340665405527,0.21519530632000586,-0.1104050216453416,0.02665835802603944,0.524072552285852,0.28835298494018474,0.38228629743371334,-0.21693775233851653,-0.3499552273003139,-0.19281523599662437,0.32984240022442946,-0.229143211753414,0.1981058328969491
1993-12-15,-0.3125956232489392,0.8714294114867444,1.1539222225713595,-0.38772873221671106,-0.09652353578163593,-0.19912110555437942,0.6562174462565227,0.19229466174764426,0.19543678172380552,-0.27755466615401775,-0.48707542824294425,-0.38282132187301676,-0.008980545828894664,-0.5691849615246298,-0.09814043814545981
1993-12-16,-0.465951556617645,0.601612477673323,1.021366496296317,-0.4782076642176163,-0.1716472273261682,-0.48797562163080965,0.8004894043182567,0.20942853073868908,0.13026402265063838,-0.8164892101593603,-0.7576398313033958,-0.5500499137220541,-0.1109852316614228,-0.751934936678282,0.0009227837701775323
1993-12-17,-0.4515694637824136,0.31552107356618764,1.0142418651853524,-0.20369720036436165,-0.316207157330936,-0.40030950012022243,0.8769520415203659,0.2491729460759559,-0.015446518581871654,-0.6806078818790807,-0.8714357516364494,-0.4972835977435353,-0.24148375396813093,-0.8099563565210322,-0.009108101164791564
1993-12-18,-0.46278289917917026,0.06618282349394357,0.5827857998410078,-0.6652843111019997,-0.7080352110034905,-0.4833359199962169,0.6763002956272703,0.28184297201184255,-0.3337469344782837,-0.23832685754023622,-0.7263147661047288,-0.29337568740217707,-0.5346446863673667,-0.8058163333542306,-0.12346582873261769
1993-12-19,-0.21565348098980838,0.023824040173370073,0.11304835945595755,-0.7775501387599635,-0.812933470062853,-0.41007322186755313,0.6651282122392558,0.42933061999199107,-0.4426694158089866,-0.11022474995621774,-0.5795377128497375,0.15770202880091305,-0.548700398538633,-0.9022160914689454,-0.29717229263794365
1993-12-20,0.016704963286143067,0.0263733387466792,-0.2624286921118479,-0.8435595960107144,-0.8835904794511035,-0.3648641553945634,0.2948611552170631,0.2723391789689002,-0.15454814202214312,-0.2063457722191283,-0.3215061700722197,0.1937823515954746,-0.44698837116579326,-0.666245395044332,0.0728366937064237
1993-12-21,0.18994538812229414,0.2570100591657974,-0.45960589893754084,-0.9366669160259292,-0.8200309966634163,-0.4485208279982928,0.30745135962479925,0.22887791684214526,0.13635704351352562,-0.025118018075639646,-0.49409540010829156,0.4226673098766735,-0.3253509576237504,-0.3473154522271079,-0.04739747309189732
1993-12-22,0.2646451621606191,0.4865023963848339,-0.8128721940626804,-0.5089211955311309,-0.3818794417934897,-0.5207292660218145,0.027066090590447785,0.5022553438703846,0.16256502904710876,-0.08307580397171986,-0.5367171330989738,0.5460429313362137,-0.4232926371556723,-0.3114287285784455,-0.0450010977765009
1993-12-23,0.35051274835223944,0.5642686963627823,-0.8493995794620495,-0.07846341629479847,-0.005736124049108025,-0.44728568410017455,-0.4088069347468026,0.7401319882870109,0.14707009938435917,-0.0905591428411782,-0.40241168641071895,0.7784122587723072,0.018945450280741762,-0.14951592300302746,-0.27522576563131157
1993-12-24,0.5297505599660718,0.5039268063431503,-0.8760048574778562,0.42059498660699607,0.29096952395930337,-0.025573171637800703,-0.6143275503572703,0.4415981723415739,-0.05957953910447904,-0.21297776714896013,0.07747486228294993,0.9536036126694958,0.43130514849480134,0.07721431013765068,-0.16231149054490368
1993-12-25,0.8399022849335049,0.4530275224216534,-0.8440826145286121,0.7738191278554228,0.2592576345126324,0.30158879611154504,-0.32382175853638767,0.20818540020279852,-0.036695098779809254,-0.34076142585041874,0.46190332296272335,1.5308526349117808,0.9306763491544071,0.4642820936072668,0.0552515566304948
1993-12-26,0.864795023537659,0.3252000018269666,-0.7887247045475991,1.0645322103609085,0.21535889834558405,0.3769146662029428,0.06854237063884396,0.341963328810292,-0.251714103412827,-0.0731072346495604,0.7318020450822343,1.7026288578227742,0.8464140585527483,0.6282411505644403,-0.041487089163237637
1993-12-27,0.7472784876526026,0.26275959467715837,-0.8197198287615088,1.0730060216633697,-0.04191803595486544,0.4367416042727704,0.1574565576825186,0.4053718911434071,-0.4201102744877926,0.2654898496935866,0.9841048707711172,1.8369800586266465,0.7610802948372403,1.0808275803813285,-0.30197297764792913
1993-12-28,0.48089897963737344,-0.0738975281683907,-0.9838160661479326,1.1730604848415744,-0.1537723082609146,0.32751104597266506,0.35101126297697954,0.42062135331402806,-0.6172862206545201,0.6892715333799279,1.204615593749736,1.538116468180953,0.5694841660181537,1.1528835915221811,-0.4317351076285946
1993-12-29,0.29372294086618256,-0.6252973922982027,-1.1580115853114603,1.2224679279122435,-0.06983001886503193,0.3109032743547877,0.3233027801809892,0.32817655110720295,-0.8356097687881537,0.7448401298378529,0.9958939992429533,1.365714176077935,0.20976095822314833,1.1595933239134337,-0.18524264489205802
1993-12-30,0.09128403101196525,-1.1603364170183166,-0.9634146074247815,1.4672067996673799,-0.2989717782539423,0.21051449154216287,0.17715039903244978,0.2816760206543616,-0.8833146070940864,0.3241081221113223,0.9442126303226133,0.9450425374738959,0.011019132117659416,0.6838452798112707,0.37540268305007796
1993-12-31,-0.08139212734360625,-1.4241174373510446,-0.6679566910297594,1.4750351025579684,-0.08268974830243608,-0.11023684422520443,-0.1045870086105584,0.29677139241041817,-1.2128720731509448,0.06726377654816659,1.0962052348980476,0.8083340620280678,-0.05285249910162286,0.3510914980315643,0.7614904521010677
1994-01-01,-0.040456539960518186,-1.3762866885441902,-0.5740232904724331,1.197194407402738,0.15381092560723666,-0.20024890032045306,-0.6672503964539951,0.3949769446266448,-1.128956577554096,-0.12489453936279288,1.1840128218667492,0.6898379886896028,-0.4161328743102338,0.43386607934268867,0.8550883291256911
1994-01-02,-0.1750683121450671,-1.5314205485775614,-0.5416064033839056,0.9829512855197235,0.08059165952832803,-0.17934304286803765,-1.1501526804431064,0.13414613516435128,-0.7978254075823379,0.0627364205602179,1.1092775893893239,0.6798103826643134,-0.5597729462744913,0.523344621871255,0.8830725546832866
1994-01-03,-0.19995876304290308,-1.582307585393736,-0.2771404246922803,0.5677472409450335,-0.11780545974418744,-0.3777218603529208,-1.5283394972651274,-0.05903936747317364,-0.5480103751835117,0.14460841533321495,0.858091353498402,0.6357535052296073,-0.4045636578949489,0.7274220254107391,1.1549919777667317
1994-01-04,-0.11925253138815801,-1.4196673190219082,0.0006079041787641083,0.2070851953402832,-0.037316720596009656,-0.7999088901036709,-1.664360012417827,0.09135293582738309,-0.6962822590212433,-0.08450510409191987,0.7204788450828411,0.7090021523201755,-0.5549383780511609,0.7187379749060784,1.297542710741626
1994-01-05,-0.13083159051020657,-0.8195696174939648,0.2924802666365371,-0.4268503759158791,-0.3042590779053692,-1.1191420495149755,-1.6106962895932762,-0.047303343085410884,-0.3252353528889342,-0.32889793404375,0.39756148870545494,0.8574270589484153,-0.4183944743578068,0.7718861583466157,1.3200571587859544
1994-01-06,-0.27537536974204907,-0.397320924963519,0.24788528364912388,-0.8327523954755106,-0.5662413020851783,-1.2150413906666755,-1.494749654625904,-0.2794020461379858,0.12216999955871857,-0.36620842334841885,0.3642034922999571,0.8729738943966662,-0.026443696438315244,0.7062038177214202,1.5480460001617529
1994-01-07,-0.5321633289610098,0.05162151690607122,0.32934468900546104,-0.6734076105174573,-0.5613246779629626,-1.3564231831112115,-1.413905623727594,-0.49425729388589434,0.11633321527457871,-0.5251985789075786,-0.05052290418540235,0.47150178108774743,0.22771828618045625,0.5683442278597872,1.5196290005798925
1994-01-08,-0.39622641015683097,0.12601160950681028,0.42250381195744136,-0.07896828447091855,-0.47954738703502453,-1.4488087336490225,-1.4960615522728027,-0.6504469778265339,0.13472546686041323,-0.767020147947243,-0.19872535548637552,0.17472587962549213,0.5056642430180741,0.5738144643150087,1.482528367714284
1994-01-09,-0.34454244635934833,0.21085263606395624,0.04886456552445085,0.2755582290466627,-0.6675064018493078,-1.0362726032878171,-1.3712098137336235,-0.6333663341730401,0.19240539402656812,-0.7058989310420692,-0.294926302509591,0.012751646612433457,0.8630709619365845,0.5466224442663783,1.290501687813301
1994-01-10,-0.28993751923445543,0.39212282751811184,-0.5517713075221948,0.4173118021567903,-0.6754246530361127,-0.8133006146928456,-1.3950539674936806,-0.7888058326734817,0.10495579127053445,-0.5764749848193975,-0.27946889732347985,-0.2998764455064271,0.7289982063689956,0.7291322901535451,1.0328472715969035
1994-01-11,-0.2682858243758606,0.5059183013716548,-0.9892265462864492,0.3803959108185102,-0.7108959615529274,-0.7071937342200252,-1.541683821769879,-1.1516427590279457,-0.08228809004950113,-0.36473898070017563,-0.04327852107617645,-0.5183891656649412,0.8006146917664375,0.6514288392721257,0.481994036382853
1994-01-12,-0.2278101894972516,0.2812470197523726,-1.2873553835569624,0.6646485626333745,-0.5672768041267762,-0.5219930299812685,-1.4627050863368767,-1.2136702611179924,-0.5055395570481771,-0.6539743061928053,0.11805287729823982,-0.39160923315619717,0.699275012794589,0.42069637315500663,0.25528665061307065
1994-01-13,-0.16232645724061295,-0.11069121311036015,-1.7943473932451721,0.8376145626257946,-0.36972853507172426,-0.5457882327847372,-1.4380226646231797,-1.2204690312689965,-0.7651133808817379,-0.36374785948874305,0.24506141364387826,-0.22265876832209314,0.5655061024437106,-0.08104166674304998,0.0071978585042395595
1994-01-14,0.030379085688409517,-0.5198552664682943,-1.7593511441434397,0.9671352106419749,-0.2634121149464862,-0.5374891409526439,-1.4148076372720464,-1.4194813006581684,-0.838009911832027,-0.06817096792346171,0.2711824270042461,-0.1377538640645227,0.288302756786564,-0.3003792300306145,-0.3710049656848057
1994-01-15,0.14323876399713462,-0.6365098299922712,-1.461596224463216,1.2090631742151694,-0.32239248852518165,-0.25477291077606845,-1.495800562053909,-1.836046813423386,-0.7677863725957135,0.02560041963524936,-0.13726249204755075,0.006534534594724905,0.17389428748803198,-0.25932664276325074,-0.451538461151301
1994-01-16,0.2544726287149635,-0.7208163651441639,-1.3346431227567854,1.1902741001807617,-0.5978879212727777,0.11647317170801744,-1.7684671773763334,-1.6237907091526065,-0.5050597434300933,0.27796254777048196,0.05185716678090406,0.04367170579854939,-0.07289134082649353,-0.4034578920327578,-0.4898869753963599
1994-01-17,0.3552337937387587,-0.7807243914634584,-1.2863026097732517,0.9281026992291593,-0.7339767537954489,0.42048060324951914,-1.397078672540771,-1.5782828337601376,-0.5316080792473676,0.6825590302175333,-0.03915395598007328,0.15013816346973216,-0.3945300698042448,-0.9317717622321768,-0.36507167545368946
1994-01-18,0.36311350918709956,-0.8810037536626438,-1.1528177475880237,0.7349415846810423,-1.1435001551204333,0.5055606906666672,-0.9900153999102819,-1.4994398007781355,-0.28879233947834954,0.8768487728687725,-0.15517893983767128,0.11809183743575301,-0.7956878538098698,-1.243078476548748,-0.36714770260637847
1994-01-19,0.35475499238489144,-0.5583308894787868,-0.9995156594041374,0.7678861016092078,-1.2961101231356797,0.2189805803823482,-0.6367925502219783,-1.3596713942055167,0.10685590918490712,1.1731189041865162,-0.2205653835543848,0.06383534070750828,-0.9797943114599807,-1.2782163402124176,-0.25792517066942977
1994-01-20,0.24037446823472977,0.0700117542396616,-0.5633162869003805,0.8564565276775288,-0.9977763406692101,-0.11783966286113991,-0.8612844147565569,-1.6221964055574842,0.47039688939532165,1.5021788642576888,0.12682063290053322,-0.10085794768548667,-1.0552007256314482,-1.1933369825696674,-0.08801003337016214
1994-01-21,-0.014457375884089345,0.33120031365325037,-0.21733857112687055,1.1308419566818624,-0.46408412424049633,-0.3652257174675094,-0.9276198414003521,-1.5924839340553691,0.5992614447452707,1.535647461091352,0.8810026622224614,0.06634452824148214,-1.2704483208929775,-1.0529127747682157,0.06521772117596245
1994-01-22,0.008052676037119974,0.3953617591894072,-0.22125831487969178,1.264331680454697,-0.20791170806641232,-0.25536775441912457,-0.7779788437355611,-1.3943710285166728,0.9354281873715664,1.4958045828778102,1.1192658602535928,-0.038903413102318415,-1.2375494334952681,-0.876526658146875,0.1123850924056044
1994-01-23,0.05456412887148831,0.3300909187970734,-0.06109445612226053,1.5493184215284055,-0.13031549292571173,-0.29555651251155973,-0.4083731135873537,-1.2629904750369088,0.9838032318851253,1.3466291941814086,0.8382120455226251,-0.38568929665541374,-1.1020086161149312,-0.8957744843739729,0.06280041735388903
1994-01-24,0.053491717298327295,0.20754127782583173,-0.010816455411466305,1.5845453663805664,-0.228930246148742,-0.1311243280341428,-0.13469222849729465,-0.9369348387211328,1.1950859782474141,0.9552011556022713,0.18696614663268468,-0.10650367177053445,-0.9359449013385628,-0.8981201790537182,0.47216995453044047
1994-01-25,0.011392324557606723,-0.23249618900711297,0.17028728430731757,1.1443324622271138,-0.27768365082869867,0.48460641639222113,-0.2118640450113654,-0.8650605112406515,1.247385800165057,0.37031458099916237,0.005860480253337713,0.043502288927646675,-0.7562912005094056,-1.1708134842973483,0.9881508271390546
1994-01-26,0.06841003077126004,-0.655302372017498,0.39826562912590724,1.1287411545214916,-0.1310128598648418,0.606730825576274,-0.3189579136179484,-0.6344215657139699,0.9895409287263638,-0.00561088549097172,-0.5574600600884165,0.03931955109712103,-0.6369614733010687,-1.3011218595310392,1.3455867048091132
1994-01-27,0.09921971350816636,-0.7374220156516732,0.4861784042678613,1.0735133050923478,-0.06707605285430701,0.6116215813556531,-0.29201125620107404,-0.23606620091355385,1.1114126647513485,-0.3209466637961107,-0.6497406767533848,-0.015698955841355673,-0.4475408124211487,-1.5022558031736228,1.4166228966810575
1994-01-28,0.23270345331646106,-0.6461047061692652,1.1089839536268307,1.1948338799363678,0.2911130411621131,0.4576578849683562,-0.04180209292500567,-0.10196384176477091,1.1802592549702984,-0.7082310795168824,-0.43383410094368763,-0.0018035536324735332,-0.38065561087362354,-1.7002165107135483,1.4830013647338987
1994-01-29,0.41898615422675195,-0.43782427149433134,1.1724931166517618,1.0617280492136065,0.5443969534490649,0.5237266153248294,0.048927803226597864,0.16461406771108397,1.16977449577139,-0.909850810078426,-0.933056758539697,-0.0028397881010466257,0.1485876571259985,-2.094380618396986,1.5641029785832936
1994-01-30,0.449192862747865,-0.10423810315063171,1.177464512037685,1.0360632599329045,0.7467354773609133,0.5325083816134002,-0.08670440361524143,0.5602078886079728,0.8879494291387231,-0.707703353725251,-1.0519043201669975,-0.07270648595366724,0.42746376124943003,-2.350685164423328,1.2458207008722946
1994-01-31,0.5639465707947986,-0.06694291752048322,0.5876276022531736,0.976200732740903,1.0796792439038236,0.4024154539912798,-0.31356816417506356,0.6124650611707542,0.609352266991118,-0.9226600217956588,-1.0181825001735807,-0.21331846734927976,0.8938649051509622,-2.3746662225706983,0.9895453836110568
1994-02-01,0.6553687463655796,0.2371432747947339,0.3354266686143347,0.7531246849186995,1.5879135790841603,0.46383449333309956,-0.7158058587213394,0.8681806266499673,0.6203744752931207,-1.039574098805448,-1.0389200384490513,0.11644254011041438,1.2808683425209957,-2.2386828397865117,0.3071297004712628
1994-02-02,0.8440518504088119,0.44906860957301276,0.24593712521232008,0.5276010271626619,1.9895459222556797,0.5017797986623151,-0.8643381887978231,1.0724117683959251,0.47145869877155916,-0.96634259388593,-0.8551378641828993,0.4580256437248805,1.5960895119381722,-2.1137401186870934,0.08393525023819932
1994-02-03,0.9222391340110645,0.755371116614006,0.12224156700926471,0.6113167169860573,1.9717280829208632,0.5609503003064694,-0.8405706871982799,1.475413421364769,0.3713164263018867,-1.084475924475213,-0.7827573626868503,0.5438739431900004,1.6679636625839305,-1.9144593632091909,-0.07299620655860771
