,1,2,3,4,5,6,7,8,9,10,11,12,13,14,15
1993-08-07,0.0870940396185614,0.0870940396185614,0.0870940396185614,0.0870940396185614,0.0870940396185614,0.0870940396185614,0.0870940396185614,0.0870940396185614,0.0870940396185614,0.0870940396185614,0.0870940396185614,0.0870940396185614,0.0870940396185614,0.0870940396185614,0.0870940396185614
1993-08-08,-0.07227871451899552,-0.07227871451899552,-0.07227871451899552,-0.07227871451899552,-0.07227871451899552,-0.07227871451899552,-0.07227871451899552,-0.07227871451899552,-0.07227871451899552,-0.07227871451899552,-0.07227871451899552,-0.07227871451899552,-0.07227871451899552,-0.07227871451899552,-0.07227871451899552
1993-08-09,-0.028540700460200318,-0.028540700460200318,-0.028540700460200318,-0.028540700460200318,-0.028540700460200318,-0.028540700460200318,-0.028540700460200318,-0.028540700460200318,-0.028540700460200318,-0.028540700460200318,-0.028540700460200318,-0.028540700460200318,-0.028540700460200318,-0.028540700460200318,-0.028540700460200318
1993-08-10,-0.0061065615522376115,-0.0061065615522376115,-0.0061065615522376115,-0.0061065615522376115,-0.0061065615522376115,-0.0061065615522376115,-0.0061065615522376115,-0.0061065615522376115,-0.0061065615522376115,-0.0061065615522376115,-0.0061065615522376115,-0.0061065615522376115,-0.0061065615522376115,-0.0061065615522376115,-0.0061065615522376115
1993-08-11,-0.04633039703928802,-0.04633039703928802,-0.04633039703928802,-0.04633039703928802,-0.04633039703928802,-0.04633039703928802,-0.04633039703928802,-0.04633039703928802,-0.04633039703928802,-0.04633039703928802,-0.04633039703928802,-0.04633039703928802,-0.04633039703928802,-0.04633039703928802,-0.04633039703928802
1993-08-12,-0.0884385568150486,-0.0884385568150486,-0.0884385568150486,-0.0884385568150486,-0.0884385568150486,-0.0884385568150486,-0.0884385568150486,-0.0884385568150486,-0.0884385568150486,-0.0884385568150486,-0.0884385568150486,-0.0884385568150486,-0.0884385568150486,-0.0884385568150486,-0.0884385568150486
1993-08-13,-0.03258803435067789,-0.03258803435067789,-0.03258803435067789,-0.03258803435067789,-0.03258803435067789,-0.03258803435067789,-0.03258803435067789,-0.03258803435067789,-0.03258803435067789,-0.03258803435067789,-0.03258803435067789,-0.03258803435067789,-0.03258803435067789,-0.03258803435067789,-0.03258803435067789
1993-08-14,-0.18426337887981845,-0.18426337887981845,-0.18426337887981845,-0.18426337887981845,-0.18426337887981845,-0.18426337887981845,-0.18426337887981845,-0.18426337887981845,-0.18426337887981845,-0.18426337887981845,-0.18426337887981845,-0.18426337887981845,-0.18426337887981845,-0.18426337887981845,-0.18426337887981845
1993-08-15,-0.3163440857668979,-0.3163440857668979,-0.3163440857668979,-0.3163440857668979,-0.3163440857668979,-0.3163440857668979,-0.3163440857668979,-0.3163440857668979,-0.3163440857668979,-0.3163440857668979,-0.3163440857668979,-0.3163440857668979,-0.3163440857668979,-0.3163440857668979,-0.3163440857668979
1993-08-16,-0.4309760899128591,-0.4309760899128591,-0.4309760899128591,-0.4309760899128591,-0.4309760899128591,-0.4309760899128591,-0.4309760899128591,-0.4309760899128591,-0.4309760899128591,-0.4309760899128591,-0.4309760899128591,-0.4309760899128591,-0.4309760899128591,-0.4309760899128591,-0.4309760899128591
1993-08-17,-0.6687364839411725,-0.6687364839411725,-0.6687364839411725,-0.6687364839411725,-0.6687364839411725,-0.6687364839411725,-0.6687364839411725,-0.6687364839411725,-0.6687364839411725,-0.6687364839411725,-0.6687364839411725,-0.6687364839411725,-0.6687364839411725,-0.6687364839411725,-0.6687364839411725
1993-08-18,-0.5568629550732933,-0.5568629550732933,-0.5568629550732933,-0.5568629550732933,-0.5568629550732933,-0.5568629550732933,-0.5568629550732933,-0.5568629550732933,-0.5568629550732933,-0.5568629550732933,-0.5568629550732933,-0.5568629550732933,-0.5568629550732933,-0.5568629550732933,-0.5568629550732933
1993-08-19,-0.5516723489085738,-0.5516723489085738,-0.5516723489085738,-0.5516723489085738,-0.5516723489085738,-0.5516723489085738,-0.5516723489085738,-0.5516723489085738,-0.5516723489085738,-0.5516723489085738,-0.5516723489085738,-0.5516723489085738,-0.5516723489085738,-0.5516723489085738,-0.5516723489085738
1993-08-20,-0.757580345353092,-0.757580345353092,-0.757580345353092,-0.757580345353092,-0.757580345353092,-0.757580345353092,-0.757580345353092,-0.757580345353092,-0.757580345353092,-0.757580345353092,-0.757580345353092,-0.757580345353092,-0.757580345353092,-0.757580345353092,-0.757580345353092
1993-08-21,-0.8313258074911727,-0.8313258074911727,-0.8313258074911727,-0.8313258074911727,-0.8313258074911727,-0.8313258074911727,-0.8313258074911727,-0.8313258074911727,-0.8313258074911727,-0.8313258074911727,-0.8313258074911727,-0.8313258074911727,-0.8313258074911727,-0.8313258074911727,-0.8313258074911727
1993-08-22,-0.5929062898070745,-0.5929062898070745,-0.5929062898070745,-0.5929062898070745,-0.5929062898070745,-0.5929062898070745,-0.5929062898070745,-0.5929062898070745,-0.5929062898070745,-0.5929062898070745,-0.5929062898070745,-0.5929062898070745,-0.5929062898070745,-0.5929062898070745,-0.5929062898070745
1993-08-23,-0.43793625046666823,-0.43793625046666823,-0.43793625046666823,-0.43793625046666823,-0.43793625046666823,-0.43793625046666823,-0.43793625046666823,-0.43793625046666823,-0.43793625046666823,-0.43793625046666823,-0.43793625046666823,-0.43793625046666823,-0.43793625046666823,-0.43793625046666823,-0.43793625046666823
1993-08-24,-0.34481132124400415,-0.34481132124400415,-0.34481132124400415,-0.34481132124400415,-0.34481132124400415,-0.34481132124400415,-0.34481132124400415,-0.34481132124400415,-0.34481132124400415,-0.34481132124400415,-0.34481132124400415,-0.34481132124400415,-0.34481132124400415,-0.34481132124400415,-0.34481132124400415
1993-08-25,0.03965245265236617,0.03965245265236617,0.03965245265236617,0.03965245265236617,0.03965245265236617,0.03965245265236617,0.03965245265236617,0.03965245265236617,0.03965245265236617,0.03965245265236617,0.03965245265236617,0.03965245265236617,0.03965245265236617,0.03965245265236617,0.03965245265236617
1993-08-26,0.11739884018665617,0.11739884018665617,0.11739884018665617,0.11739884018665617,0.11739884018665617,0.11739884018665617,0.11739884018665617,0.11739884018665617,0.11739884018665617,0.11739884018665617,0.11739884018665617,0.11739884018665617,0.11739884018665617,0.11739884018665617,0.11739884018665617
1993-08-27,0.06684592820161535,0.06684592820161535,0.06684592820161535,0.06684592820161535,0.06684592820161535,0.06684592820161535,0.06684592820161535,0.06684592820161535,0.06684592820161535,0.06684592820161535,0.06684592820161535,0.06684592820161535,0.06684592820161535,0.06684592820161535,0.06684592820161535
1993-08-28,-0.010722712891254513,-0.010722712891254513,-0.010722712891254513,-0.010722712891254513,-0.010722712891254513,-0.010722712891254513,-0.010722712891254513,-0.010722712891254513,-0.010722712891254513,-0.010722712891254513,-0.010722712891254513,-0.010722712891254513,-0.010722712891254513,-0.010722712891254513,-0.010722712891254513
1993-08-29,0.019068113314634323,0.019068113314634323,0.019068113314634323,0.019068113314634323,0.019068113314634323,0.019068113314634323,0.019068113314634323,0.019068113314634323,0.019068113314634323,0.019068113314634323,0.019068113314634323,0.019068113314634323,0.019068113314634323,0.019068113314634323,0.019068113314634323
1993-08-30,-0.1930492590644166,-0.1930492590644166,-0.1930492590644166,-0.1930492590644166,-0.1930492590644166,-0.1930492590644166,-0.1930492590644166,-0.1930492590644166,-0.1930492590644166,-0.1930492590644166,-0.1930492590644166,-0.1930492590644166,-0.1930492590644166,-0.1930492590644166,-0.1930492590644166
1993-08-31,-0.182742416148016,-0.182742416148016,-0.182742416148016,-0.182742416148016,-0.182742416148016,-0.182742416148016,-0.182742416148016,-0.182742416148016,-0.182742416148016,-0.182742416148016,-0.182742416148016,-0.182742416148016,-0.182742416148016,-0.182742416148016,-0.182742416148016
1993-09-01,0.1779056088072301,0.1779056088072301,0.1779056088072301,0.1779056088072301,0.1779056088072301,0.1779056088072301,0.1779056088072301,0.1779056088072301,0.1779056088072301,0.1779056088072301,0.1779056088072301,0.1779056088072301,0.1779056088072301,0.1779056088072301,0.1779056088072301
1993-09-02,0.16993769990665605,0.16993769990665605,0.16993769990665605,0.16993769990665605,0.16993769990665605,0.16993769990665605,0.16993769990665605,0.16993769990665605,0.16993769990665605,0.16993769990665605,0.16993769990665605,0.16993769990665605,0.16993769990665605,0.16993769990665605,0.16993769990665605
1993-09-03,0.16097093347982477,0.16097093347982477,0.16097093347982477,0.16097093347982477,0.16097093347982477,0.16097093347982477,0.16097093347982477,0.16097093347982477,0.16097093347982477,0.16097093347982477,0.16097093347982477,0.16097093347982477,0.16097093347982477,0.16097093347982477,0.16097093347982477
1993-09-04,0.26232931908022555,0.26232931908022555,0.26232931908022555,0.26232931908022555,0.26232931908022555,0.26232931908022555,0.26232931908022555,0.26232931908022555,0.26232931908022555,0.26232931908022555,0.26232931908022555,0.26232931908022555,0.26232931908022555,0.26232931908022555,0.26232931908022555
1993-09-05,0.42852717966121767,0.42852717966121767,0.42852717966121767,0.42852717966121767,0.42852717966121767,0.42852717966121767,0.42852717966121767,0.42852717966121767,0.42852717966121767,0.42852717966121767,0.42852717966121767,0.42852717966121767,0.42852717966121767,0.42852717966121767,0.42852717966121767
1993-09-06,0.27219227524313117,0.27219227524313117,0.27219227524313117,0.27219227524313117,0.27219227524313117,0.27219227524313117,0.27219227524313117,0.27219227524313117,0.27219227524313117,0.27219227524313117,0.27219227524313117,0.27219227524313117,0.27219227524313117,0.27219227524313117,0.27219227524313117
1993-09-07,0.20805279056920822,0.20805279056920822,0.20805279056920822,0.20805279056920822,0.20805279056920822,0.20805279056920822,0.20805279056920822,0.20805279056920822,0.20805279056920822,0.20805279056920822,0.20805279056920822,0.20805279056920822,0.20805279056920822,0.20805279056920822,0.20805279056920822
1993-09-08,0.03650754949474031,0.03650754949474031,0.03650754949474031,0.03650754949474031,0.03650754949474031,0.03650754949474031,0.03650754949474031,0.03650754949474031,0.03650754949474031,0.03650754949474031,0.03650754949474031,0.03650754949474031,0.03650754949474031,0.03650754949474031,0.03650754949474031
1993-09-09,0.005888955582075294,0.005888955582075294,0.005888955582075294,0.005888955582075294,0.005888955582075294,0.005888955582075294,0.005888955582075294,0.005888955582075294,0.005888955582075294,0.005888955582075294,0.005888955582075294,0.005888955582075294,0.005888955582075294,0.005888955582075294,0.005888955582075294
1993-09-10,-0.3504201552164181,-0.3504201552164181,-0.3504201552164181,-0.3504201552164181,-0.3504201552164181,-0.3504201552164181,-0.3504201552164181,-0.3504201552164181,-0.3504201552164181,-0.3504201552164181,-0.3504201552164181,-0.3504201552164181,-0.3504201552164181,-0.3504201552164181,-0.3504201552164181
1993-09-11,-0.3892464670193881,-0.3892464670193881,-0.3892464670193881,-0.3892464670193881,-0.3892464670193881,-0.3892464670193881,-0.3892464670193881,-0.3892464670193881,-0.3892464670193881,-0.3892464670193881,-0.3892464670193881,-0.3892464670193881,-0.3892464670193881,-0.3892464670193881,-0.3892464670193881
1993-09-12,0.00403754874673294,0.00403754874673294,0.00403754874673294,0.00403754874673294,0.00403754874673294,0.00403754874673294,0.00403754874673294,0.00403754874673294,0.00403754874673294,0.00403754874673294,0.00403754874673294,0.00403754874673294,0.00403754874673294,0.00403754874673294,0.00403754874673294
1993-09-13,0.035081979959968076,0.035081979959968076,0.035081979959968076,0.035081979959968076,0.035081979959968076,0.035081979959968076,0.035081979959968076,0.035081979959968076,0.035081979959968076,0.035081979959968076,0.035081979959968076,0.035081979959968076,0.035081979959968076,0.035081979959968076,0.035081979959968076
1993-09-14,0.2704325167257609,0.2704325167257609,0.2704325167257609,0.2704325167257609,0.2704325167257609,0.2704325167257609,0.2704325167257609,0.2704325167257609,0.2704325167257609,0.2704325167257609,0.2704325167257609,0.2704325167257609,0.2704325167257609,0.2704325167257609,0.2704325167257609
1993-09-15,0.23102846441985198,0.23102846441985198,0.23102846441985198,0.23102846441985198,0.23102846441985198,0.23102846441985198,0.23102846441985198,0.23102846441985198,0.23102846441985198,0.23102846441985198,0.23102846441985198,0.23102846441985198,0.23102846441985198,0.23102846441985198,0.23102846441985198
1993-09-16,0.11388708143638245,0.11388708143638245,0.11388708143638245,0.11388708143638245,0.11388708143638245,0.11388708143638245,0.11388708143638245,0.11388708143638245,0.11388708143638245,0.11388708143638245,0.11388708143638245,0.11388708143638245,0.11388708143638245,0.11388708143638245,0.11388708143638245
1993-09-17,0.10834625660049678,0.10834625660049678,0.10834625660049678,0.10834625660049678,0.10834625660049678,0.10834625660049678,0.10834625660049678,0.10834625660049678,0.10834625660049678,0.10834625660049678,0.10834625660049678,0.10834625660049678,0.10834625660049678,0.10834625660049678,0.10834625660049678
1993-09-18,0.02774471694438495,0.02774471694438495,0.02774471694438495,0.02774471694438495,0.02774471694438495,0.02774471694438495,0.02774471694438495,0.02774471694438495,0.02774471694438495,0.02774471694438495,0.02774471694438495,0.02774471694438495,0.02774471694438495,0.02774471694438495,0.02774471694438495
1993-09-19,-0.12384209838730613,-0.12384209838730613,-0.12384209838730613,-0.12384209838730613,-0.12384209838730613,-0.12384209838730613,-0.12384209838730613,-0.12384209838730613,-0.12384209838730613,-0.12384209838730613,-0.12384209838730613,-0.12384209838730613,-0.12384209838730613,-0.12384209838730613,-0.12384209838730613
1993-09-20,-0.12686983546043268,-0.12686983546043268,-0.12686983546043268,-0.12686983546043268,-0.12686983546043268,-0.12686983546043268,-0.12686983546043268,-0.12686983546043268,-0.12686983546043268,-0.12686983546043268,-0.12686983546043268,-0.12686983546043268,-0.12686983546043268,-0.12686983546043268,-0.12686983546043268
1993-09-21,-0.06975921508007148,-0.06975921508007148,-0.06975921508007148,-0.06975921508007148,-0.06975921508007148,-0.06975921508007148,-0.06975921508007148,-0.06975921508007148,-0.06975921508007148,-0.06975921508007148,-0.06975921508007148,-0.06975921508007148,-0.06975921508007148,-0.06975921508007148,-0.06975921508007148
1993-09-22,-0.0740903358791895,-0.0740903358791895,-0.0740903358791895,-0.0740903358791895,-0.0740903358791895,-0.0740903358791895,-0.0740903358791895,-0.0740903358791895,-0.0740903358791895,-0.0740903358791895,-0.0740903358791895,-0.0740903358791895,-0.0740903358791895,-0.0740903358791895,-0.0740903358791895
1993-09-23,-0.049630521926480896,-0.049630521926480896,-0.049630521926480896,-0.049630521926480896,-0.049630521926480896,-0.049630521926480896,-0.049630521926480896,-0.049630521926480896,-0.049630521926480896,-0.049630521926480896,-0.049630521926480896,-0.049630521926480896,-0.049630521926480896,-0.049630521926480896,-0.049630521926480896
1993-09-24,-0.02198425487584706,-0.02198425487584706,-0.02198425487584706,-0.02198425487584706,-0.02198425487584706,-0.02198425487584706,-0.02198425487584706,-0.02198425487584706,-0.02198425487584706,-0.02198425487584706,-0.02198425487584706,-0.02198425487584706,-0.02198425487584706,-0.02198425487584706,-0.02198425487584706
1993-09-25,0.04163895862945407,0.04163895862945407,0.04163895862945407,0.04163895862945407,0.04163895862945407,0.04163895862945407,0.04163895862945407,0.04163895862945407,0.04163895862945407,0.04163895862945407,0.04163895862945407,0.04163895862945407,0.04163895862945407,0.04163895862945407,0.04163895862945407
1993-09-26,0.14712555204794034,0.14712555204794034,0.14712555204794034,0.14712555204794034,0.14712555204794034,0.14712555204794034,0.14712555204794034,0.14712555204794034,0.14712555204794034,0.14712555204794034,0.14712555204794034,0.14712555204794034,0.14712555204794034,0.14712555204794034,0.14712555204794034
1993-09-27,0.21511550748974237,0.21511550748974237,0.21511550748974237,0.21511550748974237,0.21511550748974237,0.21511550748974237,0.21511550748974237,0.21511550748974237,0.21511550748974237,0.21511550748974237,0.21511550748974237,0.21511550748974237,0.21511550748974237,0.21511550748974237,0.21511550748974237
1993-09-28,0.27222650342678106,0.27222650342678106,0.27222650342678106,0.27222650342678106,0.27222650342678106,0.27222650342678106,0.27222650342678106,0.27222650342678106,0.27222650342678106,0.27222650342678106,0.27222650342678106,0.27222650342678106,0.27222650342678106,0.27222650342678106,0.27222650342678106
1993-09-29,0.31955712384223517,0.31955712384223517,0.31955712384223517,0.31955712384223517,0.31955712384223517,0.31955712384223517,0.31955712384223517,0.31955712384223517,0.31955712384223517,0.31955712384223517,0.31955712384223517,0.31955712384223517,0.31955712384223517,0.31955712384223517,0.31955712384223517
1993-09-30,0.5428103568015201,0.5428103568015201,0.5428103568015201,0.5428103568015201,0.5428103568015201,0.5428103568015201,0.5428103568015201,0.5428103568015201,0.5428103568015201,0.5428103568015201,0.5428103568015201,0.5428103568015201,0.5428103568015201,0.5428103568015201,0.5428103568015201
1993-10-01,0.6177363839946662,0.6177363839946662,0.6177363839946662,0.6177363839946662,0.6177363839946662,0.6177363839946662,0.6177363839946662,0.6177363839946662,0.6177363839946662,0.6177363839946662,0.6177363839946662,0.6177363839946662,0.6177363839946662,0.6177363839946662,0.6177363839946662
1993-10-02,0.77151175366696,0.77151175366696,0.77151175366696,0.77151175366696,0.77151175366696,0.77151175366696,0.77151175366696,0.77151175366696,0.77151175366696,0.77151175366696,0.77151175366696,0.77151175366696,0.77151175366696,0.77151175366696,0.77151175366696
1993-10-03,1.0536820931659314,1.0536820931659314,1.0536820931659314,1.0536820931659314,1.0536820931659314,1.0536820931659314,1.0536820931659314,1.0536820931659314,1.0536820931659314,1.0536820931659314,1.0536820931659314,1.0536820931659314,1.0536820931659314,1.0536820931659314,1.0536820931659314
1993-10-04,1.1334673956545407,1.1334673956545407,1.1334673956545407,1.1334673956545407,1.1334673956545407,1.1334673956545407,1.1334673956545407,1.1334673956545407,1.1334673956545407,1.1334673956545407,1.1334673956545407,1.1334673956545407,1.1334673956545407,1.1334673956545407,1.1334673956545407
1993-10-05,0.9644117891348918,0.9644117891348918,0.9644117891348918,0.9644117891348918,0.9644117891348918,0.9644117891348918,0.9644117891348918,0.9644117891348918,0.9644117891348918,0.9644117891348918,0.9644117891348918,0.9644117891348918,0.9644117891348918,0.9644117891348918,0.9644117891348918
1993-10-06,0.8482266858145557,0.8482266858145557,0.8482266858145557,0.8482266858145557,0.8482266858145557,0.8482266858145557,0.8482266858145557,0.8482266858145557,0.8482266858145557,0.8482266858145557,0.8482266858145557,0.8482266858145557,0.8482266858145557,0.8482266858145557,0.8482266858145557
1993-10-07,0.8034805538830304,0.8034805538830304,0.8034805538830304,0.8034805538830304,0.8034805538830304,0.8034805538830304,0.8034805538830304,0.8034805538830304,0.8034805538830304,0.8034805538830304,0.8034805538830304,0.8034805538830304,0.8034805538830304,0.8034805538830304,0.8034805538830304
1993-10-08,0.6003646685967339,0.6003646685967339,0.6003646685967339,0.6003646685967339,0.6003646685967339,0.6003646685967339,0.6003646685967339,0.6003646685967339,0.6003646685967339,0.6003646685967339,0.6003646685967339,0.6003646685967339,0.6003646685967339,0.6003646685967339,0.6003646685967339
1993-10-09,0.7118929091161813,0.7118929091161813,0.7118929091161813,0.7118929091161813,0.7118929091161813,0.7118929091161813,0.7118929091161813,0.7118929091161813,0.7118929091161813,0.7118929091161813,0.7118929091161813,0.7118929091161813,0.7118929091161813,0.7118929091161813,0.7118929091161813
1993-10-10,0.710994075620835,0.710994075620835,0.710994075620835,0.710994075620835,0.710994075620835,0.710994075620835,0.710994075620835,0.710994075620835,0.710994075620835,0.710994075620835,0.710994075620835,0.710994075620835,0.710994075620835,0.710994075620835,0.710994075620835
1993-10-11,0.6447407546034714,0.6447407546034714,0.6447407546034714,0.6447407546034714,0.6447407546034714,0.6447407546034714,0.6447407546034714,0.6447407546034714,0.6447407546034714,0.6447407546034714,0.6447407546034714,0.6447407546034714,0.6447407546034714,0.6447407546034714,0.6447407546034714
1993-10-12,0.45038883901954785,0.45038883901954785,0.45038883901954785,0.45038883901954785,0.45038883901954785,0.45038883901954785,0.45038883901954785,0.45038883901954785,0.45038883901954785,0.45038883901954785,0.45038883901954785,0.45038883901954785,0.45038883901954785,0.45038883901954785,0.45038883901954785
1993-10-13,0.570893404885195,0.570893404885195,0.570893404885195,0.570893404885195,0.570893404885195,0.570893404885195,0.570893404885195,0.570893404885195,0.570893404885195,0.570893404885195,0.570893404885195,0.570893404885195,0.570893404885195,0.570893404885195,0.570893404885195
1993-10-14,0.42323263206591244,0.42323263206591244,0.42323263206591244,0.42323263206591244,0.42323263206591244,0.42323263206591244,0.42323263206591244,0.42323263206591244,0.42323263206591244,0.42323263206591244,0.42323263206591244,0.42323263206591244,0.42323263206591244,0.42323263206591244,0.42323263206591244
1993-10-15,0.4107565343636834,0.4107565343636834,0.4107565343636834,0.4107565343636834,0.4107565343636834,0.4107565343636834,0.4107565343636834,0.4107565343636834,0.4107565343636834,0.4107565343636834,0.4107565343636834,0.4107565343636834,0.4107565343636834,0.4107565343636834,0.4107565343636834
1993-10-16,0.2668418854443331,0.2668418854443331,0.2668418854443331,0.2668418854443331,0.2668418854443331,0.2668418854443331,0.2668418854443331,0.2668418854443331,0.2668418854443331,0.2668418854443331,0.2668418854443331,0.2668418854443331,0.2668418854443331,0.2668418854443331,0.2668418854443331
1993-10-17,0.20847929989153108,0.20847929989153108,0.20847929989153108,0.20847929989153108,0.20847929989153108,0.20847929989153108,0.20847929989153108,0.20847929989153108,0.20847929989153108,0.20847929989153108,0.20847929989153108,0.20847929989153108,0.20847929989153108,0.20847929989153108,0.20847929989153108
1993-10-18,0.2820090932503436,0.2820090932503436,0.2820090932503436,0.2820090932503436,0.2820090932503436,0.2820090932503436,0.2820090932503436,0.2820090932503436,0.2820090932503436,0.2820090932503436,0.2820090932503436,0.2820090932503436,0.2820090932503436,0.2820090932503436,0.2820090932503436
1993-10-19,0.34518427100911286,0.34518427100911286,0.34518427100911286,0.34518427100911286,0.34518427100911286,0.34518427100911286,0.34518427100911286,0.34518427100911286,0.34518427100911286,0.34518427100911286,0.34518427100911286,0.34518427100911286,0.34518427100911286,0.34518427100911286,0.34518427100911286
1993-10-20,0.5081350683313163,0.5081350683313163,0.5081350683313163,0.5081350683313163,0.5081350683313163,0.5081350683313163,0.5081350683313163,0.5081350683313163,0.5081350683313163,0.5081350683313163,0.5081350683313163,0.5081350683313163,0.5081350683313163,0.5081350683313163,0.5081350683313163
1993-10-21,0.7857056681361635,0.7857056681361635,0.7857056681361635,0.7857056681361635,0.7857056681361635,0.7857056681361635,0.7857056681361635,0.7857056681361635,0.7857056681361635,0.7857056681361635,0.7857056681361635,0.7857056681361635,0.7857056681361635,0.7857056681361635,0.7857056681361635
1993-10-22,0.7555117958696822,0.7555117958696822,0.7555117958696822,0.7555117958696822,0.7555117958696822,0.7555117958696822,0.7555117958696822,0.7555117958696822,0.7555117958696822,0.7555117958696822,0.7555117958696822,0.7555117958696822,0.7555117958696822,0.7555117958696822,0.7555117958696822
1993-10-23,0.3962644474236507,0.3962644474236507,0.3962644474236507,0.3962644474236507,0.3962644474236507,0.3962644474236507,0.3962644474236507,0.3962644474236507,0.3962644474236507,0.3962644474236507,0.3962644474236507,0.3962644474236507,0.3962644474236507,0.3962644474236507,0.3962644474236507
1993-10-24,-0.1390588498244931,-0.1390588498244931,-0.1390588498244931,-0.1390588498244931,-0.1390588498244931,-0.1390588498244931,-0.1390588498244931,-0.1390588498244931,-0.1390588498244931,-0.1390588498244931,-0.1390588498244931,-0.1390588498244931,-0.1390588498244931,-0.1390588498244931,-0.1390588498244931
1993-10-25,-0.622977702284941,-0.622977702284941,-0.622977702284941,-0.622977702284941,-0.622977702284941,-0.622977702284941,-0.622977702284941,-0.622977702284941,-0.622977702284941,-0.622977702284941,-0.622977702284941,-0.622977702284941,-0.622977702284941,-0.622977702284941,-0.622977702284941
1993-10-26,-1.1241063309318413,-1.1241063309318413,-1.1241063309318413,-1.1241063309318413,-1.1241063309318413,-1.1241063309318413,-1.1241063309318413,-1.1241063309318413,-1.1241063309318413,-1.1241063309318413,-1.1241063309318413,-1.1241063309318413,-1.1241063309318413,-1.1241063309318413,-1.1241063309318413
1993-10-27,-1.4375065336986932,-1.4375065336986932,-1.4375065336986932,-1.4375065336986932,-1.4375065336986932,-1.4375065336986932,-1.4375065336986932,-1.4375065336986932,-1.4375065336986932,-1.4375065336986932,-1.4375065336986932,-1.4375065336986932,-1.4375065336986932,-1.4375065336986932,-1.4375065336986932
1993-10-28,-1.4204912549718776,-1.4204912549718776,-1.4204912549718776,-1.4204912549718776,-1.4204912549718776,-1.4204912549718776,-1.4204912549718776,-1.4204912549718776,-1.4204912549718776,-1.4204912549718776,-1.4204912549718776,-1.4204912549718776,-1.4204912549718776,-1.4204912549718776,-1.4204912549718776
1993-10-29,-1.5281335590558944,-1.5281335590558944,-1.5281335590558944,-1.5281335590558944,-1.5281335590558944,-1.5281335590558944,-1.5281335590558944,-1.5281335590558944,-1.5281335590558944,-1.5281335590558944,-1.5281335590558944,-1.5281335590558944,-1.5281335590558944,-1.5281335590558944,-1.5281335590558944
1993-10-30,-1.6632539084787161,-1.6632539084787161,-1.6632539084787161,-1.6632539084787161,-1.6632539084787161,-1.6632539084787161,-1.6632539084787161,-1.6632539084787161,-1.6632539084787161,-1.6632539084787161,-1.6632539084787161,-1.6632539084787161,-1.6632539084787161,-1.6632539084787161,-1.6632539084787161
1993-10-31,-1.6422218001673203,-1.6422218001673203,-1.6422218001673203,-1.6422218001673203,-1.6422218001673203,-1.6422218001673203,-1.6422218001673203,-1.6422218001673203,-1.6422218001673203,-1.6422218001673203,-1.6422218001673203,-1.6422218001673203,-1.6422218001673203,-1.6422218001673203,-1.6422218001673203
1993-11-01,-1.4020131354506264,-1.4020131354506264,-1.4020131354506264,-1.4020131354506264,-1.4020131354506264,-1.4020131354506264,-1.4020131354506264,-1.4020131354506264,-1.4020131354506264,-1.4020131354506264,-1.4020131354506264,-1.4020131354506264,-1.4020131354506264,-1.4020131354506264,-1.4020131354506264
1993-11-02,-1.1645979165999445,-1.1645979165999445,-1.1645979165999445,-1.1645979165999445,-1.1645979165999445,-1.1645979165999445,-1.1645979165999445,-1.1645979165999445,-1.1645979165999445,-1.1645979165999445,-1.1645979165999445,-1.1645979165999445,-1.1645979165999445,-1.1645979165999445,-1.1645979165999445
1993-11-03,-1.023369112989645,-1.023369112989645,-1.023369112989645,-1.023369112989645,-1.023369112989645,-1.023369112989645,-1.023369112989645,-1.023369112989645,-1.023369112989645,-1.023369112989645,-1.023369112989645,-1.023369112989645,-1.023369112989645,-1.023369112989645,-1.023369112989645
1993-11-04,-1.1193506244378824,-1.1193506244378824,-1.1193506244378824,-1.1193506244378824,-1.1193506244378824,-1.1193506244378824,-1.1193506244378824,-1.1193506244378824,-1.1193506244378824,-1.1193506244378824,-1.1193506244378824,-1.1193506244378824,-1.1193506244378824,-1.1193506244378824,-1.1193506244378824
1993-11-05,-0.7301403243067145,-0.7301403243067145,-0.7301403243067145,-0.7301403243067145,-0.7301403243067145,-0.7301403243067145,-0.7301403243067145,-0.7301403243067145,-0.7301403243067145,-0.7301403243067145,-0.7301403243067145,-0.7301403243067145,-0.7301403243067145,-0.7301403243067145,-0.7301403243067145
1993-11-06,-0.4765585385865369,-0.4765585385865369,-0.4765585385865369,-0.4765585385865369,-0.4765585385865369,-0.4765585385865369,-0.4765585385865369,-0.4765585385865369,-0.4765585385865369,-0.4765585385865369,-0.4765585385865369,-0.4765585385865369,-0.4765585385865369,-0.4765585385865369,-0.4765585385865369
1993-11-07,-0.19164582463495297,-0.19164582463495297,-0.19164582463495297,-0.19164582463495297,-0.19164582463495297,-0.19164582463495297,-0.19164582463495297,-0.19164582463495297,-0.19164582463495297,-0.19164582463495297,-0.19164582463495297,-0.19164582463495297,-0.19164582463495297,-0.19164582463495297,-0.19164582463495297
1993-11-08,0.07698375021238081,0.07698375021238081,0.07698375021238081,0.07698375021238081,0.07698375021238081,0.07698375021238081,0.07698375021238081,0.07698375021238081,0.07698375021238081,0.07698375021238081,0.07698375021238081,0.07698375021238081,0.07698375021238081,0.07698375021238081,0.07698375021238081
1993-11-09,0.5509096387395983,0.5509096387395983,0.5509096387395983,0.5509096387395983,0.5509096387395983,0.5509096387395983,0.5509096387395983,0.5509096387395983,0.5509096387395983,0.5509096387395983,0.5509096387395983,0.5509096387395983,0.5509096387395983,0.5509096387395983,0.5509096387395983
1993-11-10,0.8626535991427781,0.8626535991427781,0.8626535991427781,0.8626535991427781,0.8626535991427781,0.8626535991427781,0.8626535991427781,0.8626535991427781,0.8626535991427781,0.8626535991427781,0.8626535991427781,0.8626535991427781,0.8626535991427781,0.8626535991427781,0.8626535991427781
1993-11-11,1.1701411479495005,1.1701411479495005,1.1701411479495005,1.1701411479495005,1.1701411479495005,1.1701411479495005,1.1701411479495005,1.1701411479495005,1.1701411479495005,1.1701411479495005,1.1701411479495005,1.1701411479495005,1.1701411479495005,1.1701411479495005,1.1701411479495005
1993-11-12,1.3805908207471935,1.3805908207471935,1.3805908207471935,1.3805908207471935,1.3805908207471935,1.3805908207471935,1.3805908207471935,1.3805908207471935,1.3805908207471935,1.3805908207471935,1.3805908207471935,1.3805908207471935,1.3805908207471935,1.3805908207471935,1.3805908207471935
1993-11-13,1.4422331970022284,1.4422331970022284,1.4422331970022284,1.4422331970022284,1.4422331970022284,1.4422331970022284,1.4422331970022284,1.4422331970022284,1.4422331970022284,1.4422331970022284,1.4422331970022284,1.4422331970022284,1.4422331970022284,1.4422331970022284,1.4422331970022284
1993-11-14,0.8235644988386569,0.8235644988386569,0.8235644988386569,0.8235644988386569,0.8235644988386569,0.8235644988386569,0.8235644988386569,0.8235644988386569,0.8235644988386569,0.8235644988386569,0.8235644988386569,0.8235644988386569,0.8235644988386569,0.8235644988386569,0.8235644988386569
1993-11-15,0.5040189901138633,0.5040189901138633,0.5040189901138633,0.5040189901138633,0.5040189901138633,0.5040189901138633,0.5040189901138633,0.5040189901138633,0.5040189901138633,0.5040189901138633,0.5040189901138633,0.5040189901138633,0.5040189901138633,0.5040189901138633,0.5040189901138633
1993-11-16,0.40447942418450694,0.40447942418450694,0.40447942418450694,0.40447942418450694,0.40447942418450694,0.40447942418450694,0.40447942418450694,0.40447942418450694,0.40447942418450694,0.40447942418450694,0.40447942418450694,0.40447942418450694,0.40447942418450694,0.40447942418450694,0.40447942418450694
1993-11-17,0.4567504852638089,0.4567504852638089,0.4567504852638089,0.4567504852638089,0.4567504852638089,0.4567504852638089,0.4567504852638089,0.4567504852638089,0.4567504852638089,0.4567504852638089,0.4567504852638089,0.4567504852638089,0.4567504852638089,0.4567504852638089,0.4567504852638089
1993-11-18,0.09597697056343087,0.09597697056343087,0.09597697056343087,0.09597697056343087,0.09597697056343087,0.09597697056343087,0.09597697056343087,0.09597697056343087,0.09597697056343087,0.09597697056343087,0.09597697056343087,0.09597697056343087,0.09597697056343087,0.09597697056343087,0.09597697056343087
1993-11-19,-0.27014027136388635,-0.27014027136388635,-0.27014027136388635,-0.27014027136388635,-0.27014027136388635,-0.27014027136388635,-0.27014027136388635,-0.27014027136388635,-0.27014027136388635,-0.27014027136388635,-0.27014027136388635,-0.27014027136388635,-0.27014027136388635,-0.27014027136388635,-0.27014027136388635
1993-11-20,-0.5153186838467994,-0.5153186838467994,-0.5153186838467994,-0.5153186838467994,-0.5153186838467994,-0.5153186838467994,-0.5153186838467994,-0.5153186838467994,-0.5153186838467994,-0.5153186838467994,-0.5153186838467994,-0.5153186838467994,-0.5153186838467994,-0.5153186838467994,-0.5153186838467994
1993-11-21,-0.5859418965359362,-0.5859418965359362,-0.5859418965359362,-0.5859418965359362,-0.5859418965359362,-0.5859418965359362,-0.5859418965359362,-0.5859418965359362,-0.5859418965359362,-0.5859418965359362,-0.5859418965359362,-0.5859418965359362,-0.5859418965359362,-0.5859418965359362,-0.5859418965359362
1993-11-22,-0.6230220218836087,-0.6230220218836087,-0.6230220218836087,-0.6230220218836087,-0.6230220218836087,-0.6230220218836087,-0.6230220218836087,-0.6230220218836087,-0.6230220218836087,-0.6230220218836087,-0.6230220218836087,-0.6230220218836087,-0.6230220218836087,-0.6230220218836087,-0.6230220218836087
1993-11-23,-0.5003361469357661,-0.5003361469357661,-0.5003361469357661,-0.5003361469357661,-0.5003361469357661,-0.5003361469357661,-0.5003361469357661,-0.5003361469357661,-0.5003361469357661,-0.5003361469357661,-0.5003361469357661,-0.5003361469357661,-0.5003361469357661,-0.5003361469357661,-0.5003361469357661
1993-11-24,-0.5640329668266818,-0.5640329668266818,-0.5640329668266818,-0.5640329668266818,-0.5640329668266818,-0.5640329668266818,-0.5640329668266818,-0.5640329668266818,-0.5640329668266818,-0.5640329668266818,-0.5640329668266818,-0.5640329668266818,-0.5640329668266818,-0.5640329668266818,-0.5640329668266818
1993-11-25,-0.5230442949168077,-0.5230442949168077,-0.5230442949168077,-0.5230442949168077,-0.5230442949168077,-0.5230442949168077,-0.5230442949168077,-0.5230442949168077,-0.5230442949168077,-0.5230442949168077,-0.5230442949168077,-0.5230442949168077,-0.5230442949168077,-0.5230442949168077,-0.5230442949168077
1993-11-26,-0.39096012803723307,-0.39096012803723307,-0.39096012803723307,-0.39096012803723307,-0.39096012803723307,-0.39096012803723307,-0.39096012803723307,-0.39096012803723307,-0.39096012803723307,-0.39096012803723307,-0.39096012803723307,-0.39096012803723307,-0.39096012803723307,-0.39096012803723307,-0.39096012803723307
1993-11-27,-0.4963677493428349,-0.4963677493428349,-0.4963677493428349,-0.4963677493428349,-0.4963677493428349,-0.4963677493428349,-0.4963677493428349,-0.4963677493428349,-0.4963677493428349,-0.4963677493428349,-0.4963677493428349,-0.4963677493428349,-0.4963677493428349,-0.4963677493428349,-0.4963677493428349
1993-11-28,-0.617659577752654,-0.617659577752654,-0.617659577752654,-0.617659577752654,-0.617659577752654,-0.617659577752654,-0.617659577752654,-0.617659577752654,-0.617659577752654,-0.617659577752654,-0.617659577752654,-0.617659577752654,-0.617659577752654,-0.617659577752654,-0.617659577752654
1993-11-29,-0.3633981879669641,-0.3633981879669641,-0.3633981879669641,-0.3633981879669641,-0.3633981879669641,-0.3633981879669641,-0.3633981879669641,-0.3633981879669641,-0.3633981879669641,-0.3633981879669641,-0.3633981879669641,-0.3633981879669641,-0.3633981879669641,-0.3633981879669641,-0.3633981879669641
1993-11-30,0.20551879256753278,0.20551879256753278,0.20551879256753278,0.20551879256753278,0.20551879256753278,0.20551879256753278,0.20551879256753278,0.20551879256753278,0.20551879256753278,0.20551879256753278,0.20551879256753278,0.20551879256753278,0.20551879256753278,0.20551879256753278,0.20551879256753278
1993-12-01,0.4558376201994112,0.4558376201994112,0.4558376201994112,0.4558376201994112,0.4558376201994112,0.4558376201994112,0.4558376201994112,0.4558376201994112,0.4558376201994112,0.4558376201994112,0.4558376201994112,0.4558376201994112,0.4558376201994112,0.4558376201994112,0.4558376201994112
1993-12-02,0.7402340003939847,0.7402340003939847,0.7402340003939847,0.7402340003939847,0.7402340003939847,0.7402340003939847,0.7402340003939847,0.7402340003939847,0.7402340003939847,0.7402340003939847,0.7402340003939847,0.7402340003939847,0.7402340003939847,0.7402340003939847,0.7402340003939847
1993-12-03,0.8604937436286078,0.8604937436286078,0.8604937436286078,0.8604937436286078,0.8604937436286078,0.8604937436286078,0.8604937436286078,0.8604937436286078,0.8604937436286078,0.8604937436286078,0.8604937436286078,0.8604937436286078,0.8604937436286078,0.8604937436286078,0.8604937436286078
1993-12-04,0.9347495165440466,0.9347495165440466,0.9347495165440466,0.9347495165440466,0.9347495165440466,0.9347495165440466,0.9347495165440466,0.9347495165440466,0.9347495165440466,0.9347495165440466,0.9347495165440466,0.9347495165440466,0.9347495165440466,0.9347495165440466,0.9347495165440466
1993-12-05,0.5459664886168998,0.5648584701432471,0.6231855219326469,0.5260436465915916,0.5770364041116347,0.5805843386480078,0.6412175184627038,0.5798965769844527,0.5029512326093153,0.6606668557263995,0.6991443622424691,0.6217761789032864,0.5308491543928929,0.6313217455155109,0.6206707087953155
1993-12-06,0.7048801276438046,0.7783472058557249,0.7065362332248096,0.8869468371638796,0.8319034053900481,0.8924011486660387,0.9256054496870811,0.7984133269946112,0.672080713155336,1.0024511140515167,0.8979322844209447,0.9106651499082286,0.917534660997715,0.866788783174858,0.7639108659816181
1993-12-07,0.5783181655963366,0.7196367738567905,0.5865163167077967,1.1430590824769422,0.8474282699167044,0.8438816271671359,0.7821385461900993,0.7803549326694551,0.40579592207939547,0.9658434875022481,0.8803366039088161,0.6413049783185221,1.0860310074896151,1.0168232958174326,0.7085489378517498
1993-12-08,0.5464955441895754,0.6460858220644137,0.44021389064004235,1.292126227201655,0.6605142046169413,0.8537893142710327,0.6777627091862123,0.6765777189301532,0.6251430496522906,1.1507354550876667,0.8852210324428499,0.6126004940091178,1.055460807734841,0.8044161181220217,0.7288337857642226
1993-12-09,0.4552668313500547,0.5349263551312546,0.17024570298299846,1.1241132183580356,0.7284605936684588,0.8490900752575634,0.5728616986689153,0.7561134765659095,0.4597823998665103,1.0894656434826233,0.6794326956214367,0.3723060917265945,0.7659741936689848,0.5753623725343453,0.7419247683850448
1993-12-10,0.26966729870546163,0.4377110289851214,0.24018709816857417,0.8085498935411046,0.4113080596509776,0.8156093080034235,0.3621405122270722,0.4560608253973357,0.10604918880994044,0.9694482460446283,0.5824870566230047,0.009478103330257922,0.4710559427553134,0.3543552614839221,0.518842726643713
1993-12-11,0.1890578281230457,0.6901474972693954,0.3903009929649706,0.4541244616161881,0.26338771284499807,0.5848075434620256,0.15053454180111925,0.3486038077572254,-0.11475690206320106,0.6496127368209822,0.5880133405083676,0.10443118112305376,0.5532230311397954,0.15620117008505882,0.2733342411171486
1993-12-12,0.11627040197228898,0.778212777778931,0.42288351758890547,0.3033588438675897,0.30058059069861254,0.4841947255300122,0.28320785167410756,0.19212905961906976,0.004888037335668253,0.34944434683096426,0.3710332760942037,-0.02201351106119233,0.6530291853865647,0.01994422844198492,-0.007879088400741738
1993-12-13,-0.09386029273864469,0.7800441410353668,0.38797488045619427,-0.034900282743284806,0.21675503447228614,-0.1156341881381718,0.44830462857614406,0.06492134900513952,0.04780634213983056,0.01744449618344153,0.0144059701065272,-0.24897822556097726,0.559301765915875,-0.1307745775977072,-0.14717831462792097
1993-12-14,-0.1657705014041689,0.8205571723592777,0.7050771664127328,-0.3944257352260034,-0.1149829276183495,-0.6058611390332466,0.45289116354595393,0.017711232319322597,0.05868654314961107,-0.22602047619117588,-0.265272994451806,-0.6843599411147322,0.43346790276283115,-0.26482030265721745,-0.06704506626683433
1993-12-15,-0.14496652167888308,1.0014111830699366,0.8791347428457787,-0.471013157560537,-0.18643518682082222,-0.8100435894385066,0.6649641185286841,-0.07713641660691538,-0.22797073675960627,-0.26756127676998986,-0.49663550415327073,-1.0288099375359983,0.09237174852839289,-0.2884238209905917,-0.2142511668895062
1993-12-16,-0.17346090695132152,0.8424430180324421,0.9356077622822043,-0.4958033314482019,-0.09039909609481538,-0.6594935807935455,0.8703448514879747,-0.25338530891549654,-0.4247975683848182,-0.27905887706462806,-0.6892790984890664,-0.9926536977905663,0.041819214886582835,-0.4685543595656738,-0.2506903640571015
1993-12-17,-0.1854545763720769,0.6235658412382565,0.9289913975273145,-0.4973849956543614,-0.21411628618854975,-0.44918413740015545,0.8438490987041467,-0.4177710997515785,-0.6122225637855764,-0.22824639168616243,-0.777609717994386,-0.7919412413408935,-0.21586437715493603,-0.40943381522908784,-0.4167992609508149
1993-12-18,-0.38458155889599727,0.5627754798810822,0.5478171230415738,-0.7964965565012294,-0.3493041715090868,-0.5098947109296725,0.3933744748757085,-0.697241576881895,-0.8732616184638524,-0.15420619602137198,-0.81304496639243,-0.633175444173205,-0.6693900350090128,-0.3530028007119494,-0.26223468096694325
1993-12-19,-0.3368256317574767,0.46248446090726064,0.0463097207190588,-0.8681319324848934,-0.30717584746074944,-0.4375161396359331,0.33176736384809447,-0.47231597297823613,-0.7636010120852941,-0.21942400653677518,-0.605803694610865,-0.375927847632568,-0.8044627600178206,-0.3283983768237985,-0.09305197274692147
1993-12-20,-0.12385119705047037,0.355273481590589,-0.3071278606072193,-0.7176802235578432,-0.09720156955354602,-0.4821369990301036,0.43041867889870566,-0.31441801748754294,-0.4570054381308051,-0.3701918226304933,-0.6356990026284469,-0.46493615621946693,-0.8290668987258483,-0.22959341215554055,0.008435531031797762
1993-12-21,0.16909326711244022,0.2839882956704921,-0.40830940660974196,-0.41058033366922136,0.2075573129741357,-0.45079961812538955,0.793223009425872,-0.12469236780734118,-0.18451081492670166,-0.33814048112989104,-0.6658214426227707,-0.15760053916962438,-0.5806932190741763,-0.02011103163851189,0.1200773691868581
1993-12-22,0.352123105634244,-0.04550530023124502,-0.5454517901508348,0.0479425067303925,0.44066380304712877,-0.3368837696120486,1.0119597770298203,-0.2831660698807957,-0.3371076944091935,-0.19962813076212346,-0.5441977994019914,0.017205941552500603,-0.22106385886190721,-0.005256062899370993,0.1250062329403842
1993-12-23,0.28583496817012416,-0.07764950778650818,-0.7565308304065298,0.33368700116445127,0.2501553774317739,-0.2275714576358932,1.0936540530531988,-0.4551867279819194,-0.40500871260129523,0.18710293107690595,-0.19334330799849866,-0.04090315681429335,0.18371115636171817,0.08448424330012079,0.09321500624829923
1993-12-24,0.2380142416852867,-0.10363267972598017,-1.0498496745341814,0.7372126205817122,0.26053101390478867,-0.08356267922236528,0.972125806625697,-0.435251555988606,-0.2237762348111047,0.1326724972737895,0.4342755143942612,0.3711965697197254,0.5682224171548019,0.1951001489498642,0.25911288079244094
1993-12-25,0.20781974401145553,-0.07797673182240232,-1.3271217658546193,1.0380844406079983,0.29294485674081444,0.028771964542140545,0.9035491149093622,-0.5830670017905508,0.004266995394705409,-0.03656725230794191,0.7609060969609893,0.6561326378880188,1.1804242196510104,0.31227178544473555,0.454790657647476
1993-12-26,0.33668139713282785,-0.3599989915372832,-1.1485608323467549,0.9414900301058752,0.2307253862945842,0.29374389773618587,0.8069589161426826,-0.4229569760372343,0.13325900606162924,-0.08723421090449276,0.8009425480067077,0.8578171979055567,1.326782481883149,0.4568676597142506,0.3224706578110176
1993-12-27,0.6254641129584535,-0.6469168069336242,-1.165111592695197,0.7296834400464765,0.23465749931191424,0.2665874846357987,0.5494662721731248,-0.5476417835937395,0.10571676216614787,-0.28835130151958405,0.8194741933586401,0.9897129271140243,1.5372065595842421,0.5910254364088245,0.36104008346755534
1993-12-28,0.9068611894005416,-0.9492646038197856,-1.1446195798695709,0.27752707333633037,0.06476455754796,-0.12998840607785034,0.046766770601235005,-0.5009542964303397,-0.18542484074534304,-0.392595370575727,0.9315069041645861,0.9730282276428505,1.4545307636170102,0.5966080963926218,0.4536603101358934
1993-12-29,1.0654991340862914,-0.7312175228036016,-1.222871234900079,0.07299642010425231,-0.20052026239575765,-0.6122347599169858,-0.5346489332345591,-0.558047314603285,-0.3943863621086685,-0.28403358984998117,0.7789172739724829,0.9514704322290827,1.2561121593169433,0.48517503583638566,0.9654217673086883
1993-12-30,1.0992719307017047,-0.2595161308727228,-0.9451254055824431,0.23830322693659192,-0.27497241226395114,-0.3792316133755066,-1.0280709156647918,-0.6244248169673711,0.012465921697707629,-0.28209080146534804,0.7432658728872128,0.9131709900619305,0.4867731420233651,0.5240098210099615,1.2931576882778022
1993-12-31,1.0680915297441926,-0.32406268031184216,-0.5224417356366233,0.4115392229982914,-0.41622323720873877,-0.270204448176711,-1.1686883683790366,-0.4077458697706277,0.11785581668835728,0.027262197227431294,0.7009061049530364,1.027478381981849,0.0557730104022061,0.6641944102012004,1.4943571598774286
1994-01-01,0.7780446863282499,-0.2264074606014148,-0.329015829856427,0.5632297814354017,-0.3079770421968549,-0.7352687869400645,-0.579835150667518,-0.3181111175773082,0.24064695923440646,0.10675667512203067,0.44122818755838783,1.1168083879176955,0.16626554435802898,0.9821669797613912,1.3890667284184228
1994-01-02,0.5091655751226364,0.10594146809539677,-0.4862898845896781,0.7354970966648983,-0.5036547416556185,-1.1170537063346084,-0.1739339685724812,-0.3738305768249851,0.8347558299086372,0.2829162919230502,0.2155631327984646,1.2469017208884916,0.22797327028809608,1.179222789715178,1.3768655478072993
1994-01-03,0.5007181870108867,0.23307313330506949,-0.819362394689362,0.8670928349023402,-0.44364886962877326,-1.2122908050037504,0.12083430897560826,-0.6154899536146378,1.2958783392226665,0.6293768114830852,0.07352303866214342,1.6177458082392262,0.13714799912177905,1.1962359533659033,1.2487949801745597
1994-01-04,0.11163922831516862,0.19962574745554784,-0.8308629808759935,0.7288917070725356,-0.6036694299748712,-1.1845375421249027,0.12916409651727148,-0.6196037522541958,1.0465759550419533,0.8744872604908319,0.20047891215622285,1.5446799048323117,0.06098395826389302,1.0840208725694849,1.1644202300686304
1994-01-05,-0.08115230870209611,0.35622330952367953,-0.3082052121864438,0.5148444820249314,-0.5904402804057801,-1.0743208134292535,-0.2446783161172851,-0.4614297603178286,0.9451674176005889,0.8009949108575771,0.43779285728624145,1.5493521987816607,-0.1411504766144648,0.9694840811883311,1.130561264791355
1994-01-06,-0.15984071289953714,0.16530528417919985,-0.19102461450226738,0.3051274690466188,-0.34041804056188774,-0.9708874627881497,-0.6736754256418157,-0.27389275422491993,0.8670488175368958,0.6214893886814444,0.4934545659807215,1.2627392966633824,-0.057302366936776275,0.9766582648111617,1.087060518087852
1994-01-07,-0.26705761211024126,0.2765705852366101,-0.257253258955246,0.2252869916139412,0.0012692296739035026,-0.665269302111503,-0.8849778116985288,-0.0967323238071786,0.8307515902813744,0.5404162343759625,0.6852683876778046,1.1215944523451251,-0.17549625968916702,0.7241218221165223,0.9313997482814406
1994-01-08,-0.17553857196346667,0.3583704669659994,-0.6376267585992607,0.17100580712829702,0.3896141282392358,-0.3155504606485965,-1.0800527906586503,-0.14130458748144964,0.6805376403446268,0.2901028989249668,0.8789192607232114,0.6327539469379191,-0.27261552697981234,0.7491831308424641,0.6824811968361729
1994-01-09,-0.15105142977534086,0.19702461408093722,-1.0371028249486673,-0.13406425124857918,0.23496931832680207,0.02157276617437513,-1.2099077567661143,-0.12707915753655755,0.09761494457613845,-0.13868166937506252,0.6107832757300504,0.5442810393136299,-0.42809141771435055,0.6540823853590988,0.25537441140053635
1994-01-10,-0.09197587381351575,-0.0006943507718794581,-1.1703520743120346,-0.48539049153906966,0.004770540189619308,0.3812386720591229,-1.2116281711245047,-0.21041731242449707,-0.6961120461408972,-0.6135721533127914,0.31031842112251484,0.3522955018838984,-0.5479188510123938,0.27273950845893374,-0.021862573401168865
1994-01-11,-0.21642068958613145,-0.558309561519026,-1.2314810833687082,-0.8089239599053403,0.09993836703564297,0.233974750751229,-0.8817023526775323,-0.39197048390666783,-1.5714189039023874,-0.5988705053811281,0.16905911230177822,0.05335948227335484,-0.733752071258367,-0.17311159090223294,-0.5559145480238509
1994-01-12,0.006110892868603814,-0.4741987964120451,-1.524328024165275,-1.0237021848659595,0.08766477628146081,0.1317041503202816,-0.5074842186653836,-0.42476900350019287,-1.9993746894302769,-0.517314141034241,-0.06742506955466804,-0.06091215873245782,-0.816504345014527,-0.9991731427495671,-0.8387546691361022
1994-01-13,0.5300092056416612,-0.762364913605888,-1.8277898741875864,-1.2399524007157812,0.32146318587178213,-0.21309838444794335,-0.2905187187382838,-0.3434614365179904,-2.2710766297594436,-0.1606973815287426,-0.2260210210248316,-0.3311396919779853,-1.105721731899452,-1.618901549818719,-1.0616747720000945
1994-01-14,1.029015014150885,-0.9024653387923552,-1.8022520603335754,-1.2571149757789648,0.2576914010454122,-0.7282625740373662,-0.43120096127169705,-0.31018602433006465,-2.213269082099123,-0.1578979783726583,-0.3864533393533787,-0.5380791262427761,-0.8737364976981676,-1.616621123668074,-0.9905583515645819
1994-01-15,1.1641085276429552,-0.935777675114416,-1.7887871730697922,-1.1975890130514353,0.29744352395749735,-1.1736210625450876,-0.31533373373974954,-0.36606989119148137,-2.0538108351775772,0.019848671296423242,-0.5270376829841256,-0.6267313925908489,-0.7632130251856027,-1.578899055671991,-1.3261353865710679
1994-01-16,1.377351162469618,-0.6366697881183805,-1.6228477851617236,-1.3006591004961872,0.5074750711242323,-1.4788667872341803,-0.26576499730741476,-0.07161674302488412,-1.7986582978310781,0.24139897426680865,-0.669978190968546,-0.937265117286642,-0.6260772971568507,-1.4830611241561775,-1.430257625411666
1994-01-17,1.2392392488788218,-0.4871828558577868,-1.1920572863641774,-1.3573784964068774,0.6303879463652652,-1.546512356067956,0.1885787036134692,0.4718146400756389,-1.5796788071653876,0.3567731956920678,-0.500675586702905,-0.9942814789926124,-0.414326641740658,-1.3052594576292194,-1.1179336835808766
1994-01-18,1.0113075773317997,-0.5734648506508446,-0.7625909497667469,-1.2859736566944004,0.5626117964948142,-1.4338079595838493,0.5362301479601643,0.6599274126370486,-1.4993914763952243,0.12687865650791533,-0.39764756566888604,-1.028195876208904,-0.28714775626102923,-1.4330206989681975,-0.3810095346539761
1994-01-19,0.7347333515857483,-0.7084015264658994,-0.45103432969971313,-1.2167069261943302,0.1622794460338765,-1.0821955788645652,0.9235231012261088,0.6928891367628169,-1.2542249283411784,0.05974485847199126,-0.189319308619693,-0.8744672413343046,-0.19347785030603598,-1.6669596845618153,-0.1669712881701462
1994-01-20,0.6711177285967587,-0.49998501791148336,-0.19979878265775647,-1.0421351311060287,0.08847588269396596,-0.785466108375993,0.5986754308744067,0.6977466666610932,-0.9718225444974081,-0.1071926961916468,-0.05528691952535071,-0.7274412495064081,0.02855870588685655,-1.6038339217424724,-0.10402066368983727
1994-01-21,0.5891858307250131,-0.20839620669154355,0.3257800942122057,-0.5104066258484176,0.2159203071787301,-0.27865169187074323,0.40749575960383,0.7487066737608676,-0.9149581236637409,-0.02573973073051697,0.19495445771070513,-0.6387365326060158,0.5073740503544809,-1.1737022904100995,0.07942920014268778
1994-01-22,0.2476151771057309,-0.22242289114359845,0.9319767871625938,-0.1658323946924222,0.28684978071755696,0.40917747410223015,0.6076288991312373,0.9254646673892828,-0.5541140762062017,0.19453026930945327,0.5627742678322875,-0.7494602972760125,0.49076991523252667,-1.0155932203693443,0.4164144082818929
1994-01-23,-0.5714720320827287,-0.5573751669325102,0.6008617105270313,0.33114745012475194,0.3990193895102444,0.896053503450749,0.4919354845479789,0.5916892299463318,-0.2479621713450733,0.10389368864949926,0.43863676812296815,-0.8442583552505785,0.5969795956984062,-0.7160318147679359,0.49377964989663736
1994-01-24,-1.3052377329855476,-0.8619893898740121,0.3602514502718739,0.5180366401152489,0.4657079221164129,1.2504092895832595,0.38581720244327705,0.3524008167137497,-0.022645526538523746,0.14301560264293248,0.10663674515660622,-0.9676295350740618,0.5016173669821015,-0.7414897943073813,0.7289660870686878
1994-01-25,-2.0104634337912923,-0.7132299256914857,0.6816387355041692,0.45797107074743415,0.11165648596527597,1.4286482118626183,-0.10357195010407928,0.13285386917404587,0.4954036404515379,0.13062224121638946,-0.10350313963510407,-1.0102191893079044,0.3772718396408112,-0.90193096906967,0.9792907792934712
1994-01-26,-2.3337651721897443,-0.7120671209702008,0.8580271653218609,0.767986832477226,-0.35378497347814636,1.624193896532941,-0.7255387593536692,-0.3496733302669493,0.611286058581883,0.14771372717538883,-0.39333945635622675,-0.9140471100377301,0.1533550356089759,-0.4184513947147886,0.9927480818566743
1994-01-27,-2.465794358718483,-0.9168175085855245,0.5566501724307605,1.1969644161148496,-0.8461584015317185,1.7958002025252968,-1.0349850190987704,-0.9917382301508547,0.7436919253404155,-0.0018147469410935229,-0.7322308733845111,-0.7092092375728742,0.15342418302778005,-0.5194189030147729,0.8004885971360767
1994-01-28,-2.3101536104154645,-1.0000162695004842,0.6646669532693723,1.4688456898777251,-1.080799648277732,1.575252414542196,-1.2018166580045582,-1.338054964012171,0.7581138101276597,-0.10308377384224733,-1.008097461390491,-0.38092552885390146,0.12945189500353205,-0.5710360249272814,0.5975461522024289
1994-01-29,-1.8428976443592797,-0.6704997030004844,0.49835208695402006,1.7864815091002026,-1.2786225864949965,1.219409254035201,-1.16970803640621,-1.221843959790913,0.9643869246585958,-0.19588486730673554,-1.2142362628470327,-0.1944420707566013,0.22606653163266852,-0.5406778271490004,0.5895493950513063
1994-01-30,-1.1397555476921017,-0.12527953299247274,0.5628696803030183,1.8643234659774675,-1.8076913471546217,0.9255684217190087,-0.8951196840878246,-0.5761645947864397,0.8778245721797521,-0.3328668680143529,-1.0870042342530073,-0.28334626291731846,0.25385279865578175,-0.45457247206157025,0.6715493514308728
1994-01-31,-0.41055707137414404,0.1292135171982237,0.9200403649704935,2.08574513838094,-1.8845274854832736,0.7236236986995719,-0.3818803196703205,-0.5396979910590314,0.6388161574420725,-0.5532542338963793,-0.9593507264110143,-0.478354006961172,0.1575270416560997,-0.6396940465381771,0.6750205624342034
1994-02-01,0.19568927086688764,0.32173621397353563,1.372385626525208,2.095808187772858,-1.2403496936237353,0.8298489867758231,0.2511490071897494,-0.5697451177672278,0.5720278916366619,-0.8803960715579241,-0.7275756287271943,-0.5924330151532695,0.23852548730453438,-0.6771280229091866,0.5295138287089574
1994-02-02,0.737001943753578,0.49937488812836245,1.61745095408922,1.6971473231673353,-0.5780007879208771,0.6062998405887385,0.6177208862508985,-0.16672534979069403,0.5435257353588564,-0.9795341830419156,-0.6675978210301259,-0.2019273384231135,0.5121274999183776,-0.7295021695461597,0.4403191837613736
1994-02-03,0.7864316022555453,0.6342152995305332,1.7568534399677485,1.351087430784197,-0.25286786320980215,0.3708773345719723,0.33119621950505684,0.04754883324971604,0.6238334902988307,-1.048557178203154,-0.3928551914919923,0.10436674975271952,0.2867084198551468,-0.6496130404615911,0.4233939592033081
