,1,2,3,4,5,6,7,8,9,10,11,12,13,14,15
1999-08-03,0.47932247209104484,0.47932247209104484,0.47932247209104484,0.47932247209104484,0.47932247209104484,0.47932247209104484,0.47932247209104484,0.47932247209104484,0.47932247209104484,0.47932247209104484,0.47932247209104484,0.47932247209104484,0.47932247209104484,0.47932247209104484,0.47932247209104484
1999-08-04,0.184289880696115,0.184289880696115,0.184289880696115,0.184289880696115,0.184289880696115,0.184289880696115,0.184289880696115,0.184289880696115,0.184289880696115,0.184289880696115,0.184289880696115,0.184289880696115,0.184289880696115,0.184289880696115,0.184289880696115
1999-08-05,0.20197677209961853,0.20197677209961853,0.20197677209961853,0.20197677209961853,0.20197677209961853,0.20197677209961853,0.20197677209961853,0.20197677209961853,0.20197677209961853,0.20197677209961853,0.20197677209961853,0.20197677209961853,0.20197677209961853,0.20197677209961853,0.20197677209961853
1999-08-06,0.02408041851520177,0.02408041851520177,0.02408041851520177,0.02408041851520177,0.02408041851520177,0.02408041851520177,0.02408041851520177,0.02408041851520177,0.02408041851520177,0.02408041851520177,0.02408041851520177,0.02408041851520177,0.02408041851520177,0.02408041851520177,0.02408041851520177
1999-08-07,0.3058953842024125,0.3058953842024125,0.3058953842024125,0.3058953842024125,0.3058953842024125,0.3058953842024125,0.3058953842024125,0.3058953842024125,0.3058953842024125,0.3058953842024125,0.3058953842024125,0.3058953842024125,0.3058953842024125,0.3058953842024125,0.3058953842024125
1999-08-08,0.319645797008543,0.319645797008543,0.319645797008543,0.319645797008543,0.319645797008543,0.319645797008543,0.319645797008543,0.319645797008543,0.319645797008543,0.319645797008543,0.319645797008543,0.319645797008543,0.319645797008543,0.319645797008543,0.319645797008543
1999-08-09,0.38287475014084826,0.38287475014084826,0.38287475014084826,0.38287475014084826,0.38287475014084826,0.38287475014084826,0.38287475014084826,0.38287475014084826,0.38287475014084826,0.38287475014084826,0.38287475014084826,0.38287475014084826,0.38287475014084826,0.38287475014084826,0.38287475014084826
1999-08-10,0.07667253260523095,0.07667253260523095,0.07667253260523095,0.07667253260523095,0.07667253260523095,0.07667253260523095,0.07667253260523095,0.07667253260523095,0.07667253260523095,0.07667253260523095,0.07667253260523095,0.07667253260523095,0.07667253260523095,0.07667253260523095,0.07667253260523095
1999-08-11,0.11026365909655425,0.11026365909655425,0.11026365909655425,0.11026365909655425,0.11026365909655425,0.11026365909655425,0.11026365909655425,0.11026365909655425,0.11026365909655425,0.11026365909655425,0.11026365909655425,0.11026365909655425,0.11026365909655425,0.11026365909655425,0.11026365909655425
1999-08-12,0.16784347130565752,0.16784347130565752,0.16784347130565752,0.16784347130565752,0.16784347130565752,0.16784347130565752,0.16784347130565752,0.16784347130565752,0.16784347130565752,0.16784347130565752,0.16784347130565752,0.16784347130565752,0.16784347130565752,0.16784347130565752,0.16784347130565752
1999-08-13,-0.007459238404790811,-0.007459238404790811,-0.007459238404790811,-0.007459238404790811,-0.007459238404790811,-0.007459238404790811,-0.007459238404790811,-0.007459238404790811,-0.007459238404790811,-0.007459238404790811,-0.007459238404790811,-0.007459238404790811,-0.007459238404790811,-0.007459238404790811,-0.007459238404790811
1999-08-14,0.023712135378008967,0.023712135378008967,0.023712135378008967,0.023712135378008967,0.023712135378008967,0.023712135378008967,0.023712135378008967,0.023712135378008967,0.023712135378008967,0.023712135378008967,0.023712135378008967,0.023712135378008967,0.023712135378008967,0.023712135378008967,0.023712135378008967
1999-08-15,0.015994601109936103,0.015994601109936103,0.015994601109936103,0.015994601109936103,0.015994601109936103,0.015994601109936103,0.015994601109936103,0.015994601109936103,0.015994601109936103,0.015994601109936103,0.015994601109936103,0.015994601109936103,0.015994601109936103,0.015994601109936103,0.015994601109936103
1999-08-16,0.21041157238530395,0.21041157238530395,0.21041157238530395,0.21041157238530395,0.21041157238530395,0.21041157238530395,0.21041157238530395,0.21041157238530395,0.21041157238530395,0.21041157238530395,0.21041157238530395,0.21041157238530395,0.21041157238530395,0.21041157238530395,0.21041157238530395
1999-08-17,0.2040859623356555,0.2040859623356555,0.2040859623356555,0.2040859623356555,0.2040859623356555,0.2040859623356555,0.2040859623356555,0.2040859623356555,0.2040859623356555,0.2040859623356555,0.2040859623356555,0.2040859623356555,0.2040859623356555,0.2040859623356555,0.2040859623356555
1999-08-18,-0.09464611656329054,-0.09464611656329054,-0.09464611656329054,-0.09464611656329054,-0.09464611656329054,-0.09464611656329054,-0.09464611656329054,-0.09464611656329054,-0.09464611656329054,-0.09464611656329054,-0.09464611656329054,-0.09464611656329054,-0.09464611656329054,-0.09464611656329054,-0.09464611656329054
1999-08-19,-0.5402889781944415,-0.5402889781944415,-0.5402889781944415,-0.5402889781944415,-0.5402889781944415,-0.5402889781944415,-0.5402889781944415,-0.5402889781944415,-0.5402889781944415,-0.5402889781944415,-0.5402889781944415,-0.5402889781944415,-0.5402889781944415,-0.5402889781944415,-0.5402889781944415
1999-08-20,-0.5088419925580276,-0.5088419925580276,-0.5088419925580276,-0.5088419925580276,-0.5088419925580276,-0.5088419925580276,-0.5088419925580276,-0.5088419925580276,-0.5088419925580276,-0.5088419925580276,-0.5088419925580276,-0.5088419925580276,-0.5088419925580276,-0.5088419925580276,-0.5088419925580276
1999-08-21,-0.5534341347490014,-0.5534341347490014,-0.5534341347490014,-0.5534341347490014,-0.5534341347490014,-0.5534341347490014,-0.5534341347490014,-0.5534341347490014,-0.5534341347490014,-0.5534341347490014,-0.5534341347490014,-0.5534341347490014,-0.5534341347490014,-0.5534341347490014,-0.5534341347490014
1999-08-22,-1.2347799058638627,-1.2347799058638627,-1.2347799058638627,-1.2347799058638627,-1.2347799058638627,-1.2347799058638627,-1.2347799058638627,-1.2347799058638627,-1.2347799058638627,-1.2347799058638627,-1.2347799058638627,-1.2347799058638627,-1.2347799058638627,-1.2347799058638627,-1.2347799058638627
1999-08-23,-1.6943496302411805,-1.6943496302411805,-1.6943496302411805,-1.6943496302411805,-1.6943496302411805,-1.6943496302411805,-1.6943496302411805,-1.6943496302411805,-1.6943496302411805,-1.6943496302411805,-1.6943496302411805,-1.6943496302411805,-1.6943496302411805,-1.6943496302411805,-1.6943496302411805
1999-08-24,-1.563753992606412,-1.563753992606412,-1.563753992606412,-1.563753992606412,-1.563753992606412,-1.563753992606412,-1.563753992606412,-1.563753992606412,-1.563753992606412,-1.563753992606412,-1.563753992606412,-1.563753992606412,-1.563753992606412,-1.563753992606412,-1.563753992606412
1999-08-25,-1.3910467418701276,-1.3910467418701276,-1.3910467418701276,-1.3910467418701276,-1.3910467418701276,-1.3910467418701276,-1.3910467418701276,-1.3910467418701276,-1.3910467418701276,-1.3910467418701276,-1.3910467418701276,-1.3910467418701276,-1.3910467418701276,-1.3910467418701276,-1.3910467418701276
1999-08-26,-1.320531641075519,-1.320531641075519,-1.320531641075519,-1.320531641075519,-1.320531641075519,-1.320531641075519,-1.320531641075519,-1.320531641075519,-1.320531641075519,-1.320531641075519,-1.320531641075519,-1.320531641075519,-1.320531641075519,-1.320531641075519,-1.320531641075519
1999-08-27,-1.242658664719905,-1.242658664719905,-1.242658664719905,-1.242658664719905,-1.242658664719905,-1.242658664719905,-1.242658664719905,-1.242658664719905,-1.242658664719905,-1.242658664719905,-1.242658664719905,-1.242658664719905,-1.242658664719905,-1.242658664719905,-1.242658664719905
1999-08-28,-0.9275217454631932,-0.9275217454631932,-0.9275217454631932,-0.9275217454631932,-0.9275217454631932,-0.9275217454631932,-0.9275217454631932,-0.9275217454631932,-0.9275217454631932,-0.9275217454631932,-0.9275217454631932,-0.9275217454631932,-0.9275217454631932,-0.9275217454631932,-0.9275217454631932
1999-08-29,-0.5071736825622543,-0.5071736825622543,-0.5071736825622543,-0.5071736825622543,-0.5071736825622543,-0.5071736825622543,-0.5071736825622543,-0.5071736825622543,-0.5071736825622543,-0.5071736825622543,-0.5071736825622543,-0.5071736825622543,-0.5071736825622543,-0.5071736825622543,-0.5071736825622543
1999-08-30,-0.016941638538077848,-0.016941638538077848,-0.016941638538077848,-0.016941638538077848,-0.016941638538077848,-0.016941638538077848,-0.016941638538077848,-0.016941638538077848,-0.016941638538077848,-0.016941638538077848,-0.016941638538077848,-0.016941638538077848,-0.016941638538077848,-0.016941638538077848,-0.016941638538077848
1999-08-31,0.24888337596637583,0.24888337596637583,0.24888337596637583,0.24888337596637583,0.24888337596637583,0.24888337596637583,0.24888337596637583,0.24888337596637583,0.24888337596637583,0.24888337596637583,0.24888337596637583,0.24888337596637583,0.24888337596637583,0.24888337596637583,0.24888337596637583
1999-09-01,0.46012772861864637,0.46012772861864637,0.46012772861864637,0.46012772861864637,0.46012772861864637,0.46012772861864637,0.46012772861864637,0.46012772861864637,0.46012772861864637,0.46012772861864637,0.46012772861864637,0.46012772861864637,0.46012772861864637,0.46012772861864637,0.46012772861864637
1999-09-02,0.5332656203420405,0.5332656203420405,0.5332656203420405,0.5332656203420405,0.5332656203420405,0.5332656203420405,0.5332656203420405,0.5332656203420405,0.5332656203420405,0.5332656203420405,0.5332656203420405,0.5332656203420405,0.5332656203420405,0.5332656203420405,0.5332656203420405
1999-09-03,0.6549319370805333,0.6549319370805333,0.6549319370805333,0.6549319370805333,0.6549319370805333,0.6549319370805333,0.6549319370805333,0.6549319370805333,0.6549319370805333,0.6549319370805333,0.6549319370805333,0.6549319370805333,0.6549319370805333,0.6549319370805333,0.6549319370805333
1999-09-04,0.4421160347591456,0.4421160347591456,0.4421160347591456,0.4421160347591456,0.4421160347591456,0.4421160347591456,0.4421160347591456,0.4421160347591456,0.4421160347591456,0.4421160347591456,0.4421160347591456,0.4421160347591456,0.4421160347591456,0.4421160347591456,0.4421160347591456
1999-09-05,0.6801249944591167,0.6801249944591167,0.6801249944591167,0.6801249944591167,0.6801249944591167,0.6801249944591167,0.6801249944591167,0.6801249944591167,0.6801249944591167,0.6801249944591167,0.6801249944591167,0.6801249944591167,0.6801249944591167,0.6801249944591167,0.6801249944591167
1999-09-06,0.7167924741496198,0.7167924741496198,0.7167924741496198,0.7167924741496198,0.7167924741496198,0.7167924741496198,0.7167924741496198,0.7167924741496198,0.7167924741496198,0.7167924741496198,0.7167924741496198,0.7167924741496198,0.7167924741496198,0.7167924741496198,0.7167924741496198
1999-09-07,0.5410523347498744,0.5410523347498744,0.5410523347498744,0.5410523347498744,0.5410523347498744,0.5410523347498744,0.5410523347498744,0.5410523347498744,0.5410523347498744,0.5410523347498744,0.5410523347498744,0.5410523347498744,0.5410523347498744,0.5410523347498744,0.5410523347498744
1999-09-08,0.45634224284481173,0.45634224284481173,0.45634224284481173,0.45634224284481173,0.45634224284481173,0.45634224284481173,0.45634224284481173,0.45634224284481173,0.45634224284481173,0.45634224284481173,0.45634224284481173,0.45634224284481173,0.45634224284481173,0.45634224284481173,0.45634224284481173
1999-09-09,0.5664360000864862,0.5664360000864862,0.5664360000864862,0.5664360000864862,0.5664360000864862,0.5664360000864862,0.5664360000864862,0.5664360000864862,0.5664360000864862,0.5664360000864862,0.5664360000864862,0.5664360000864862,0.5664360000864862,0.5664360000864862,0.5664360000864862
1999-09-10,0.42198423764758836,0.42198423764758836,0.42198423764758836,0.42198423764758836,0.42198423764758836,0.42198423764758836,0.42198423764758836,0.42198423764758836,0.42198423764758836,0.42198423764758836,0.42198423764758836,0.42198423764758836,0.42198423764758836,0.42198423764758836,0.42198423764758836
1999-09-11,0.30702690299742996,0.30702690299742996,0.30702690299742996,0.30702690299742996,0.30702690299742996,0.30702690299742996,0.30702690299742996,0.30702690299742996,0.30702690299742996,0.30702690299742996,0.30702690299742996,0.30702690299742996,0.30702690299742996,0.30702690299742996,0.30702690299742996
1999-09-12,-0.15536318588924042,-0.15536318588924042,-0.15536318588924042,-0.15536318588924042,-0.15536318588924042,-0.15536318588924042,-0.15536318588924042,-0.15536318588924042,-0.15536318588924042,-0.15536318588924042,-0.15536318588924042,-0.15536318588924042,-0.15536318588924042,-0.15536318588924042,-0.15536318588924042
1999-09-13,-0.10325598373032076,-0.10325598373032076,-0.10325598373032076,-0.10325598373032076,-0.10325598373032076,-0.10325598373032076,-0.10325598373032076,-0.10325598373032076,-0.10325598373032076,-0.10325598373032076,-0.10325598373032076,-0.10325598373032076,-0.10325598373032076,-0.10325598373032076,-0.10325598373032076
1999-09-14,0.05273549150156518,0.05273549150156518,0.05273549150156518,0.05273549150156518,0.05273549150156518,0.05273549150156518,0.05273549150156518,0.05273549150156518,0.05273549150156518,0.05273549150156518,0.05273549150156518,0.05273549150156518,0.05273549150156518,0.05273549150156518,0.05273549150156518
1999-09-15,0.01852406867366308,0.01852406867366308,0.01852406867366308,0.01852406867366308,0.01852406867366308,0.01852406867366308,0.01852406867366308,0.01852406867366308,0.01852406867366308,0.01852406867366308,0.01852406867366308,0.01852406867366308,0.01852406867366308,0.01852406867366308,0.01852406867366308
1999-09-16,0.022321459921592682,0.022321459921592682,0.022321459921592682,0.022321459921592682,0.022321459921592682,0.022321459921592682,0.022321459921592682,0.022321459921592682,0.022321459921592682,0.022321459921592682,0.022321459921592682,0.022321459921592682,0.022321459921592682,0.022321459921592682,0.022321459921592682
1999-09-17,0.09777551344016648,0.09777551344016648,0.09777551344016648,0.09777551344016648,0.09777551344016648,0.09777551344016648,0.09777551344016648,0.09777551344016648,0.09777551344016648,0.09777551344016648,0.09777551344016648,0.09777551344016648,0.09777551344016648,0.09777551344016648,0.09777551344016648
1999-09-18,-0.06032806845498355,-0.06032806845498355,-0.06032806845498355,-0.06032806845498355,-0.06032806845498355,-0.06032806845498355,-0.06032806845498355,-0.06032806845498355,-0.06032806845498355,-0.06032806845498355,-0.06032806845498355,-0.06032806845498355,-0.06032806845498355,-0.06032806845498355,-0.06032806845498355
1999-09-19,-0.11015975443400913,-0.11015975443400913,-0.11015975443400913,-0.11015975443400913,-0.11015975443400913,-0.11015975443400913,-0.11015975443400913,-0.11015975443400913,-0.11015975443400913,-0.11015975443400913,-0.11015975443400913,-0.11015975443400913,-0.11015975443400913,-0.11015975443400913,-0.11015975443400913
1999-09-20,-0.21459885367185502,-0.21459885367185502,-0.21459885367185502,-0.21459885367185502,-0.21459885367185502,-0.21459885367185502,-0.21459885367185502,-0.21459885367185502,-0.21459885367185502,-0.21459885367185502,-0.21459885367185502,-0.21459885367185502,-0.21459885367185502,-0.21459885367185502,-0.21459885367185502
1999-09-21,-0.2719208010674733,-0.2719208010674733,-0.2719208010674733,-0.2719208010674733,-0.2719208010674733,-0.2719208010674733,-0.2719208010674733,-0.2719208010674733,-0.2719208010674733,-0.2719208010674733,-0.2719208010674733,-0.2719208010674733,-0.2719208010674733,-0.2719208010674733,-0.2719208010674733
1999-09-22,-0.17081417362405193,-0.17081417362405193,-0.17081417362405193,-0.17081417362405193,-0.17081417362405193,-0.17081417362405193,-0.17081417362405193,-0.17081417362405193,-0.17081417362405193,-0.17081417362405193,-0.17081417362405193,-0.17081417362405193,-0.17081417362405193,-0.17081417362405193,-0.17081417362405193
1999-09-23,-0.38688665503016256,-0.38688665503016256,-0.38688665503016256,-0.38688665503016256,-0.38688665503016256,-0.38688665503016256,-0.38688665503016256,-0.38688665503016256,-0.38688665503016256,-0.38688665503016256,-0.38688665503016256,-0.38688665503016256,-0.38688665503016256,-0.38688665503016256,-0.38688665503016256
1999-09-24,-0.7063704317488104,-0.7063704317488104,-0.7063704317488104,-0.7063704317488104,-0.7063704317488104,-0.7063704317488104,-0.7063704317488104,-0.7063704317488104,-0.7063704317488104,-0.7063704317488104,-0.7063704317488104,-0.7063704317488104,-0.7063704317488104,-0.7063704317488104,-0.7063704317488104
1999-09-25,-1.0668590922419612,-1.0668590922419612,-1.0668590922419612,-1.0668590922419612,-1.0668590922419612,-1.0668590922419612,-1.0668590922419612,-1.0668590922419612,-1.0668590922419612,-1.0668590922419612,-1.0668590922419612,-1.0668590922419612,-1.0668590922419612,-1.0668590922419612,-1.0668590922419612
1999-09-26,-1.3927522174186866,-1.3927522174186866,-1.3927522174186866,-1.3927522174186866,-1.3927522174186866,-1.3927522174186866,-1.3927522174186866,-1.3927522174186866,-1.3927522174186866,-1.3927522174186866,-1.3927522174186866,-1.3927522174186866,-1.3927522174186866,-1.3927522174186866,-1.3927522174186866
1999-09-27,-1.4543445286809493,-1.4543445286809493,-1.4543445286809493,-1.4543445286809493,-1.4543445286809493,-1.4543445286809493,-1.4543445286809493,-1.4543445286809493,-1.4543445286809493,-1.4543445286809493,-1.4543445286809493,-1.4543445286809493,-1.4543445286809493,-1.4543445286809493,-1.4543445286809493
1999-09-28,-1.71377409718428,-1.71377409718428,-1.71377409718428,-1.71377409718428,-1.71377409718428,-1.71377409718428,-1.71377409718428,-1.71377409718428,-1.71377409718428,-1.71377409718428,-1.71377409718428,-1.71377409718428,-1.71377409718428,-1.71377409718428,-1.71377409718428
1999-09-29,-2.1019407783989066,-2.1019407783989066,-2.1019407783989066,-2.1019407783989066,-2.1019407783989066,-2.1019407783989066,-2.1019407783989066,-2.1019407783989066,-2.1019407783989066,-2.1019407783989066,-2.1019407783989066,-2.1019407783989066,-2.1019407783989066,-2.1019407783989066,-2.1019407783989066
1999-09-30,-2.1918615866637507,-2.1918615866637507,-2.1918615866637507,-2.1918615866637507,-2.1918615866637507,-2.1918615866637507,-2.1918615866637507,-2.1918615866637507,-2.1918615866637507,-2.1918615866637507,-2.1918615866637507,-2.1918615866637507,-2.1918615866637507,-2.1918615866637507,-2.1918615866637507
1999-10-01,-2.027888467640249,-2.027888467640249,-2.027888467640249,-2.027888467640249,-2.027888467640249,-2.027888467640249,-2.027888467640249,-2.027888467640249,-2.027888467640249,-2.027888467640249,-2.027888467640249,-2.027888467640249,-2.027888467640249,-2.027888467640249,-2.027888467640249
1999-10-02,-1.8818778103248828,-1.8818778103248828,-1.8818778103248828,-1.8818778103248828,-1.8818778103248828,-1.8818778103248828,-1.8818778103248828,-1.8818778103248828,-1.8818778103248828,-1.8818778103248828,-1.8818778103248828,-1.8818778103248828,-1.8818778103248828,-1.8818778103248828,-1.8818778103248828
1999-10-03,-1.6755454654479085,-1.6755454654479085,-1.6755454654479085,-1.6755454654479085,-1.6755454654479085,-1.6755454654479085,-1.6755454654479085,-1.6755454654479085,-1.6755454654479085,-1.6755454654479085,-1.6755454654479085,-1.6755454654479085,-1.6755454654479085,-1.6755454654479085,-1.6755454654479085
1999-10-04,-1.4941555328156386,-1.4941555328156386,-1.4941555328156386,-1.4941555328156386,-1.4941555328156386,-1.4941555328156386,-1.4941555328156386,-1.4941555328156386,-1.4941555328156386,-1.4941555328156386,-1.4941555328156386,-1.4941555328156386,-1.4941555328156386,-1.4941555328156386,-1.4941555328156386
1999-10-05,-1.6704647993020085,-1.6704647993020085,-1.6704647993020085,-1.6704647993020085,-1.6704647993020085,-1.6704647993020085,-1.6704647993020085,-1.6704647993020085,-1.6704647993020085,-1.6704647993020085,-1.6704647993020085,-1.6704647993020085,-1.6704647993020085,-1.6704647993020085,-1.6704647993020085
1999-10-06,-1.5359162451782902,-1.5359162451782902,-1.5359162451782902,-1.5359162451782902,-1.5359162451782902,-1.5359162451782902,-1.5359162451782902,-1.5359162451782902,-1.5359162451782902,-1.5359162451782902,-1.5359162451782902,-1.5359162451782902,-1.5359162451782902,-1.5359162451782902,-1.5359162451782902
1999-10-07,-1.412329672666357,-1.412329672666357,-1.412329672666357,-1.412329672666357,-1.412329672666357,-1.412329672666357,-1.412329672666357,-1.412329672666357,-1.412329672666357,-1.412329672666357,-1.412329672666357,-1.412329672666357,-1.412329672666357,-1.412329672666357,-1.412329672666357
1999-10-08,-1.4894641249047793,-1.4894641249047793,-1.4894641249047793,-1.4894641249047793,-1.4894641249047793,-1.4894641249047793,-1.4894641249047793,-1.4894641249047793,-1.4894641249047793,-1.4894641249047793,-1.4894641249047793,-1.4894641249047793,-1.4894641249047793,-1.4894641249047793,-1.4894641249047793
1999-10-09,-1.5021658476723236,-1.5021658476723236,-1.5021658476723236,-1.5021658476723236,-1.5021658476723236,-1.5021658476723236,-1.5021658476723236,-1.5021658476723236,-1.5021658476723236,-1.5021658476723236,-1.5021658476723236,-1.5021658476723236,-1.5021658476723236,-1.5021658476723236,-1.5021658476723236
1999-10-10,-1.0926213142620564,-1.0926213142620564,-1.0926213142620564,-1.0926213142620564,-1.0926213142620564,-1.0926213142620564,-1.0926213142620564,-1.0926213142620564,-1.0926213142620564,-1.0926213142620564,-1.0926213142620564,-1.0926213142620564,-1.0926213142620564,-1.0926213142620564,-1.0926213142620564
1999-10-11,-0.8603122549345092,-0.8603122549345092,-0.8603122549345092,-0.8603122549345092,-0.8603122549345092,-0.8603122549345092,-0.8603122549345092,-0.8603122549345092,-0.8603122549345092,-0.8603122549345092,-0.8603122549345092,-0.8603122549345092,-0.8603122549345092,-0.8603122549345092,-0.8603122549345092
1999-10-12,-0.8716984710792536,-0.8716984710792536,-0.8716984710792536,-0.8716984710792536,-0.8716984710792536,-0.8716984710792536,-0.8716984710792536,-0.8716984710792536,-0.8716984710792536,-0.8716984710792536,-0.8716984710792536,-0.8716984710792536,-0.8716984710792536,-0.8716984710792536,-0.8716984710792536
1999-10-13,-0.5609659831606136,-0.5609659831606136,-0.5609659831606136,-0.5609659831606136,-0.5609659831606136,-0.5609659831606136,-0.5609659831606136,-0.5609659831606136,-0.5609659831606136,-0.5609659831606136,-0.5609659831606136,-0.5609659831606136,-0.5609659831606136,-0.5609659831606136,-0.5609659831606136
1999-10-14,-0.49235925318340584,-0.49235925318340584,-0.49235925318340584,-0.49235925318340584,-0.49235925318340584,-0.49235925318340584,-0.49235925318340584,-0.49235925318340584,-0.49235925318340584,-0.49235925318340584,-0.49235925318340584,-0.49235925318340584,-0.49235925318340584,-0.49235925318340584,-0.49235925318340584
1999-10-15,-0.682012617241955,-0.682012617241955,-0.682012617241955,-0.682012617241955,-0.682012617241955,-0.682012617241955,-0.682012617241955,-0.682012617241955,-0.682012617241955,-0.682012617241955,-0.682012617241955,-0.682012617241955,-0.682012617241955,-0.682012617241955,-0.682012617241955
1999-10-16,-0.7925757740719385,-0.7925757740719385,-0.7925757740719385,-0.7925757740719385,-0.7925757740719385,-0.7925757740719385,-0.7925757740719385,-0.7925757740719385,-0.7925757740719385,-0.7925757740719385,-0.7925757740719385,-0.7925757740719385,-0.7925757740719385,-0.7925757740719385,-0.7925757740719385
1999-10-17,-0.7587012874230117,-0.7587012874230117,-0.7587012874230117,-0.7587012874230117,-0.7587012874230117,-0.7587012874230117,-0.7587012874230117,-0.7587012874230117,-0.7587012874230117,-0.7587012874230117,-0.7587012874230117,-0.7587012874230117,-0.7587012874230117,-0.7587012874230117,-0.7587012874230117
1999-10-18,-0.7948064968296586,-0.7948064968296586,-0.7948064968296586,-0.7948064968296586,-0.7948064968296586,-0.7948064968296586,-0.7948064968296586,-0.7948064968296586,-0.7948064968296586,-0.7948064968296586,-0.7948064968296586,-0.7948064968296586,-0.7948064968296586,-0.7948064968296586,-0.7948064968296586
1999-10-19,-0.7518876061480533,-0.7518876061480533,-0.7518876061480533,-0.7518876061480533,-0.7518876061480533,-0.7518876061480533,-0.7518876061480533,-0.7518876061480533,-0.7518876061480533,-0.7518876061480533,-0.7518876061480533,-0.7518876061480533,-0.7518876061480533,-0.7518876061480533,-0.7518876061480533
1999-10-20,-0.5648576765811535,-0.5648576765811535,-0.5648576765811535,-0.5648576765811535,-0.5648576765811535,-0.5648576765811535,-0.5648576765811535,-0.5648576765811535,-0.5648576765811535,-0.5648576765811535,-0.5648576765811535,-0.5648576765811535,-0.5648576765811535,-0.5648576765811535,-0.5648576765811535
1999-10-21,-0.6026683061030795,-0.6026683061030795,-0.6026683061030795,-0.6026683061030795,-0.6026683061030795,-0.6026683061030795,-0.6026683061030795,-0.6026683061030795,-0.6026683061030795,-0.6026683061030795,-0.6026683061030795,-0.6026683061030795,-0.6026683061030795,-0.6026683061030795,-0.6026683061030795
1999-10-22,-0.3788139000041555,-0.3788139000041555,-0.3788139000041555,-0.3788139000041555,-0.3788139000041555,-0.3788139000041555,-0.3788139000041555,-0.3788139000041555,-0.3788139000041555,-0.3788139000041555,-0.3788139000041555,-0.3788139000041555,-0.3788139000041555,-0.3788139000041555,-0.3788139000041555
1999-10-23,-0.3647172029482147,-0.3647172029482147,-0.3647172029482147,-0.3647172029482147,-0.3647172029482147,-0.3647172029482147,-0.3647172029482147,-0.3647172029482147,-0.3647172029482147,-0.3647172029482147,-0.3647172029482147,-0.3647172029482147,-0.3647172029482147,-0.3647172029482147,-0.3647172029482147
1999-10-24,-0.3791892511646669,-0.3791892511646669,-0.3791892511646669,-0.3791892511646669,-0.3791892511646669,-0.3791892511646669,-0.3791892511646669,-0.3791892511646669,-0.3791892511646669,-0.3791892511646669,-0.3791892511646669,-0.3791892511646669,-0.3791892511646669,-0.3791892511646669,-0.3791892511646669
1999-10-25,-0.19354910239312192,-0.19354910239312192,-0.19354910239312192,-0.19354910239312192,-0.19354910239312192,-0.19354910239312192,-0.19354910239312192,-0.19354910239312192,-0.19354910239312192,-0.19354910239312192,-0.19354910239312192,-0.19354910239312192,-0.19354910239312192,-0.19354910239312192,-0.19354910239312192
1999-10-26,-0.010687643049700931,-0.010687643049700931,-0.010687643049700931,-0.010687643049700931,-0.010687643049700931,-0.010687643049700931,-0.010687643049700931,-0.010687643049700931,-0.010687643049700931,-0.010687643049700931,-0.010687643049700931,-0.010687643049700931,-0.010687643049700931,-0.010687643049700931,-0.010687643049700931
1999-10-27,0.08016507313529206,0.08016507313529206,0.08016507313529206,0.08016507313529206,0.08016507313529206,0.08016507313529206,0.08016507313529206,0.08016507313529206,0.08016507313529206,0.08016507313529206,0.08016507313529206,0.08016507313529206,0.08016507313529206,0.08016507313529206,0.08016507313529206
1999-10-28,-0.06192643709243582,-0.06192643709243582,-0.06192643709243582,-0.06192643709243582,-0.06192643709243582,-0.06192643709243582,-0.06192643709243582,-0.06192643709243582,-0.06192643709243582,-0.06192643709243582,-0.06192643709243582,-0.06192643709243582,-0.06192643709243582,-0.06192643709243582,-0.06192643709243582
1999-10-29,0.06236362079733491,0.06236362079733491,0.06236362079733491,0.06236362079733491,0.06236362079733491,0.06236362079733491,0.06236362079733491,0.06236362079733491,0.06236362079733491,0.06236362079733491,0.06236362079733491,0.06236362079733491,0.06236362079733491,0.06236362079733491,0.06236362079733491
1999-10-30,0.1808953884305106,0.1808953884305106,0.1808953884305106,0.1808953884305106,0.1808953884305106,0.1808953884305106,0.1808953884305106,0.1808953884305106,0.1808953884305106,0.1808953884305106,0.1808953884305106,0.1808953884305106,0.1808953884305106,0.1808953884305106,0.1808953884305106
1999-10-31,0.3370562771091058,0.3370562771091058,0.3370562771091058,0.3370562771091058,0.3370562771091058,0.3370562771091058,0.3370562771091058,0.3370562771091058,0.3370562771091058,0.3370562771091058,0.3370562771091058,0.3370562771091058,0.3370562771091058,0.3370562771091058,0.3370562771091058
1999-11-01,0.7151950127350111,0.7151950127350111,0.7151950127350111,0.7151950127350111,0.7151950127350111,0.7151950127350111,0.7151950127350111,0.7151950127350111,0.7151950127350111,0.7151950127350111,0.7151950127350111,0.7151950127350111,0.7151950127350111,0.7151950127350111,0.7151950127350111
1999-11-02,0.8868111949893499,0.8868111949893499,0.8868111949893499,0.8868111949893499,0.8868111949893499,0.8868111949893499,0.8868111949893499,0.8868111949893499,0.8868111949893499,0.8868111949893499,0.8868111949893499,0.8868111949893499,0.8868111949893499,0.8868111949893499,0.8868111949893499
1999-11-03,1.3716286032375096,1.3716286032375096,1.3716286032375096,1.3716286032375096,1.3716286032375096,1.3716286032375096,1.3716286032375096,1.3716286032375096,1.3716286032375096,1.3716286032375096,1.3716286032375096,1.3716286032375096,1.3716286032375096,1.3716286032375096,1.3716286032375096
1999-11-04,1.6409636244538073,1.6409636244538073,1.6409636244538073,1.6409636244538073,1.6409636244538073,1.6409636244538073,1.6409636244538073,1.6409636244538073,1.6409636244538073,1.6409636244538073,1.6409636244538073,1.6409636244538073,1.6409636244538073,1.6409636244538073,1.6409636244538073
1999-11-05,1.8878415038933325,1.8878415038933325,1.8878415038933325,1.8878415038933325,1.8878415038933325,1.8878415038933325,1.8878415038933325,1.8878415038933325,1.8878415038933325,1.8878415038933325,1.8878415038933325,1.8878415038933325,1.8878415038933325,1.8878415038933325,1.8878415038933325
1999-11-06,2.279869612864707,2.279869612864707,2.279869612864707,2.279869612864707,2.279869612864707,2.279869612864707,2.279869612864707,2.279869612864707,2.279869612864707,2.279869612864707,2.279869612864707,2.279869612864707,2.279869612864707,2.279869612864707,2.279869612864707
1999-11-07,2.6956809571743623,2.6956809571743623,2.6956809571743623,2.6956809571743623,2.6956809571743623,2.6956809571743623,2.6956809571743623,2.6956809571743623,2.6956809571743623,2.6956809571743623,2.6956809571743623,2.6956809571743623,2.6956809571743623,2.6956809571743623,2.6956809571743623
1999-11-08,2.7959133590542833,2.7959133590542833,2.7959133590542833,2.7959133590542833,2.7959133590542833,2.7959133590542833,2.7959133590542833,2.7959133590542833,2.7959133590542833,2.7959133590542833,2.7959133590542833,2.7959133590542833,2.7959133590542833,2.7959133590542833,2.7959133590542833
1999-11-09,2.8062770722383323,2.8062770722383323,2.8062770722383323,2.8062770722383323,2.8062770722383323,2.8062770722383323,2.8062770722383323,2.8062770722383323,2.8062770722383323,2.8062770722383323,2.8062770722383323,2.8062770722383323,2.8062770722383323,2.8062770722383323,2.8062770722383323
1999-11-10,2.551494751627888,2.551494751627888,2.551494751627888,2.551494751627888,2.551494751627888,2.551494751627888,2.551494751627888,2.551494751627888,2.551494751627888,2.551494751627888,2.551494751627888,2.551494751627888,2.551494751627888,2.551494751627888,2.551494751627888
1999-11-11,2.580949681966834,2.580949681966834,2.580949681966834,2.580949681966834,2.580949681966834,2.580949681966834,2.580949681966834,2.580949681966834,2.580949681966834,2.580949681966834,2.580949681966834,2.580949681966834,2.580949681966834,2.580949681966834,2.580949681966834
1999-11-12,2.347158726264008,2.347158726264008,2.347158726264008,2.347158726264008,2.347158726264008,2.347158726264008,2.347158726264008,2.347158726264008,2.347158726264008,2.347158726264008,2.347158726264008,2.347158726264008,2.347158726264008,2.347158726264008,2.347158726264008
1999-11-13,2.1728407204890448,2.1728407204890448,2.1728407204890448,2.1728407204890448,2.1728407204890448,2.1728407204890448,2.1728407204890448,2.1728407204890448,2.1728407204890448,2.1728407204890448,2.1728407204890448,2.1728407204890448,2.1728407204890448,2.1728407204890448,2.1728407204890448
1999-11-14,2.0860149504493446,2.0860149504493446,2.0860149504493446,2.0860149504493446,2.0860149504493446,2.0860149504493446,2.0860149504493446,2.0860149504493446,2.0860149504493446,2.0860149504493446,2.0860149504493446,2.0860149504493446,2.0860149504493446,2.0860149504493446,2.0860149504493446
1999-11-15,1.7645134672842326,1.7645134672842326,1.7645134672842326,1.7645134672842326,1.7645134672842326,1.7645134672842326,1.7645134672842326,1.7645134672842326,1.7645134672842326,1.7645134672842326,1.7645134672842326,1.7645134672842326,1.7645134672842326,1.7645134672842326,1.7645134672842326
1999-11-16,1.4653528014742623,1.4653528014742623,1.4653528014742623,1.4653528014742623,1.4653528014742623,1.4653528014742623,1.4653528014742623,1.4653528014742623,1.4653528014742623,1.4653528014742623,1.4653528014742623,1.4653528014742623,1.4653528014742623,1.4653528014742623,1.4653528014742623
1999-11-17,1.5531009121905703,1.5531009121905703,1.5531009121905703,1.5531009121905703,1.5531009121905703,1.5531009121905703,1.5531009121905703,1.5531009121905703,1.5531009121905703,1.5531009121905703,1.5531009121905703,1.5531009121905703,1.5531009121905703,1.5531009121905703,1.5531009121905703
1999-11-18,1.498771661060337,1.498771661060337,1.498771661060337,1.498771661060337,1.498771661060337,1.498771661060337,1.498771661060337,1.498771661060337,1.498771661060337,1.498771661060337,1.498771661060337,1.498771661060337,1.498771661060337,1.498771661060337,1.498771661060337
1999-11-19,1.374706334771473,1.374706334771473,1.374706334771473,1.374706334771473,1.374706334771473,1.374706334771473,1.374706334771473,1.374706334771473,1.374706334771473,1.374706334771473,1.374706334771473,1.374706334771473,1.374706334771473,1.374706334771473,1.374706334771473
1999-11-20,1.1544811550494225,1.1544811550494225,1.1544811550494225,1.1544811550494225,1.1544811550494225,1.1544811550494225,1.1544811550494225,1.1544811550494225,1.1544811550494225,1.1544811550494225,1.1544811550494225,1.1544811550494225,1.1544811550494225,1.1544811550494225,1.1544811550494225
1999-11-21,1.0073741274423063,1.0073741274423063,1.0073741274423063,1.0073741274423063,1.0073741274423063,1.0073741274423063,1.0073741274423063,1.0073741274423063,1.0073741274423063,1.0073741274423063,1.0073741274423063,1.0073741274423063,1.0073741274423063,1.0073741274423063,1.0073741274423063
1999-11-22,0.5633290514676506,0.5633290514676506,0.5633290514676506,0.5633290514676506,0.5633290514676506,0.5633290514676506,0.5633290514676506,0.5633290514676506,0.5633290514676506,0.5633290514676506,0.5633290514676506,0.5633290514676506,0.5633290514676506,0.5633290514676506,0.5633290514676506
1999-11-23,0.2678689969600166,0.2678689969600166,0.2678689969600166,0.2678689969600166,0.2678689969600166,0.2678689969600166,0.2678689969600166,0.2678689969600166,0.2678689969600166,0.2678689969600166,0.2678689969600166,0.2678689969600166,0.2678689969600166,0.2678689969600166,0.2678689969600166
1999-11-24,0.10847805322714028,0.10847805322714028,0.10847805322714028,0.10847805322714028,0.10847805322714028,0.10847805322714028,0.10847805322714028,0.10847805322714028,0.10847805322714028,0.10847805322714028,0.10847805322714028,0.10847805322714028,0.10847805322714028,0.10847805322714028,0.10847805322714028
1999-11-25,-0.036129481232540936,-0.036129481232540936,-0.036129481232540936,-0.036129481232540936,-0.036129481232540936,-0.036129481232540936,-0.036129481232540936,-0.036129481232540936,-0.036129481232540936,-0.036129481232540936,-0.036129481232540936,-0.036129481232540936,-0.036129481232540936,-0.036129481232540936,-0.036129481232540936
1999-11-26,-0.1629007612199899,-0.1629007612199899,-0.1629007612199899,-0.1629007612199899,-0.1629007612199899,-0.1629007612199899,-0.1629007612199899,-0.1629007612199899,-0.1629007612199899,-0.1629007612199899,-0.1629007612199899,-0.1629007612199899,-0.1629007612199899,-0.1629007612199899,-0.1629007612199899
1999-11-27,-0.2090788274238657,-0.2090788274238657,-0.2090788274238657,-0.2090788274238657,-0.2090788274238657,-0.2090788274238657,-0.2090788274238657,-0.2090788274238657,-0.2090788274238657,-0.2090788274238657,-0.2090788274238657,-0.2090788274238657,-0.2090788274238657,-0.2090788274238657,-0.2090788274238657
1999-11-28,0.046368575349984516,0.046368575349984516,0.046368575349984516,0.046368575349984516,0.046368575349984516,0.046368575349984516,0.046368575349984516,0.046368575349984516,0.046368575349984516,0.046368575349984516,0.046368575349984516,0.046368575349984516,0.046368575349984516,0.046368575349984516,0.046368575349984516
1999-11-29,-0.1940491682468937,-0.1940491682468937,-0.1940491682468937,-0.1940491682468937,-0.1940491682468937,-0.1940491682468937,-0.1940491682468937,-0.1940491682468937,-0.1940491682468937,-0.1940491682468937,-0.1940491682468937,-0.1940491682468937,-0.1940491682468937,-0.1940491682468937,-0.1940491682468937
1999-11-30,-0.1603177022410158,-0.1603177022410158,-0.1603177022410158,-0.1603177022410158,-0.1603177022410158,-0.1603177022410158,-0.1603177022410158,-0.1603177022410158,-0.1603177022410158,-0.1603177022410158,-0.1603177022410158,-0.1603177022410158,-0.1603177022410158,-0.1603177022410158,-0.1603177022410158
1999-12-01,-0.5761517994079048,-0.4693779804767488,-0.5072603926107646,-0.6604652547021141,-0.5804634423884913,-0.559158071422814,-0.5410866445262871,-0.526917684954299,-0.5375945743244268,-0.5539589159138076,-0.5598433964191696,-0.5666218019886827,-0.5651226412189274,-0.5815921907669307,-0.6210436601611518
1999-12-02,-0.638277791993682,-0.5128926937653256,-0.5736285115745191,-0.48947595305545916,-0.655297426170259,-0.6502542368639225,-0.5017637196861205,-0.4737141903016978,-0.3541283738010817,-0.6644964952515533,-0.5313663046977325,-0.65817606281999,-0.5862728347223674,-0.44583002941062544,-0.6511336995965478
1999-12-03,-0.5682457104686589,-0.45869754088234943,-0.5477269412930068,-0.24271737632388274,-0.7050083668365156,-0.5755984316969027,-0.5518990412311506,-0.601634226998127,-0.19078929832044733,-0.5112389131493518,-0.490449126599464,-0.7273711141007769,-0.6418846281411706,-0.3061077860128573,-0.5467100411021291
1999-12-04,-0.33711453318795703,-0.19912560775400237,-0.4046683872987901,0.015922427054467277,-0.6649435457756875,-0.499424636787892,-0.26957173602062184,-0.4392461035346622,0.24022228827092626,-0.2701114926729025,-0.33623272865695447,-0.46184457449333804,-0.40249068128159043,-0.12394650627991449,-0.38192786336388546
1999-12-05,-0.34311815689656744,-0.101855019757176,-0.2750954996374393,0.049924392667971905,-0.8690774924873699,-0.5290326410406012,-0.22142923755672764,-0.36493175160333513,0.3192870856967399,-0.35538449788719323,-0.4494104903932327,-0.2919543102084359,-0.15995771014977542,-0.28638731836484077,-0.24977391482027808
1999-12-06,-0.06011280394883736,0.2925669035448177,-0.008874903909216119,0.09549111767797075,-0.6403309757055158,-0.060872206843388656,-0.04629954847401257,-0.1373260740918098,0.435628727130736,-0.08866076503118973,0.14990224115482645,-0.06077735084384204,0.300247248437477,-0.04346796890221556,-0.032535245436305114
1999-12-07,0.13910737057615657,0.35499479499984715,0.3103746941442375,0.28520099613776656,-0.6174258145735118,0.07451744021701834,0.015468069639272712,0.05928029065428334,0.6554190527407718,0.026684618245441227,0.6452932284621347,0.32042864495260975,0.6183243303374779,0.004337620406754324,-0.04091770752624819
1999-12-08,0.24472396274883026,0.44899408392016193,0.6509618596969858,0.455520188857979,-0.5612956757055396,0.5428163017786302,0.09464682950543223,0.04446531213454453,0.7219162681493132,0.22324355616569536,0.8315693085833784,0.5980110617601714,0.8990235573306897,0.02917127314707577,0.06891508651044168
1999-12-09,0.27007684968570544,0.4154872078425539,0.7671254259442154,0.5596334909599207,-0.535127192126586,0.6463738646925206,-0.12451978245472152,0.034261300195669774,0.7677849224263639,0.5171435482987568,0.6334549844393188,0.5737656800508295,1.08954137472251,0.16850436178630607,0.10467515565380031
1999-12-10,0.26144219265603935,0.3728860543994262,1.1067476282336324,0.741106198876949,-0.40405185788521186,0.8563855459086824,-0.42035785684537197,0.12891730337263846,0.7962134691483234,0.9592973099974685,0.44657632926848684,0.32432981080267503,1.22056412090187,0.6403978101274865,0.295774879001014
1999-12-11,0.3607414169655022,0.45377665052016963,1.518186101618499,0.765099824380479,-0.056793433681502546,0.8366847850497839,-0.2939604673686527,0.5744320857161109,0.9360641782479349,1.3985808705364506,0.4406533617026807,0.7407269295311255,1.4959731532950284,0.7230658626235404,0.4706360534709964
1999-12-12,0.5040111662804069,0.44684402222461816,1.4269085083815982,0.7878928619597805,-0.08179920731796804,0.7563033890824372,-0.1243268455664547,1.0334116949166239,0.9451926333328049,1.7899372511315546,0.46744738110708756,0.9649448498057325,1.4281012655214596,0.7354419985488401,0.5621485318985916
1999-12-13,0.4109398334351285,0.7354795353602729,1.3808740908569146,0.820181742072091,-0.10587152930366903,0.7245858655027875,0.09042396831315061,0.9437345348104917,0.817438004940911,1.639952908936657,0.5147434517175767,1.0814258034866486,1.154842349074164,0.6999090766054491,0.3839380461518439
1999-12-14,0.27370296679260064,0.5844454899910784,1.2534078094700076,0.6448019790999163,0.1329886108096784,0.3771378350996471,0.07460940600318042,1.0266719991127573,0.5497263818659357,1.8150532842830034,0.2154034837416151,1.1358456106502004,1.2004125367049014,0.6897056609956181,0.28400351560141773
1999-12-15,0.40501616882247815,0.4895424533949554,1.1315130497641817,0.15583632028314814,0.20664149904058443,0.410156473035635,-0.13809326336825495,0.9084785346710397,0.4089909497995282,1.6172551792674936,0.3057593265598881,1.0946586156244391,1.2037018898014058,0.7424073030843312,0.2619713166603349
1999-12-16,0.48610391438785894,0.42720309828853265,0.9062614637111905,-0.1861436657433806,0.5689231922918031,0.25006305493244707,-0.208166271033289,0.8781627588865335,0.17697270127413783,1.5117774504231876,0.5422979751965017,0.7362059343527025,1.0214160240044836,0.9449418592500575,0.38547543377579835
1999-12-17,0.5845683717285988,0.48036394977226815,0.9420836112874773,-0.4884744288616219,0.9622992479318586,0.06353049490335015,-0.11110860289700407,1.0459501765080257,-0.07330148724811325,1.2447244752144995,0.6046734019370029,0.5880104380586015,1.1647213796839586,0.8948670440996209,0.3670985057676884
1999-12-18,0.6466083363840376,0.6969425073550093,0.9024221710017906,-0.5793635870390083,1.0917552841104956,-0.06999116604394166,0.01092843468908064,0.8765619294925836,0.05665048116282994,1.3401598256426661,0.7118249434206674,0.22128548575200455,1.1669928098237305,1.1546441082942205,0.32169720691562825
1999-12-19,0.7486058192580027,0.8218546684686087,1.0791507481347726,-0.6237886052202839,1.0964020057839727,-0.2219641689577207,0.20164071992124605,0.9054523352168261,0.19871527182878615,1.276658082572339,0.8348672497443498,-0.07244084509201035,1.202008897854708,1.2775282576822606,0.42708158009418423
1999-12-20,0.9440982067100508,0.8775065973478479,1.1263734929472526,-0.7684268268952488,1.303456598461646,-0.05922925591568127,0.3309090087445093,1.1392328855385794,0.5122618986842666,1.219028722585786,1.0695757229014582,-0.081172065019872,1.3542037877075757,1.136539749355252,0.3968342898140727
1999-12-21,1.0391652677966385,0.7957847311718365,1.4058908245268282,-0.8629260897160892,1.2858123207504182,-0.16841160960907514,0.48300624644231704,1.5265218014445945,0.6047902882379425,1.1864180256620203,1.4837815435513784,-0.19673372025744362,1.4428566746283695,1.313722103808251,0.010856383177940453
1999-12-22,1.0794721031524988,0.8553542672993071,1.7616109342891575,-0.9481759254870669,1.5761600856895854,-0.5146570939054689,0.5300802154717762,1.8330108619318088,0.9736321406222754,1.187629305646597,1.5876572730357246,-0.04427786766472996,1.5277248762055273,1.6879748961853405,-0.2528728859230743
1999-12-23,0.8505007379961873,0.6981923919604066,1.9292630546756262,-0.5815467086530997,1.8096355841918403,-0.4797540751287809,0.37952627857736715,2.185430758783124,0.7635553658171016,1.2953126620757294,1.639542039683178,-0.05766189904687283,1.7274913130074072,1.7336261727587938,-0.18597219341934013
1999-12-24,0.7570070697524163,0.2814178824443563,2.2178741135375946,-0.4031579008756318,1.6287775335671464,-0.3024499923717693,0.487211231132892,1.9817695589560624,0.5662391531789394,1.1914254602044774,1.5720461003201285,-0.2675714876174616,1.8664248193010018,1.8349396426277762,-0.4267545078329636
1999-12-25,0.7301979596314905,0.2402371965419389,2.3666669594321945,-0.07804533300251877,0.8900221199586116,-0.005426502992571053,0.4348830697126358,1.8837397165824519,0.4493087799772311,0.884039382053509,1.364113633809809,-0.3456890226585355,2.173127428306209,1.6757263478888922,-0.5954870207134232
1999-12-26,0.9300986911871858,0.274211931841706,2.5936134329548564,-0.1652139970277257,0.3508145068435254,0.1561211956461388,0.42688586900761333,1.9487175285474003,0.2535492401649008,0.7046117691750248,1.1909159877061797,-0.41268760257284665,2.4037217516401155,1.649442748052184,-0.7873639870668409
1999-12-27,0.8820384736920723,0.378795750850657,2.836607043013922,-0.26195142603898525,0.17710438365623224,0.32768117654148154,0.3519595853757065,1.6703866204795663,0.10224985805706235,0.8052691951014422,1.1439656557356344,-0.37463803998381623,2.1622697459402644,1.3119325582579793,-0.9089273677110006
1999-12-28,0.7716494978688344,0.12003962700784765,2.7590452531936025,-0.6672046290894397,-0.011456691161647478,0.25693875550444195,0.3716020529076347,1.500757821647495,0.2865058623931751,0.833961638543791,0.8440889139599949,-0.4314827946543212,1.7979020562054961,1.306470093543928,-0.8058292177196751
1999-12-29,0.6758698511981277,-0.05078793979951802,2.6478741573139626,-0.9388545290292999,-0.19506518071502926,-0.27408628130923657,0.7655097238237102,1.3089135207196556,0.39377933443333624,0.5413706830909396,0.7301897442033548,-0.4822147094910421,1.637180972064567,0.9701115673278202,-0.5663446780068038
1999-12-30,0.2998567255098942,-0.4873553898119277,2.4091061501157136,-1.0997018337030664,-0.38084792217679797,-0.5304930356232418,0.9893852358483092,0.6175128983239585,0.09383182001630948,0.14582472709367067,0.9477782200616479,-0.5229064497593539,1.4204806007170958,0.6617368128677942,-0.4367359764160004
1999-12-31,0.24743835330761207,-0.6434291365139875,2.310936735854556,-1.0193104897712204,-0.6483956428963709,-0.8719914757840793,1.0000797368650494,0.16476188940781827,0.01976883802708543,0.4260792649617508,1.1636867810293516,-0.7435223737941787,1.6230970980508885,0.6150916966029459,-0.3474032340956939
2000-01-01,0.3559695236368142,-0.701240212213816,1.9862778887054322,-1.0379879966587529,-0.8345416965578001,-1.2958874372394105,1.0359896642320499,-0.15333082563780362,0.05863361778932187,0.7479129645614476,1.0082665491747136,-0.544920980583096,1.8419971654086473,0.6166272883112586,-0.39365978718118794
2000-01-02,0.43987841544528977,-0.6426893629921887,1.570837412666078,-0.7474319261775548,-0.6272096982328502,-1.7001435498118307,1.1853968740364897,-0.4076431491066248,0.20902536802098626,0.738845814668896,0.9356509231474606,-0.27844135846409845,2.024381074253271,0.6006632038474908,-0.48294162945797664
2000-01-03,0.43942397517297455,-0.462015735593233,1.253904134999164,-0.6010169198079746,-0.12166878475252256,-1.9311852847257758,1.172263529773235,-0.26914315096193564,0.3579027611627895,0.8946430713315165,0.7053531413958055,0.1510395821336733,2.257508272552967,0.9697968375926793,-0.33663521232608457
2000-01-04,0.4240287743248045,-0.27124127795179326,0.9746472867329684,-0.44475067163396087,-0.03297823396761165,-1.8898301201391219,1.1821482541660564,-0.030823216317250362,0.5616015083012897,0.9181215689153602,0.43294406116263745,0.17549468480964453,2.895517869812817,1.0150427675689229,-0.6807041268567372
2000-01-05,0.3472610877989119,0.06795876132217336,0.5325211240497439,-0.12789363914054602,-0.026407333730029178,-2.0158704558533023,0.9423205877914336,-0.17833733096132948,0.5569445032485846,1.2897396399921364,-0.1511631099461058,0.08376215118192269,3.149359551266089,0.7356203354808885,-0.6065936016643013
2000-01-06,0.3065875069421444,0.5186436424466344,0.4321258143163696,0.040942086048401063,0.15470885577930846,-2.041284911395295,1.0541952057606276,-0.06104566341615707,0.6310669567271642,1.538342504272788,-0.7416216306265253,0.14327693002190606,3.3879090295706265,0.446812019254168,-0.45112572850212407
2000-01-07,0.2823658301165871,0.41833086089778904,0.24681042070320197,0.5281631288081807,0.08851278603061544,-1.9869440268000407,0.9821636712047617,0.23058587991618448,0.5579252767449259,1.5123567665959652,-1.1344462641521729,0.04295420728082591,3.1256037203153357,0.16078087624992018,-0.19812069913536418
2000-01-08,0.5480155093379939,0.6332655168984029,0.3052584014302296,0.577754118161902,-0.04540454737779611,-1.7387994138040046,1.0462552153802487,0.41562618950451286,0.6223528764842106,1.3737724863764837,-1.4101429652603354,0.04715861453568505,2.6473314287281333,0.13078235237499802,-0.12336650503799065
2000-01-09,0.5662051398361188,0.8854474672333928,0.39143150022729495,0.33571108626774376,-0.16606101329289524,-1.7802786660639327,1.0160017027646389,0.477818108159851,0.738948315756624,1.2473540941819448,-1.2972546745694324,0.036421515576921255,2.2304714420075107,0.15676646082367826,-0.07999296460951646
2000-01-10,0.20947505915070078,0.9330352338393368,0.20479969470540438,0.0889622248768635,-0.1537075781555034,-1.4337051502830422,1.220271402932654,0.13166098236423374,0.4048155641558648,1.2422653758640665,-1.4101495314659094,0.15686610977507504,1.6956647933454434,0.018652723850753266,-0.10176911247430395
2000-01-11,-0.015134216015613404,1.0241398467465461,0.005208539208808523,-0.07791922519603996,-0.1990469526438955,-1.0811929704570213,1.5344130326301981,0.0030798906825135856,0.013621362465483533,1.3610098345200223,-1.3939722673226955,0.3334395309663236,0.8415200879516989,-0.022469900217946495,-0.08069519810486732
2000-01-12,-0.15720899920817746,1.160154377053144,-0.0942100869612374,-0.1291072485478856,-0.5120913984151995,-0.9828663615574079,1.3529950355396108,-0.24329303876529304,-0.3732472513597319,1.4634254352219902,-1.9404360650599497,0.4253774826683887,0.11503794702149937,-0.22168167454099674,0.1361934109882821
2000-01-13,-0.31229443128623313,0.8610042326890398,0.14858927917284342,-0.19652677949620825,-0.7762687641684688,-0.6364223556000369,1.6138635459080044,-0.49858727832116306,-0.46335288087840437,1.4118292918320634,-2.032524142627602,0.38881337344315864,-0.8297102638215647,-0.687030541503895,0.41002168041805476
2000-01-14,-0.3453315893438569,0.8973701437533947,0.4412234725409364,-0.6295543141238895,-0.8412518463166747,-0.020982997573184652,1.7135304392294997,-0.2396170917129075,-0.7185857963731183,1.1972991229559538,-2.19571627422825,0.20197336061801802,-1.1970330817969923,-0.990580590081197,0.7007621093468523
2000-01-15,-0.6083877564385648,0.8186132187918034,0.6357434917747756,-0.6986002483615891,-1.1474843093159026,0.08824097986035656,1.6950407084389734,-0.23016273433603315,-1.199415547315093,0.9629652866191789,-2.180349853307809,0.07401001843393304,-1.7137311038714789,-0.9753276047276013,1.0642360555677006
2000-01-16,-0.7916442630967856,0.7769969365597968,0.46005952918897763,-0.6829652633624222,-1.404502727232485,-0.2591426437888321,1.4355325882726446,-0.2099663274916362,-1.2917391315977083,1.2369399069657336,-2.0434742207530667,0.14704233098428546,-2.0656230923905228,-1.1099906691427215,1.5596057021420624
2000-01-17,-0.7808670296726977,0.32988013182323195,0.39535487730816055,-0.6932142680672463,-1.550176786929886,-0.3171827383601549,1.028835727975468,-0.4575124773636617,-1.2171049681431507,1.4725918807372849,-1.5035660162399773,0.07251468608226809,-2.2174441656138053,-1.1462167189915209,1.788567037802064
2000-01-18,-0.727454560204501,0.14822897196862914,0.134852244232361,-0.830121991216357,-1.4881408219233152,-0.3954503545791171,0.7500326046821547,-0.4176390536949705,-1.1290931095949468,1.8823866139501788,-0.6911612144049734,-0.02330923273221375,-2.177396418133738,-1.1765110531916565,1.8838711545814986
2000-01-19,-0.6989656340755507,0.2280913581393917,-0.16105659106905484,-0.6895064381981459,-1.6462288481955842,-0.5535329076410801,0.6443747699464552,-0.2580530938900217,-1.2048497654880967,2.093370765861161,-0.18780883173864232,0.18419364832946825,-2.182808044824399,-0.9950355253938622,1.7135868299581427
2000-01-20,-0.7431013650447144,0.08213105912098312,-0.32329524173920404,-0.4772914970550984,-1.369330861082085,-0.4698938746622617,0.8532692227389979,-0.3056473626527711,-1.4641630839032906,2.346071113211758,0.18492307832860025,-0.02720024086900604,-1.8209585839960039,-1.1361169245350813,1.7881281823767299
2000-01-21,-1.0173449683433642,-0.23003697752973257,-0.39560226499329537,0.07090062088868533,-1.1342014683097192,0.007006077491638598,0.8325260218317805,-0.058489108706755465,-1.9956295910853212,2.2622637282005194,0.5519427460827133,0.17782395421054162,-1.8068115255446262,-1.2756214861909625,2.0547927258371574
2000-01-22,-0.9597227925485867,-0.25594683110287425,-0.5931856233057523,0.24443661354167973,-1.1582473377531437,0.43349122258241957,0.7378117944427178,-0.07847535221789442,-2.3081386407397506,2.020338410088108,0.690901933187011,0.20274558348128777,-1.961919694012492,-1.5466789373124938,1.7846358734018617
2000-01-23,-0.8799955902610802,-0.3008968662745143,-0.5545223982283722,0.7031174792530364,-1.008705612387342,0.3477743766943676,0.4543200212519869,0.01471035827978425,-2.3482132321022355,1.8261106146594162,0.6113081603332983,0.16342478058999796,-2.0272998330998346,-1.5735258177420604,1.5063671131440353
2000-01-24,-1.1511607382140485,-0.37902628984352393,-0.6040648646641665,1.1045553857515866,-0.9813221686520046,0.47093749676935087,0.0843140172080994,0.15720756340106648,-2.4238399756199347,1.5330062632714834,0.09833545236597938,0.443390909754153,-1.7700071610894734,-1.5740870098315982,1.3493790433871695
2000-01-25,-1.3441178292908993,-0.36795470910916017,-1.0113303329417311,1.149404894274776,-0.5516298223467171,0.7965798171025581,0.1483207847949141,0.27601529824457155,-2.4463223936202247,1.0050322307132193,-0.6471951213130199,0.4337737427634667,-1.7020835309099804,-1.6053283491810162,1.1026332788401116
2000-01-26,-1.3681621978593859,-0.47077144968129064,-1.4148975851087775,0.7783674148453872,-0.2926073943340881,0.845245952376676,0.05063720612937068,0.2186132800151259,-2.559932511104022,0.7257898061391104,-1.2024168331817278,0.37792016886205326,-1.7125221306906921,-1.9794738740407989,1.2924410758472715
2000-01-27,-1.5006561713317,-0.6702816974092002,-1.6864167650062536,0.5587694228791514,-0.1216504448027932,0.8507594892259698,0.10045787239162991,0.4684216209883347,-2.207698507148294,0.4280973345530471,-1.5121685202724533,0.35884523716413097,-1.615780944022379,-1.973841536585268,1.0431538193000265
2000-01-28,-1.6862746882353474,-0.5988203607237029,-1.7527083347210746,1.0011100495972884,-0.17002451985771255,0.4999577808410357,0.1081653794477545,0.5220988498563889,-1.8421703703627874,0.2056787242632657,-1.8340222054637079,0.4896096230589896,-1.1639734647303577,-1.9932288328170347,0.9789607505517746
2000-01-29,-1.9315646275357732,-0.4262697586783966,-1.8089018752941075,1.2658240919026658,-0.16213015999679245,0.48047882321234237,0.16518412367844398,0.6105091392188996,-1.4922401561040721,-0.08634901060125565,-1.982233513068187,0.2487563929655813,-0.7925571313009785,-1.9593574219554482,0.9470709704214606
2000-01-30,-1.9420200290999283,-0.17165998138594116,-1.632240100896711,1.1059017954122687,0.06388721120003381,0.8959904599148374,-0.05330997464232891,0.49677259440454474,-1.6637152226736263,-0.5682011021156731,-2.0745010484668436,-0.1029151198083882,-0.7491117733376589,-1.5476708843142293,0.8209639029435697
