,1,2,3,4,5,6,7,8,9,10,11,12,13,14,15
2003-08-17,-0.45040293999609265,-0.45040293999609265,-0.45040293999609265,-0.45040293999609265,-0.45040293999609265,-0.45040293999609265,-0.45040293999609265,-0.45040293999609265,-0.45040293999609265,-0.45040293999609265,-0.45040293999609265,-0.45040293999609265,-0.45040293999609265,-0.45040293999609265,-0.45040293999609265
2003-08-18,-0.16568170981478414,-0.16568170981478414,-0.16568170981478414,-0.16568170981478414,-0.16568170981478414,-0.16568170981478414,-0.16568170981478414,-0.16568170981478414,-0.16568170981478414,-0.16568170981478414,-0.16568170981478414,-0.16568170981478414,-0.16568170981478414,-0.16568170981478414,-0.16568170981478414
2003-08-19,-0.12081510110230634,-0.12081510110230634,-0.12081510110230634,-0.12081510110230634,-0.12081510110230634,-0.12081510110230634,-0.12081510110230634,-0.12081510110230634,-0.12081510110230634,-0.12081510110230634,-0.12081510110230634,-0.12081510110230634,-0.12081510110230634,-0.12081510110230634,-0.12081510110230634
2003-08-20,-0.253797103396229,-0.253797103396229,-0.253797103396229,-0.253797103396229,-0.253797103396229,-0.253797103396229,-0.253797103396229,-0.253797103396229,-0.253797103396229,-0.253797103396229,-0.253797103396229,-0.253797103396229,-0.253797103396229,-0.253797103396229,-0.253797103396229
2003-08-21,-0.16537481162795403,-0.16537481162795403,-0.16537481162795403,-0.16537481162795403,-0.16537481162795403,-0.16537481162795403,-0.16537481162795403,-0.16537481162795403,-0.16537481162795403,-0.16537481162795403,-0.16537481162795403,-0.16537481162795403,-0.16537481162795403,-0.16537481162795403,-0.16537481162795403
2003-08-22,-0.05822302518652744,-0.05822302518652744,-0.05822302518652744,-0.05822302518652744,-0.05822302518652744,-0.05822302518652744,-0.05822302518652744,-0.05822302518652744,-0.05822302518652744,-0.05822302518652744,-0.05822302518652744,-0.05822302518652744,-0.05822302518652744,-0.05822302518652744,-0.05822302518652744
2003-08-23,-0.00599871306848447,-0.00599871306848447,-0.00599871306848447,-0.00599871306848447,-0.00599871306848447,-0.00599871306848447,-0.00599871306848447,-0.00599871306848447,-0.00599871306848447,-0.00599871306848447,-0.00599871306848447,-0.00599871306848447,-0.00599871306848447,-0.00599871306848447,-0.00599871306848447
2003-08-24,0.15198453136927173,0.15198453136927173,0.15198453136927173,0.15198453136927173,0.15198453136927173,0.15198453136927173,0.15198453136927173,0.15198453136927173,0.15198453136927173,0.15198453136927173,0.15198453136927173,0.15198453136927173,0.15198453136927173,0.15198453136927173,0.15198453136927173
2003-08-25,0.21396671632465966,0.21396671632465966,0.21396671632465966,0.21396671632465966,0.21396671632465966,0.21396671632465966,0.21396671632465966,0.21396671632465966,0.21396671632465966,0.21396671632465966,0.21396671632465966,0.21396671632465966,0.21396671632465966,0.21396671632465966,0.21396671632465966
2003-08-26,-0.15571573270258016,-0.15571573270258016,-0.15571573270258016,-0.15571573270258016,-0.15571573270258016,-0.15571573270258016,-0.15571573270258016,-0.15571573270258016,-0.15571573270258016,-0.15571573270258016,-0.15571573270258016,-0.15571573270258016,-0.15571573270258016,-0.15571573270258016,-0.15571573270258016
2003-08-27,-0.2984193153169207,-0.2984193153169207,-0.2984193153169207,-0.2984193153169207,-0.2984193153169207,-0.2984193153169207,-0.2984193153169207,-0.2984193153169207,-0.2984193153169207,-0.2984193153169207,-0.2984193153169207,-0.2984193153169207,-0.2984193153169207,-0.2984193153169207,-0.2984193153169207
2003-08-28,0.009418636240970137,0.009418636240970137,0.009418636240970137,0.009418636240970137,0.009418636240970137,0.009418636240970137,0.009418636240970137,0.009418636240970137,0.009418636240970137,0.009418636240970137,0.009418636240970137,0.009418636240970137,0.009418636240970137,0.009418636240970137,0.009418636240970137
2003-08-29,0.0828016039438462,0.0828016039438462,0.0828016039438462,0.0828016039438462,0.0828016039438462,0.0828016039438462,0.0828016039438462,0.0828016039438462,0.0828016039438462,0.0828016039438462,0.0828016039438462,0.0828016039438462,0.0828016039438462,0.0828016039438462,0.0828016039438462
2003-08-30,0.2645998721745327,0.2645998721745327,0.2645998721745327,0.2645998721745327,0.2645998721745327,0.2645998721745327,0.2645998721745327,0.2645998721745327,0.2645998721745327,0.2645998721745327,0.2645998721745327,0.2645998721745327,0.2645998721745327,0.2645998721745327,0.2645998721745327
2003-08-31,0.278958293046829,0.278958293046829,0.278958293046829,0.278958293046829,0.278958293046829,0.278958293046829,0.278958293046829,0.278958293046829,0.278958293046829,0.278958293046829,0.278958293046829,0.278958293046829,0.278958293046829,0.278958293046829,0.278958293046829
2003-09-01,0.42904887429785765,0.42904887429785765,0.42904887429785765,0.42904887429785765,0.42904887429785765,0.42904887429785765,0.42904887429785765,0.42904887429785765,0.42904887429785765,0.42904887429785765,0.42904887429785765,0.42904887429785765,0.42904887429785765,0.42904887429785765,0.42904887429785765
2003-09-02,0.22398234918055437,0.22398234918055437,0.22398234918055437,0.22398234918055437,0.22398234918055437,0.22398234918055437,0.22398234918055437,0.22398234918055437,0.22398234918055437,0.22398234918055437,0.22398234918055437,0.22398234918055437,0.22398234918055437,0.22398234918055437,0.22398234918055437
2003-09-03,0.37985141579083886,0.37985141579083886,0.37985141579083886,0.37985141579083886,0.37985141579083886,0.37985141579083886,0.37985141579083886,0.37985141579083886,0.37985141579083886,0.37985141579083886,0.37985141579083886,0.37985141579083886,0.37985141579083886,0.37985141579083886,0.37985141579083886
2003-09-04,0.23783710382126785,0.23783710382126785,0.23783710382126785,0.23783710382126785,0.23783710382126785,0.23783710382126785,0.23783710382126785,0.23783710382126785,0.23783710382126785,0.23783710382126785,0.23783710382126785,0.23783710382126785,0.23783710382126785,0.23783710382126785,0.23783710382126785
2003-09-05,0.30444788164411285,0.30444788164411285,0.30444788164411285,0.30444788164411285,0.30444788164411285,0.30444788164411285,0.30444788164411285,0.30444788164411285,0.30444788164411285,0.30444788164411285,0.30444788164411285,0.30444788164411285,0.30444788164411285,0.30444788164411285,0.30444788164411285
2003-09-06,0.20716430126120977,0.20716430126120977,0.20716430126120977,0.20716430126120977,0.20716430126120977,0.20716430126120977,0.20716430126120977,0.20716430126120977,0.20716430126120977,0.20716430126120977,0.20716430126120977,0.20716430126120977,0.20716430126120977,0.20716430126120977,0.20716430126120977
2003-09-07,0.2948515869070432,0.2948515869070432,0.2948515869070432,0.2948515869070432,0.2948515869070432,0.2948515869070432,0.2948515869070432,0.2948515869070432,0.2948515869070432,0.2948515869070432,0.2948515869070432,0.2948515869070432,0.2948515869070432,0.2948515869070432,0.2948515869070432
2003-09-08,0.27052384033407795,0.27052384033407795,0.27052384033407795,0.27052384033407795,0.27052384033407795,0.27052384033407795,0.27052384033407795,0.27052384033407795,0.27052384033407795,0.27052384033407795,0.27052384033407795,0.27052384033407795,0.27052384033407795,0.27052384033407795,0.27052384033407795
2003-09-09,0.17980971756014688,0.17980971756014688,0.17980971756014688,0.17980971756014688,0.17980971756014688,0.17980971756014688,0.17980971756014688,0.17980971756014688,0.17980971756014688,0.17980971756014688,0.17980971756014688,0.17980971756014688,0.17980971756014688,0.17980971756014688,0.17980971756014688
2003-09-10,-0.10966428790159657,-0.10966428790159657,-0.10966428790159657,-0.10966428790159657,-0.10966428790159657,-0.10966428790159657,-0.10966428790159657,-0.10966428790159657,-0.10966428790159657,-0.10966428790159657,-0.10966428790159657,-0.10966428790159657,-0.10966428790159657,-0.10966428790159657,-0.10966428790159657
2003-09-11,-0.040186507018532235,-0.040186507018532235,-0.040186507018532235,-0.040186507018532235,-0.040186507018532235,-0.040186507018532235,-0.040186507018532235,-0.040186507018532235,-0.040186507018532235,-0.040186507018532235,-0.040186507018532235,-0.040186507018532235,-0.040186507018532235,-0.040186507018532235,-0.040186507018532235
2003-09-12,0.004788320265098145,0.004788320265098145,0.004788320265098145,0.004788320265098145,0.004788320265098145,0.004788320265098145,0.004788320265098145,0.004788320265098145,0.004788320265098145,0.004788320265098145,0.004788320265098145,0.004788320265098145,0.004788320265098145,0.004788320265098145,0.004788320265098145
2003-09-13,-0.103470532578284,-0.103470532578284,-0.103470532578284,-0.103470532578284,-0.103470532578284,-0.103470532578284,-0.103470532578284,-0.103470532578284,-0.103470532578284,-0.103470532578284,-0.103470532578284,-0.103470532578284,-0.103470532578284,-0.103470532578284,-0.103470532578284
2003-09-14,-0.037924097732823556,-0.037924097732823556,-0.037924097732823556,-0.037924097732823556,-0.037924097732823556,-0.037924097732823556,-0.037924097732823556,-0.037924097732823556,-0.037924097732823556,-0.037924097732823556,-0.037924097732823556,-0.037924097732823556,-0.037924097732823556,-0.037924097732823556,-0.037924097732823556
2003-09-15,0.08421225513740027,0.08421225513740027,0.08421225513740027,0.08421225513740027,0.08421225513740027,0.08421225513740027,0.08421225513740027,0.08421225513740027,0.08421225513740027,0.08421225513740027,0.08421225513740027,0.08421225513740027,0.08421225513740027,0.08421225513740027,0.08421225513740027
2003-09-16,0.17926232488159555,0.17926232488159555,0.17926232488159555,0.17926232488159555,0.17926232488159555,0.17926232488159555,0.17926232488159555,0.17926232488159555,0.17926232488159555,0.17926232488159555,0.17926232488159555,0.17926232488159555,0.17926232488159555,0.17926232488159555,0.17926232488159555
2003-09-17,0.2231112873913063,0.2231112873913063,0.2231112873913063,0.2231112873913063,0.2231112873913063,0.2231112873913063,0.2231112873913063,0.2231112873913063,0.2231112873913063,0.2231112873913063,0.2231112873913063,0.2231112873913063,0.2231112873913063,0.2231112873913063,0.2231112873913063
2003-09-18,0.21695246746886357,0.21695246746886357,0.21695246746886357,0.21695246746886357,0.21695246746886357,0.21695246746886357,0.21695246746886357,0.21695246746886357,0.21695246746886357,0.21695246746886357,0.21695246746886357,0.21695246746886357,0.21695246746886357,0.21695246746886357,0.21695246746886357
2003-09-19,0.2550372071280976,0.2550372071280976,0.2550372071280976,0.2550372071280976,0.2550372071280976,0.2550372071280976,0.2550372071280976,0.2550372071280976,0.2550372071280976,0.2550372071280976,0.2550372071280976,0.2550372071280976,0.2550372071280976,0.2550372071280976,0.2550372071280976
2003-09-20,0.6140517198856722,0.6140517198856722,0.6140517198856722,0.6140517198856722,0.6140517198856722,0.6140517198856722,0.6140517198856722,0.6140517198856722,0.6140517198856722,0.6140517198856722,0.6140517198856722,0.6140517198856722,0.6140517198856722,0.6140517198856722,0.6140517198856722
2003-09-21,0.8922542100363918,0.8922542100363918,0.8922542100363918,0.8922542100363918,0.8922542100363918,0.8922542100363918,0.8922542100363918,0.8922542100363918,0.8922542100363918,0.8922542100363918,0.8922542100363918,0.8922542100363918,0.8922542100363918,0.8922542100363918,0.8922542100363918
2003-09-22,0.9009036636225188,0.9009036636225188,0.9009036636225188,0.9009036636225188,0.9009036636225188,0.9009036636225188,0.9009036636225188,0.9009036636225188,0.9009036636225188,0.9009036636225188,0.9009036636225188,0.9009036636225188,0.9009036636225188,0.9009036636225188,0.9009036636225188
2003-09-23,1.0090531579555555,1.0090531579555555,1.0090531579555555,1.0090531579555555,1.0090531579555555,1.0090531579555555,1.0090531579555555,1.0090531579555555,1.0090531579555555,1.0090531579555555,1.0090531579555555,1.0090531579555555,1.0090531579555555,1.0090531579555555,1.0090531579555555
2003-09-24,0.9478216261094724,0.9478216261094724,0.9478216261094724,0.9478216261094724,0.9478216261094724,0.9478216261094724,0.9478216261094724,0.9478216261094724,0.9478216261094724,0.9478216261094724,0.9478216261094724,0.9478216261094724,0.9478216261094724,0.9478216261094724,0.9478216261094724
2003-09-25,0.7621424323185808,0.7621424323185808,0.7621424323185808,0.7621424323185808,0.7621424323185808,0.7621424323185808,0.7621424323185808,0.7621424323185808,0.7621424323185808,0.7621424323185808,0.7621424323185808,0.7621424323185808,0.7621424323185808,0.7621424323185808,0.7621424323185808
2003-09-26,0.4884771526795072,0.4884771526795072,0.4884771526795072,0.4884771526795072,0.4884771526795072,0.4884771526795072,0.4884771526795072,0.4884771526795072,0.4884771526795072,0.4884771526795072,0.4884771526795072,0.4884771526795072,0.4884771526795072,0.4884771526795072,0.4884771526795072
2003-09-27,0.31929292846333496,0.31929292846333496,0.31929292846333496,0.31929292846333496,0.31929292846333496,0.31929292846333496,0.31929292846333496,0.31929292846333496,0.31929292846333496,0.31929292846333496,0.31929292846333496,0.31929292846333496,0.31929292846333496,0.31929292846333496,0.31929292846333496
2003-09-28,0.08957977444462784,0.08957977444462784,0.08957977444462784,0.08957977444462784,0.08957977444462784,0.08957977444462784,0.08957977444462784,0.08957977444462784,0.08957977444462784,0.08957977444462784,0.08957977444462784,0.08957977444462784,0.08957977444462784,0.08957977444462784,0.08957977444462784
2003-09-29,0.002892540778921485,0.002892540778921485,0.002892540778921485,0.002892540778921485,0.002892540778921485,0.002892540778921485,0.002892540778921485,0.002892540778921485,0.002892540778921485,0.002892540778921485,0.002892540778921485,0.002892540778921485,0.002892540778921485,0.002892540778921485,0.002892540778921485
2003-09-30,-0.13943321672102768,-0.13943321672102768,-0.13943321672102768,-0.13943321672102768,-0.13943321672102768,-0.13943321672102768,-0.13943321672102768,-0.13943321672102768,-0.13943321672102768,-0.13943321672102768,-0.13943321672102768,-0.13943321672102768,-0.13943321672102768,-0.13943321672102768,-0.13943321672102768
2003-10-01,0.14626533925824897,0.14626533925824897,0.14626533925824897,0.14626533925824897,0.14626533925824897,0.14626533925824897,0.14626533925824897,0.14626533925824897,0.14626533925824897,0.14626533925824897,0.14626533925824897,0.14626533925824897,0.14626533925824897,0.14626533925824897,0.14626533925824897
2003-10-02,0.10052974788366914,0.10052974788366914,0.10052974788366914,0.10052974788366914,0.10052974788366914,0.10052974788366914,0.10052974788366914,0.10052974788366914,0.10052974788366914,0.10052974788366914,0.10052974788366914,0.10052974788366914,0.10052974788366914,0.10052974788366914,0.10052974788366914
2003-10-03,0.10675008840727428,0.10675008840727428,0.10675008840727428,0.10675008840727428,0.10675008840727428,0.10675008840727428,0.10675008840727428,0.10675008840727428,0.10675008840727428,0.10675008840727428,0.10675008840727428,0.10675008840727428,0.10675008840727428,0.10675008840727428,0.10675008840727428
2003-10-04,-0.015902073438725094,-0.015902073438725094,-0.015902073438725094,-0.015902073438725094,-0.015902073438725094,-0.015902073438725094,-0.015902073438725094,-0.015902073438725094,-0.015902073438725094,-0.015902073438725094,-0.015902073438725094,-0.015902073438725094,-0.015902073438725094,-0.015902073438725094,-0.015902073438725094
2003-10-05,-0.49794236799700864,-0.49794236799700864,-0.49794236799700864,-0.49794236799700864,-0.49794236799700864,-0.49794236799700864,-0.49794236799700864,-0.49794236799700864,-0.49794236799700864,-0.49794236799700864,-0.49794236799700864,-0.49794236799700864,-0.49794236799700864,-0.49794236799700864,-0.49794236799700864
2003-10-06,-0.8791967568372748,-0.8791967568372748,-0.8791967568372748,-0.8791967568372748,-0.8791967568372748,-0.8791967568372748,-0.8791967568372748,-0.8791967568372748,-0.8791967568372748,-0.8791967568372748,-0.8791967568372748,-0.8791967568372748,-0.8791967568372748,-0.8791967568372748,-0.8791967568372748
2003-10-07,-0.8815481157730051,-0.8815481157730051,-0.8815481157730051,-0.8815481157730051,-0.8815481157730051,-0.8815481157730051,-0.8815481157730051,-0.8815481157730051,-0.8815481157730051,-0.8815481157730051,-0.8815481157730051,-0.8815481157730051,-0.8815481157730051,-0.8815481157730051,-0.8815481157730051
2003-10-08,-1.0024195248042522,-1.0024195248042522,-1.0024195248042522,-1.0024195248042522,-1.0024195248042522,-1.0024195248042522,-1.0024195248042522,-1.0024195248042522,-1.0024195248042522,-1.0024195248042522,-1.0024195248042522,-1.0024195248042522,-1.0024195248042522,-1.0024195248042522,-1.0024195248042522
2003-10-09,-0.9476070118197447,-0.9476070118197447,-0.9476070118197447,-0.9476070118197447,-0.9476070118197447,-0.9476070118197447,-0.9476070118197447,-0.9476070118197447,-0.9476070118197447,-0.9476070118197447,-0.9476070118197447,-0.9476070118197447,-0.9476070118197447,-0.9476070118197447,-0.9476070118197447
2003-10-10,-0.7978486232877771,-0.7978486232877771,-0.7978486232877771,-0.7978486232877771,-0.7978486232877771,-0.7978486232877771,-0.7978486232877771,-0.7978486232877771,-0.7978486232877771,-0.7978486232877771,-0.7978486232877771,-0.7978486232877771,-0.7978486232877771,-0.7978486232877771,-0.7978486232877771
2003-10-11,-0.5423413403567795,-0.5423413403567795,-0.5423413403567795,-0.5423413403567795,-0.5423413403567795,-0.5423413403567795,-0.5423413403567795,-0.5423413403567795,-0.5423413403567795,-0.5423413403567795,-0.5423413403567795,-0.5423413403567795,-0.5423413403567795,-0.5423413403567795,-0.5423413403567795
2003-10-12,-0.4702549735073942,-0.4702549735073942,-0.4702549735073942,-0.4702549735073942,-0.4702549735073942,-0.4702549735073942,-0.4702549735073942,-0.4702549735073942,-0.4702549735073942,-0.4702549735073942,-0.4702549735073942,-0.4702549735073942,-0.4702549735073942,-0.4702549735073942,-0.4702549735073942
2003-10-13,-0.13760919552611894,-0.13760919552611894,-0.13760919552611894,-0.13760919552611894,-0.13760919552611894,-0.13760919552611894,-0.13760919552611894,-0.13760919552611894,-0.13760919552611894,-0.13760919552611894,-0.13760919552611894,-0.13760919552611894,-0.13760919552611894,-0.13760919552611894,-0.13760919552611894
2003-10-14,0.3170910324537867,0.3170910324537867,0.3170910324537867,0.3170910324537867,0.3170910324537867,0.3170910324537867,0.3170910324537867,0.3170910324537867,0.3170910324537867,0.3170910324537867,0.3170910324537867,0.3170910324537867,0.3170910324537867,0.3170910324537867,0.3170910324537867
2003-10-15,0.4683423249477563,0.4683423249477563,0.4683423249477563,0.4683423249477563,0.4683423249477563,0.4683423249477563,0.4683423249477563,0.4683423249477563,0.4683423249477563,0.4683423249477563,0.4683423249477563,0.4683423249477563,0.4683423249477563,0.4683423249477563,0.4683423249477563
2003-10-16,0.5497944241045981,0.5497944241045981,0.5497944241045981,0.5497944241045981,0.5497944241045981,0.5497944241045981,0.5497944241045981,0.5497944241045981,0.5497944241045981,0.5497944241045981,0.5497944241045981,0.5497944241045981,0.5497944241045981,0.5497944241045981,0.5497944241045981
2003-10-17,0.7956024767014337,0.7956024767014337,0.7956024767014337,0.7956024767014337,0.7956024767014337,0.7956024767014337,0.7956024767014337,0.7956024767014337,0.7956024767014337,0.7956024767014337,0.7956024767014337,0.7956024767014337,0.7956024767014337,0.7956024767014337,0.7956024767014337
2003-10-18,0.8689446163169893,0.8689446163169893,0.8689446163169893,0.8689446163169893,0.8689446163169893,0.8689446163169893,0.8689446163169893,0.8689446163169893,0.8689446163169893,0.8689446163169893,0.8689446163169893,0.8689446163169893,0.8689446163169893,0.8689446163169893,0.8689446163169893
2003-10-19,0.9314892094949152,0.9314892094949152,0.9314892094949152,0.9314892094949152,0.9314892094949152,0.9314892094949152,0.9314892094949152,0.9314892094949152,0.9314892094949152,0.9314892094949152,0.9314892094949152,0.9314892094949152,0.9314892094949152,0.9314892094949152,0.9314892094949152
2003-10-20,0.9911863483068536,0.9911863483068536,0.9911863483068536,0.9911863483068536,0.9911863483068536,0.9911863483068536,0.9911863483068536,0.9911863483068536,0.9911863483068536,0.9911863483068536,0.9911863483068536,0.9911863483068536,0.9911863483068536,0.9911863483068536,0.9911863483068536
2003-10-21,1.238848411995282,1.238848411995282,1.238848411995282,1.238848411995282,1.238848411995282,1.238848411995282,1.238848411995282,1.238848411995282,1.238848411995282,1.238848411995282,1.238848411995282,1.238848411995282,1.238848411995282,1.238848411995282,1.238848411995282
2003-10-22,1.4612586891529977,1.4612586891529977,1.4612586891529977,1.4612586891529977,1.4612586891529977,1.4612586891529977,1.4612586891529977,1.4612586891529977,1.4612586891529977,1.4612586891529977,1.4612586891529977,1.4612586891529977,1.4612586891529977,1.4612586891529977,1.4612586891529977
2003-10-23,1.7730015330966666,1.7730015330966666,1.7730015330966666,1.7730015330966666,1.7730015330966666,1.7730015330966666,1.7730015330966666,1.7730015330966666,1.7730015330966666,1.7730015330966666,1.7730015330966666,1.7730015330966666,1.7730015330966666,1.7730015330966666,1.7730015330966666
2003-10-24,1.6822105887092225,1.6822105887092225,1.6822105887092225,1.6822105887092225,1.6822105887092225,1.6822105887092225,1.6822105887092225,1.6822105887092225,1.6822105887092225,1.6822105887092225,1.6822105887092225,1.6822105887092225,1.6822105887092225,1.6822105887092225,1.6822105887092225
2003-10-25,1.3795238356379178,1.3795238356379178,1.3795238356379178,1.3795238356379178,1.3795238356379178,1.3795238356379178,1.3795238356379178,1.3795238356379178,1.3795238356379178,1.3795238356379178,1.3795238356379178,1.3795238356379178,1.3795238356379178,1.3795238356379178,1.3795238356379178
2003-10-26,1.1173205650872322,1.1173205650872322,1.1173205650872322,1.1173205650872322,1.1173205650872322,1.1173205650872322,1.1173205650872322,1.1173205650872322,1.1173205650872322,1.1173205650872322,1.1173205650872322,1.1173205650872322,1.1173205650872322,1.1173205650872322,1.1173205650872322
2003-10-27,0.8541939088207979,0.8541939088207979,0.8541939088207979,0.8541939088207979,0.8541939088207979,0.8541939088207979,0.8541939088207979,0.8541939088207979,0.8541939088207979,0.8541939088207979,0.8541939088207979,0.8541939088207979,0.8541939088207979,0.8541939088207979,0.8541939088207979
2003-10-28,1.003939365965853,1.003939365965853,1.003939365965853,1.003939365965853,1.003939365965853,1.003939365965853,1.003939365965853,1.003939365965853,1.003939365965853,1.003939365965853,1.003939365965853,1.003939365965853,1.003939365965853,1.003939365965853,1.003939365965853
2003-10-29,1.0196700135354004,1.0196700135354004,1.0196700135354004,1.0196700135354004,1.0196700135354004,1.0196700135354004,1.0196700135354004,1.0196700135354004,1.0196700135354004,1.0196700135354004,1.0196700135354004,1.0196700135354004,1.0196700135354004,1.0196700135354004,1.0196700135354004
2003-10-30,0.9255699409462496,0.9255699409462496,0.9255699409462496,0.9255699409462496,0.9255699409462496,0.9255699409462496,0.9255699409462496,0.9255699409462496,0.9255699409462496,0.9255699409462496,0.9255699409462496,0.9255699409462496,0.9255699409462496,0.9255699409462496,0.9255699409462496
2003-10-31,0.7001186832133425,0.7001186832133425,0.7001186832133425,0.7001186832133425,0.7001186832133425,0.7001186832133425,0.7001186832133425,0.7001186832133425,0.7001186832133425,0.7001186832133425,0.7001186832133425,0.7001186832133425,0.7001186832133425,0.7001186832133425,0.7001186832133425
2003-11-01,0.5919745317071099,0.5919745317071099,0.5919745317071099,0.5919745317071099,0.5919745317071099,0.5919745317071099,0.5919745317071099,0.5919745317071099,0.5919745317071099,0.5919745317071099,0.5919745317071099,0.5919745317071099,0.5919745317071099,0.5919745317071099,0.5919745317071099
2003-11-02,0.5522968936485065,0.5522968936485065,0.5522968936485065,0.5522968936485065,0.5522968936485065,0.5522968936485065,0.5522968936485065,0.5522968936485065,0.5522968936485065,0.5522968936485065,0.5522968936485065,0.5522968936485065,0.5522968936485065,0.5522968936485065,0.5522968936485065
2003-11-03,0.5324009304491677,0.5324009304491677,0.5324009304491677,0.5324009304491677,0.5324009304491677,0.5324009304491677,0.5324009304491677,0.5324009304491677,0.5324009304491677,0.5324009304491677,0.5324009304491677,0.5324009304491677,0.5324009304491677,0.5324009304491677,0.5324009304491677
2003-11-04,0.24562661780175732,0.24562661780175732,0.24562661780175732,0.24562661780175732,0.24562661780175732,0.24562661780175732,0.24562661780175732,0.24562661780175732,0.24562661780175732,0.24562661780175732,0.24562661780175732,0.24562661780175732,0.24562661780175732,0.24562661780175732,0.24562661780175732
2003-11-05,0.1354988648054851,0.1354988648054851,0.1354988648054851,0.1354988648054851,0.1354988648054851,0.1354988648054851,0.1354988648054851,0.1354988648054851,0.1354988648054851,0.1354988648054851,0.1354988648054851,0.1354988648054851,0.1354988648054851,0.1354988648054851,0.1354988648054851
2003-11-06,-0.11271988857115713,-0.11271988857115713,-0.11271988857115713,-0.11271988857115713,-0.11271988857115713,-0.11271988857115713,-0.11271988857115713,-0.11271988857115713,-0.11271988857115713,-0.11271988857115713,-0.11271988857115713,-0.11271988857115713,-0.11271988857115713,-0.11271988857115713,-0.11271988857115713
2003-11-07,-0.24875434335239796,-0.24875434335239796,-0.24875434335239796,-0.24875434335239796,-0.24875434335239796,-0.24875434335239796,-0.24875434335239796,-0.24875434335239796,-0.24875434335239796,-0.24875434335239796,-0.24875434335239796,-0.24875434335239796,-0.24875434335239796,-0.24875434335239796,-0.24875434335239796
2003-11-08,-0.5398784327946728,-0.5398784327946728,-0.5398784327946728,-0.5398784327946728,-0.5398784327946728,-0.5398784327946728,-0.5398784327946728,-0.5398784327946728,-0.5398784327946728,-0.5398784327946728,-0.5398784327946728,-0.5398784327946728,-0.5398784327946728,-0.5398784327946728,-0.5398784327946728
2003-11-09,-0.63768549462043,-0.63768549462043,-0.63768549462043,-0.63768549462043,-0.63768549462043,-0.63768549462043,-0.63768549462043,-0.63768549462043,-0.63768549462043,-0.63768549462043,-0.63768549462043,-0.63768549462043,-0.63768549462043,-0.63768549462043,-0.63768549462043
2003-11-10,-0.5212892114921891,-0.5212892114921891,-0.5212892114921891,-0.5212892114921891,-0.5212892114921891,-0.5212892114921891,-0.5212892114921891,-0.5212892114921891,-0.5212892114921891,-0.5212892114921891,-0.5212892114921891,-0.5212892114921891,-0.5212892114921891,-0.5212892114921891,-0.5212892114921891
2003-11-11,-0.3652668995793047,-0.3652668995793047,-0.3652668995793047,-0.3652668995793047,-0.3652668995793047,-0.3652668995793047,-0.3652668995793047,-0.3652668995793047,-0.3652668995793047,-0.3652668995793047,-0.3652668995793047,-0.3652668995793047,-0.3652668995793047,-0.3652668995793047,-0.3652668995793047
2003-11-12,-0.3471786134664927,-0.3471786134664927,-0.3471786134664927,-0.3471786134664927,-0.3471786134664927,-0.3471786134664927,-0.3471786134664927,-0.3471786134664927,-0.3471786134664927,-0.3471786134664927,-0.3471786134664927,-0.3471786134664927,-0.3471786134664927,-0.3471786134664927,-0.3471786134664927
2003-11-13,-0.2684795852031845,-0.2684795852031845,-0.2684795852031845,-0.2684795852031845,-0.2684795852031845,-0.2684795852031845,-0.2684795852031845,-0.2684795852031845,-0.2684795852031845,-0.2684795852031845,-0.2684795852031845,-0.2684795852031845,-0.2684795852031845,-0.2684795852031845,-0.2684795852031845
2003-11-14,-0.11227294983087967,-0.11227294983087967,-0.11227294983087967,-0.11227294983087967,-0.11227294983087967,-0.11227294983087967,-0.11227294983087967,-0.11227294983087967,-0.11227294983087967,-0.11227294983087967,-0.11227294983087967,-0.11227294983087967,-0.11227294983087967,-0.11227294983087967,-0.11227294983087967
2003-11-15,-0.13769367204772895,-0.13769367204772895,-0.13769367204772895,-0.13769367204772895,-0.13769367204772895,-0.13769367204772895,-0.13769367204772895,-0.13769367204772895,-0.13769367204772895,-0.13769367204772895,-0.13769367204772895,-0.13769367204772895,-0.13769367204772895,-0.13769367204772895,-0.13769367204772895
2003-11-16,-0.036174116407251475,-0.036174116407251475,-0.036174116407251475,-0.036174116407251475,-0.036174116407251475,-0.036174116407251475,-0.036174116407251475,-0.036174116407251475,-0.036174116407251475,-0.036174116407251475,-0.036174116407251475,-0.036174116407251475,-0.036174116407251475,-0.036174116407251475,-0.036174116407251475
2003-11-17,0.055121288414325544,0.055121288414325544,0.055121288414325544,0.055121288414325544,0.055121288414325544,0.055121288414325544,0.055121288414325544,0.055121288414325544,0.055121288414325544,0.055121288414325544,0.055121288414325544,0.055121288414325544,0.055121288414325544,0.055121288414325544,0.055121288414325544
2003-11-18,0.0862019182595316,0.0862019182595316,0.0862019182595316,0.0862019182595316,0.0862019182595316,0.0862019182595316,0.0862019182595316,0.0862019182595316,0.0862019182595316,0.0862019182595316,0.0862019182595316,0.0862019182595316,0.0862019182595316,0.0862019182595316,0.0862019182595316
2003-11-19,0.08093285481621297,0.08093285481621297,0.08093285481621297,0.08093285481621297,0.08093285481621297,0.08093285481621297,0.08093285481621297,0.08093285481621297,0.08093285481621297,0.08093285481621297,0.08093285481621297,0.08093285481621297,0.08093285481621297,0.08093285481621297,0.08093285481621297
2003-11-20,0.12484431195913881,0.12484431195913881,0.12484431195913881,0.12484431195913881,0.12484431195913881,0.12484431195913881,0.12484431195913881,0.12484431195913881,0.12484431195913881,0.12484431195913881,0.12484431195913881,0.12484431195913881,0.12484431195913881,0.12484431195913881,0.12484431195913881
2003-11-21,0.11330880688355713,0.11330880688355713,0.11330880688355713,0.11330880688355713,0.11330880688355713,0.11330880688355713,0.11330880688355713,0.11330880688355713,0.11330880688355713,0.11330880688355713,0.11330880688355713,0.11330880688355713,0.11330880688355713,0.11330880688355713,0.11330880688355713
2003-11-22,0.23059214488719132,0.23059214488719132,0.23059214488719132,0.23059214488719132,0.23059214488719132,0.23059214488719132,0.23059214488719132,0.23059214488719132,0.23059214488719132,0.23059214488719132,0.23059214488719132,0.23059214488719132,0.23059214488719132,0.23059214488719132,0.23059214488719132
2003-11-23,0.022150607275568328,0.022150607275568328,0.022150607275568328,0.022150607275568328,0.022150607275568328,0.022150607275568328,0.022150607275568328,0.022150607275568328,0.022150607275568328,0.022150607275568328,0.022150607275568328,0.022150607275568328,0.022150607275568328,0.022150607275568328,0.022150607275568328
2003-11-24,0.015933181152369608,0.015933181152369608,0.015933181152369608,0.015933181152369608,0.015933181152369608,0.015933181152369608,0.015933181152369608,0.015933181152369608,0.015933181152369608,0.015933181152369608,0.015933181152369608,0.015933181152369608,0.015933181152369608,0.015933181152369608,0.015933181152369608
2003-11-25,0.13914116468982424,0.13914116468982424,0.13914116468982424,0.13914116468982424,0.13914116468982424,0.13914116468982424,0.13914116468982424,0.13914116468982424,0.13914116468982424,0.13914116468982424,0.13914116468982424,0.13914116468982424,0.13914116468982424,0.13914116468982424,0.13914116468982424
2003-11-26,0.3073019345133064,0.3073019345133064,0.3073019345133064,0.3073019345133064,0.3073019345133064,0.3073019345133064,0.3073019345133064,0.3073019345133064,0.3073019345133064,0.3073019345133064,0.3073019345133064,0.3073019345133064,0.3073019345133064,0.3073019345133064,0.3073019345133064
2003-11-27,0.15348840611481562,0.15348840611481562,0.15348840611481562,0.15348840611481562,0.15348840611481562,0.15348840611481562,0.15348840611481562,0.15348840611481562,0.15348840611481562,0.15348840611481562,0.15348840611481562,0.15348840611481562,0.15348840611481562,0.15348840611481562,0.15348840611481562
2003-11-28,-0.09461454010388183,-0.09461454010388183,-0.09461454010388183,-0.09461454010388183,-0.09461454010388183,-0.09461454010388183,-0.09461454010388183,-0.09461454010388183,-0.09461454010388183,-0.09461454010388183,-0.09461454010388183,-0.09461454010388183,-0.09461454010388183,-0.09461454010388183,-0.09461454010388183
2003-11-29,-0.46935323634459214,-0.46935323634459214,-0.46935323634459214,-0.46935323634459214,-0.46935323634459214,-0.46935323634459214,-0.46935323634459214,-0.46935323634459214,-0.46935323634459214,-0.46935323634459214,-0.46935323634459214,-0.46935323634459214,-0.46935323634459214,-0.46935323634459214,-0.46935323634459214
2003-11-30,-0.6122607189564803,-0.6122607189564803,-0.6122607189564803,-0.6122607189564803,-0.6122607189564803,-0.6122607189564803,-0.6122607189564803,-0.6122607189564803,-0.6122607189564803,-0.6122607189564803,-0.6122607189564803,-0.6122607189564803,-0.6122607189564803,-0.6122607189564803,-0.6122607189564803
2003-12-01,-0.7775564038870056,-0.7775564038870056,-0.7775564038870056,-0.7775564038870056,-0.7775564038870056,-0.7775564038870056,-0.7775564038870056,-0.7775564038870056,-0.7775564038870056,-0.7775564038870056,-0.7775564038870056,-0.7775564038870056,-0.7775564038870056,-0.7775564038870056,-0.7775564038870056
2003-12-02,-0.6448307193318845,-0.6448307193318845,-0.6448307193318845,-0.6448307193318845,-0.6448307193318845,-0.6448307193318845,-0.6448307193318845,-0.6448307193318845,-0.6448307193318845,-0.6448307193318845,-0.6448307193318845,-0.6448307193318845,-0.6448307193318845,-0.6448307193318845,-0.6448307193318845
2003-12-03,-0.9983036174905263,-0.9983036174905263,-0.9983036174905263,-0.9983036174905263,-0.9983036174905263,-0.9983036174905263,-0.9983036174905263,-0.9983036174905263,-0.9983036174905263,-0.9983036174905263,-0.9983036174905263,-0.9983036174905263,-0.9983036174905263,-0.9983036174905263,-0.9983036174905263
2003-12-04,-1.3405828820687113,-1.3405828820687113,-1.3405828820687113,-1.3405828820687113,-1.3405828820687113,-1.3405828820687113,-1.3405828820687113,-1.3405828820687113,-1.3405828820687113,-1.3405828820687113,-1.3405828820687113,-1.3405828820687113,-1.3405828820687113,-1.3405828820687113,-1.3405828820687113
2003-12-05,-1.6498499057199643,-1.6498499057199643,-1.6498499057199643,-1.6498499057199643,-1.6498499057199643,-1.6498499057199643,-1.6498499057199643,-1.6498499057199643,-1.6498499057199643,-1.6498499057199643,-1.6498499057199643,-1.6498499057199643,-1.6498499057199643,-1.6498499057199643,-1.6498499057199643
2003-12-06,-1.776852817291556,-1.776852817291556,-1.776852817291556,-1.776852817291556,-1.776852817291556,-1.776852817291556,-1.776852817291556,-1.776852817291556,-1.776852817291556,-1.776852817291556,-1.776852817291556,-1.776852817291556,-1.776852817291556,-1.776852817291556,-1.776852817291556
2003-12-07,-1.7726831034910455,-1.7726831034910455,-1.7726831034910455,-1.7726831034910455,-1.7726831034910455,-1.7726831034910455,-1.7726831034910455,-1.7726831034910455,-1.7726831034910455,-1.7726831034910455,-1.7726831034910455,-1.7726831034910455,-1.7726831034910455,-1.7726831034910455,-1.7726831034910455
2003-12-08,-1.6838051825521239,-1.6838051825521239,-1.6838051825521239,-1.6838051825521239,-1.6838051825521239,-1.6838051825521239,-1.6838051825521239,-1.6838051825521239,-1.6838051825521239,-1.6838051825521239,-1.6838051825521239,-1.6838051825521239,-1.6838051825521239,-1.6838051825521239,-1.6838051825521239
2003-12-09,-1.7331981104547132,-1.7331981104547132,-1.7331981104547132,-1.7331981104547132,-1.7331981104547132,-1.7331981104547132,-1.7331981104547132,-1.7331981104547132,-1.7331981104547132,-1.7331981104547132,-1.7331981104547132,-1.7331981104547132,-1.7331981104547132,-1.7331981104547132,-1.7331981104547132
2003-12-10,-1.871282740164752,-1.871282740164752,-1.871282740164752,-1.871282740164752,-1.871282740164752,-1.871282740164752,-1.871282740164752,-1.871282740164752,-1.871282740164752,-1.871282740164752,-1.871282740164752,-1.871282740164752,-1.871282740164752,-1.871282740164752,-1.871282740164752
2003-12-11,-1.9167085067837748,-1.9167085067837748,-1.9167085067837748,-1.9167085067837748,-1.9167085067837748,-1.9167085067837748,-1.9167085067837748,-1.9167085067837748,-1.9167085067837748,-1.9167085067837748,-1.9167085067837748,-1.9167085067837748,-1.9167085067837748,-1.9167085067837748,-1.9167085067837748
2003-12-12,-1.8263976856488724,-1.8263976856488724,-1.8263976856488724,-1.8263976856488724,-1.8263976856488724,-1.8263976856488724,-1.8263976856488724,-1.8263976856488724,-1.8263976856488724,-1.8263976856488724,-1.8263976856488724,-1.8263976856488724,-1.8263976856488724,-1.8263976856488724,-1.8263976856488724
2003-12-13,-1.564094938710722,-1.564094938710722,-1.564094938710722,-1.564094938710722,-1.564094938710722,-1.564094938710722,-1.564094938710722,-1.564094938710722,-1.564094938710722,-1.564094938710722,-1.564094938710722,-1.564094938710722,-1.564094938710722,-1.564094938710722,-1.564094938710722
2003-12-14,-1.2653202232330434,-1.2653202232330434,-1.2653202232330434,-1.2653202232330434,-1.2653202232330434,-1.2653202232330434,-1.2653202232330434,-1.2653202232330434,-1.2653202232330434,-1.2653202232330434,-1.2653202232330434,-1.2653202232330434,-1.2653202232330434,-1.2653202232330434,-1.2653202232330434
2003-12-15,-0.6467610037236592,-0.6422213162500716,-0.6939635525274515,-0.7269290174922182,-0.7022256214326363,-0.6422924969527032,-0.8035510739182675,-0.6129993570126198,-0.8031788680616059,-0.6765334273076544,-0.6419282175204322,-0.7658429485566911,-0.6722228372662252,-0.700675101251188,-0.6935168759927306
2003-12-16,-0.7117632519412104,-0.6374993342060052,-0.6213684087606469,-0.8439454355468965,-0.6456118521260696,-0.7052459687846823,-0.8382214187315115,-0.4330262814506182,-0.6993227830742798,-0.7540020558049076,-0.632641969598184,-0.7280145289994421,-0.5417900082230249,-0.6187754443522769,-0.4704271688489137
2003-12-17,-0.24420919104070685,-0.2072660413035066,-0.041461098293911355,-0.2164825246289407,-0.2278252552395252,-0.175387496148186,-0.29446782275784145,0.04471616309509593,0.04719832997919793,-0.2369052693487837,-0.2524025213362103,-0.10253127040513409,-0.11262230706644122,-0.05180301956869763,0.20717118999714126
2003-12-18,0.10217743165515517,0.1806088563231716,0.5507960870454789,0.2599428020401455,0.10322389654243598,0.3610389362276545,0.1682623218302261,0.5696942474898639,0.4765295171925496,0.10626585261319507,0.08867155528243077,0.36246454191259136,0.3138813987830302,0.1684686125905433,0.5726159224659697
2003-12-19,-0.00406258636770419,0.29111707091879724,0.8219948671452022,0.31908820567051277,-0.05459169622613056,0.39392744488853215,0.08650060399643303,0.5605177010330724,0.45283502744366627,-0.006343466445502362,0.05158194890731068,0.29538219348362144,0.535424601077668,0.31037652797955095,0.49153970052250345
2003-12-20,0.0062838622840625065,0.4482851183691909,1.1551813936234294,0.6814595844818022,-0.06250809576926877,0.29443360729007084,0.298356488006292,0.5402442028473946,0.4045689435241444,0.13260755700712407,0.11578785969486179,0.2703210162045491,0.8068100047451111,0.3435888516221736,0.6341719062984396
2003-12-21,0.330777734055692,0.8222990361099992,1.3510521313915063,1.1862099210274162,0.17024847976785773,0.44653961096480643,0.7415226155104693,0.7244058002905195,0.7948038162276995,0.5449800104414261,0.5496845197839574,0.8056244538865257,1.4106063039903096,0.43995528487948626,0.9629835681700322
2003-12-22,0.8700897884604462,1.4162735298167126,2.103778981423676,1.7823636215581633,0.5939909038173058,0.6930692368731678,1.3122269168842904,1.0199310862785667,1.2473382161351458,0.7807432126992359,0.9118235282423591,1.1859636529276414,1.7920958856574498,1.114031771180757,1.4778920922803438
2003-12-23,1.1136276299559376,1.8849596464023428,2.4475763204731336,2.1818898922924217,0.8440480920144667,0.860468968336358,1.6096283114463101,1.4419367979227433,1.270756402181231,1.2248637939856442,1.134840718298873,1.456678794163793,2.134764412261497,1.4831985490964688,1.5925901321998945
2003-12-24,1.33422905750739,2.4149219285152257,2.529054921810274,2.6898064214345183,1.1169639367750268,0.8572574878668924,1.8632657142255447,1.7278786152891954,1.3925661916172463,1.303747521364578,1.3420988689714617,1.6244235148392487,2.2468493479484994,1.665770943858231,1.5469654691208394
2003-12-25,1.52058225455917,2.6668591018380736,2.682195624281171,3.144036532354794,1.2789445882300983,1.1055127570538608,2.281481428229127,1.8969399403587823,1.4604770371657285,1.7099042575448828,1.4881001584309421,1.9105128091826606,2.47069413073448,1.775317363555128,1.4846285886336066
2003-12-26,1.5542308854530253,2.5292636250880984,2.6814127018313645,3.004428486681799,1.8281496160990391,1.1116528481955146,2.425673314905535,2.0381102387020817,1.7335122962132958,1.6491650554719357,1.5675082838643715,1.849852304652843,2.6016171749508565,1.88687501272927,1.2342088046060535
2003-12-27,1.6464995660019799,2.648103067922976,2.511437293648948,2.4709842578601515,2.1375358929648103,1.190804622825353,2.5328926517742123,2.297336791377516,2.0287052705882522,1.9994803074020537,1.4366767070006523,1.7965320964774112,2.514727557803917,1.7990102751812054,0.9879925098006904
2003-12-28,1.600585791512505,2.7039491866611773,2.1858482618549018,1.785509469321764,2.163262524854193,0.9683942301557478,2.597494721365404,2.1879062229883472,2.249645849259847,2.037031024930146,1.3440185216356064,1.910211111843364,2.4020200751901295,1.9072777379674881,1.0419046808212458
2003-12-29,1.5857788100006858,2.400253416656122,1.8501546575318981,1.3791230803348287,2.3733161984260627,1.0325546258212908,2.5502274993801755,2.0912913699163083,2.546236765287226,1.8896358107721491,1.089010497654124,1.9785842406532534,2.084485283212874,1.484639799797631,0.9079917695849116
2003-12-30,1.4699907067124833,2.021814891474685,1.4536169141419406,1.2702431991644465,1.9204134238431196,1.0648994860634944,2.2766527941815187,2.1714724443055053,2.851932481913741,1.812830776611441,0.6549878181185608,1.883836273378538,2.015839141991698,1.2070072011372046,0.7532542645607402
2003-12-31,1.3483092420052807,1.5214316264443493,1.1052068978842915,1.6754734303117806,1.1600785667566065,0.4897791882953277,1.627740935180509,1.9954572262284835,2.9093129898800028,1.5071164816431113,0.11584873422970866,1.4447763130945859,2.0312513273801307,0.7332904677764834,0.6317050326725485
2004-01-01,1.374764633670059,1.1390080732454613,0.9748077979316427,1.7086912959219516,0.42780339742786605,0.42363527111362825,1.3282630502236286,1.8971623217607734,2.8050985488259874,1.4854431731519695,-0.19253607747031157,1.1207773338445441,2.1076765057091014,0.7217324646357872,0.6196524506634503
2004-01-02,1.3759509220953732,0.8354855875437952,1.1625202554484804,1.3592994464790584,0.09443641791102407,0.5026406742523406,1.18439583355621,1.7666621387007109,2.9469704031746855,1.398579268132932,-0.38189930571929565,0.7741949368042458,2.064604491795355,0.5302824835519991,0.32347344022747887
2004-01-03,1.2251000372052467,0.5046438014136172,1.1499434633175696,1.1808678128145809,0.0790541318374953,0.4427731344411847,0.9447691853866337,1.9528066209880348,2.8555976196489157,1.6375371665233076,-0.3768900163606084,0.5995587465468407,1.952690709178435,0.04877456003538727,0.03778258775532676
2004-01-04,0.9952403774859215,0.25048582583030904,0.8772507441706514,0.9376042778343389,-0.03628702426094598,0.43471172894195675,0.5805471542045667,1.9489518304518851,2.69491667801918,1.6134335837456528,-0.423864276138763,0.3702416346442347,1.8223399851699384,-0.09779254179283282,-0.2256966282260398
2004-01-05,0.8729525915988725,0.05834580600774817,0.5092715342485085,0.9325123468105871,-0.17554202518250017,0.5359904208505992,0.3124735601448211,1.6868001895148594,2.5333205540708867,1.2144333168280648,-0.1661579694898709,0.026630548035139208,1.7800155321283957,-0.22484386449082958,-0.2963456119591159
2004-01-06,0.8245200453302512,-0.11173641913148079,0.48184009001365125,1.093510782409087,-0.6079663907409836,0.5926437219014485,0.03830411658472387,1.794526798479277,1.9663619244297807,0.7994883429341125,-0.28106512348318036,0.17243474943891585,1.639708502119815,-0.2928299768212508,-0.3386162355543874
2004-01-07,0.7686316160014081,-0.12174841969413393,0.6025374928655689,1.1482979646089893,-0.6550942442889137,0.7031188686990231,-0.28875342315010355,1.6928969076161782,1.7408126061448879,0.1280728577630041,-0.10810992185076107,0.2582954085251954,1.5290177315009705,-0.2622449318293294,-0.8039897861723766
2004-01-08,0.9918602789084178,-0.1125929128472504,0.2901042574425299,1.3033921141667026,-0.5038008553445295,0.9235680702614202,-0.4611424292203384,1.6259428745819193,1.6355295740124183,0.0534856842391346,-0.019497038032555723,0.21714780715448798,1.805898163117701,-0.3430830431657675,-1.2387609597771543
2004-01-09,1.1447171489121353,-0.372854255895724,-0.034283384874879384,1.3325187374434642,-0.5438056544893408,0.9029720897873574,-0.5799235176497854,1.3497550002972916,1.7003342656705875,0.4373399384907661,-0.24814010144865126,-0.13529096970139468,1.7867227960552325,-0.48755930215620397,-1.6293963663380906
2004-01-10,1.1919323343883685,-0.31390622505681964,-0.1932355280411013,1.5636499709641176,-0.5558413227828402,0.7985736333320097,-0.6414519655832964,1.0199164529620404,1.7237498284380135,0.6584772409779535,-0.25321141302357997,-0.7174932876849269,1.911056717788614,-0.7626762290107284,-1.667996218338586
2004-01-11,1.0733672853776686,-0.2933836151367861,-0.08320967480705709,1.4950147330268713,-0.7726839953514327,0.44708655427688676,-0.7137025971148548,0.9523061129650202,1.5462853664181995,0.8637759560511948,-0.3287071843165362,-1.030388631607779,1.8873512440876696,-0.9708531565286564,-1.592463340180326
2004-01-12,0.8810956435811288,-0.07013530020806161,0.2828405363768643,1.0575100195751912,-0.7938029195727354,0.1782513281966453,-0.6323090251027538,0.7875709339571045,0.9306734421686427,0.7402880595026671,-0.1683417574803312,-1.1665245385611962,1.6239701634995445,-1.0082827410019495,-1.6639484442260362
2004-01-13,0.9643616105205053,0.15145675350993185,0.38655442571978776,0.679321135899278,-0.706910825152452,0.16747104291371004,-0.5050898709911844,0.5056309443070083,0.19097890448041246,0.7157784100674907,-0.2286836770946739,-1.2159540686654209,1.4573135798344024,-1.1422489862274887,-1.6685561392659503
2004-01-14,0.8048656732971753,0.31475436851257826,0.8681413987685089,0.22273500089416198,-0.5507871200050892,0.0044525566842661835,-0.7247924983963205,0.3189897510556782,-0.06742421076712712,0.6304279408757276,-0.35605983160216864,-1.2261925578771689,1.2092412023020054,-1.060331825601006,-1.3500529681229156
2004-01-15,0.6752653743303986,0.05036773391523014,0.9701934378367265,0.1110167751848849,-0.21897475285835197,-0.20695501215643186,-0.9139282465266994,0.19872761461192567,-0.3631637776095045,0.543819056322683,-0.8559579285447758,-1.0770459898213756,1.00585705132382,-0.8886557310102664,-0.8716913819917038
2004-01-16,0.6301736247179086,-0.03714855552261776,1.1444900860384024,-0.09623001749837143,-0.19885060588876677,-0.2983371214095591,-0.8221464979153492,0.4142646395021519,-0.561029998468296,0.6020332005534236,-0.8539263417638928,-1.2499800702612394,1.0100388910525548,-0.5031373513964302,-0.6932324133273002
2004-01-17,0.5113570169870636,0.053547605385225384,0.9614321459557584,-0.1917432991455741,-0.11724007869988518,-0.29882256304887245,-0.8531854415766967,0.49708596455556414,-0.5501818272096642,0.793457711458555,-0.545200784813608,-1.2865076678578964,0.9414187639116851,0.1482151424068094,-0.6100053364193914
2004-01-18,0.0718234439980177,-0.0503512500248671,1.1224785747120019,-0.5532933474124718,-0.08724710386497554,-0.5491072729173396,-0.8615737914011651,0.5484453555649046,-0.5127841648545978,0.8141253380897543,-0.6095884652107542,-0.9470999995181612,0.8492753703202853,0.3252779199010418,-0.18407683194400168
2004-01-19,-0.3409676431914153,-0.3378964191181386,1.1187866342683628,-0.6023195667603887,0.11610106333788708,-0.7930739055687875,-0.7121234310590502,0.4805016729633742,-0.5314125042738503,0.799847258520254,-0.46125161609407156,-0.8650098103480977,0.7361768491432383,0.49109861737662447,0.11211941321277094
2004-01-20,-0.7441270367234945,-0.4806431153303618,1.3948995454888204,-0.6023471619508405,0.2694825338126079,-0.7974591284414474,-0.907338178985074,0.5274741689546405,-0.5700105570218539,0.8487176261753534,-0.04594020771423924,-0.5041435590681611,0.38347083952678923,0.15225991790230026,0.22494290014887544
2004-01-21,-1.047780560459991,-0.508136501111026,1.6030306971442683,-0.4092516727094642,0.3616569186742962,-0.5285920341320772,-0.7845484357630917,0.3685795463425658,-0.318293253835814,0.9036891380935874,0.10458267714923615,-0.27180102461879424,0.4146008067052462,0.018950900224823396,0.39633899280100027
2004-01-22,-1.1851015349364835,-0.7319337700639796,1.696243646490972,-0.2993415665069307,0.6962142421177412,-0.3108232365712287,-0.6025467635891685,0.36536598903373846,-0.10417917015876854,0.9641904236085026,0.047707041507303365,-0.10131809726837963,0.5248671393633484,-0.011947763437682413,0.8234592838780406
2004-01-23,-1.4511981655720763,-0.500917372177959,1.5679443202204624,-0.3086320060903003,1.022690315759105,-0.11425538299302887,-0.17396938315535296,0.1887587596710351,-0.1401121517084192,0.6928112272644055,-0.14772408216163954,0.14239833471831703,0.6712537778368618,0.1444705689150518,1.059523867015429
2004-01-24,-1.5062554735698188,-0.3620671512253088,1.4290711079529643,-0.18089111666326516,0.9348874904622893,0.14643197607929054,0.12447294476134446,-0.1766282434815282,0.06455632418180737,0.39345025480299,0.046818363098167046,0.24021751419836915,0.9863736595268944,0.08153056794384517,0.9785240474254763
2004-01-25,-1.4945738702479872,-0.6328395250257608,1.0773064048935626,0.3802753299668612,0.7863522978169551,0.02484872597228346,0.1187298506269206,-0.7225323270069332,0.1675914760871681,0.16008527118241922,0.45674777611821615,0.5829209021448697,1.200208343659887,0.2714228957059251,0.6042414846545349
2004-01-26,-1.1269295611480656,-0.9230235247005827,0.5185205747360463,1.0652644886384404,0.43783785396441516,-0.0808545698246749,0.056140994973629975,-0.8069931453446666,-0.16144897924193324,-0.007530933620095927,0.5779953197214779,0.6727075872650948,1.3727800102926055,0.38118694040935297,0.48967764135403036
2004-01-27,-0.9221696505896155,-1.2273991915113496,0.10005597218416779,1.5323230099893808,0.32615168579431564,-0.3878915623189105,-0.06647329266245644,-0.6984168914343685,-0.6188061095510733,-0.2578369221120897,0.5910717340999077,0.7442397213748065,1.0672033129291618,0.7989504906555399,0.74602869389234
2004-01-28,-1.0658790172263886,-1.4281121869788975,-0.33110133266258546,1.7332687219902314,0.23111682287649488,-0.4713130122060456,-0.30333520747288734,-0.7846194594425854,-0.6307464075357746,0.07751813160074192,0.4551168098074842,0.9745244245696352,0.8070482596169485,0.8747107931106907,0.8306139686076298
2004-01-29,-0.7999178456490288,-1.7037464343762436,-0.5969517710798394,2.1108384444590094,0.24054983975778024,-0.5216079964770126,-0.015069381663817395,-0.8017359692056989,-0.4897202825388276,0.5139518312335124,0.13234341837152727,1.2538312342506668,0.6630978724759609,0.9054453269236696,0.7682888384593348
2004-01-30,-0.462037664180004,-1.7607416762083758,-0.5362704200047387,2.4042230814165397,0.33739535712285157,-0.37435809855462776,0.1828751078042428,-0.4347781264331238,-0.4902877324814583,0.6051360334631634,0.060646620082272534,1.9703600425447014,0.4848102266180836,0.8542565521948339,0.9954337893470195
2004-01-31,-0.24030175271901755,-1.7699337476541261,-0.2830198178141661,2.3695556117184857,0.3308042663712467,-0.38726216979918743,0.2187031060866545,0.0021790929591344447,0.004452627722024708,0.7575067871245125,-0.005374205912610372,2.472243136458827,0.45051236046567983,0.9669360425728007,0.7738195839875266
2004-02-01,-0.23296109569650902,-1.581110448579166,0.020301140970540584,2.1026576513640576,0.6926292118579959,-0.5046951984078912,0.4864547829854606,0.1864933814513455,0.5239437800340939,0.8289526750847581,0.03019538319568775,2.736586540885791,0.31581452906449264,0.8344817374305137,0.7500531968237925
2004-02-02,-0.18230980066137342,-1.1056769242099047,0.30757641436741767,1.9990269227766604,0.8579091247196595,-0.48836717215885006,0.5691172914983347,0.13004915482663953,0.7735004311024914,0.8041881670781256,-0.23838363531416085,2.8164487275111103,0.6600737740119783,0.47518489070853864,0.8984953486618334
2004-02-03,-0.3100165384039026,-0.7438196216157564,0.7070379157985145,1.7135118330060854,1.0835513369007261,-0.5181928306139019,0.5022220516180045,0.05326733136145674,0.9753139706740562,0.9539244682878182,-0.17326913750064832,2.200579184889166,0.790822855786094,0.7418457117741931,0.668439023543735
2004-02-04,-0.4561882785507089,-0.5123348944271128,0.6627305179813696,1.1024896703957487,0.9010056707668984,-0.5724383539886754,0.23702530625288765,0.16338500574434445,0.9393525927449003,1.360449174792971,-0.03534263596862739,1.7045922910100748,0.6316059584389722,0.7874164507977085,1.1329607527214791
2004-02-05,-0.6275072625060272,-0.40434600301969814,0.8496551807448521,0.4125802802344976,0.7076756121307456,-0.6565445906219212,0.04594107582779844,-0.1649791810148188,0.7885953289466872,1.3689878054082774,-0.06424446812802836,1.4012418970826963,0.6005580695674139,0.9375049045201018,1.4364386365741248
2004-02-06,-0.6803000658110653,-0.2653316771833656,0.7481550463803435,0.010785058489068003,0.5424297475764994,-0.30809700472135026,-0.495903582588693,-0.18714805781107327,0.5671652517013903,1.544238321800325,0.04342545849580801,1.3087239441958616,0.25569454101469313,0.7845631697814924,1.3051502476198902
2004-02-07,-0.8047067489507369,-0.3360972822261398,0.7834461090722135,-0.06820191300388244,0.3461269749098466,0.03321803219804364,-0.6373881088155808,-0.3205410543068454,0.10401902553385704,1.6541581025694472,0.07755498292044141,0.9753274148871869,-0.19274767686521307,0.5611897780746392,1.161739648246217
2004-02-08,-0.5350080634010845,-0.3983684140167775,0.5932579203545435,-0.3410355799208618,0.42215254462133295,0.3311262936716575,-0.7894793442731607,-0.2094364516614398,-0.3665578521798346,1.8052372147000608,0.33910922343865674,0.8144618530516935,-0.6371863247098752,0.5401976566224395,1.149552289105472
2004-02-09,-0.3188716727607036,-0.34748140958446083,0.386334498414656,-0.3631792086098676,0.4660444391049783,0.6011917406763587,-1.0257219017432635,0.08179209059340152,-1.2528205602839204,1.867558067712669,0.3025691684683554,0.8995335554886004,-1.1552120530795067,0.2222694514908713,1.1852135245163375
2004-02-10,-0.15650683560057987,-0.2083993491360035,0.008285250692006833,-0.0605025428776062,0.663653980486283,1.1489852869921087,-0.6074502028456811,0.10796514160828356,-1.267814481368634,2.094398636014316,0.37637349334491566,1.0942141410278343,-1.519039433519397,0.22360015905970274,0.9749992737612503
2004-02-11,-0.0074914365252904324,0.1094723767529667,-0.21007175016506602,0.19723370290882866,0.7199988266530818,1.1398099396302752,-0.6158674924574887,-0.06801947274164706,-1.537059414889272,2.5581286066840643,0.019682774969488427,0.9474796963118612,-1.5640549643559647,-0.0186173952807458,0.6870824373217885
2004-02-12,0.02690489048955031,0.2934448048641453,-0.3333802469970419,0.20036684748106037,0.6621230965930898,0.8763419709843477,-0.7870399875572639,-0.12540698438002415,-1.6969921285913638,2.3981841086331883,-0.28241437904978145,-0.07065791407470945,-1.8142023831401715,-0.28636919748273365,0.3050043577108294
2004-02-13,0.15905866951244077,0.43006602442889996,-0.4212949209145578,0.015702275203020113,0.4162317325169668,0.6807363625213833,-0.4774635343198563,-0.27947438535453684,-2.227892170206397,2.169514668435512,-0.21131419090877337,-0.8075148732897377,-1.6913136801444906,-0.4996752692907676,0.20841553417463302
