,1,2,3,4,5,6,7,8,9,10,11,12,13,14,15
2003-10-05,-0.5720259318464727,-0.5720259318464727,-0.5720259318464727,-0.5720259318464727,-0.5720259318464727,-0.5720259318464727,-0.5720259318464727,-0.5720259318464727,-0.5720259318464727,-0.5720259318464727,-0.5720259318464727,-0.5720259318464727,-0.5720259318464727,-0.5720259318464727,-0.5720259318464727
2003-10-06,-0.9532803206867385,-0.9532803206867385,-0.9532803206867385,-0.9532803206867385,-0.9532803206867385,-0.9532803206867385,-0.9532803206867385,-0.9532803206867385,-0.9532803206867385,-0.9532803206867385,-0.9532803206867385,-0.9532803206867385,-0.9532803206867385,-0.9532803206867385,-0.9532803206867385
2003-10-07,-0.9556316796224688,-0.9556316796224688,-0.9556316796224688,-0.9556316796224688,-0.9556316796224688,-0.9556316796224688,-0.9556316796224688,-0.9556316796224688,-0.9556316796224688,-0.9556316796224688,-0.9556316796224688,-0.9556316796224688,-0.9556316796224688,-0.9556316796224688,-0.9556316796224688
2003-10-08,-1.076503088653716,-1.076503088653716,-1.076503088653716,-1.076503088653716,-1.076503088653716,-1.076503088653716,-1.076503088653716,-1.076503088653716,-1.076503088653716,-1.076503088653716,-1.076503088653716,-1.076503088653716,-1.076503088653716,-1.076503088653716,-1.076503088653716
2003-10-09,-1.0216905756692083,-1.0216905756692083,-1.0216905756692083,-1.0216905756692083,-1.0216905756692083,-1.0216905756692083,-1.0216905756692083,-1.0216905756692083,-1.0216905756692083,-1.0216905756692083,-1.0216905756692083,-1.0216905756692083,-1.0216905756692083,-1.0216905756692083,-1.0216905756692083
2003-10-10,-0.871932187137241,-0.871932187137241,-0.871932187137241,-0.871932187137241,-0.871932187137241,-0.871932187137241,-0.871932187137241,-0.871932187137241,-0.871932187137241,-0.871932187137241,-0.871932187137241,-0.871932187137241,-0.871932187137241,-0.871932187137241,-0.871932187137241
2003-10-11,-0.6164249042062431,-0.6164249042062431,-0.6164249042062431,-0.6164249042062431,-0.6164249042062431,-0.6164249042062431,-0.6164249042062431,-0.6164249042062431,-0.6164249042062431,-0.6164249042062431,-0.6164249042062431,-0.6164249042062431,-0.6164249042062431,-0.6164249042062431,-0.6164249042062431
2003-10-12,-0.5443385373568577,-0.5443385373568577,-0.5443385373568577,-0.5443385373568577,-0.5443385373568577,-0.5443385373568577,-0.5443385373568577,-0.5443385373568577,-0.5443385373568577,-0.5443385373568577,-0.5443385373568577,-0.5443385373568577,-0.5443385373568577,-0.5443385373568577,-0.5443385373568577
2003-10-13,-0.21169275937558255,-0.21169275937558255,-0.21169275937558255,-0.21169275937558255,-0.21169275937558255,-0.21169275937558255,-0.21169275937558255,-0.21169275937558255,-0.21169275937558255,-0.21169275937558255,-0.21169275937558255,-0.21169275937558255,-0.21169275937558255,-0.21169275937558255,-0.21169275937558255
2003-10-14,0.24300746860432312,0.24300746860432312,0.24300746860432312,0.24300746860432312,0.24300746860432312,0.24300746860432312,0.24300746860432312,0.24300746860432312,0.24300746860432312,0.24300746860432312,0.24300746860432312,0.24300746860432312,0.24300746860432312,0.24300746860432312,0.24300746860432312
2003-10-15,0.39425876109829244,0.39425876109829244,0.39425876109829244,0.39425876109829244,0.39425876109829244,0.39425876109829244,0.39425876109829244,0.39425876109829244,0.39425876109829244,0.39425876109829244,0.39425876109829244,0.39425876109829244,0.39425876109829244,0.39425876109829244,0.39425876109829244
2003-10-16,0.47571086025513465,0.47571086025513465,0.47571086025513465,0.47571086025513465,0.47571086025513465,0.47571086025513465,0.47571086025513465,0.47571086025513465,0.47571086025513465,0.47571086025513465,0.47571086025513465,0.47571086025513465,0.47571086025513465,0.47571086025513465,0.47571086025513465
2003-10-17,0.7215189128519699,0.7215189128519699,0.7215189128519699,0.7215189128519699,0.7215189128519699,0.7215189128519699,0.7215189128519699,0.7215189128519699,0.7215189128519699,0.7215189128519699,0.7215189128519699,0.7215189128519699,0.7215189128519699,0.7215189128519699,0.7215189128519699
2003-10-18,0.7948610524675254,0.7948610524675254,0.7948610524675254,0.7948610524675254,0.7948610524675254,0.7948610524675254,0.7948610524675254,0.7948610524675254,0.7948610524675254,0.7948610524675254,0.7948610524675254,0.7948610524675254,0.7948610524675254,0.7948610524675254,0.7948610524675254
2003-10-19,0.8574056456454515,0.8574056456454515,0.8574056456454515,0.8574056456454515,0.8574056456454515,0.8574056456454515,0.8574056456454515,0.8574056456454515,0.8574056456454515,0.8574056456454515,0.8574056456454515,0.8574056456454515,0.8574056456454515,0.8574056456454515,0.8574056456454515
2003-10-20,0.9171027844573902,0.9171027844573902,0.9171027844573902,0.9171027844573902,0.9171027844573902,0.9171027844573902,0.9171027844573902,0.9171027844573902,0.9171027844573902,0.9171027844573902,0.9171027844573902,0.9171027844573902,0.9171027844573902,0.9171027844573902,0.9171027844573902
2003-10-21,1.1647648481458184,1.1647648481458184,1.1647648481458184,1.1647648481458184,1.1647648481458184,1.1647648481458184,1.1647648481458184,1.1647648481458184,1.1647648481458184,1.1647648481458184,1.1647648481458184,1.1647648481458184,1.1647648481458184,1.1647648481458184,1.1647648481458184
2003-10-22,1.3871751253035336,1.3871751253035336,1.3871751253035336,1.3871751253035336,1.3871751253035336,1.3871751253035336,1.3871751253035336,1.3871751253035336,1.3871751253035336,1.3871751253035336,1.3871751253035336,1.3871751253035336,1.3871751253035336,1.3871751253035336,1.3871751253035336
2003-10-23,1.698917969247203,1.698917969247203,1.698917969247203,1.698917969247203,1.698917969247203,1.698917969247203,1.698917969247203,1.698917969247203,1.698917969247203,1.698917969247203,1.698917969247203,1.698917969247203,1.698917969247203,1.698917969247203,1.698917969247203
2003-10-24,1.6081270248597583,1.6081270248597583,1.6081270248597583,1.6081270248597583,1.6081270248597583,1.6081270248597583,1.6081270248597583,1.6081270248597583,1.6081270248597583,1.6081270248597583,1.6081270248597583,1.6081270248597583,1.6081270248597583,1.6081270248597583,1.6081270248597583
2003-10-25,1.3054402717884546,1.3054402717884546,1.3054402717884546,1.3054402717884546,1.3054402717884546,1.3054402717884546,1.3054402717884546,1.3054402717884546,1.3054402717884546,1.3054402717884546,1.3054402717884546,1.3054402717884546,1.3054402717884546,1.3054402717884546,1.3054402717884546
2003-10-26,1.0432370012377692,1.0432370012377692,1.0432370012377692,1.0432370012377692,1.0432370012377692,1.0432370012377692,1.0432370012377692,1.0432370012377692,1.0432370012377692,1.0432370012377692,1.0432370012377692,1.0432370012377692,1.0432370012377692,1.0432370012377692,1.0432370012377692
2003-10-27,0.7801103449713346,0.7801103449713346,0.7801103449713346,0.7801103449713346,0.7801103449713346,0.7801103449713346,0.7801103449713346,0.7801103449713346,0.7801103449713346,0.7801103449713346,0.7801103449713346,0.7801103449713346,0.7801103449713346,0.7801103449713346,0.7801103449713346
2003-10-28,0.9298558021163893,0.9298558021163893,0.9298558021163893,0.9298558021163893,0.9298558021163893,0.9298558021163893,0.9298558021163893,0.9298558021163893,0.9298558021163893,0.9298558021163893,0.9298558021163893,0.9298558021163893,0.9298558021163893,0.9298558021163893,0.9298558021163893
2003-10-29,0.9455864496859371,0.9455864496859371,0.9455864496859371,0.9455864496859371,0.9455864496859371,0.9455864496859371,0.9455864496859371,0.9455864496859371,0.9455864496859371,0.9455864496859371,0.9455864496859371,0.9455864496859371,0.9455864496859371,0.9455864496859371,0.9455864496859371
2003-10-30,0.8514863770967861,0.8514863770967861,0.8514863770967861,0.8514863770967861,0.8514863770967861,0.8514863770967861,0.8514863770967861,0.8514863770967861,0.8514863770967861,0.8514863770967861,0.8514863770967861,0.8514863770967861,0.8514863770967861,0.8514863770967861,0.8514863770967861
2003-10-31,0.6260351193638789,0.6260351193638789,0.6260351193638789,0.6260351193638789,0.6260351193638789,0.6260351193638789,0.6260351193638789,0.6260351193638789,0.6260351193638789,0.6260351193638789,0.6260351193638789,0.6260351193638789,0.6260351193638789,0.6260351193638789,0.6260351193638789
2003-11-01,0.5178909678576464,0.5178909678576464,0.5178909678576464,0.5178909678576464,0.5178909678576464,0.5178909678576464,0.5178909678576464,0.5178909678576464,0.5178909678576464,0.5178909678576464,0.5178909678576464,0.5178909678576464,0.5178909678576464,0.5178909678576464,0.5178909678576464
2003-11-02,0.4782133297990426,0.4782133297990426,0.4782133297990426,0.4782133297990426,0.4782133297990426,0.4782133297990426,0.4782133297990426,0.4782133297990426,0.4782133297990426,0.4782133297990426,0.4782133297990426,0.4782133297990426,0.4782133297990426,0.4782133297990426,0.4782133297990426
2003-11-03,0.45831736659970396,0.45831736659970396,0.45831736659970396,0.45831736659970396,0.45831736659970396,0.45831736659970396,0.45831736659970396,0.45831736659970396,0.45831736659970396,0.45831736659970396,0.45831736659970396,0.45831736659970396,0.45831736659970396,0.45831736659970396,0.45831736659970396
2003-11-04,0.17154305395229363,0.17154305395229363,0.17154305395229363,0.17154305395229363,0.17154305395229363,0.17154305395229363,0.17154305395229363,0.17154305395229363,0.17154305395229363,0.17154305395229363,0.17154305395229363,0.17154305395229363,0.17154305395229363,0.17154305395229363,0.17154305395229363
2003-11-05,0.06141530095602155,0.06141530095602155,0.06141530095602155,0.06141530095602155,0.06141530095602155,0.06141530095602155,0.06141530095602155,0.06141530095602155,0.06141530095602155,0.06141530095602155,0.06141530095602155,0.06141530095602155,0.06141530095602155,0.06141530095602155,0.06141530095602155
2003-11-06,-0.18680345242062074,-0.18680345242062074,-0.18680345242062074,-0.18680345242062074,-0.18680345242062074,-0.18680345242062074,-0.18680345242062074,-0.18680345242062074,-0.18680345242062074,-0.18680345242062074,-0.18680345242062074,-0.18680345242062074,-0.18680345242062074,-0.18680345242062074,-0.18680345242062074
2003-11-07,-0.3228379072018614,-0.3228379072018614,-0.3228379072018614,-0.3228379072018614,-0.3228379072018614,-0.3228379072018614,-0.3228379072018614,-0.3228379072018614,-0.3228379072018614,-0.3228379072018614,-0.3228379072018614,-0.3228379072018614,-0.3228379072018614,-0.3228379072018614,-0.3228379072018614
2003-11-08,-0.6139619966441368,-0.6139619966441368,-0.6139619966441368,-0.6139619966441368,-0.6139619966441368,-0.6139619966441368,-0.6139619966441368,-0.6139619966441368,-0.6139619966441368,-0.6139619966441368,-0.6139619966441368,-0.6139619966441368,-0.6139619966441368,-0.6139619966441368,-0.6139619966441368
2003-11-09,-0.7117690584698934,-0.7117690584698934,-0.7117690584698934,-0.7117690584698934,-0.7117690584698934,-0.7117690584698934,-0.7117690584698934,-0.7117690584698934,-0.7117690584698934,-0.7117690584698934,-0.7117690584698934,-0.7117690584698934,-0.7117690584698934,-0.7117690584698934,-0.7117690584698934
2003-11-10,-0.5953727753416528,-0.5953727753416528,-0.5953727753416528,-0.5953727753416528,-0.5953727753416528,-0.5953727753416528,-0.5953727753416528,-0.5953727753416528,-0.5953727753416528,-0.5953727753416528,-0.5953727753416528,-0.5953727753416528,-0.5953727753416528,-0.5953727753416528,-0.5953727753416528
2003-11-11,-0.4393504634287684,-0.4393504634287684,-0.4393504634287684,-0.4393504634287684,-0.4393504634287684,-0.4393504634287684,-0.4393504634287684,-0.4393504634287684,-0.4393504634287684,-0.4393504634287684,-0.4393504634287684,-0.4393504634287684,-0.4393504634287684,-0.4393504634287684,-0.4393504634287684
2003-11-12,-0.4212621773159563,-0.4212621773159563,-0.4212621773159563,-0.4212621773159563,-0.4212621773159563,-0.4212621773159563,-0.4212621773159563,-0.4212621773159563,-0.4212621773159563,-0.4212621773159563,-0.4212621773159563,-0.4212621773159563,-0.4212621773159563,-0.4212621773159563,-0.4212621773159563
2003-11-13,-0.34256314905264823,-0.34256314905264823,-0.34256314905264823,-0.34256314905264823,-0.34256314905264823,-0.34256314905264823,-0.34256314905264823,-0.34256314905264823,-0.34256314905264823,-0.34256314905264823,-0.34256314905264823,-0.34256314905264823,-0.34256314905264823,-0.34256314905264823,-0.34256314905264823
2003-11-14,-0.18635651368034328,-0.18635651368034328,-0.18635651368034328,-0.18635651368034328,-0.18635651368034328,-0.18635651368034328,-0.18635651368034328,-0.18635651368034328,-0.18635651368034328,-0.18635651368034328,-0.18635651368034328,-0.18635651368034328,-0.18635651368034328,-0.18635651368034328,-0.18635651368034328
2003-11-15,-0.21177723589719255,-0.21177723589719255,-0.21177723589719255,-0.21177723589719255,-0.21177723589719255,-0.21177723589719255,-0.21177723589719255,-0.21177723589719255,-0.21177723589719255,-0.21177723589719255,-0.21177723589719255,-0.21177723589719255,-0.21177723589719255,-0.21177723589719255,-0.21177723589719255
2003-11-16,-0.11025768025671515,-0.11025768025671515,-0.11025768025671515,-0.11025768025671515,-0.11025768025671515,-0.11025768025671515,-0.11025768025671515,-0.11025768025671515,-0.11025768025671515,-0.11025768025671515,-0.11025768025671515,-0.11025768025671515,-0.11025768025671515,-0.11025768025671515,-0.11025768025671515
2003-11-17,-0.01896227543513803,-0.01896227543513803,-0.01896227543513803,-0.01896227543513803,-0.01896227543513803,-0.01896227543513803,-0.01896227543513803,-0.01896227543513803,-0.01896227543513803,-0.01896227543513803,-0.01896227543513803,-0.01896227543513803,-0.01896227543513803,-0.01896227543513803,-0.01896227543513803
2003-11-18,0.012118354410067922,0.012118354410067922,0.012118354410067922,0.012118354410067922,0.012118354410067922,0.012118354410067922,0.012118354410067922,0.012118354410067922,0.012118354410067922,0.012118354410067922,0.012118354410067922,0.012118354410067922,0.012118354410067922,0.012118354410067922,0.012118354410067922
2003-11-19,0.00684929096674934,0.00684929096674934,0.00684929096674934,0.00684929096674934,0.00684929096674934,0.00684929096674934,0.00684929096674934,0.00684929096674934,0.00684929096674934,0.00684929096674934,0.00684929096674934,0.00684929096674934,0.00684929096674934,0.00684929096674934,0.00684929096674934
2003-11-20,0.050760748109675236,0.050760748109675236,0.050760748109675236,0.050760748109675236,0.050760748109675236,0.050760748109675236,0.050760748109675236,0.050760748109675236,0.050760748109675236,0.050760748109675236,0.050760748109675236,0.050760748109675236,0.050760748109675236,0.050760748109675236,0.050760748109675236
2003-11-21,0.03922524303409357,0.03922524303409357,0.03922524303409357,0.03922524303409357,0.03922524303409357,0.03922524303409357,0.03922524303409357,0.03922524303409357,0.03922524303409357,0.03922524303409357,0.03922524303409357,0.03922524303409357,0.03922524303409357,0.03922524303409357,0.03922524303409357
2003-11-22,0.15650858103772775,0.15650858103772775,0.15650858103772775,0.15650858103772775,0.15650858103772775,0.15650858103772775,0.15650858103772775,0.15650858103772775,0.15650858103772775,0.15650858103772775,0.15650858103772775,0.15650858103772775,0.15650858103772775,0.15650858103772775,0.15650858103772775
2003-11-23,-0.051932956573895316,-0.051932956573895316,-0.051932956573895316,-0.051932956573895316,-0.051932956573895316,-0.051932956573895316,-0.051932956573895316,-0.051932956573895316,-0.051932956573895316,-0.051932956573895316,-0.051932956573895316,-0.051932956573895316,-0.051932956573895316,-0.051932956573895316,-0.051932956573895316
2003-11-24,-0.05815038269709393,-0.05815038269709393,-0.05815038269709393,-0.05815038269709393,-0.05815038269709393,-0.05815038269709393,-0.05815038269709393,-0.05815038269709393,-0.05815038269709393,-0.05815038269709393,-0.05815038269709393,-0.05815038269709393,-0.05815038269709393,-0.05815038269709393,-0.05815038269709393
2003-11-25,0.06505760084036061,0.06505760084036061,0.06505760084036061,0.06505760084036061,0.06505760084036061,0.06505760084036061,0.06505760084036061,0.06505760084036061,0.06505760084036061,0.06505760084036061,0.06505760084036061,0.06505760084036061,0.06505760084036061,0.06505760084036061,0.06505760084036061
2003-11-26,0.23321837066384274,0.23321837066384274,0.23321837066384274,0.23321837066384274,0.23321837066384274,0.23321837066384274,0.23321837066384274,0.23321837066384274,0.23321837066384274,0.23321837066384274,0.23321837066384274,0.23321837066384274,0.23321837066384274,0.23321837066384274,0.23321837066384274
2003-11-27,0.0794048422653519,0.0794048422653519,0.0794048422653519,0.0794048422653519,0.0794048422653519,0.0794048422653519,0.0794048422653519,0.0794048422653519,0.0794048422653519,0.0794048422653519,0.0794048422653519,0.0794048422653519,0.0794048422653519,0.0794048422653519,0.0794048422653519
2003-11-28,-0.1686981039533454,-0.1686981039533454,-0.1686981039533454,-0.1686981039533454,-0.1686981039533454,-0.1686981039533454,-0.1686981039533454,-0.1686981039533454,-0.1686981039533454,-0.1686981039533454,-0.1686981039533454,-0.1686981039533454,-0.1686981039533454,-0.1686981039533454,-0.1686981039533454
2003-11-29,-0.5434368001940558,-0.5434368001940558,-0.5434368001940558,-0.5434368001940558,-0.5434368001940558,-0.5434368001940558,-0.5434368001940558,-0.5434368001940558,-0.5434368001940558,-0.5434368001940558,-0.5434368001940558,-0.5434368001940558,-0.5434368001940558,-0.5434368001940558,-0.5434368001940558
2003-11-30,-0.6863442828059433,-0.6863442828059433,-0.6863442828059433,-0.6863442828059433,-0.6863442828059433,-0.6863442828059433,-0.6863442828059433,-0.6863442828059433,-0.6863442828059433,-0.6863442828059433,-0.6863442828059433,-0.6863442828059433,-0.6863442828059433,-0.6863442828059433,-0.6863442828059433
2003-12-01,-0.8516399677364693,-0.8516399677364693,-0.8516399677364693,-0.8516399677364693,-0.8516399677364693,-0.8516399677364693,-0.8516399677364693,-0.8516399677364693,-0.8516399677364693,-0.8516399677364693,-0.8516399677364693,-0.8516399677364693,-0.8516399677364693,-0.8516399677364693,-0.8516399677364693
2003-12-02,-0.718914283181348,-0.718914283181348,-0.718914283181348,-0.718914283181348,-0.718914283181348,-0.718914283181348,-0.718914283181348,-0.718914283181348,-0.718914283181348,-0.718914283181348,-0.718914283181348,-0.718914283181348,-0.718914283181348,-0.718914283181348,-0.718914283181348
2003-12-03,-1.0723871813399901,-1.0723871813399901,-1.0723871813399901,-1.0723871813399901,-1.0723871813399901,-1.0723871813399901,-1.0723871813399901,-1.0723871813399901,-1.0723871813399901,-1.0723871813399901,-1.0723871813399901,-1.0723871813399901,-1.0723871813399901,-1.0723871813399901,-1.0723871813399901
2003-12-04,-1.4146664459181755,-1.4146664459181755,-1.4146664459181755,-1.4146664459181755,-1.4146664459181755,-1.4146664459181755,-1.4146664459181755,-1.4146664459181755,-1.4146664459181755,-1.4146664459181755,-1.4146664459181755,-1.4146664459181755,-1.4146664459181755,-1.4146664459181755,-1.4146664459181755
2003-12-05,-1.7239334695694275,-1.7239334695694275,-1.7239334695694275,-1.7239334695694275,-1.7239334695694275,-1.7239334695694275,-1.7239334695694275,-1.7239334695694275,-1.7239334695694275,-1.7239334695694275,-1.7239334695694275,-1.7239334695694275,-1.7239334695694275,-1.7239334695694275,-1.7239334695694275
2003-12-06,-1.8509363811410207,-1.8509363811410207,-1.8509363811410207,-1.8509363811410207,-1.8509363811410207,-1.8509363811410207,-1.8509363811410207,-1.8509363811410207,-1.8509363811410207,-1.8509363811410207,-1.8509363811410207,-1.8509363811410207,-1.8509363811410207,-1.8509363811410207,-1.8509363811410207
2003-12-07,-1.8467666673405092,-1.8467666673405092,-1.8467666673405092,-1.8467666673405092,-1.8467666673405092,-1.8467666673405092,-1.8467666673405092,-1.8467666673405092,-1.8467666673405092,-1.8467666673405092,-1.8467666673405092,-1.8467666673405092,-1.8467666673405092,-1.8467666673405092,-1.8467666673405092
2003-12-08,-1.7578887464015875,-1.7578887464015875,-1.7578887464015875,-1.7578887464015875,-1.7578887464015875,-1.7578887464015875,-1.7578887464015875,-1.7578887464015875,-1.7578887464015875,-1.7578887464015875,-1.7578887464015875,-1.7578887464015875,-1.7578887464015875,-1.7578887464015875,-1.7578887464015875
2003-12-09,-1.8072816743041769,-1.8072816743041769,-1.8072816743041769,-1.8072816743041769,-1.8072816743041769,-1.8072816743041769,-1.8072816743041769,-1.8072816743041769,-1.8072816743041769,-1.8072816743041769,-1.8072816743041769,-1.8072816743041769,-1.8072816743041769,-1.8072816743041769,-1.8072816743041769
2003-12-10,-1.945366304014216,-1.945366304014216,-1.945366304014216,-1.945366304014216,-1.945366304014216,-1.945366304014216,-1.945366304014216,-1.945366304014216,-1.945366304014216,-1.945366304014216,-1.945366304014216,-1.945366304014216,-1.945366304014216,-1.945366304014216,-1.945366304014216
2003-12-11,-1.9907920706332378,-1.9907920706332378,-1.9907920706332378,-1.9907920706332378,-1.9907920706332378,-1.9907920706332378,-1.9907920706332378,-1.9907920706332378,-1.9907920706332378,-1.9907920706332378,-1.9907920706332378,-1.9907920706332378,-1.9907920706332378,-1.9907920706332378,-1.9907920706332378
2003-12-12,-1.900481249498336,-1.900481249498336,-1.900481249498336,-1.900481249498336,-1.900481249498336,-1.900481249498336,-1.900481249498336,-1.900481249498336,-1.900481249498336,-1.900481249498336,-1.900481249498336,-1.900481249498336,-1.900481249498336,-1.900481249498336,-1.900481249498336
2003-12-13,-1.6381785025601856,-1.6381785025601856,-1.6381785025601856,-1.6381785025601856,-1.6381785025601856,-1.6381785025601856,-1.6381785025601856,-1.6381785025601856,-1.6381785025601856,-1.6381785025601856,-1.6381785025601856,-1.6381785025601856,-1.6381785025601856,-1.6381785025601856,-1.6381785025601856
2003-12-14,-1.350036730134886,-1.350036730134886,-1.350036730134886,-1.350036730134886,-1.350036730134886,-1.350036730134886,-1.350036730134886,-1.350036730134886,-1.350036730134886,-1.350036730134886,-1.350036730134886,-1.350036730134886,-1.350036730134886,-1.350036730134886,-1.350036730134886
2003-12-15,-0.9392319386334861,-0.9392319386334861,-0.9392319386334861,-0.9392319386334861,-0.9392319386334861,-0.9392319386334861,-0.9392319386334861,-0.9392319386334861,-0.9392319386334861,-0.9392319386334861,-0.9392319386334861,-0.9392319386334861,-0.9392319386334861,-0.9392319386334861,-0.9392319386334861
2003-12-16,-0.6385210144997621,-0.6385210144997621,-0.6385210144997621,-0.6385210144997621,-0.6385210144997621,-0.6385210144997621,-0.6385210144997621,-0.6385210144997621,-0.6385210144997621,-0.6385210144997621,-0.6385210144997621,-0.6385210144997621,-0.6385210144997621,-0.6385210144997621,-0.6385210144997621
2003-12-17,-0.5954622374137074,-0.5954622374137074,-0.5954622374137074,-0.5954622374137074,-0.5954622374137074,-0.5954622374137074,-0.5954622374137074,-0.5954622374137074,-0.5954622374137074,-0.5954622374137074,-0.5954622374137074,-0.5954622374137074,-0.5954622374137074,-0.5954622374137074,-0.5954622374137074
2003-12-18,0.16156845973458686,0.16156845973458686,0.16156845973458686,0.16156845973458686,0.16156845973458686,0.16156845973458686,0.16156845973458686,0.16156845973458686,0.16156845973458686,0.16156845973458686,0.16156845973458686,0.16156845973458686,0.16156845973458686,0.16156845973458686,0.16156845973458686
2003-12-19,0.2116579084951353,0.2116579084951353,0.2116579084951353,0.2116579084951353,0.2116579084951353,0.2116579084951353,0.2116579084951353,0.2116579084951353,0.2116579084951353,0.2116579084951353,0.2116579084951353,0.2116579084951353,0.2116579084951353,0.2116579084951353,0.2116579084951353
2003-12-20,0.15953606291988717,0.15953606291988717,0.15953606291988717,0.15953606291988717,0.15953606291988717,0.15953606291988717,0.15953606291988717,0.15953606291988717,0.15953606291988717,0.15953606291988717,0.15953606291988717,0.15953606291988717,0.15953606291988717,0.15953606291988717,0.15953606291988717
2003-12-21,0.32380418965638463,0.32380418965638463,0.32380418965638463,0.32380418965638463,0.32380418965638463,0.32380418965638463,0.32380418965638463,0.32380418965638463,0.32380418965638463,0.32380418965638463,0.32380418965638463,0.32380418965638463,0.32380418965638463,0.32380418965638463,0.32380418965638463
2003-12-22,0.9064336638366121,0.9064336638366121,0.9064336638366121,0.9064336638366121,0.9064336638366121,0.9064336638366121,0.9064336638366121,0.9064336638366121,0.9064336638366121,0.9064336638366121,0.9064336638366121,0.9064336638366121,0.9064336638366121,0.9064336638366121,0.9064336638366121
2003-12-23,1.5465978416010762,1.5465978416010762,1.5465978416010762,1.5465978416010762,1.5465978416010762,1.5465978416010762,1.5465978416010762,1.5465978416010762,1.5465978416010762,1.5465978416010762,1.5465978416010762,1.5465978416010762,1.5465978416010762,1.5465978416010762,1.5465978416010762
2003-12-24,1.7890638089271726,1.7890638089271726,1.7890638089271726,1.7890638089271726,1.7890638089271726,1.7890638089271726,1.7890638089271726,1.7890638089271726,1.7890638089271726,1.7890638089271726,1.7890638089271726,1.7890638089271726,1.7890638089271726,1.7890638089271726,1.7890638089271726
2003-12-25,2.1049634975833724,2.1049634975833724,2.1049634975833724,2.1049634975833724,2.1049634975833724,2.1049634975833724,2.1049634975833724,2.1049634975833724,2.1049634975833724,2.1049634975833724,2.1049634975833724,2.1049634975833724,2.1049634975833724,2.1049634975833724,2.1049634975833724
2003-12-26,2.1884399224218885,2.1884399224218885,2.1884399224218885,2.1884399224218885,2.1884399224218885,2.1884399224218885,2.1884399224218885,2.1884399224218885,2.1884399224218885,2.1884399224218885,2.1884399224218885,2.1884399224218885,2.1884399224218885,2.1884399224218885,2.1884399224218885
2003-12-27,2.0071355521041845,2.0071355521041845,2.0071355521041845,2.0071355521041845,2.0071355521041845,2.0071355521041845,2.0071355521041845,2.0071355521041845,2.0071355521041845,2.0071355521041845,2.0071355521041845,2.0071355521041845,2.0071355521041845,2.0071355521041845,2.0071355521041845
2003-12-28,2.085337822592092,2.085337822592092,2.085337822592092,2.085337822592092,2.085337822592092,2.085337822592092,2.085337822592092,2.085337822592092,2.085337822592092,2.085337822592092,2.085337822592092,2.085337822592092,2.085337822592092,2.085337822592092,2.085337822592092
2003-12-29,1.8568163578950685,1.8568163578950685,1.8568163578950685,1.8568163578950685,1.8568163578950685,1.8568163578950685,1.8568163578950685,1.8568163578950685,1.8568163578950685,1.8568163578950685,1.8568163578950685,1.8568163578950685,1.8568163578950685,1.8568163578950685,1.8568163578950685
2003-12-30,1.6381525327007778,1.6381525327007778,1.6381525327007778,1.6381525327007778,1.6381525327007778,1.6381525327007778,1.6381525327007778,1.6381525327007778,1.6381525327007778,1.6381525327007778,1.6381525327007778,1.6381525327007778,1.6381525327007778,1.6381525327007778,1.6381525327007778
2003-12-31,1.0818220102522687,1.0818220102522687,1.0818220102522687,1.0818220102522687,1.0818220102522687,1.0818220102522687,1.0818220102522687,1.0818220102522687,1.0818220102522687,1.0818220102522687,1.0818220102522687,1.0818220102522687,1.0818220102522687,1.0818220102522687,1.0818220102522687
2004-01-01,1.4124355569581803,1.4124355569581803,1.4124355569581803,1.4124355569581803,1.4124355569581803,1.4124355569581803,1.4124355569581803,1.4124355569581803,1.4124355569581803,1.4124355569581803,1.4124355569581803,1.4124355569581803,1.4124355569581803,1.4124355569581803,1.4124355569581803
2004-01-02,1.4886952298908822,1.4886952298908822,1.4886952298908822,1.4886952298908822,1.4886952298908822,1.4886952298908822,1.4886952298908822,1.4886952298908822,1.4886952298908822,1.4886952298908822,1.4886952298908822,1.4886952298908822,1.4886952298908822,1.4886952298908822,1.4886952298908822
2004-01-03,1.5687914162081773,1.5687914162081773,1.5687914162081773,1.5687914162081773,1.5687914162081773,1.5687914162081773,1.5687914162081773,1.5687914162081773,1.5687914162081773,1.5687914162081773,1.5687914162081773,1.5687914162081773,1.5687914162081773,1.5687914162081773,1.5687914162081773
2004-01-04,1.5678745961166558,1.5678745961166558,1.5678745961166558,1.5678745961166558,1.5678745961166558,1.5678745961166558,1.5678745961166558,1.5678745961166558,1.5678745961166558,1.5678745961166558,1.5678745961166558,1.5678745961166558,1.5678745961166558,1.5678745961166558,1.5678745961166558
2004-01-05,1.542369961649969,1.542369961649969,1.542369961649969,1.542369961649969,1.542369961649969,1.542369961649969,1.542369961649969,1.542369961649969,1.542369961649969,1.542369961649969,1.542369961649969,1.542369961649969,1.542369961649969,1.542369961649969,1.542369961649969
2004-01-06,1.9879400774585985,1.9879400774585985,1.9879400774585985,1.9879400774585985,1.9879400774585985,1.9879400774585985,1.9879400774585985,1.9879400774585985,1.9879400774585985,1.9879400774585985,1.9879400774585985,1.9879400774585985,1.9879400774585985,1.9879400774585985,1.9879400774585985
2004-01-07,1.9736176080887686,1.9736176080887686,1.9736176080887686,1.9736176080887686,1.9736176080887686,1.9736176080887686,1.9736176080887686,1.9736176080887686,1.9736176080887686,1.9736176080887686,1.9736176080887686,1.9736176080887686,1.9736176080887686,1.9736176080887686,1.9736176080887686
2004-01-08,2.1057875288161436,2.1057875288161436,2.1057875288161436,2.1057875288161436,2.1057875288161436,2.1057875288161436,2.1057875288161436,2.1057875288161436,2.1057875288161436,2.1057875288161436,2.1057875288161436,2.1057875288161436,2.1057875288161436,2.1057875288161436,2.1057875288161436
2004-01-09,2.1340659048822403,2.1340659048822403,2.1340659048822403,2.1340659048822403,2.1340659048822403,2.1340659048822403,2.1340659048822403,2.1340659048822403,2.1340659048822403,2.1340659048822403,2.1340659048822403,2.1340659048822403,2.1340659048822403,2.1340659048822403,2.1340659048822403
2004-01-10,1.879560937068141,1.879560937068141,1.879560937068141,1.879560937068141,1.879560937068141,1.879560937068141,1.879560937068141,1.879560937068141,1.879560937068141,1.879560937068141,1.879560937068141,1.879560937068141,1.879560937068141,1.879560937068141,1.879560937068141
2004-01-11,1.7292790094413222,1.7292790094413222,1.7292790094413222,1.7292790094413222,1.7292790094413222,1.7292790094413222,1.7292790094413222,1.7292790094413222,1.7292790094413222,1.7292790094413222,1.7292790094413222,1.7292790094413222,1.7292790094413222,1.7292790094413222,1.7292790094413222
2004-01-12,1.3424832534690192,1.3424832534690192,1.3424832534690192,1.3424832534690192,1.3424832534690192,1.3424832534690192,1.3424832534690192,1.3424832534690192,1.3424832534690192,1.3424832534690192,1.3424832534690192,1.3424832534690192,1.3424832534690192,1.3424832534690192,1.3424832534690192
2004-01-13,1.1151637173012563,1.1151637173012563,1.1151637173012563,1.1151637173012563,1.1151637173012563,1.1151637173012563,1.1151637173012563,1.1151637173012563,1.1151637173012563,1.1151637173012563,1.1151637173012563,1.1151637173012563,1.1151637173012563,1.1151637173012563,1.1151637173012563
2004-01-14,0.6782563750134037,0.6782563750134037,0.6782563750134037,0.6782563750134037,0.6782563750134037,0.6782563750134037,0.6782563750134037,0.6782563750134037,0.6782563750134037,0.6782563750134037,0.6782563750134037,0.6782563750134037,0.6782563750134037,0.6782563750134037,0.6782563750134037
2004-01-15,0.3043100674238798,0.3043100674238798,0.3043100674238798,0.3043100674238798,0.3043100674238798,0.3043100674238798,0.3043100674238798,0.3043100674238798,0.3043100674238798,0.3043100674238798,0.3043100674238798,0.3043100674238798,0.3043100674238798,0.3043100674238798,0.3043100674238798
2004-01-16,0.049288705123674656,0.049288705123674656,0.049288705123674656,0.049288705123674656,0.049288705123674656,0.049288705123674656,0.049288705123674656,0.049288705123674656,0.049288705123674656,0.049288705123674656,0.049288705123674656,0.049288705123674656,0.049288705123674656,0.049288705123674656,0.049288705123674656
2004-01-17,0.023699209899446537,0.023699209899446537,0.023699209899446537,0.023699209899446537,0.023699209899446537,0.023699209899446537,0.023699209899446537,0.023699209899446537,0.023699209899446537,0.023699209899446537,0.023699209899446537,0.023699209899446537,0.023699209899446537,0.023699209899446537,0.023699209899446537
2004-01-18,-0.20445058119171386,-0.20445058119171386,-0.20445058119171386,-0.20445058119171386,-0.20445058119171386,-0.20445058119171386,-0.20445058119171386,-0.20445058119171386,-0.20445058119171386,-0.20445058119171386,-0.20445058119171386,-0.20445058119171386,-0.20445058119171386,-0.20445058119171386,-0.20445058119171386
2004-01-19,-0.2867901950170171,-0.2867901950170171,-0.2867901950170171,-0.2867901950170171,-0.2867901950170171,-0.2867901950170171,-0.2867901950170171,-0.2867901950170171,-0.2867901950170171,-0.2867901950170171,-0.2867901950170171,-0.2867901950170171,-0.2867901950170171,-0.2867901950170171,-0.2867901950170171
2004-01-20,-0.6796589471157619,-0.6796589471157619,-0.6796589471157619,-0.6796589471157619,-0.6796589471157619,-0.6796589471157619,-0.6796589471157619,-0.6796589471157619,-0.6796589471157619,-0.6796589471157619,-0.6796589471157619,-0.6796589471157619,-0.6796589471157619,-0.6796589471157619,-0.6796589471157619
2004-01-21,-1.244829456936435,-1.244829456936435,-1.244829456936435,-1.244829456936435,-1.244829456936435,-1.244829456936435,-1.244829456936435,-1.244829456936435,-1.244829456936435,-1.244829456936435,-1.244829456936435,-1.244829456936435,-1.244829456936435,-1.244829456936435,-1.244829456936435
2004-01-22,-1.7239588874732514,-1.7239588874732514,-1.7239588874732514,-1.7239588874732514,-1.7239588874732514,-1.7239588874732514,-1.7239588874732514,-1.7239588874732514,-1.7239588874732514,-1.7239588874732514,-1.7239588874732514,-1.7239588874732514,-1.7239588874732514,-1.7239588874732514,-1.7239588874732514
2004-01-23,-1.7298810674125746,-1.7298810674125746,-1.7298810674125746,-1.7298810674125746,-1.7298810674125746,-1.7298810674125746,-1.7298810674125746,-1.7298810674125746,-1.7298810674125746,-1.7298810674125746,-1.7298810674125746,-1.7298810674125746,-1.7298810674125746,-1.7298810674125746,-1.7298810674125746
2004-01-24,-1.9212537177733078,-1.9212537177733078,-1.9212537177733078,-1.9212537177733078,-1.9212537177733078,-1.9212537177733078,-1.9212537177733078,-1.9212537177733078,-1.9212537177733078,-1.9212537177733078,-1.9212537177733078,-1.9212537177733078,-1.9212537177733078,-1.9212537177733078,-1.9212537177733078
2004-01-25,-2.2044318395419267,-2.2044318395419267,-2.2044318395419267,-2.2044318395419267,-2.2044318395419267,-2.2044318395419267,-2.2044318395419267,-2.2044318395419267,-2.2044318395419267,-2.2044318395419267,-2.2044318395419267,-2.2044318395419267,-2.2044318395419267,-2.2044318395419267,-2.2044318395419267
2004-01-26,-2.234744802875825,-2.234744802875825,-2.234744802875825,-2.234744802875825,-2.234744802875825,-2.234744802875825,-2.234744802875825,-2.234744802875825,-2.234744802875825,-2.234744802875825,-2.234744802875825,-2.234744802875825,-2.234744802875825,-2.234744802875825,-2.234744802875825
2004-01-27,-2.396067193813707,-2.396067193813707,-2.396067193813707,-2.396067193813707,-2.396067193813707,-2.396067193813707,-2.396067193813707,-2.396067193813707,-2.396067193813707,-2.396067193813707,-2.396067193813707,-2.396067193813707,-2.396067193813707,-2.396067193813707,-2.396067193813707
2004-01-28,-2.3787153234808773,-2.3787153234808773,-2.3787153234808773,-2.3787153234808773,-2.3787153234808773,-2.3787153234808773,-2.3787153234808773,-2.3787153234808773,-2.3787153234808773,-2.3787153234808773,-2.3787153234808773,-2.3787153234808773,-2.3787153234808773,-2.3787153234808773,-2.3787153234808773
2004-01-29,-2.1662581161212637,-2.1662581161212637,-2.1662581161212637,-2.1662581161212637,-2.1662581161212637,-2.1662581161212637,-2.1662581161212637,-2.1662581161212637,-2.1662581161212637,-2.1662581161212637,-2.1662581161212637,-2.1662581161212637,-2.1662581161212637,-2.1662581161212637,-2.1662581161212637
2004-01-30,-2.244108237597325,-2.244108237597325,-2.244108237597325,-2.244108237597325,-2.244108237597325,-2.244108237597325,-2.244108237597325,-2.244108237597325,-2.244108237597325,-2.244108237597325,-2.244108237597325,-2.244108237597325,-2.244108237597325,-2.244108237597325,-2.244108237597325
2004-01-31,-2.089083228624493,-2.089083228624493,-2.089083228624493,-2.089083228624493,-2.089083228624493,-2.089083228624493,-2.089083228624493,-2.089083228624493,-2.089083228624493,-2.089083228624493,-2.089083228624493,-2.089083228624493,-2.089083228624493,-2.089083228624493,-2.089083228624493
2004-02-01,-1.8351015709921799,-1.8351015709921799,-1.8351015709921799,-1.8351015709921799,-1.8351015709921799,-1.8351015709921799,-1.8351015709921799,-1.8351015709921799,-1.8351015709921799,-1.8351015709921799,-1.8351015709921799,-1.8351015709921799,-1.8351015709921799,-1.8351015709921799,-1.8351015709921799
2004-02-02,-1.3809235021489117,-1.367745347716956,-1.3576665211504675,-1.428107774436274,-1.34354257014767,-1.399597360591626,-1.3080921584413476,-1.3725366072149003,-1.3342818494421225,-1.3455632650598988,-1.4403824761828448,-1.257602154482381,-1.35775298745595,-1.355284032355071,-1.388870976521673
2004-02-03,-1.0310338624969926,-0.9700731944123547,-1.0774263795459058,-1.0748385397067544,-1.0917160283617773,-1.030756782070739,-0.8709411897316863,-1.0410631625110462,-0.9810821650367662,-1.1372327232525585,-1.1573606878048928,-0.7718013836516856,-1.1377725193660604,-1.0374394870553494,-1.0485582242405176
2004-02-04,-1.140489270012903,-0.9967436145149957,-1.0805485961170684,-1.1289329987722951,-1.288868263986724,-1.1303692714256526,-1.0814049237714771,-1.1398736918894439,-1.0658331246156705,-1.1498605316350727,-1.258630549106132,-0.7043332020711406,-1.2262018815075435,-1.2244852484865136,-1.1378636244246734
2004-02-05,-0.9317882177558577,-0.6402933280927796,-0.8457656448683677,-0.780400797663278,-0.932115743498246,-0.8760408488430534,-0.7755237900187836,-0.8143050602481016,-1.1069824835110034,-0.839572848764017,-1.0962333138460931,-0.6624739893020335,-0.9637934253940338,-0.9849252568518369,-0.90017015732824
2004-02-06,-0.6220650546464124,-0.5073847695201535,-0.5125881284324029,-0.38273231549990877,-0.30775823396881313,-0.5385743276327156,-0.49887237211836977,-0.3901968419175867,-0.8076974341368515,-0.680352322164543,-0.930669135428995,-0.3279944212340064,-0.4273614074816036,-0.7813941733491505,-0.48506190178570796
2004-02-07,-0.48123833466508453,-0.6745080172246546,-0.4551450737233546,-0.4206990497871245,-0.12766133756745277,-0.4413505322353299,-0.45589680845098257,-0.49829123305891454,-0.7910875700379267,-0.8569341672424446,-1.1697676669650552,-0.18719138930893767,-0.3163699467908256,-0.447618740715939,-0.41452756844491967
2004-02-08,-0.25717570177138926,-0.4805833215366706,-0.3579964748028847,0.027335577375781694,0.2575799859207956,-0.43187700981824434,-0.3188017352720269,-0.2798274438018852,-0.5179415098690655,-0.9274136140614763,-0.8016556749694671,-0.03855148733878555,0.0027367726776304064,-0.3580260951954392,-0.08650657194699218
2004-02-09,-0.0965582456177811,-0.17807383773184812,-0.20585127437783293,0.499753440215115,0.3562801760114914,-0.5543800850895506,-0.17144527628268127,-0.04270825933749828,-0.35194757175955965,-0.8405662694505112,-0.5302543003867269,-0.06402818285415997,0.3614088169039846,-0.10836478719475437,0.12197277012422894
2004-02-10,0.14106956361152845,0.09775214956135464,-0.07854388687819133,0.9212910174121072,0.5088184277876349,-0.355042348727761,-0.01052368005162974,0.35431666229036135,-0.1863558887117614,-0.7990225104666647,-0.04692420039065854,0.0901827407439395,0.5448139649821471,-0.09622612751017798,0.16678505973574276
2004-02-11,0.3852923267068427,0.3022248495346676,-0.22839670913637117,1.1169451233886347,0.5947164487619301,-0.29378265921572216,0.0791413277676857,0.5196361321145891,-0.2688653461186155,-0.655764327243662,0.2186646739014819,-0.003913701626941515,0.6524164348582048,-0.13415922259207907,0.3379273357987671
2004-02-12,0.34676861880435983,0.4271129034592439,-0.47780854659828975,1.219813446015215,0.8369150239243438,-0.1704042557279544,0.3146362517754496,0.6744849381505711,-0.12354401941056391,-0.3515936775698264,0.7181656005447254,0.013454223596467068,0.6697916023080255,-0.14707851213367712,0.5164268640419005
2004-02-13,0.13909481377624477,0.5909298808811768,-0.8250781834888654,1.4352815281992986,0.8852803602412381,-0.1500395510448039,0.30024940748495016,0.4880329758012588,-0.2969931045909813,-0.2544053596778306,1.0552837801941661,-0.04940441997046034,0.48090062920707927,-0.15643670354986433,0.5827544032780003
2004-02-14,-0.04584302162561979,0.2245337718729026,-0.914581335245944,1.2075428208697858,0.7940732877242129,-0.20604779714481056,0.35021765122797416,0.05640774766405385,-0.2838465287834749,-0.11919257721802795,1.0383980904194343,-0.4187313468431107,0.4664572374971229,-0.3564846930934789,0.49208268150078244
2004-02-15,-0.3454504245506271,0.01754451931523819,-0.8705403073552107,1.2252758496419793,0.544022615597054,-0.5212910656102456,0.23702396211054064,-0.19276070850378738,-0.3569345614298377,0.019056640844526455,0.9951495906497605,-0.6276042662495569,0.5525466352855836,-0.3118495903361533,0.5725081918302504
2004-02-16,-0.3731471951251027,-0.1258139945679635,-0.9464181566106558,1.3174959771684869,0.44103365288536783,-0.7744838090118625,0.18265637866880527,-0.05770638813998693,-0.733793313574021,-0.0028772833935996702,1.0497029407879512,-0.5248925250352261,0.4549196967582593,-0.26989979002424047,0.5197330511888673
2004-02-17,-0.20543982660460025,0.014283187657217514,-0.8831964261668579,1.1337548208128443,0.34068463626163564,-1.0399146607645915,0.3965045448759037,0.2508223998245219,-1.0565848666380622,0.07195255181180282,0.8868698506326887,-0.6629976281424972,0.33497123739164997,-0.22798585283368936,0.7971922630226939
2004-02-18,-0.2557767108394722,0.502282980413826,-0.46996548918990766,0.8484976155512629,0.43215661222463825,-1.1936549484198895,0.5455936922641953,0.4185858662218935,-1.3596482474109424,-0.262202857050217,0.7954092099110799,-0.7395929652077196,0.4765978794542575,-0.4560302112035131,0.7311547522805822
2004-02-19,-0.5238522323668752,0.9243588412875199,-0.4855668256546794,0.6470253482740003,0.34945513339253026,-1.1277883831174795,0.6272102520331218,0.12464681575395511,-1.4591308198218416,-0.28442133935389724,0.6870134014834299,-0.6375279082390105,0.32966904414829323,-0.38973430724096014,0.8599708460755323
2004-02-20,-0.5202928550521025,1.1259942914504752,-0.6602270605988393,0.42807435847798997,0.03208331937923588,-0.9250132781946028,0.5279162229543619,-0.15782650902175605,-1.5878285521391793,-0.3365379347071692,0.4735514010154181,-0.5581758490652783,0.11875409398099848,-0.5176215535494371,0.9253001300620564
2004-02-21,-0.6855849343326539,1.0993920033259652,-0.2922969888792463,0.5095763896114803,-0.009711649627046669,-0.9125902995646573,0.6541130887544353,-0.0817129806823691,-1.5447781054567244,-0.5411477169388527,0.1522856918825104,-0.3957883435094271,0.13117274857745703,-0.6942719438902103,1.0721241158631563
2004-02-22,-0.9428168030390985,1.187942943921744,0.08595144071209204,0.6710684111017546,-0.09585921221052368,-0.9906666175673886,0.7140848147362994,-0.08944704672557194,-1.4424781486374119,-0.659157685906871,0.0109079650613213,-0.09898035083376083,0.033204714538442925,-0.5093727516617775,1.1866182001797945
2004-02-23,-1.2568978933447579,1.1365518446961334,0.35481742150844037,0.7265416017513494,-0.18606750448279413,-1.2917155527143054,0.6265612422880485,-0.2608845111363587,-1.3048462772699583,-0.5600221714018652,-0.10379112015456664,-0.16456803299477452,0.15907971485691186,-0.34267647579532073,1.4969955235158625
2004-02-24,-1.6078589755429562,1.1434471446086376,0.6909182384748322,0.45236576378321075,-0.2383678290063827,-1.2286672754037422,0.47950815401721986,-0.3783732593070876,-1.1890290031204727,-0.7954138571031364,-0.13976797024190932,-0.37563915502532713,0.11904512771322123,-0.4061256087046862,1.9856270017905402
2004-02-25,-1.7450455920260208,1.747187596975559,0.9340164832798957,0.42303661915096585,-0.38442598161355757,-1.1543932406604285,0.7846453934451247,-0.3935974473312103,-0.9314395476020825,-0.9031508935545509,-0.019883517575236653,-0.456029345796158,0.11454965225891024,-0.457521293931991,2.360294560353547
2004-02-26,-1.6785307060522927,1.9237901379061113,1.3253587026273543,0.39000113052048135,-0.2792512232068172,-1.0032855660019928,0.9659288870708098,-0.6180686771606071,-0.6117317114547007,-1.0501166366144956,0.06299044316587987,-0.6890598489849188,0.09926043620145811,-0.40662032036229745,2.6098636579708043
2004-02-27,-1.508910209457356,1.9778795220930534,1.089592169834456,0.6010225444048592,-0.23763430717450856,-0.8595032926715203,0.9603235454017162,-0.925268621654622,-0.5223361177172847,-0.9554993198612679,0.08663514441750897,-1.217182370073215,-0.16385230196536238,-0.46181417047497114,2.5593465885335873
2004-02-28,-1.3969036625201672,1.6442980757837975,0.9294011929126127,0.5896797095145846,0.04499053739841821,-0.9265636640568127,0.7916638471213034,-1.2635790558448772,-0.1474849025381216,-0.9188484669308239,0.41639856012229226,-1.432529502826205,-0.13056846833476873,-0.9130114787879897,2.351889169384859
2004-02-29,-1.192106058766866,1.7160380982237913,1.1888082946984158,1.011682470269953,0.00708995528180225,-0.87447816090803,0.6245851584703128,-1.3014184337500216,-0.15726548942952148,-0.6397833681880685,1.0789575838637988,-1.2219686772475713,-0.021063964119584874,-0.910114160145291,2.6838668218400623
2004-03-01,-0.591948551674271,1.745481507117856,1.3324428510426163,1.6747342945359787,0.4230588216497156,-0.5496260662150403,0.2076510725116024,-1.2878205367412165,0.05795114493296202,-0.5665839397612957,1.7318781346703926,-1.030801986558624,0.18263859911320693,-0.753680532832751,2.5293646129136182
2004-03-02,0.11235803234746428,1.7114401847612404,1.4671692678576675,1.7046587269479168,0.6425498954075957,-0.5094927016736309,-0.05512066481960497,-1.1270924655445322,0.18213834806545412,-0.34299362677429873,2.019387271116912,-1.0924760207243431,0.5475584144239154,-0.6107993591984043,2.801470088914624
2004-03-03,0.40711029769867335,1.6405163832739087,1.5544689405022705,1.2972430854113273,0.5897346560944896,-0.3431974954559466,-0.35512674493379476,-0.9650014079882215,0.4212653670935244,-0.12204810725839672,2.2971184601999406,-1.1593998652720505,0.8862042686698859,-0.6058966858348026,2.729149819950877
2004-03-04,0.3688173890687842,1.4823506703782456,1.660554274566167,1.1005705214862362,0.7766169044534055,-0.030243744032240952,-0.5311684316950367,-1.3238915583380124,0.4151751716104501,0.19191088186563393,2.325375685734952,-1.4768656620098328,0.9470914743619213,-0.9067222928825363,2.3859220233370806
2004-03-05,0.6436046373766428,1.4287673448821938,1.7643644820007978,1.324191209446543,0.964697351861277,0.06027269160728915,-0.6362591666479311,-1.303417308215557,0.26255337684726165,0.30055318930390723,2.3537893469584543,-1.48157758693757,1.3663186356534365,-0.902420475550335,1.9167958488486503
2004-03-06,1.0036327538489573,1.06240755251939,1.9092343172102164,1.2055400123224855,0.9820520055707214,0.2101046228534356,-0.7603684591466405,-1.025708717962981,0.2795964481199592,0.28332745018879535,2.26822908682144,-1.3672547781812536,1.700830279102542,-1.3137244525203364,1.5940460856280791
2004-03-07,1.0606159178087677,0.8641638077500206,2.1790594498671276,1.185629794612261,0.9488629930239085,0.35318067864923486,-0.8846051381643588,-1.2091909788706452,0.08452873155823226,0.5037184864513201,2.4395128266147026,-1.4856877077675055,1.7625049767665761,-1.198488750057575,1.2314996516247831
2004-03-08,0.8890931699692077,0.7333933588865046,2.31272909524229,1.452628127947828,1.2101290036856622,0.40750017903698643,-0.8458726232958064,-1.2576379775028863,0.12485529413505547,0.5953813294564052,2.607643777262409,-1.5621387881142206,1.9828675088804462,-1.2212612948055674,1.02457986682006
2004-03-09,0.6841491206399735,0.4324526386151366,2.0225957500831813,1.5838189563895368,1.6604045030189658,0.608511165818199,-1.1792792228834454,-0.8753552312130134,0.2994038242692404,0.3805915988604792,2.496377790076659,-1.3927324366758305,2.115924291725163,-0.7843719961831161,0.6150447872797464
2004-03-10,0.5967164115843057,-0.2667773905427772,1.654427686957543,1.3311924894229392,1.94442700534317,0.8149687321200211,-1.3515127671856513,-0.5094123247357892,0.5047551720669258,0.2274632590375372,1.9035817522779548,-1.092084543229426,2.063974326001783,-0.4648472674377057,0.43322407149168685
2004-03-11,0.49462257345903676,-0.7255019991654593,1.2773209408013275,1.2293200316757948,1.7317418094966075,0.5780335081090295,-1.6754695010526828,-0.26650857030095043,0.6957386426445179,0.4388937978554114,1.3859135327609955,-1.0106413541197048,1.823289116777401,-0.3116532136294087,0.17369355435679867
2004-03-12,0.49183026636811394,-0.550734399447385,0.9150467085836704,0.8321340908039193,1.5971478419404657,0.3849461458861757,-1.768107444604689,-0.012881500635093789,0.6892343499466345,0.7879822038866721,1.1115957244505503,-0.8587115161255354,1.845821076010382,-0.064515266367881,-0.06565561906005778
2004-03-13,0.570131141116549,-0.6025771721896838,0.8190519136320238,0.4400791751477433,1.2166832340247609,0.39450885702833166,-1.915427248513124,0.16701930755659822,0.4121012176822586,1.0455420135110607,0.9217161555335002,-0.8074032657577397,1.8658590052837667,0.2612809911117077,-0.398480233341713
2004-03-14,0.5545106310969911,-0.6786999083746891,0.721899154117137,-0.03870173684981765,1.0588670527312167,0.5859258575733493,-2.1005409287121783,0.16206550494351488,0.506678933537791,1.1582825592120654,1.2869560756173546,-0.5394276316243928,2.0757221518910822,0.3332898071860095,-0.4496788752310086
2004-03-15,0.5073960422942347,-0.9719230118028945,0.6945753215952899,-0.5012374247740634,0.7262639005523397,0.7967588905802073,-2.1193259820889327,0.4346382494651119,0.5805689952366407,1.3933176296046186,1.6510348957114407,-0.33855767177342233,2.0806482228607854,0.06840852749134797,-0.5503949739268578
2004-03-16,0.5107848562204755,-1.1399285301274584,0.6335907353283935,-0.42303001913851257,0.6936533878231782,0.6441482522996115,-1.8416382775878009,0.9766467919359432,0.4055764626493474,1.7429697637800177,1.5878535456014868,-0.4678951568374448,1.9870515860228306,0.015310234656975855,-0.5434135112648684
2004-03-17,0.30576726331877013,-1.2856226447401784,0.4998439138099611,-0.3266832692027142,0.8942061026073715,0.6081717260833099,-1.7343450214299927,1.2993340490962753,0.23227516542324478,1.7956034402241698,1.3173042976332223,-0.46927253139231945,2.030801827033643,0.07523754874558042,-0.7918211159207721
2004-03-18,0.44852147605836606,-1.6661327782311308,0.49370734073953876,-0.18619142350005452,0.8035031362455303,0.9498842388501263,-1.3059879865433426,1.3594802303199909,0.1949652617069241,1.8178353623214891,0.9978653257704049,0.06903037122279848,2.018615999325916,0.13095553294455256,-1.0206953569489936
2004-03-19,0.6442721779779612,-2.0865983576214386,0.7852849582399918,0.07095122657953817,0.6633833029708949,1.0220248439098623,-1.2091976919703318,1.2179719316190725,0.07997700376183425,1.6080518310763587,0.5097511250134826,0.8293554527897052,1.774648538740774,0.06308135501406249,-1.2986062663414515
2004-03-20,0.7818458078279883,-2.70285900671286,0.8856992970218829,0.4649549044081387,0.5423219429220307,0.9118412612648621,-1.1126705459070094,1.4062819332372556,-0.33466460828645966,1.5132027028561381,0.4249690681750959,1.1967698099662598,1.4411301333969022,0.2664023173168796,-1.4283761341274785
2004-03-21,0.8482800449244813,-2.7295085439538096,0.8674125699029379,0.5959392250870688,0.30355494745101974,0.6362207779192467,-0.9442364186747115,1.52936599159635,-0.7873531406178212,1.598439180587267,0.2594520097987177,1.311629402980551,1.468254157957824,0.35224762318229225,-1.3578762833972273
2004-03-22,0.5869734418966475,-2.642300147158041,0.9432818671960237,1.0273901499523685,-0.23336398448579795,0.6118309990880971,-0.9271389539181958,1.4335859318102362,-1.202244716938539,1.6721294078322693,0.016349351580234265,1.3218031628555231,1.1215092392364496,0.24464371063705725,-1.257865057552403
2004-03-23,0.3792473402983133,-2.6148111897440782,1.3013231257828302,1.3901944882914419,-0.4718244746462143,0.8239925092776325,-1.0224178784310747,1.1527727677242254,-1.2298737947461744,1.7508728620516165,-0.291366741044399,1.2449439587266853,1.0119453628283936,0.17146317054657068,-1.0868509308885868
2004-03-24,0.3444962804804919,-2.6444793064744982,1.51154662804403,1.8115012177785357,-0.6492161366452398,0.6623256747042141,-1.158260915237776,1.1254878608736567,-0.7757824592689562,1.8219050409192643,-0.5677701952770534,0.9637825035855409,0.6723284137385592,0.0023265442485527013,-0.9696234385943913
2004-03-25,0.35565181668881046,-2.3947662005652903,1.50800367556356,2.3347623074685395,-0.6715544099571837,0.5178745281025646,-1.3319922209330746,0.8964390906309724,-0.49999156857433746,1.5770041389802145,-0.8426541907711591,0.8582157758315215,0.20897704087690688,-0.0858067097215365,-1.0379313697571697
2004-03-26,0.12707509708211367,-1.795298542954123,1.1568464011991244,2.6240625772835524,-0.791321193664202,0.4442670381453614,-1.403342733776777,0.6378058979376032,-0.07009942298341224,1.0750453677275766,-0.950360489334898,0.7250081080672941,-0.19991916799269568,-0.25449946080700103,-0.9195074687514766
2004-03-27,-0.33476548252144245,-1.2849938982556863,0.7877319493837052,2.4605938249238366,-0.4240499460719578,0.26689755026295114,-1.5098952591713855,0.4590832141744905,0.07605279731108733,0.4870142767463566,-1.1458571733241736,0.6986591142474788,-0.47751046139714526,-0.5338481260560277,-0.8061542341132073
2004-03-28,-0.5891030981328192,-0.8919750031437454,0.6838034660715963,2.0485068756365834,-0.3175863996742243,-0.045468424053902966,-1.4905070731273462,0.7867187412613154,0.17294214914943237,0.459402809411706,-1.1208695548181216,0.32292658985856726,-0.6693893690981667,-0.8409098804615286,-0.6968764666108501
2004-03-29,-0.8072534992599874,-0.770933363805863,0.9168654187182058,1.3808170858656859,-0.11699690212183624,-0.08358050608170421,-1.5358507471459923,0.6676929471838993,0.3685436630873056,0.4468965724163991,-1.469086130286963,0.15162652850907707,-0.8326893334007942,-0.9603401769231261,-0.9664223892799896
2004-03-30,-1.198690565557728,-0.6251730719032333,0.961735519473897,0.7195433971553707,0.24650192085042308,0.023247171242523828,-1.508408896809308,0.5843344122940887,0.31209191019678895,0.6265587062730894,-1.7692957964953453,0.385860557105176,-0.5562083393031444,-1.1543036866945182,-1.2544676451932313
2004-03-31,-1.3840201328683428,-0.7301201958873732,0.9240877058507462,0.33058232018036915,0.4522194156337399,-0.39972216812616973,-1.669133780091623,0.40314094604891154,0.2521896061697066,0.7718556197122217,-2.0224430800441815,0.35137975384873604,-0.4485206617111636,-0.9167705750907938,-1.5780991678030982
2004-04-01,-1.3205140514883729,-0.8502119732400888,0.8307580892308366,-0.2022036828517806,0.40493792290591374,-0.29576947411976545,-1.6593045433313143,0.1972241566010425,-0.17760454194389383,0.902945908161821,-2.116739574802076,0.4836570877969511,-0.5595948578591592,-0.7698547293390804,-1.6592945311110032
2004-04-02,-1.224792636763724,-0.8782788471801484,0.8546059696016162,-0.649892545500989,0.3979731384125936,-0.2084999734782579,-1.6524009684272698,0.2614211870578401,-0.21957962161518385,0.8725686540453654,-2.075847294324862,0.3896053703823126,-0.8023145463832401,-0.47697051794985373,-1.8591738341871031
