,1,2,3,4,5,6,7,8,9,10,11,12,13,14,15
2005-09-17,0.9164652174811269,0.9164652174811269,0.9164652174811269,0.9164652174811269,0.9164652174811269,0.9164652174811269,0.9164652174811269,0.9164652174811269,0.9164652174811269,0.9164652174811269,0.9164652174811269,0.9164652174811269,0.9164652174811269,0.9164652174811269,0.9164652174811269
2005-09-18,1.1046513416603496,1.1046513416603496,1.1046513416603496,1.1046513416603496,1.1046513416603496,1.1046513416603496,1.1046513416603496,1.1046513416603496,1.1046513416603496,1.1046513416603496,1.1046513416603496,1.1046513416603496,1.1046513416603496,1.1046513416603496,1.1046513416603496
2005-09-19,1.1641185140514998,1.1641185140514998,1.1641185140514998,1.1641185140514998,1.1641185140514998,1.1641185140514998,1.1641185140514998,1.1641185140514998,1.1641185140514998,1.1641185140514998,1.1641185140514998,1.1641185140514998,1.1641185140514998,1.1641185140514998,1.1641185140514998
2005-09-20,1.183532956683268,1.183532956683268,1.183532956683268,1.183532956683268,1.183532956683268,1.183532956683268,1.183532956683268,1.183532956683268,1.183532956683268,1.183532956683268,1.183532956683268,1.183532956683268,1.183532956683268,1.183532956683268,1.183532956683268
2005-09-21,1.0586912625324878,1.0586912625324878,1.0586912625324878,1.0586912625324878,1.0586912625324878,1.0586912625324878,1.0586912625324878,1.0586912625324878,1.0586912625324878,1.0586912625324878,1.0586912625324878,1.0586912625324878,1.0586912625324878,1.0586912625324878,1.0586912625324878
2005-09-22,0.7997546078339534,0.7997546078339534,0.7997546078339534,0.7997546078339534,0.7997546078339534,0.7997546078339534,0.7997546078339534,0.7997546078339534,0.7997546078339534,0.7997546078339534,0.7997546078339534,0.7997546078339534,0.7997546078339534,0.7997546078339534,0.7997546078339534
2005-09-23,0.8774087805915686,0.8774087805915686,0.8774087805915686,0.8774087805915686,0.8774087805915686,0.8774087805915686,0.8774087805915686,0.8774087805915686,0.8774087805915686,0.8774087805915686,0.8774087805915686,0.8774087805915686,0.8774087805915686,0.8774087805915686,0.8774087805915686
2005-09-24,0.9254730678411482,0.9254730678411482,0.9254730678411482,0.9254730678411482,0.9254730678411482,0.9254730678411482,0.9254730678411482,0.9254730678411482,0.9254730678411482,0.9254730678411482,0.9254730678411482,0.9254730678411482,0.9254730678411482,0.9254730678411482,0.9254730678411482
2005-09-25,0.8459798111528809,0.8459798111528809,0.8459798111528809,0.8459798111528809,0.8459798111528809,0.8459798111528809,0.8459798111528809,0.8459798111528809,0.8459798111528809,0.8459798111528809,0.8459798111528809,0.8459798111528809,0.8459798111528809,0.8459798111528809,0.8459798111528809
2005-09-26,0.42552104367681776,0.42552104367681776,0.42552104367681776,0.42552104367681776,0.42552104367681776,0.42552104367681776,0.42552104367681776,0.42552104367681776,0.42552104367681776,0.42552104367681776,0.42552104367681776,0.42552104367681776,0.42552104367681776,0.42552104367681776,0.42552104367681776
2005-09-27,0.410498764522221,0.410498764522221,0.410498764522221,0.410498764522221,0.410498764522221,0.410498764522221,0.410498764522221,0.410498764522221,0.410498764522221,0.410498764522221,0.410498764522221,0.410498764522221,0.410498764522221,0.410498764522221,0.410498764522221
2005-09-28,0.29115409788517044,0.29115409788517044,0.29115409788517044,0.29115409788517044,0.29115409788517044,0.29115409788517044,0.29115409788517044,0.29115409788517044,0.29115409788517044,0.29115409788517044,0.29115409788517044,0.29115409788517044,0.29115409788517044,0.29115409788517044,0.29115409788517044
2005-09-29,0.42971708564852357,0.42971708564852357,0.42971708564852357,0.42971708564852357,0.42971708564852357,0.42971708564852357,0.42971708564852357,0.42971708564852357,0.42971708564852357,0.42971708564852357,0.42971708564852357,0.42971708564852357,0.42971708564852357,0.42971708564852357,0.42971708564852357
2005-09-30,0.5152839280451607,0.5152839280451607,0.5152839280451607,0.5152839280451607,0.5152839280451607,0.5152839280451607,0.5152839280451607,0.5152839280451607,0.5152839280451607,0.5152839280451607,0.5152839280451607,0.5152839280451607,0.5152839280451607,0.5152839280451607,0.5152839280451607
2005-10-01,0.6528244921176188,0.6528244921176188,0.6528244921176188,0.6528244921176188,0.6528244921176188,0.6528244921176188,0.6528244921176188,0.6528244921176188,0.6528244921176188,0.6528244921176188,0.6528244921176188,0.6528244921176188,0.6528244921176188,0.6528244921176188,0.6528244921176188
2005-10-02,0.26222143552762395,0.26222143552762395,0.26222143552762395,0.26222143552762395,0.26222143552762395,0.26222143552762395,0.26222143552762395,0.26222143552762395,0.26222143552762395,0.26222143552762395,0.26222143552762395,0.26222143552762395,0.26222143552762395,0.26222143552762395,0.26222143552762395
2005-10-03,-0.1542013912822416,-0.1542013912822416,-0.1542013912822416,-0.1542013912822416,-0.1542013912822416,-0.1542013912822416,-0.1542013912822416,-0.1542013912822416,-0.1542013912822416,-0.1542013912822416,-0.1542013912822416,-0.1542013912822416,-0.1542013912822416,-0.1542013912822416,-0.1542013912822416
2005-10-04,-0.6208377970002527,-0.6208377970002527,-0.6208377970002527,-0.6208377970002527,-0.6208377970002527,-0.6208377970002527,-0.6208377970002527,-0.6208377970002527,-0.6208377970002527,-0.6208377970002527,-0.6208377970002527,-0.6208377970002527,-0.6208377970002527,-0.6208377970002527,-0.6208377970002527
2005-10-05,-0.48949237990325706,-0.48949237990325706,-0.48949237990325706,-0.48949237990325706,-0.48949237990325706,-0.48949237990325706,-0.48949237990325706,-0.48949237990325706,-0.48949237990325706,-0.48949237990325706,-0.48949237990325706,-0.48949237990325706,-0.48949237990325706,-0.48949237990325706,-0.48949237990325706
2005-10-06,-0.5447396441085224,-0.5447396441085224,-0.5447396441085224,-0.5447396441085224,-0.5447396441085224,-0.5447396441085224,-0.5447396441085224,-0.5447396441085224,-0.5447396441085224,-0.5447396441085224,-0.5447396441085224,-0.5447396441085224,-0.5447396441085224,-0.5447396441085224,-0.5447396441085224
2005-10-07,-0.4008602887426218,-0.4008602887426218,-0.4008602887426218,-0.4008602887426218,-0.4008602887426218,-0.4008602887426218,-0.4008602887426218,-0.4008602887426218,-0.4008602887426218,-0.4008602887426218,-0.4008602887426218,-0.4008602887426218,-0.4008602887426218,-0.4008602887426218,-0.4008602887426218
2005-10-08,-0.611131249426431,-0.611131249426431,-0.611131249426431,-0.611131249426431,-0.611131249426431,-0.611131249426431,-0.611131249426431,-0.611131249426431,-0.611131249426431,-0.611131249426431,-0.611131249426431,-0.611131249426431,-0.611131249426431,-0.611131249426431,-0.611131249426431
2005-10-09,-1.2016928537936615,-1.2016928537936615,-1.2016928537936615,-1.2016928537936615,-1.2016928537936615,-1.2016928537936615,-1.2016928537936615,-1.2016928537936615,-1.2016928537936615,-1.2016928537936615,-1.2016928537936615,-1.2016928537936615,-1.2016928537936615,-1.2016928537936615,-1.2016928537936615
2005-10-10,-1.5000332284569295,-1.5000332284569295,-1.5000332284569295,-1.5000332284569295,-1.5000332284569295,-1.5000332284569295,-1.5000332284569295,-1.5000332284569295,-1.5000332284569295,-1.5000332284569295,-1.5000332284569295,-1.5000332284569295,-1.5000332284569295,-1.5000332284569295,-1.5000332284569295
2005-10-11,-1.5434277274610846,-1.5434277274610846,-1.5434277274610846,-1.5434277274610846,-1.5434277274610846,-1.5434277274610846,-1.5434277274610846,-1.5434277274610846,-1.5434277274610846,-1.5434277274610846,-1.5434277274610846,-1.5434277274610846,-1.5434277274610846,-1.5434277274610846,-1.5434277274610846
2005-10-12,-1.348882018981143,-1.348882018981143,-1.348882018981143,-1.348882018981143,-1.348882018981143,-1.348882018981143,-1.348882018981143,-1.348882018981143,-1.348882018981143,-1.348882018981143,-1.348882018981143,-1.348882018981143,-1.348882018981143,-1.348882018981143,-1.348882018981143
2005-10-13,-1.1413726463508977,-1.1413726463508977,-1.1413726463508977,-1.1413726463508977,-1.1413726463508977,-1.1413726463508977,-1.1413726463508977,-1.1413726463508977,-1.1413726463508977,-1.1413726463508977,-1.1413726463508977,-1.1413726463508977,-1.1413726463508977,-1.1413726463508977,-1.1413726463508977
2005-10-14,-1.0986741110268772,-1.0986741110268772,-1.0986741110268772,-1.0986741110268772,-1.0986741110268772,-1.0986741110268772,-1.0986741110268772,-1.0986741110268772,-1.0986741110268772,-1.0986741110268772,-1.0986741110268772,-1.0986741110268772,-1.0986741110268772,-1.0986741110268772,-1.0986741110268772
2005-10-15,-0.8057266901692012,-0.8057266901692012,-0.8057266901692012,-0.8057266901692012,-0.8057266901692012,-0.8057266901692012,-0.8057266901692012,-0.8057266901692012,-0.8057266901692012,-0.8057266901692012,-0.8057266901692012,-0.8057266901692012,-0.8057266901692012,-0.8057266901692012,-0.8057266901692012
2005-10-16,-0.6061219488249833,-0.6061219488249833,-0.6061219488249833,-0.6061219488249833,-0.6061219488249833,-0.6061219488249833,-0.6061219488249833,-0.6061219488249833,-0.6061219488249833,-0.6061219488249833,-0.6061219488249833,-0.6061219488249833,-0.6061219488249833,-0.6061219488249833,-0.6061219488249833
2005-10-17,-0.19207282148620888,-0.19207282148620888,-0.19207282148620888,-0.19207282148620888,-0.19207282148620888,-0.19207282148620888,-0.19207282148620888,-0.19207282148620888,-0.19207282148620888,-0.19207282148620888,-0.19207282148620888,-0.19207282148620888,-0.19207282148620888,-0.19207282148620888,-0.19207282148620888
2005-10-18,0.26720302960085907,0.26720302960085907,0.26720302960085907,0.26720302960085907,0.26720302960085907,0.26720302960085907,0.26720302960085907,0.26720302960085907,0.26720302960085907,0.26720302960085907,0.26720302960085907,0.26720302960085907,0.26720302960085907,0.26720302960085907,0.26720302960085907
2005-10-19,0.3978822641580985,0.3978822641580985,0.3978822641580985,0.3978822641580985,0.3978822641580985,0.3978822641580985,0.3978822641580985,0.3978822641580985,0.3978822641580985,0.3978822641580985,0.3978822641580985,0.3978822641580985,0.3978822641580985,0.3978822641580985,0.3978822641580985
2005-10-20,0.46196206489952196,0.46196206489952196,0.46196206489952196,0.46196206489952196,0.46196206489952196,0.46196206489952196,0.46196206489952196,0.46196206489952196,0.46196206489952196,0.46196206489952196,0.46196206489952196,0.46196206489952196,0.46196206489952196,0.46196206489952196,0.46196206489952196
2005-10-21,0.42129552283680066,0.42129552283680066,0.42129552283680066,0.42129552283680066,0.42129552283680066,0.42129552283680066,0.42129552283680066,0.42129552283680066,0.42129552283680066,0.42129552283680066,0.42129552283680066,0.42129552283680066,0.42129552283680066,0.42129552283680066,0.42129552283680066
2005-10-22,0.34013151626901583,0.34013151626901583,0.34013151626901583,0.34013151626901583,0.34013151626901583,0.34013151626901583,0.34013151626901583,0.34013151626901583,0.34013151626901583,0.34013151626901583,0.34013151626901583,0.34013151626901583,0.34013151626901583,0.34013151626901583,0.34013151626901583
2005-10-23,0.10924445495273609,0.10924445495273609,0.10924445495273609,0.10924445495273609,0.10924445495273609,0.10924445495273609,0.10924445495273609,0.10924445495273609,0.10924445495273609,0.10924445495273609,0.10924445495273609,0.10924445495273609,0.10924445495273609,0.10924445495273609,0.10924445495273609
2005-10-24,-0.14262269414788628,-0.14262269414788628,-0.14262269414788628,-0.14262269414788628,-0.14262269414788628,-0.14262269414788628,-0.14262269414788628,-0.14262269414788628,-0.14262269414788628,-0.14262269414788628,-0.14262269414788628,-0.14262269414788628,-0.14262269414788628,-0.14262269414788628,-0.14262269414788628
2005-10-25,-0.1695877550916457,-0.1695877550916457,-0.1695877550916457,-0.1695877550916457,-0.1695877550916457,-0.1695877550916457,-0.1695877550916457,-0.1695877550916457,-0.1695877550916457,-0.1695877550916457,-0.1695877550916457,-0.1695877550916457,-0.1695877550916457,-0.1695877550916457,-0.1695877550916457
2005-10-26,-0.19597875725173067,-0.19597875725173067,-0.19597875725173067,-0.19597875725173067,-0.19597875725173067,-0.19597875725173067,-0.19597875725173067,-0.19597875725173067,-0.19597875725173067,-0.19597875725173067,-0.19597875725173067,-0.19597875725173067,-0.19597875725173067,-0.19597875725173067,-0.19597875725173067
2005-10-27,-0.2914142808685843,-0.2914142808685843,-0.2914142808685843,-0.2914142808685843,-0.2914142808685843,-0.2914142808685843,-0.2914142808685843,-0.2914142808685843,-0.2914142808685843,-0.2914142808685843,-0.2914142808685843,-0.2914142808685843,-0.2914142808685843,-0.2914142808685843,-0.2914142808685843
2005-10-28,-0.4483040729371814,-0.4483040729371814,-0.4483040729371814,-0.4483040729371814,-0.4483040729371814,-0.4483040729371814,-0.4483040729371814,-0.4483040729371814,-0.4483040729371814,-0.4483040729371814,-0.4483040729371814,-0.4483040729371814,-0.4483040729371814,-0.4483040729371814,-0.4483040729371814
2005-10-29,-0.32821674578932036,-0.32821674578932036,-0.32821674578932036,-0.32821674578932036,-0.32821674578932036,-0.32821674578932036,-0.32821674578932036,-0.32821674578932036,-0.32821674578932036,-0.32821674578932036,-0.32821674578932036,-0.32821674578932036,-0.32821674578932036,-0.32821674578932036,-0.32821674578932036
2005-10-30,-0.3369247158981929,-0.3369247158981929,-0.3369247158981929,-0.3369247158981929,-0.3369247158981929,-0.3369247158981929,-0.3369247158981929,-0.3369247158981929,-0.3369247158981929,-0.3369247158981929,-0.3369247158981929,-0.3369247158981929,-0.3369247158981929,-0.3369247158981929,-0.3369247158981929
2005-10-31,-0.24368663635642218,-0.24368663635642218,-0.24368663635642218,-0.24368663635642218,-0.24368663635642218,-0.24368663635642218,-0.24368663635642218,-0.24368663635642218,-0.24368663635642218,-0.24368663635642218,-0.24368663635642218,-0.24368663635642218,-0.24368663635642218,-0.24368663635642218,-0.24368663635642218
2005-11-01,-0.10429027495001021,-0.10429027495001021,-0.10429027495001021,-0.10429027495001021,-0.10429027495001021,-0.10429027495001021,-0.10429027495001021,-0.10429027495001021,-0.10429027495001021,-0.10429027495001021,-0.10429027495001021,-0.10429027495001021,-0.10429027495001021,-0.10429027495001021,-0.10429027495001021
2005-11-02,-0.0580827601731534,-0.0580827601731534,-0.0580827601731534,-0.0580827601731534,-0.0580827601731534,-0.0580827601731534,-0.0580827601731534,-0.0580827601731534,-0.0580827601731534,-0.0580827601731534,-0.0580827601731534,-0.0580827601731534,-0.0580827601731534,-0.0580827601731534,-0.0580827601731534
2005-11-03,-0.03416238259519198,-0.03416238259519198,-0.03416238259519198,-0.03416238259519198,-0.03416238259519198,-0.03416238259519198,-0.03416238259519198,-0.03416238259519198,-0.03416238259519198,-0.03416238259519198,-0.03416238259519198,-0.03416238259519198,-0.03416238259519198,-0.03416238259519198,-0.03416238259519198
2005-11-04,0.12402361647934056,0.12402361647934056,0.12402361647934056,0.12402361647934056,0.12402361647934056,0.12402361647934056,0.12402361647934056,0.12402361647934056,0.12402361647934056,0.12402361647934056,0.12402361647934056,0.12402361647934056,0.12402361647934056,0.12402361647934056,0.12402361647934056
2005-11-05,0.32097806205136264,0.32097806205136264,0.32097806205136264,0.32097806205136264,0.32097806205136264,0.32097806205136264,0.32097806205136264,0.32097806205136264,0.32097806205136264,0.32097806205136264,0.32097806205136264,0.32097806205136264,0.32097806205136264,0.32097806205136264,0.32097806205136264
2005-11-06,0.5678196719342397,0.5678196719342397,0.5678196719342397,0.5678196719342397,0.5678196719342397,0.5678196719342397,0.5678196719342397,0.5678196719342397,0.5678196719342397,0.5678196719342397,0.5678196719342397,0.5678196719342397,0.5678196719342397,0.5678196719342397,0.5678196719342397
2005-11-07,0.5310097507628085,0.5310097507628085,0.5310097507628085,0.5310097507628085,0.5310097507628085,0.5310097507628085,0.5310097507628085,0.5310097507628085,0.5310097507628085,0.5310097507628085,0.5310097507628085,0.5310097507628085,0.5310097507628085,0.5310097507628085,0.5310097507628085
2005-11-08,0.9294542436943454,0.9294542436943454,0.9294542436943454,0.9294542436943454,0.9294542436943454,0.9294542436943454,0.9294542436943454,0.9294542436943454,0.9294542436943454,0.9294542436943454,0.9294542436943454,0.9294542436943454,0.9294542436943454,0.9294542436943454,0.9294542436943454
2005-11-09,1.065101320509284,1.065101320509284,1.065101320509284,1.065101320509284,1.065101320509284,1.065101320509284,1.065101320509284,1.065101320509284,1.065101320509284,1.065101320509284,1.065101320509284,1.065101320509284,1.065101320509284,1.065101320509284,1.065101320509284
2005-11-10,1.2134847147622991,1.2134847147622991,1.2134847147622991,1.2134847147622991,1.2134847147622991,1.2134847147622991,1.2134847147622991,1.2134847147622991,1.2134847147622991,1.2134847147622991,1.2134847147622991,1.2134847147622991,1.2134847147622991,1.2134847147622991,1.2134847147622991
2005-11-11,1.132158597678975,1.132158597678975,1.132158597678975,1.132158597678975,1.132158597678975,1.132158597678975,1.132158597678975,1.132158597678975,1.132158597678975,1.132158597678975,1.132158597678975,1.132158597678975,1.132158597678975,1.132158597678975,1.132158597678975
2005-11-12,0.9433715961724783,0.9433715961724783,0.9433715961724783,0.9433715961724783,0.9433715961724783,0.9433715961724783,0.9433715961724783,0.9433715961724783,0.9433715961724783,0.9433715961724783,0.9433715961724783,0.9433715961724783,0.9433715961724783,0.9433715961724783,0.9433715961724783
2005-11-13,0.8387461915803559,0.8387461915803559,0.8387461915803559,0.8387461915803559,0.8387461915803559,0.8387461915803559,0.8387461915803559,0.8387461915803559,0.8387461915803559,0.8387461915803559,0.8387461915803559,0.8387461915803559,0.8387461915803559,0.8387461915803559,0.8387461915803559
2005-11-14,0.8534051931711902,0.8534051931711902,0.8534051931711902,0.8534051931711902,0.8534051931711902,0.8534051931711902,0.8534051931711902,0.8534051931711902,0.8534051931711902,0.8534051931711902,0.8534051931711902,0.8534051931711902,0.8534051931711902,0.8534051931711902,0.8534051931711902
2005-11-15,1.0211804309714718,1.0211804309714718,1.0211804309714718,1.0211804309714718,1.0211804309714718,1.0211804309714718,1.0211804309714718,1.0211804309714718,1.0211804309714718,1.0211804309714718,1.0211804309714718,1.0211804309714718,1.0211804309714718,1.0211804309714718,1.0211804309714718
2005-11-16,0.9288407146438455,0.9288407146438455,0.9288407146438455,0.9288407146438455,0.9288407146438455,0.9288407146438455,0.9288407146438455,0.9288407146438455,0.9288407146438455,0.9288407146438455,0.9288407146438455,0.9288407146438455,0.9288407146438455,0.9288407146438455,0.9288407146438455
2005-11-17,0.8995358647238739,0.8995358647238739,0.8995358647238739,0.8995358647238739,0.8995358647238739,0.8995358647238739,0.8995358647238739,0.8995358647238739,0.8995358647238739,0.8995358647238739,0.8995358647238739,0.8995358647238739,0.8995358647238739,0.8995358647238739,0.8995358647238739
2005-11-18,0.9102287143096575,0.9102287143096575,0.9102287143096575,0.9102287143096575,0.9102287143096575,0.9102287143096575,0.9102287143096575,0.9102287143096575,0.9102287143096575,0.9102287143096575,0.9102287143096575,0.9102287143096575,0.9102287143096575,0.9102287143096575,0.9102287143096575
2005-11-19,0.8156416083699637,0.8156416083699637,0.8156416083699637,0.8156416083699637,0.8156416083699637,0.8156416083699637,0.8156416083699637,0.8156416083699637,0.8156416083699637,0.8156416083699637,0.8156416083699637,0.8156416083699637,0.8156416083699637,0.8156416083699637,0.8156416083699637
2005-11-20,0.6690556046042555,0.6690556046042555,0.6690556046042555,0.6690556046042555,0.6690556046042555,0.6690556046042555,0.6690556046042555,0.6690556046042555,0.6690556046042555,0.6690556046042555,0.6690556046042555,0.6690556046042555,0.6690556046042555,0.6690556046042555,0.6690556046042555
2005-11-21,0.48555253224465605,0.48555253224465605,0.48555253224465605,0.48555253224465605,0.48555253224465605,0.48555253224465605,0.48555253224465605,0.48555253224465605,0.48555253224465605,0.48555253224465605,0.48555253224465605,0.48555253224465605,0.48555253224465605,0.48555253224465605,0.48555253224465605
2005-11-22,0.3548097858148702,0.3548097858148702,0.3548097858148702,0.3548097858148702,0.3548097858148702,0.3548097858148702,0.3548097858148702,0.3548097858148702,0.3548097858148702,0.3548097858148702,0.3548097858148702,0.3548097858148702,0.3548097858148702,0.3548097858148702,0.3548097858148702
2005-11-23,-0.022952921668968833,-0.022952921668968833,-0.022952921668968833,-0.022952921668968833,-0.022952921668968833,-0.022952921668968833,-0.022952921668968833,-0.022952921668968833,-0.022952921668968833,-0.022952921668968833,-0.022952921668968833,-0.022952921668968833,-0.022952921668968833,-0.022952921668968833,-0.022952921668968833
2005-11-24,-0.019807089379294606,-0.019807089379294606,-0.019807089379294606,-0.019807089379294606,-0.019807089379294606,-0.019807089379294606,-0.019807089379294606,-0.019807089379294606,-0.019807089379294606,-0.019807089379294606,-0.019807089379294606,-0.019807089379294606,-0.019807089379294606,-0.019807089379294606,-0.019807089379294606
2005-11-25,-0.22153163303070564,-0.22153163303070564,-0.22153163303070564,-0.22153163303070564,-0.22153163303070564,-0.22153163303070564,-0.22153163303070564,-0.22153163303070564,-0.22153163303070564,-0.22153163303070564,-0.22153163303070564,-0.22153163303070564,-0.22153163303070564,-0.22153163303070564,-0.22153163303070564
2005-11-26,-0.40554126255861966,-0.40554126255861966,-0.40554126255861966,-0.40554126255861966,-0.40554126255861966,-0.40554126255861966,-0.40554126255861966,-0.40554126255861966,-0.40554126255861966,-0.40554126255861966,-0.40554126255861966,-0.40554126255861966,-0.40554126255861966,-0.40554126255861966,-0.40554126255861966
2005-11-27,-0.27088133999284486,-0.27088133999284486,-0.27088133999284486,-0.27088133999284486,-0.27088133999284486,-0.27088133999284486,-0.27088133999284486,-0.27088133999284486,-0.27088133999284486,-0.27088133999284486,-0.27088133999284486,-0.27088133999284486,-0.27088133999284486,-0.27088133999284486,-0.27088133999284486
2005-11-28,0.07458658985971016,0.07458658985971016,0.07458658985971016,0.07458658985971016,0.07458658985971016,0.07458658985971016,0.07458658985971016,0.07458658985971016,0.07458658985971016,0.07458658985971016,0.07458658985971016,0.07458658985971016,0.07458658985971016,0.07458658985971016,0.07458658985971016
2005-11-29,0.19213210387237817,0.19213210387237817,0.19213210387237817,0.19213210387237817,0.19213210387237817,0.19213210387237817,0.19213210387237817,0.19213210387237817,0.19213210387237817,0.19213210387237817,0.19213210387237817,0.19213210387237817,0.19213210387237817,0.19213210387237817,0.19213210387237817
2005-11-30,0.28743718436092525,0.28743718436092525,0.28743718436092525,0.28743718436092525,0.28743718436092525,0.28743718436092525,0.28743718436092525,0.28743718436092525,0.28743718436092525,0.28743718436092525,0.28743718436092525,0.28743718436092525,0.28743718436092525,0.28743718436092525,0.28743718436092525
2005-12-01,0.14252293881272304,0.14252293881272304,0.14252293881272304,0.14252293881272304,0.14252293881272304,0.14252293881272304,0.14252293881272304,0.14252293881272304,0.14252293881272304,0.14252293881272304,0.14252293881272304,0.14252293881272304,0.14252293881272304,0.14252293881272304,0.14252293881272304
2005-12-02,0.029958998572327537,0.029958998572327537,0.029958998572327537,0.029958998572327537,0.029958998572327537,0.029958998572327537,0.029958998572327537,0.029958998572327537,0.029958998572327537,0.029958998572327537,0.029958998572327537,0.029958998572327537,0.029958998572327537,0.029958998572327537,0.029958998572327537
2005-12-03,-0.06386845833478903,-0.06386845833478903,-0.06386845833478903,-0.06386845833478903,-0.06386845833478903,-0.06386845833478903,-0.06386845833478903,-0.06386845833478903,-0.06386845833478903,-0.06386845833478903,-0.06386845833478903,-0.06386845833478903,-0.06386845833478903,-0.06386845833478903,-0.06386845833478903
2005-12-04,-0.22885902762812746,-0.22885902762812746,-0.22885902762812746,-0.22885902762812746,-0.22885902762812746,-0.22885902762812746,-0.22885902762812746,-0.22885902762812746,-0.22885902762812746,-0.22885902762812746,-0.22885902762812746,-0.22885902762812746,-0.22885902762812746,-0.22885902762812746,-0.22885902762812746
2005-12-05,-0.4423900135684935,-0.4423900135684935,-0.4423900135684935,-0.4423900135684935,-0.4423900135684935,-0.4423900135684935,-0.4423900135684935,-0.4423900135684935,-0.4423900135684935,-0.4423900135684935,-0.4423900135684935,-0.4423900135684935,-0.4423900135684935,-0.4423900135684935,-0.4423900135684935
2005-12-06,-0.024691336050062615,-0.024691336050062615,-0.024691336050062615,-0.024691336050062615,-0.024691336050062615,-0.024691336050062615,-0.024691336050062615,-0.024691336050062615,-0.024691336050062615,-0.024691336050062615,-0.024691336050062615,-0.024691336050062615,-0.024691336050062615,-0.024691336050062615,-0.024691336050062615
2005-12-07,-0.25819579853957864,-0.25819579853957864,-0.25819579853957864,-0.25819579853957864,-0.25819579853957864,-0.25819579853957864,-0.25819579853957864,-0.25819579853957864,-0.25819579853957864,-0.25819579853957864,-0.25819579853957864,-0.25819579853957864,-0.25819579853957864,-0.25819579853957864,-0.25819579853957864
2005-12-08,-0.5576529084851761,-0.5576529084851761,-0.5576529084851761,-0.5576529084851761,-0.5576529084851761,-0.5576529084851761,-0.5576529084851761,-0.5576529084851761,-0.5576529084851761,-0.5576529084851761,-0.5576529084851761,-0.5576529084851761,-0.5576529084851761,-0.5576529084851761,-0.5576529084851761
2005-12-09,-0.7991633137054356,-0.7991633137054356,-0.7991633137054356,-0.7991633137054356,-0.7991633137054356,-0.7991633137054356,-0.7991633137054356,-0.7991633137054356,-0.7991633137054356,-0.7991633137054356,-0.7991633137054356,-0.7991633137054356,-0.7991633137054356,-0.7991633137054356,-0.7991633137054356
2005-12-10,-0.7893776272450996,-0.7893776272450996,-0.7893776272450996,-0.7893776272450996,-0.7893776272450996,-0.7893776272450996,-0.7893776272450996,-0.7893776272450996,-0.7893776272450996,-0.7893776272450996,-0.7893776272450996,-0.7893776272450996,-0.7893776272450996,-0.7893776272450996,-0.7893776272450996
2005-12-11,-0.5471817457674301,-0.5471817457674301,-0.5471817457674301,-0.5471817457674301,-0.5471817457674301,-0.5471817457674301,-0.5471817457674301,-0.5471817457674301,-0.5471817457674301,-0.5471817457674301,-0.5471817457674301,-0.5471817457674301,-0.5471817457674301,-0.5471817457674301,-0.5471817457674301
2005-12-12,-0.6194206288376789,-0.6194206288376789,-0.6194206288376789,-0.6194206288376789,-0.6194206288376789,-0.6194206288376789,-0.6194206288376789,-0.6194206288376789,-0.6194206288376789,-0.6194206288376789,-0.6194206288376789,-0.6194206288376789,-0.6194206288376789,-0.6194206288376789,-0.6194206288376789
2005-12-13,-0.48434833277831246,-0.48434833277831246,-0.48434833277831246,-0.48434833277831246,-0.48434833277831246,-0.48434833277831246,-0.48434833277831246,-0.48434833277831246,-0.48434833277831246,-0.48434833277831246,-0.48434833277831246,-0.48434833277831246,-0.48434833277831246,-0.48434833277831246,-0.48434833277831246
2005-12-14,-0.3244069542896908,-0.3244069542896908,-0.3244069542896908,-0.3244069542896908,-0.3244069542896908,-0.3244069542896908,-0.3244069542896908,-0.3244069542896908,-0.3244069542896908,-0.3244069542896908,-0.3244069542896908,-0.3244069542896908,-0.3244069542896908,-0.3244069542896908,-0.3244069542896908
2005-12-15,-0.4460213335624383,-0.4460213335624383,-0.4460213335624383,-0.4460213335624383,-0.4460213335624383,-0.4460213335624383,-0.4460213335624383,-0.4460213335624383,-0.4460213335624383,-0.4460213335624383,-0.4460213335624383,-0.4460213335624383,-0.4460213335624383,-0.4460213335624383,-0.4460213335624383
2005-12-16,-0.3323677542339931,-0.3323677542339931,-0.3323677542339931,-0.3323677542339931,-0.3323677542339931,-0.3323677542339931,-0.3323677542339931,-0.3323677542339931,-0.3323677542339931,-0.3323677542339931,-0.3323677542339931,-0.3323677542339931,-0.3323677542339931,-0.3323677542339931,-0.3323677542339931
2005-12-17,-0.2091121620343412,-0.2091121620343412,-0.2091121620343412,-0.2091121620343412,-0.2091121620343412,-0.2091121620343412,-0.2091121620343412,-0.2091121620343412,-0.2091121620343412,-0.2091121620343412,-0.2091121620343412,-0.2091121620343412,-0.2091121620343412,-0.2091121620343412,-0.2091121620343412
2005-12-18,-0.24727925072769685,-0.24727925072769685,-0.24727925072769685,-0.24727925072769685,-0.24727925072769685,-0.24727925072769685,-0.24727925072769685,-0.24727925072769685,-0.24727925072769685,-0.24727925072769685,-0.24727925072769685,-0.24727925072769685,-0.24727925072769685,-0.24727925072769685,-0.24727925072769685
2005-12-19,-0.2902530998653641,-0.2902530998653641,-0.2902530998653641,-0.2902530998653641,-0.2902530998653641,-0.2902530998653641,-0.2902530998653641,-0.2902530998653641,-0.2902530998653641,-0.2902530998653641,-0.2902530998653641,-0.2902530998653641,-0.2902530998653641,-0.2902530998653641,-0.2902530998653641
2005-12-20,-0.47321345306204704,-0.47321345306204704,-0.47321345306204704,-0.47321345306204704,-0.47321345306204704,-0.47321345306204704,-0.47321345306204704,-0.47321345306204704,-0.47321345306204704,-0.47321345306204704,-0.47321345306204704,-0.47321345306204704,-0.47321345306204704,-0.47321345306204704,-0.47321345306204704
2005-12-21,-0.10037118973551289,-0.10037118973551289,-0.10037118973551289,-0.10037118973551289,-0.10037118973551289,-0.10037118973551289,-0.10037118973551289,-0.10037118973551289,-0.10037118973551289,-0.10037118973551289,-0.10037118973551289,-0.10037118973551289,-0.10037118973551289,-0.10037118973551289,-0.10037118973551289
2005-12-22,0.17279424401135585,0.17279424401135585,0.17279424401135585,0.17279424401135585,0.17279424401135585,0.17279424401135585,0.17279424401135585,0.17279424401135585,0.17279424401135585,0.17279424401135585,0.17279424401135585,0.17279424401135585,0.17279424401135585,0.17279424401135585,0.17279424401135585
2005-12-23,0.07691508541487577,0.07691508541487577,0.07691508541487577,0.07691508541487577,0.07691508541487577,0.07691508541487577,0.07691508541487577,0.07691508541487577,0.07691508541487577,0.07691508541487577,0.07691508541487577,0.07691508541487577,0.07691508541487577,0.07691508541487577,0.07691508541487577
2005-12-24,0.33917649900812813,0.33917649900812813,0.33917649900812813,0.33917649900812813,0.33917649900812813,0.33917649900812813,0.33917649900812813,0.33917649900812813,0.33917649900812813,0.33917649900812813,0.33917649900812813,0.33917649900812813,0.33917649900812813,0.33917649900812813,0.33917649900812813
2005-12-25,0.3289852412205478,0.3289852412205478,0.3289852412205478,0.3289852412205478,0.3289852412205478,0.3289852412205478,0.3289852412205478,0.3289852412205478,0.3289852412205478,0.3289852412205478,0.3289852412205478,0.3289852412205478,0.3289852412205478,0.3289852412205478,0.3289852412205478
2005-12-26,0.059486271921618095,0.059486271921618095,0.059486271921618095,0.059486271921618095,0.059486271921618095,0.059486271921618095,0.059486271921618095,0.059486271921618095,0.059486271921618095,0.059486271921618095,0.059486271921618095,0.059486271921618095,0.059486271921618095,0.059486271921618095,0.059486271921618095
2005-12-27,-0.08214551854282087,-0.08214551854282087,-0.08214551854282087,-0.08214551854282087,-0.08214551854282087,-0.08214551854282087,-0.08214551854282087,-0.08214551854282087,-0.08214551854282087,-0.08214551854282087,-0.08214551854282087,-0.08214551854282087,-0.08214551854282087,-0.08214551854282087,-0.08214551854282087
2005-12-28,-0.08273639752625085,-0.08273639752625085,-0.08273639752625085,-0.08273639752625085,-0.08273639752625085,-0.08273639752625085,-0.08273639752625085,-0.08273639752625085,-0.08273639752625085,-0.08273639752625085,-0.08273639752625085,-0.08273639752625085,-0.08273639752625085,-0.08273639752625085,-0.08273639752625085
2005-12-29,0.45268360450739015,0.45268360450739015,0.45268360450739015,0.45268360450739015,0.45268360450739015,0.45268360450739015,0.45268360450739015,0.45268360450739015,0.45268360450739015,0.45268360450739015,0.45268360450739015,0.45268360450739015,0.45268360450739015,0.45268360450739015,0.45268360450739015
2005-12-30,0.8980340404725825,0.8980340404725825,0.8980340404725825,0.8980340404725825,0.8980340404725825,0.8980340404725825,0.8980340404725825,0.8980340404725825,0.8980340404725825,0.8980340404725825,0.8980340404725825,0.8980340404725825,0.8980340404725825,0.8980340404725825,0.8980340404725825
2005-12-31,0.3746705599004354,0.3746705599004354,0.3746705599004354,0.3746705599004354,0.3746705599004354,0.3746705599004354,0.3746705599004354,0.3746705599004354,0.3746705599004354,0.3746705599004354,0.3746705599004354,0.3746705599004354,0.3746705599004354,0.3746705599004354,0.3746705599004354
2006-01-01,0.5067042806211987,0.5067042806211987,0.5067042806211987,0.5067042806211987,0.5067042806211987,0.5067042806211987,0.5067042806211987,0.5067042806211987,0.5067042806211987,0.5067042806211987,0.5067042806211987,0.5067042806211987,0.5067042806211987,0.5067042806211987,0.5067042806211987
2006-01-02,0.24156657355801062,0.24156657355801062,0.24156657355801062,0.24156657355801062,0.24156657355801062,0.24156657355801062,0.24156657355801062,0.24156657355801062,0.24156657355801062,0.24156657355801062,0.24156657355801062,0.24156657355801062,0.24156657355801062,0.24156657355801062,0.24156657355801062
2006-01-03,-0.25415096722748387,-0.25415096722748387,-0.25415096722748387,-0.25415096722748387,-0.25415096722748387,-0.25415096722748387,-0.25415096722748387,-0.25415096722748387,-0.25415096722748387,-0.25415096722748387,-0.25415096722748387,-0.25415096722748387,-0.25415096722748387,-0.25415096722748387,-0.25415096722748387
2006-01-04,-0.5456750777161498,-0.5456750777161498,-0.5456750777161498,-0.5456750777161498,-0.5456750777161498,-0.5456750777161498,-0.5456750777161498,-0.5456750777161498,-0.5456750777161498,-0.5456750777161498,-0.5456750777161498,-0.5456750777161498,-0.5456750777161498,-0.5456750777161498,-0.5456750777161498
2006-01-05,-0.5430172894223095,-0.5430172894223095,-0.5430172894223095,-0.5430172894223095,-0.5430172894223095,-0.5430172894223095,-0.5430172894223095,-0.5430172894223095,-0.5430172894223095,-0.5430172894223095,-0.5430172894223095,-0.5430172894223095,-0.5430172894223095,-0.5430172894223095,-0.5430172894223095
2006-01-06,-0.6586736662768111,-0.6586736662768111,-0.6586736662768111,-0.6586736662768111,-0.6586736662768111,-0.6586736662768111,-0.6586736662768111,-0.6586736662768111,-0.6586736662768111,-0.6586736662768111,-0.6586736662768111,-0.6586736662768111,-0.6586736662768111,-0.6586736662768111,-0.6586736662768111
2006-01-07,-0.8428142226716677,-0.8428142226716677,-0.8428142226716677,-0.8428142226716677,-0.8428142226716677,-0.8428142226716677,-0.8428142226716677,-0.8428142226716677,-0.8428142226716677,-0.8428142226716677,-0.8428142226716677,-0.8428142226716677,-0.8428142226716677,-0.8428142226716677,-0.8428142226716677
2006-01-08,-0.8848589540190279,-0.8848589540190279,-0.8848589540190279,-0.8848589540190279,-0.8848589540190279,-0.8848589540190279,-0.8848589540190279,-0.8848589540190279,-0.8848589540190279,-0.8848589540190279,-0.8848589540190279,-0.8848589540190279,-0.8848589540190279,-0.8848589540190279,-0.8848589540190279
2006-01-09,-0.9561645916368133,-0.9561645916368133,-0.9561645916368133,-0.9561645916368133,-0.9561645916368133,-0.9561645916368133,-0.9561645916368133,-0.9561645916368133,-0.9561645916368133,-0.9561645916368133,-0.9561645916368133,-0.9561645916368133,-0.9561645916368133,-0.9561645916368133,-0.9561645916368133
2006-01-10,-1.0971570866320643,-1.0971570866320643,-1.0971570866320643,-1.0971570866320643,-1.0971570866320643,-1.0971570866320643,-1.0971570866320643,-1.0971570866320643,-1.0971570866320643,-1.0971570866320643,-1.0971570866320643,-1.0971570866320643,-1.0971570866320643,-1.0971570866320643,-1.0971570866320643
2006-01-11,-1.1534762527369258,-1.1534762527369258,-1.1534762527369258,-1.1534762527369258,-1.1534762527369258,-1.1534762527369258,-1.1534762527369258,-1.1534762527369258,-1.1534762527369258,-1.1534762527369258,-1.1534762527369258,-1.1534762527369258,-1.1534762527369258,-1.1534762527369258,-1.1534762527369258
2006-01-12,-1.350182906433676,-1.350182906433676,-1.350182906433676,-1.350182906433676,-1.350182906433676,-1.350182906433676,-1.350182906433676,-1.350182906433676,-1.350182906433676,-1.350182906433676,-1.350182906433676,-1.350182906433676,-1.350182906433676,-1.350182906433676,-1.350182906433676
2006-01-13,-1.4005882515645909,-1.4005882515645909,-1.4005882515645909,-1.4005882515645909,-1.4005882515645909,-1.4005882515645909,-1.4005882515645909,-1.4005882515645909,-1.4005882515645909,-1.4005882515645909,-1.4005882515645909,-1.4005882515645909,-1.4005882515645909,-1.4005882515645909,-1.4005882515645909
2006-01-14,-1.2122897411847018,-1.2122897411847018,-1.2122897411847018,-1.2122897411847018,-1.2122897411847018,-1.2122897411847018,-1.2122897411847018,-1.2122897411847018,-1.2122897411847018,-1.2122897411847018,-1.2122897411847018,-1.2122897411847018,-1.2122897411847018,-1.2122897411847018,-1.2122897411847018
2006-01-15,-1.0419407722878207,-1.0118547929389796,-1.0021120125358618,-1.1848026097255406,-1.07169447549979,-1.0429571863344638,-1.0529422436301976,-1.0693570284405098,-1.1252339891203496,-1.0131732334915597,-1.0694399306511253,-1.0203307844437348,-1.2232033789929992,-1.0403413907321386,-1.1128519669971078
2006-01-16,-1.0690237039870587,-0.8499470606221738,-1.0999384535813395,-1.3428987743461398,-1.03919774457865,-1.0948501814970442,-0.8951542143273058,-1.1147070345539214,-1.2582806220229665,-0.9377418578458175,-1.1285150310335188,-0.8572459960069828,-1.3425340974314046,-0.9613197875048727,-0.8587784549401818
2006-01-17,-0.7114470775612874,-0.5055082266622032,-0.6261225807016582,-1.054345124154321,-0.6122938547002493,-0.7222055653273204,-0.5704470937538532,-0.6912518624204832,-1.0336692240318452,-0.5377683497734097,-0.6020093971871613,-0.5565117832690274,-1.0291481610979751,-0.5994848438821988,-0.354909067035914
2006-01-18,-0.2593483629339884,-0.3979643305207364,-0.23235563556037933,-0.6266455263223679,-0.21770676107423342,-0.10599782031100738,-0.21030443331228038,-0.31377258895199467,-0.7132490580899065,-0.28227216804358574,0.0901276326991583,-0.17044749901643572,-0.46201277217017506,-0.28298205829634615,-0.06331205387684607
2006-01-19,-0.03516156192015361,-0.3598869190023833,0.060057400935502395,-0.4510866165258786,-0.0900945684105593,0.3891950023262466,0.017958381673415447,-0.09665853906821996,-0.38831723793356,-0.20333373049948866,0.24237116027067415,0.2630627357363443,-0.036614028911294186,-0.14920661337880237,0.6445953022079739
2006-01-20,0.4208110257131628,0.19182417038069982,0.5861402607088496,0.11223176847218831,0.6356788763609135,0.8822229652975944,0.5983918473970099,0.5169012135820276,-0.05305446951244747,0.11475078980164369,0.8905938860183394,0.9201819884426439,0.42609306082095044,0.24175708309620142,1.168714410889153
2006-01-21,0.6989723351438679,0.7142921821496622,0.9283336636993142,0.893986106787325,1.0582056326267115,1.5131284986391917,0.8142248755356423,1.076869851529019,0.3885129697108593,0.43940243806052237,1.2749528807462962,1.3310116297584556,0.9622309993884465,0.3868945525411361,1.8040477836603976
2006-01-22,1.3724862500269954,1.2805716773099027,1.3946886279279858,1.457763211649898,1.5331286272041282,2.078118317657041,1.2142892952249975,1.834379999322035,1.1215610737670247,0.7469397365725379,1.7609067489547505,2.0048586156639128,1.6057384201914109,0.7067186714845846,2.3550629082759027
2006-01-23,1.5728079555187755,1.7903684721169024,1.853301397074535,1.790514535918768,1.8294497995126942,2.6334588520100013,1.2511245675886293,2.1480360489588577,1.3697358285367822,1.0802614408859206,2.084476444568725,2.333262069838752,1.9501863585436974,1.1560504689315627,2.7062180650502845
2006-01-24,1.7982381856778349,2.0398416816269593,2.295148017877367,2.4528267201983422,2.1490073175698354,2.729351034615693,1.4873445357286181,2.3677168340285846,1.5709020832926914,1.1157738251415257,1.8668380807125684,2.329528883105624,2.31232309173072,1.294593470874412,2.5677829145747926
2006-01-25,1.8425547108355163,1.9064906195665674,2.479702682817697,2.7770621852169377,2.148629783062958,2.779210464021744,1.5140493262972656,2.718444308792337,1.6746926746786077,1.2215669819215302,2.0485059901542853,2.068025990657874,2.5605301851139957,1.5448588004712538,2.364780344055189
2006-01-26,1.7157683059613005,1.949349114710118,2.4955602123775664,2.7242098488328375,2.0655732586558613,2.3600689260161083,1.4549647022634498,2.9278875966374565,1.6207808275742404,1.1168943927183557,1.799731417500547,1.7134116592060153,2.529884507811702,1.3983201054823502,2.3015805074480884
2006-01-27,1.8085365901900081,1.5798285037928197,2.2553680540999497,2.448770803431879,1.8834801479852648,2.1401614021632724,1.3138830645637436,2.7995048598606838,1.634601339240461,1.1803247853356553,1.765163314436152,1.5089012820278271,2.2414700771052076,1.39900270549964,2.0652722229873564
2006-01-28,1.5396385712422331,1.4147918667815007,1.9735395573562098,2.2871045378991,2.0118838007413262,2.004399015067834,1.0740585326295198,2.4964610515874397,1.6677349331930322,1.2042593149906409,1.4451410794748327,1.4111639567051952,1.805166079333985,1.3573623496338731,2.2412764492973127
2006-01-29,1.3049095673350894,1.3674369881170325,1.5991233318724252,2.735658724552321,2.09134534736715,1.7732103885086243,1.1235077542691985,2.476782495002649,1.802549607362184,1.3374681105209643,1.1484712679775013,1.0424194540451386,1.5277726184330114,1.4724510687507948,2.3001330421843464
2006-01-30,1.032741806144253,1.4911104190100264,1.5507759946908692,3.0310962696637174,1.8989962590008485,1.615794987691225,0.8710039141554956,2.2502764851237695,1.9100454277713215,1.4068592519239096,0.6915667087203997,0.7456636475595377,1.5621599273240638,1.3015038278055002,2.0310963563972373
2006-01-31,0.6429043922032491,1.4977629836441921,1.2411187097558718,2.861483575024751,1.8648979273577644,1.6502399137716814,0.7103306060354493,2.3756531958370064,2.1785886301787323,1.0158113650472114,0.7106854184667342,0.7024591479670478,1.7405885208445648,1.0178597591169138,1.9796418500532864
2006-02-01,0.41077644410947256,1.3902886044785168,1.0721256270396977,2.5954698242950602,2.0621748386511904,1.5024712564989642,0.7021972804990203,2.291506909333248,2.3406255680667103,1.0602173100716767,0.6683756189561952,0.7085550804206264,1.9588448595227643,0.6382911481873168,1.7791355473234312
2006-02-02,0.24077853529606816,1.1190698479772572,0.6037104649544888,2.3991599577263147,1.7961016817198618,1.5736296493559836,0.8355406061957805,2.0979758772414803,2.4998945707716134,0.7935331959853156,0.4415624331450653,0.6318864860624939,1.7633682987901425,0.7986295921057883,1.8931621035728903
2006-02-03,0.11966917261772798,1.0049719671338582,0.8618296439919972,2.7667683614501724,1.2187817031917805,1.4297234874186378,1.2037171538093263,1.8941048836266157,2.3361089453698307,0.40669247730091523,0.39517326024836813,0.629808996324509,1.9211851740015862,0.5882384389305166,1.975950991287446
2006-02-04,0.15703976455415466,1.1574394131512604,0.9002469739116142,3.275691535375914,0.942930561569859,1.5258323912803688,1.324843555439228,2.083827936439442,1.6057229922408773,-0.018256497820036778,0.1273257242858793,0.6021798771186442,2.433337852842324,0.3001163993941886,1.9277463099442047
2006-02-05,0.27017162990527305,1.2805923645578177,1.137953416115847,3.238696806681745,0.33706210327554487,1.6101263476947751,1.4718720239455025,1.9917861940071007,1.2655895941602104,-0.12920529596157457,0.10298018301845276,0.8790690575641477,2.849598558207677,0.18925397837586194,1.6546761553890297
2006-02-06,0.19012254497298714,1.2347743955013777,1.5541940437613597,3.1229374710704523,0.19470432157258158,1.7618869484263298,1.517676191199482,1.8765776203684192,0.7856828198312772,0.020670494645620204,0.0008135100612284118,0.9281025520163533,2.892475278670207,0.5551524470753643,1.59226799464615
2006-02-07,0.21821034894348074,1.1883130610195065,1.859741750985552,2.9278227539526687,0.00628516696579663,2.0555787114674855,1.7380101108259767,1.3659850469038393,0.7865001018185355,0.20598690078797738,0.18597805266934936,0.8968517968400612,2.808710846794863,1.1678070289803963,1.4981988984964798
2006-02-08,0.4269734233166802,1.244734780872667,1.9218155865642745,2.9187096580161347,-0.0919388254483413,2.4258741938368558,1.8117149998017887,0.8927516733527597,0.5973596552404062,-0.0025482564380485597,0.06252672731783912,0.9402220093160076,2.755532020155457,1.4575127001075205,1.493136856929276
2006-02-09,0.4538867879388374,0.9993613679879018,1.636347266488283,2.8582806193806483,-0.5075983423628441,2.637236893412658,1.882164370574406,0.41180261762447884,0.2555561450837091,-0.32271475232532953,-0.07003298201994668,1.123003898452022,2.487739689237689,1.584918352585626,1.0820823995051991
2006-02-10,0.273813123585515,1.0991065972373983,1.2704570273291864,2.6482531267257494,-0.6328950609410983,2.6117695845007742,1.7524152897845497,0.2238548344218279,0.28083192200723983,-0.5593024553219481,0.07318268101957721,0.9519242375732433,2.55888185465192,1.478078077795871,0.5756295473602956
2006-02-11,0.07948966671224529,1.1713655053419822,0.9647077105969862,2.4540954273328346,-0.8449108700093958,2.6450325416165597,1.2864134497596003,0.0012716533866937705,0.17058914861352142,-0.46435790357194695,0.1547120162198558,0.5483635016255392,2.139535358829337,1.510295707424896,0.6318689568184183
2006-02-12,-0.06824817788007062,1.2309922831694828,0.5152013190650679,2.4848539009428343,-1.1104239501038224,2.795853822403779,1.1114944228254402,-0.2716873835057523,0.08686887097118272,-0.5367283027003166,0.4335964895569725,0.1588868065056636,1.7654641124555184,1.4938040753605337,0.9243008780303129
2006-02-13,-0.14294126631787568,1.310428146731836,0.268062043593123,2.492436419368327,-0.9594916471893209,2.8592617806090668,0.8502083040217205,-0.2743996358226825,0.4520934505413406,-0.25481271186286775,0.344873975457342,-0.1079797372903402,1.4294369585905262,1.7085983678434364,1.0977208503129436
2006-02-14,-0.04539873523004564,1.2755244815077673,0.33092877168818335,2.278178010125975,-1.0544859943371627,2.779936538043415,0.7840830706259476,-0.360681940067395,1.0045546243084134,-0.09637107656684249,0.38304685388982457,-0.3258558256933925,0.8921297609217743,2.065071672019685,1.0773092647303584
2006-02-15,-0.18258422716457112,1.1190720816229702,0.2196585127219118,2.136286067665068,-1.0838055926066452,2.739713050644665,0.9766026775354769,-0.6474443877459497,1.439074262577369,-0.08064549659585148,0.6784842107806957,-0.41740057655211166,0.6476902508252489,2.267824435756799,0.9390943212645068
2006-02-16,-0.3083369463663064,0.8790116985599333,0.3967518194414197,1.4924408453986047,-1.0099965736829752,2.6711060585883324,0.8957226979976298,-1.0954059535488943,1.54808950817383,0.1990392498194013,0.6573814317113703,-0.8458006498042218,0.35535922229029276,2.3775942243795676,0.9785084142246808
2006-02-17,-0.47055985772654396,0.6462321104045339,0.602404371849455,0.8659037558213001,-1.2085433170839612,2.3250107588757576,1.0073590087041877,-1.0733153238654853,1.3171076253667793,0.5462207449544974,0.7325589508989435,-0.998510768934749,0.24030810497010682,2.164596824917733,1.0441853182002119
2006-02-18,-0.5748907179596134,0.44868630153780215,0.9345769888918218,0.6817066865706674,-1.1977719618668738,1.60839810654774,1.0656629490977443,-0.8525208020700863,0.9970284664794755,0.6376881689781496,0.7190650160602138,-1.0525147159905373,-0.17346647312851868,2.308679390054578,1.3316808454270712
2006-02-19,-0.40693475281588254,0.312980078634707,1.249295057527723,0.6873034901236631,-1.171949909129561,1.2121699742648298,1.122925767317756,-0.32546300821621105,0.8347803898594275,0.8569686582705179,0.8225253664495967,-1.1991597145135784,-0.43222830146312596,2.520683275008678,1.4037031373133821
2006-02-20,-0.2198160207844188,0.15149807383684954,1.184018884748838,1.061644065489212,-1.1051432709501807,0.8556224521345468,1.191774388755265,0.14147358653644565,0.564685607959128,0.7313864869727251,0.54355486995753,-1.3414274281696106,-0.8917261473933332,2.563853842491959,1.5348060340239107
2006-02-21,-0.2470405948013109,-0.05297523726122771,1.0384286500157625,0.8863646225997877,-0.9422600637325118,0.6658756443082359,1.0407131149746596,0.53858333939429,-0.1501229762916166,0.9109518820900151,0.3076726191100068,-1.4151345524264214,-1.3387045366935226,2.5303002860313453,1.56217082016901
2006-02-22,-0.2472019144534034,-0.1495443619988071,0.646515498664726,0.4557889469021452,-0.7391171852608083,0.6726682604151704,0.9562623295640299,0.8091742379103204,-0.77013407184588,1.0244569893506916,0.08282261184789308,-1.4310385490388815,-1.3053163227617834,2.6294047734078694,1.5677014356933936
2006-02-23,-0.24915380274640103,-0.7676976529243059,0.562620076216621,0.49133509035649237,-0.7211148584458092,0.6361820462491817,0.9229485631809932,0.8420546390160367,-1.1931522920463422,1.0345945887326355,0.17804988575359407,-1.643303116493261,-1.228224242017608,2.0962768569691375,1.5984197166793446
2006-02-24,-0.2809829158458232,-0.7999746874162388,0.3576114414412623,0.1501433216368485,-0.6209563718614349,0.34091362193323493,0.6665286181875044,0.8150230965812721,-1.57814229170789,0.7483763035797552,0.21431392800426297,-1.7012896172788587,-1.4816111103753091,1.5779225913316395,1.6813343324638232
2006-02-25,-0.404647233166133,-1.1954939475441142,0.019360592884140496,-0.3438594509199927,-0.39054356233469123,0.1022359547463219,0.5376246829886323,0.5970610357831189,-2.0543440837119213,0.53080746151743,0.029225299381335435,-1.617695460459373,-1.3360862362642518,1.2976371729392946,1.3480820594860188
2006-02-26,-0.6028396840910679,-1.5195535218875076,-0.2868954757749757,-0.9173690745418299,-0.5522639725244867,-0.5942774962578582,0.6641559577518513,0.4932942285215256,-2.0225887652916446,0.260135597356249,-0.3409137018881875,-1.5237433190146372,-1.4056483452241644,0.993368526156811,0.6879264517869632
2006-02-27,-0.3819396710385563,-1.7779568156093406,-0.6889315859278435,-1.3604363997492628,-0.6403043760807601,-1.0958297715481937,0.7370514764283784,0.4534496668415926,-1.8446374274982063,0.05212905171101174,-0.4894122584732329,-1.7335642679486103,-1.646101704801973,0.6909988091803129,-0.1424059211081247
2006-02-28,-0.24565036946244578,-1.8858871837030728,-0.5700387046528044,-1.622160787671793,-0.47932249950670985,-1.6217695982391185,0.5419828078327982,0.30819019488654487,-1.6696605840492786,-0.20387366772420454,-0.7170721918760646,-1.9782362066527037,-2.123389007750861,0.38565451959961244,-0.8890427717152556
2006-03-01,-0.07772869922371242,-1.911480547547645,-0.5862633522093827,-1.6159524117446333,-0.022206590957600844,-1.844279064618668,0.21362598123166895,0.24031822556831373,-1.4088252437684154,-0.5527438362606264,-0.9740947343134801,-1.9830568207546722,-2.6442850003549636,0.23454813012607753,-1.0171352135931326
2006-03-02,-0.009504782867627055,-1.9561194997649647,-0.7319428056118107,-1.5671228039718863,0.11586104978756905,-1.6531085496786317,0.02083114671506472,0.3044111384168812,-1.2362380459573241,-0.6988065861191838,-1.0564488054041017,-1.7477504965081727,-2.7406846593814205,0.09592706091751027,-1.0355582423922731
2006-03-03,-0.2178208588796055,-1.8801606935967692,-0.6573535905305559,-1.5332015541297592,-0.062483237160958285,-1.3981563652255231,-0.2988163505636796,0.06465688451766848,-0.8084054917567818,-0.8218957806293083,-1.0746143029721615,-1.6350045491870002,-2.6347881692378157,0.07249233853970094,-0.8228059179553147
2006-03-04,-0.5544288237525792,-1.7831987879830982,-0.80444937400011,-1.909081458041252,-0.12917405583276928,-0.9920376056856757,-0.4149691405642433,-0.3948439808460549,-0.6893113068936028,-0.8777245157041992,-1.0763534019411225,-1.429476922624809,-2.4854570906581874,0.01421780577967554,-0.9850104866788371
2006-03-05,-0.6868301369686243,-1.5543709063705444,-1.1510771320853954,-2.0497908325143923,-0.14483586038569382,-0.5809440401963675,-0.6656165555243596,-0.2767909165646361,-0.4690747108920726,-0.8901289774897287,-0.9657268620663281,-1.4544362271059832,-2.3212230301416694,-0.08894506693744891,-0.783226883605549
2006-03-06,-0.7851059946110333,-1.0510956450512463,-1.5884167556394793,-2.107254109760148,-0.13848062578465145,-0.45819138214561156,-0.7397255346956785,-0.3123685772966628,-0.6261315608787852,-0.7996876418003215,-1.008697420100822,-1.2620419807697467,-2.0249074602017623,0.06778528280578376,-0.6832809265046813
2006-03-07,-0.9325980965380827,-0.7327571526735269,-1.742393400271061,-2.4679609477177156,-0.28702418731053675,-0.027049012495592918,-0.9766609439365549,-0.7137000453922996,-0.8917538400189772,-0.7388192280752104,-0.7767781906726968,-1.0337154937448017,-1.8508007968987648,0.21098742292943962,-0.3785160521736546
2006-03-08,-1.2052446670993604,-0.45067309830247204,-1.6388952381233561,-2.473215808071836,-0.3977703562674794,0.4437592659038327,-1.1557759719205742,-0.778109994838969,-1.0605565757262103,-0.2000512728731446,-0.3705997067658553,-0.7837039055985566,-1.9790276536760503,-0.16722484526356401,-0.6374573966598788
2006-03-09,-1.3597800827264592,-0.11482081167520464,-1.7243774396937082,-2.559664131294703,-0.2677138044809471,0.753446635447576,-1.2238979589598795,-0.6475068509463823,-1.4305814262408723,-0.36831508352461967,-0.26304774671429026,-0.9421533284619391,-2.157123342859418,-0.22784483878075237,-0.8974566874898409
2006-03-10,-1.3778460171286366,0.27535077052080387,-1.8697654669846195,-2.595199865654796,0.07028222745866147,1.1013649928190234,-1.3965209222197426,-0.5753380483582675,-1.3970636580204836,-0.22062047446842287,-0.18067488382068317,-1.184822213608608,-2.024878160666646,-0.023493305052932508,-1.1009964693555303
2006-03-11,-1.3765253685118093,0.23785993531080174,-2.155355944629827,-2.3033549556726687,0.41140092672538336,0.7414365455153552,-1.5302941966996273,-0.45834320525256184,-1.508176420248161,0.010120891651491963,-0.30322534600248985,-1.3067100065204362,-1.6380240665112464,-0.06665106536888088,-1.3931049840700587
2006-03-12,-1.0736470182386977,-0.040410385156454585,-2.1229714434570646,-2.0790410441755762,0.7520472231390464,0.8950500521039967,-1.5607300260120087,-0.29632156897037326,-1.341178889419422,0.21353515194212852,-0.06843839416382684,-1.3064353696817217,-1.1696197826467587,0.021052583477538876,-1.4131597062632582
2006-03-13,-0.7174829017065408,-0.366672062563828,-2.1321211315925788,-1.7104635791298468,1.245540070785625,0.8478722037360152,-1.2907506175767491,0.16232318203968088,-1.2359350859355602,0.19774496470054298,-0.31559162486459497,-1.0386457748919027,-0.9770668723972996,-0.2717210850397587,-1.7399669094679409
2006-03-14,-0.7707821983907611,-0.630080639370776,-2.151077916602421,-1.3227349307628282,1.5284359207523255,0.35473164859577155,-1.0845329655036862,0.38910276604332494,-1.0333348988395057,-0.11197483528893895,-0.4346032398560573,-0.7817266952082991,-0.6624629405364602,-0.5777510776706108,-1.7878674116507014
2006-03-15,-0.8675221889784986,-0.6311502797858702,-1.9090561796758194,-1.2629801498762334,1.7445795201300494,0.19717073624233933,-1.198209665479316,0.6970950683709575,-0.9617011203379167,-0.264107987817814,-0.6240313277285571,-0.5073706842151929,-0.2027113118867133,-1.0021747737200728,-1.8607460819094612
2006-03-16,-0.808196817904933,-0.5197756511587954,-1.7077360502943941,-0.7341189574615377,1.8789553676546853,0.18102663101138194,-1.4127713841242533,0.9784698967253947,-1.0167041221980213,-0.4021577560196993,-0.3304385554972982,-0.4277728650478631,0.2695848565337258,-1.1526102985350535,-1.6965398491705082
