,1,2,3,4,5,6,7,8,9,10,11,12,13,14,15
2007-08-24,-0.9382156322845215,-0.9382156322845215,-0.9382156322845215,-0.9382156322845215,-0.9382156322845215,-0.9382156322845215,-0.9382156322845215,-0.9382156322845215,-0.9382156322845215,-0.9382156322845215,-0.9382156322845215,-0.9382156322845215,-0.9382156322845215,-0.9382156322845215,-0.9382156322845215
2007-08-25,-1.223336578236893,-1.223336578236893,-1.223336578236893,-1.223336578236893,-1.223336578236893,-1.223336578236893,-1.223336578236893,-1.223336578236893,-1.223336578236893,-1.223336578236893,-1.223336578236893,-1.223336578236893,-1.223336578236893,-1.223336578236893,-1.223336578236893
2007-08-26,-1.1240601255406695,-1.1240601255406695,-1.1240601255406695,-1.1240601255406695,-1.1240601255406695,-1.1240601255406695,-1.1240601255406695,-1.1240601255406695,-1.1240601255406695,-1.1240601255406695,-1.1240601255406695,-1.1240601255406695,-1.1240601255406695,-1.1240601255406695,-1.1240601255406695
2007-08-27,-0.9840560561540933,-0.9840560561540933,-0.9840560561540933,-0.9840560561540933,-0.9840560561540933,-0.9840560561540933,-0.9840560561540933,-0.9840560561540933,-0.9840560561540933,-0.9840560561540933,-0.9840560561540933,-0.9840560561540933,-0.9840560561540933,-0.9840560561540933,-0.9840560561540933
2007-08-28,-1.1731847816444965,-1.1731847816444965,-1.1731847816444965,-1.1731847816444965,-1.1731847816444965,-1.1731847816444965,-1.1731847816444965,-1.1731847816444965,-1.1731847816444965,-1.1731847816444965,-1.1731847816444965,-1.1731847816444965,-1.1731847816444965,-1.1731847816444965,-1.1731847816444965
2007-08-29,-1.243270571228528,-1.243270571228528,-1.243270571228528,-1.243270571228528,-1.243270571228528,-1.243270571228528,-1.243270571228528,-1.243270571228528,-1.243270571228528,-1.243270571228528,-1.243270571228528,-1.243270571228528,-1.243270571228528,-1.243270571228528,-1.243270571228528
2007-08-30,-0.9952262678940091,-0.9952262678940091,-0.9952262678940091,-0.9952262678940091,-0.9952262678940091,-0.9952262678940091,-0.9952262678940091,-0.9952262678940091,-0.9952262678940091,-0.9952262678940091,-0.9952262678940091,-0.9952262678940091,-0.9952262678940091,-0.9952262678940091,-0.9952262678940091
2007-08-31,-0.7137064932432482,-0.7137064932432482,-0.7137064932432482,-0.7137064932432482,-0.7137064932432482,-0.7137064932432482,-0.7137064932432482,-0.7137064932432482,-0.7137064932432482,-0.7137064932432482,-0.7137064932432482,-0.7137064932432482,-0.7137064932432482,-0.7137064932432482,-0.7137064932432482
2007-09-01,-0.6659942226521605,-0.6659942226521605,-0.6659942226521605,-0.6659942226521605,-0.6659942226521605,-0.6659942226521605,-0.6659942226521605,-0.6659942226521605,-0.6659942226521605,-0.6659942226521605,-0.6659942226521605,-0.6659942226521605,-0.6659942226521605,-0.6659942226521605,-0.6659942226521605
2007-09-02,-0.6651555925037308,-0.6651555925037308,-0.6651555925037308,-0.6651555925037308,-0.6651555925037308,-0.6651555925037308,-0.6651555925037308,-0.6651555925037308,-0.6651555925037308,-0.6651555925037308,-0.6651555925037308,-0.6651555925037308,-0.6651555925037308,-0.6651555925037308,-0.6651555925037308
2007-09-03,-0.5180316082552257,-0.5180316082552257,-0.5180316082552257,-0.5180316082552257,-0.5180316082552257,-0.5180316082552257,-0.5180316082552257,-0.5180316082552257,-0.5180316082552257,-0.5180316082552257,-0.5180316082552257,-0.5180316082552257,-0.5180316082552257,-0.5180316082552257,-0.5180316082552257
2007-09-04,-0.5515386186067083,-0.5515386186067083,-0.5515386186067083,-0.5515386186067083,-0.5515386186067083,-0.5515386186067083,-0.5515386186067083,-0.5515386186067083,-0.5515386186067083,-0.5515386186067083,-0.5515386186067083,-0.5515386186067083,-0.5515386186067083,-0.5515386186067083,-0.5515386186067083
2007-09-05,-0.42348186106694746,-0.42348186106694746,-0.42348186106694746,-0.42348186106694746,-0.42348186106694746,-0.42348186106694746,-0.42348186106694746,-0.42348186106694746,-0.42348186106694746,-0.42348186106694746,-0.42348186106694746,-0.42348186106694746,-0.42348186106694746,-0.42348186106694746,-0.42348186106694746
2007-09-06,-0.030347252587862784,-0.030347252587862784,-0.030347252587862784,-0.030347252587862784,-0.030347252587862784,-0.030347252587862784,-0.030347252587862784,-0.030347252587862784,-0.030347252587862784,-0.030347252587862784,-0.030347252587862784,-0.030347252587862784,-0.030347252587862784,-0.030347252587862784,-0.030347252587862784
2007-09-07,0.32504509196780984,0.32504509196780984,0.32504509196780984,0.32504509196780984,0.32504509196780984,0.32504509196780984,0.32504509196780984,0.32504509196780984,0.32504509196780984,0.32504509196780984,0.32504509196780984,0.32504509196780984,0.32504509196780984,0.32504509196780984,0.32504509196780984
2007-09-08,0.4074532331376958,0.4074532331376958,0.4074532331376958,0.4074532331376958,0.4074532331376958,0.4074532331376958,0.4074532331376958,0.4074532331376958,0.4074532331376958,0.4074532331376958,0.4074532331376958,0.4074532331376958,0.4074532331376958,0.4074532331376958,0.4074532331376958
2007-09-09,0.6239032375117486,0.6239032375117486,0.6239032375117486,0.6239032375117486,0.6239032375117486,0.6239032375117486,0.6239032375117486,0.6239032375117486,0.6239032375117486,0.6239032375117486,0.6239032375117486,0.6239032375117486,0.6239032375117486,0.6239032375117486,0.6239032375117486
2007-09-10,0.8246747881500064,0.8246747881500064,0.8246747881500064,0.8246747881500064,0.8246747881500064,0.8246747881500064,0.8246747881500064,0.8246747881500064,0.8246747881500064,0.8246747881500064,0.8246747881500064,0.8246747881500064,0.8246747881500064,0.8246747881500064,0.8246747881500064
2007-09-11,1.0520466414033542,1.0520466414033542,1.0520466414033542,1.0520466414033542,1.0520466414033542,1.0520466414033542,1.0520466414033542,1.0520466414033542,1.0520466414033542,1.0520466414033542,1.0520466414033542,1.0520466414033542,1.0520466414033542,1.0520466414033542,1.0520466414033542
2007-09-12,0.9311176251575127,0.9311176251575127,0.9311176251575127,0.9311176251575127,0.9311176251575127,0.9311176251575127,0.9311176251575127,0.9311176251575127,0.9311176251575127,0.9311176251575127,0.9311176251575127,0.9311176251575127,0.9311176251575127,0.9311176251575127,0.9311176251575127
2007-09-13,0.7807866517483848,0.7807866517483848,0.7807866517483848,0.7807866517483848,0.7807866517483848,0.7807866517483848,0.7807866517483848,0.7807866517483848,0.7807866517483848,0.7807866517483848,0.7807866517483848,0.7807866517483848,0.7807866517483848,0.7807866517483848,0.7807866517483848
2007-09-14,0.6721832286086089,0.6721832286086089,0.6721832286086089,0.6721832286086089,0.6721832286086089,0.6721832286086089,0.6721832286086089,0.6721832286086089,0.6721832286086089,0.6721832286086089,0.6721832286086089,0.6721832286086089,0.6721832286086089,0.6721832286086089,0.6721832286086089
2007-09-15,0.9685107350609705,0.9685107350609705,0.9685107350609705,0.9685107350609705,0.9685107350609705,0.9685107350609705,0.9685107350609705,0.9685107350609705,0.9685107350609705,0.9685107350609705,0.9685107350609705,0.9685107350609705,0.9685107350609705,0.9685107350609705,0.9685107350609705
2007-09-16,1.1094270414958125,1.1094270414958125,1.1094270414958125,1.1094270414958125,1.1094270414958125,1.1094270414958125,1.1094270414958125,1.1094270414958125,1.1094270414958125,1.1094270414958125,1.1094270414958125,1.1094270414958125,1.1094270414958125,1.1094270414958125,1.1094270414958125
2007-09-17,1.215748488854425,1.215748488854425,1.215748488854425,1.215748488854425,1.215748488854425,1.215748488854425,1.215748488854425,1.215748488854425,1.215748488854425,1.215748488854425,1.215748488854425,1.215748488854425,1.215748488854425,1.215748488854425,1.215748488854425
2007-09-18,1.1178301518475149,1.1178301518475149,1.1178301518475149,1.1178301518475149,1.1178301518475149,1.1178301518475149,1.1178301518475149,1.1178301518475149,1.1178301518475149,1.1178301518475149,1.1178301518475149,1.1178301518475149,1.1178301518475149,1.1178301518475149,1.1178301518475149
2007-09-19,1.0445804701969261,1.0445804701969261,1.0445804701969261,1.0445804701969261,1.0445804701969261,1.0445804701969261,1.0445804701969261,1.0445804701969261,1.0445804701969261,1.0445804701969261,1.0445804701969261,1.0445804701969261,1.0445804701969261,1.0445804701969261,1.0445804701969261
2007-09-20,1.0378296364459973,1.0378296364459973,1.0378296364459973,1.0378296364459973,1.0378296364459973,1.0378296364459973,1.0378296364459973,1.0378296364459973,1.0378296364459973,1.0378296364459973,1.0378296364459973,1.0378296364459973,1.0378296364459973,1.0378296364459973,1.0378296364459973
2007-09-21,0.8468203799696421,0.8468203799696421,0.8468203799696421,0.8468203799696421,0.8468203799696421,0.8468203799696421,0.8468203799696421,0.8468203799696421,0.8468203799696421,0.8468203799696421,0.8468203799696421,0.8468203799696421,0.8468203799696421,0.8468203799696421,0.8468203799696421
2007-09-22,0.8077700441147132,0.8077700441147132,0.8077700441147132,0.8077700441147132,0.8077700441147132,0.8077700441147132,0.8077700441147132,0.8077700441147132,0.8077700441147132,0.8077700441147132,0.8077700441147132,0.8077700441147132,0.8077700441147132,0.8077700441147132,0.8077700441147132
2007-09-23,0.8522341365430471,0.8522341365430471,0.8522341365430471,0.8522341365430471,0.8522341365430471,0.8522341365430471,0.8522341365430471,0.8522341365430471,0.8522341365430471,0.8522341365430471,0.8522341365430471,0.8522341365430471,0.8522341365430471,0.8522341365430471,0.8522341365430471
2007-09-24,0.7424517723230865,0.7424517723230865,0.7424517723230865,0.7424517723230865,0.7424517723230865,0.7424517723230865,0.7424517723230865,0.7424517723230865,0.7424517723230865,0.7424517723230865,0.7424517723230865,0.7424517723230865,0.7424517723230865,0.7424517723230865,0.7424517723230865
2007-09-25,0.5683128077297646,0.5683128077297646,0.5683128077297646,0.5683128077297646,0.5683128077297646,0.5683128077297646,0.5683128077297646,0.5683128077297646,0.5683128077297646,0.5683128077297646,0.5683128077297646,0.5683128077297646,0.5683128077297646,0.5683128077297646,0.5683128077297646
2007-09-26,0.324720396433289,0.324720396433289,0.324720396433289,0.324720396433289,0.324720396433289,0.324720396433289,0.324720396433289,0.324720396433289,0.324720396433289,0.324720396433289,0.324720396433289,0.324720396433289,0.324720396433289,0.324720396433289,0.324720396433289
2007-09-27,0.45651607265104993,0.45651607265104993,0.45651607265104993,0.45651607265104993,0.45651607265104993,0.45651607265104993,0.45651607265104993,0.45651607265104993,0.45651607265104993,0.45651607265104993,0.45651607265104993,0.45651607265104993,0.45651607265104993,0.45651607265104993,0.45651607265104993
2007-09-28,0.5083378095762286,0.5083378095762286,0.5083378095762286,0.5083378095762286,0.5083378095762286,0.5083378095762286,0.5083378095762286,0.5083378095762286,0.5083378095762286,0.5083378095762286,0.5083378095762286,0.5083378095762286,0.5083378095762286,0.5083378095762286,0.5083378095762286
2007-09-29,0.18265710776769897,0.18265710776769897,0.18265710776769897,0.18265710776769897,0.18265710776769897,0.18265710776769897,0.18265710776769897,0.18265710776769897,0.18265710776769897,0.18265710776769897,0.18265710776769897,0.18265710776769897,0.18265710776769897,0.18265710776769897,0.18265710776769897
2007-09-30,-0.20933394057820243,-0.20933394057820243,-0.20933394057820243,-0.20933394057820243,-0.20933394057820243,-0.20933394057820243,-0.20933394057820243,-0.20933394057820243,-0.20933394057820243,-0.20933394057820243,-0.20933394057820243,-0.20933394057820243,-0.20933394057820243,-0.20933394057820243,-0.20933394057820243
2007-10-01,-0.14476685184187446,-0.14476685184187446,-0.14476685184187446,-0.14476685184187446,-0.14476685184187446,-0.14476685184187446,-0.14476685184187446,-0.14476685184187446,-0.14476685184187446,-0.14476685184187446,-0.14476685184187446,-0.14476685184187446,-0.14476685184187446,-0.14476685184187446,-0.14476685184187446
2007-10-02,-0.08154362229895559,-0.08154362229895559,-0.08154362229895559,-0.08154362229895559,-0.08154362229895559,-0.08154362229895559,-0.08154362229895559,-0.08154362229895559,-0.08154362229895559,-0.08154362229895559,-0.08154362229895559,-0.08154362229895559,-0.08154362229895559,-0.08154362229895559,-0.08154362229895559
2007-10-03,-0.026693322389266253,-0.026693322389266253,-0.026693322389266253,-0.026693322389266253,-0.026693322389266253,-0.026693322389266253,-0.026693322389266253,-0.026693322389266253,-0.026693322389266253,-0.026693322389266253,-0.026693322389266253,-0.026693322389266253,-0.026693322389266253,-0.026693322389266253,-0.026693322389266253
2007-10-04,-0.20443821479582874,-0.20443821479582874,-0.20443821479582874,-0.20443821479582874,-0.20443821479582874,-0.20443821479582874,-0.20443821479582874,-0.20443821479582874,-0.20443821479582874,-0.20443821479582874,-0.20443821479582874,-0.20443821479582874,-0.20443821479582874,-0.20443821479582874,-0.20443821479582874
2007-10-05,-0.16528516315310746,-0.16528516315310746,-0.16528516315310746,-0.16528516315310746,-0.16528516315310746,-0.16528516315310746,-0.16528516315310746,-0.16528516315310746,-0.16528516315310746,-0.16528516315310746,-0.16528516315310746,-0.16528516315310746,-0.16528516315310746,-0.16528516315310746,-0.16528516315310746
2007-10-06,-0.1603236858272319,-0.1603236858272319,-0.1603236858272319,-0.1603236858272319,-0.1603236858272319,-0.1603236858272319,-0.1603236858272319,-0.1603236858272319,-0.1603236858272319,-0.1603236858272319,-0.1603236858272319,-0.1603236858272319,-0.1603236858272319,-0.1603236858272319,-0.1603236858272319
2007-10-07,-0.2682985597027553,-0.2682985597027553,-0.2682985597027553,-0.2682985597027553,-0.2682985597027553,-0.2682985597027553,-0.2682985597027553,-0.2682985597027553,-0.2682985597027553,-0.2682985597027553,-0.2682985597027553,-0.2682985597027553,-0.2682985597027553,-0.2682985597027553,-0.2682985597027553
2007-10-08,-0.7234694939595783,-0.7234694939595783,-0.7234694939595783,-0.7234694939595783,-0.7234694939595783,-0.7234694939595783,-0.7234694939595783,-0.7234694939595783,-0.7234694939595783,-0.7234694939595783,-0.7234694939595783,-0.7234694939595783,-0.7234694939595783,-0.7234694939595783,-0.7234694939595783
2007-10-09,-0.8421131834971783,-0.8421131834971783,-0.8421131834971783,-0.8421131834971783,-0.8421131834971783,-0.8421131834971783,-0.8421131834971783,-0.8421131834971783,-0.8421131834971783,-0.8421131834971783,-0.8421131834971783,-0.8421131834971783,-0.8421131834971783,-0.8421131834971783,-0.8421131834971783
2007-10-10,-0.9763059661219456,-0.9763059661219456,-0.9763059661219456,-0.9763059661219456,-0.9763059661219456,-0.9763059661219456,-0.9763059661219456,-0.9763059661219456,-0.9763059661219456,-0.9763059661219456,-0.9763059661219456,-0.9763059661219456,-0.9763059661219456,-0.9763059661219456,-0.9763059661219456
2007-10-11,-1.2285937810193923,-1.2285937810193923,-1.2285937810193923,-1.2285937810193923,-1.2285937810193923,-1.2285937810193923,-1.2285937810193923,-1.2285937810193923,-1.2285937810193923,-1.2285937810193923,-1.2285937810193923,-1.2285937810193923,-1.2285937810193923,-1.2285937810193923,-1.2285937810193923
2007-10-12,-1.3353509375886579,-1.3353509375886579,-1.3353509375886579,-1.3353509375886579,-1.3353509375886579,-1.3353509375886579,-1.3353509375886579,-1.3353509375886579,-1.3353509375886579,-1.3353509375886579,-1.3353509375886579,-1.3353509375886579,-1.3353509375886579,-1.3353509375886579,-1.3353509375886579
2007-10-13,-1.34758046060542,-1.34758046060542,-1.34758046060542,-1.34758046060542,-1.34758046060542,-1.34758046060542,-1.34758046060542,-1.34758046060542,-1.34758046060542,-1.34758046060542,-1.34758046060542,-1.34758046060542,-1.34758046060542,-1.34758046060542,-1.34758046060542
2007-10-14,-1.336332580018773,-1.336332580018773,-1.336332580018773,-1.336332580018773,-1.336332580018773,-1.336332580018773,-1.336332580018773,-1.336332580018773,-1.336332580018773,-1.336332580018773,-1.336332580018773,-1.336332580018773,-1.336332580018773,-1.336332580018773,-1.336332580018773
2007-10-15,-1.1814281778434954,-1.1814281778434954,-1.1814281778434954,-1.1814281778434954,-1.1814281778434954,-1.1814281778434954,-1.1814281778434954,-1.1814281778434954,-1.1814281778434954,-1.1814281778434954,-1.1814281778434954,-1.1814281778434954,-1.1814281778434954,-1.1814281778434954,-1.1814281778434954
2007-10-16,-1.228901229187212,-1.228901229187212,-1.228901229187212,-1.228901229187212,-1.228901229187212,-1.228901229187212,-1.228901229187212,-1.228901229187212,-1.228901229187212,-1.228901229187212,-1.228901229187212,-1.228901229187212,-1.228901229187212,-1.228901229187212,-1.228901229187212
2007-10-17,-1.3516516098808018,-1.3516516098808018,-1.3516516098808018,-1.3516516098808018,-1.3516516098808018,-1.3516516098808018,-1.3516516098808018,-1.3516516098808018,-1.3516516098808018,-1.3516516098808018,-1.3516516098808018,-1.3516516098808018,-1.3516516098808018,-1.3516516098808018,-1.3516516098808018
2007-10-18,-1.3950676790447494,-1.3950676790447494,-1.3950676790447494,-1.3950676790447494,-1.3950676790447494,-1.3950676790447494,-1.3950676790447494,-1.3950676790447494,-1.3950676790447494,-1.3950676790447494,-1.3950676790447494,-1.3950676790447494,-1.3950676790447494,-1.3950676790447494,-1.3950676790447494
2007-10-19,-1.3907913711322641,-1.3907913711322641,-1.3907913711322641,-1.3907913711322641,-1.3907913711322641,-1.3907913711322641,-1.3907913711322641,-1.3907913711322641,-1.3907913711322641,-1.3907913711322641,-1.3907913711322641,-1.3907913711322641,-1.3907913711322641,-1.3907913711322641,-1.3907913711322641
2007-10-20,-1.4526345007840307,-1.4526345007840307,-1.4526345007840307,-1.4526345007840307,-1.4526345007840307,-1.4526345007840307,-1.4526345007840307,-1.4526345007840307,-1.4526345007840307,-1.4526345007840307,-1.4526345007840307,-1.4526345007840307,-1.4526345007840307,-1.4526345007840307,-1.4526345007840307
2007-10-21,-1.0672874400004169,-1.0672874400004169,-1.0672874400004169,-1.0672874400004169,-1.0672874400004169,-1.0672874400004169,-1.0672874400004169,-1.0672874400004169,-1.0672874400004169,-1.0672874400004169,-1.0672874400004169,-1.0672874400004169,-1.0672874400004169,-1.0672874400004169,-1.0672874400004169
2007-10-22,-0.5270459449435804,-0.5270459449435804,-0.5270459449435804,-0.5270459449435804,-0.5270459449435804,-0.5270459449435804,-0.5270459449435804,-0.5270459449435804,-0.5270459449435804,-0.5270459449435804,-0.5270459449435804,-0.5270459449435804,-0.5270459449435804,-0.5270459449435804,-0.5270459449435804
2007-10-23,-0.2032023057342488,-0.2032023057342488,-0.2032023057342488,-0.2032023057342488,-0.2032023057342488,-0.2032023057342488,-0.2032023057342488,-0.2032023057342488,-0.2032023057342488,-0.2032023057342488,-0.2032023057342488,-0.2032023057342488,-0.2032023057342488,-0.2032023057342488,-0.2032023057342488
2007-10-24,0.3006706193265865,0.3006706193265865,0.3006706193265865,0.3006706193265865,0.3006706193265865,0.3006706193265865,0.3006706193265865,0.3006706193265865,0.3006706193265865,0.3006706193265865,0.3006706193265865,0.3006706193265865,0.3006706193265865,0.3006706193265865,0.3006706193265865
2007-10-25,0.7232114762078928,0.7232114762078928,0.7232114762078928,0.7232114762078928,0.7232114762078928,0.7232114762078928,0.7232114762078928,0.7232114762078928,0.7232114762078928,0.7232114762078928,0.7232114762078928,0.7232114762078928,0.7232114762078928,0.7232114762078928,0.7232114762078928
2007-10-26,0.7806557268517681,0.7806557268517681,0.7806557268517681,0.7806557268517681,0.7806557268517681,0.7806557268517681,0.7806557268517681,0.7806557268517681,0.7806557268517681,0.7806557268517681,0.7806557268517681,0.7806557268517681,0.7806557268517681,0.7806557268517681,0.7806557268517681
2007-10-27,0.9228136970060071,0.9228136970060071,0.9228136970060071,0.9228136970060071,0.9228136970060071,0.9228136970060071,0.9228136970060071,0.9228136970060071,0.9228136970060071,0.9228136970060071,0.9228136970060071,0.9228136970060071,0.9228136970060071,0.9228136970060071,0.9228136970060071
2007-10-28,1.3425630833660123,1.3425630833660123,1.3425630833660123,1.3425630833660123,1.3425630833660123,1.3425630833660123,1.3425630833660123,1.3425630833660123,1.3425630833660123,1.3425630833660123,1.3425630833660123,1.3425630833660123,1.3425630833660123,1.3425630833660123,1.3425630833660123
2007-10-29,1.4683139599765584,1.4683139599765584,1.4683139599765584,1.4683139599765584,1.4683139599765584,1.4683139599765584,1.4683139599765584,1.4683139599765584,1.4683139599765584,1.4683139599765584,1.4683139599765584,1.4683139599765584,1.4683139599765584,1.4683139599765584,1.4683139599765584
2007-10-30,1.0157815755755735,1.0157815755755735,1.0157815755755735,1.0157815755755735,1.0157815755755735,1.0157815755755735,1.0157815755755735,1.0157815755755735,1.0157815755755735,1.0157815755755735,1.0157815755755735,1.0157815755755735,1.0157815755755735,1.0157815755755735,1.0157815755755735
2007-10-31,0.959781561187692,0.959781561187692,0.959781561187692,0.959781561187692,0.959781561187692,0.959781561187692,0.959781561187692,0.959781561187692,0.959781561187692,0.959781561187692,0.959781561187692,0.959781561187692,0.959781561187692,0.959781561187692,0.959781561187692
2007-11-01,1.03488554790054,1.03488554790054,1.03488554790054,1.03488554790054,1.03488554790054,1.03488554790054,1.03488554790054,1.03488554790054,1.03488554790054,1.03488554790054,1.03488554790054,1.03488554790054,1.03488554790054,1.03488554790054,1.03488554790054
2007-11-02,1.0899060023516456,1.0899060023516456,1.0899060023516456,1.0899060023516456,1.0899060023516456,1.0899060023516456,1.0899060023516456,1.0899060023516456,1.0899060023516456,1.0899060023516456,1.0899060023516456,1.0899060023516456,1.0899060023516456,1.0899060023516456,1.0899060023516456
2007-11-03,0.9211673822752176,0.9211673822752176,0.9211673822752176,0.9211673822752176,0.9211673822752176,0.9211673822752176,0.9211673822752176,0.9211673822752176,0.9211673822752176,0.9211673822752176,0.9211673822752176,0.9211673822752176,0.9211673822752176,0.9211673822752176,0.9211673822752176
2007-11-04,0.5386872217405295,0.5386872217405295,0.5386872217405295,0.5386872217405295,0.5386872217405295,0.5386872217405295,0.5386872217405295,0.5386872217405295,0.5386872217405295,0.5386872217405295,0.5386872217405295,0.5386872217405295,0.5386872217405295,0.5386872217405295,0.5386872217405295
2007-11-05,0.7740212676460357,0.7740212676460357,0.7740212676460357,0.7740212676460357,0.7740212676460357,0.7740212676460357,0.7740212676460357,0.7740212676460357,0.7740212676460357,0.7740212676460357,0.7740212676460357,0.7740212676460357,0.7740212676460357,0.7740212676460357,0.7740212676460357
2007-11-06,0.8194094672060421,0.8194094672060421,0.8194094672060421,0.8194094672060421,0.8194094672060421,0.8194094672060421,0.8194094672060421,0.8194094672060421,0.8194094672060421,0.8194094672060421,0.8194094672060421,0.8194094672060421,0.8194094672060421,0.8194094672060421,0.8194094672060421
2007-11-07,0.8717476844618004,0.8717476844618004,0.8717476844618004,0.8717476844618004,0.8717476844618004,0.8717476844618004,0.8717476844618004,0.8717476844618004,0.8717476844618004,0.8717476844618004,0.8717476844618004,0.8717476844618004,0.8717476844618004,0.8717476844618004,0.8717476844618004
2007-11-08,0.5265074685141319,0.5265074685141319,0.5265074685141319,0.5265074685141319,0.5265074685141319,0.5265074685141319,0.5265074685141319,0.5265074685141319,0.5265074685141319,0.5265074685141319,0.5265074685141319,0.5265074685141319,0.5265074685141319,0.5265074685141319,0.5265074685141319
2007-11-09,0.21297890042533058,0.21297890042533058,0.21297890042533058,0.21297890042533058,0.21297890042533058,0.21297890042533058,0.21297890042533058,0.21297890042533058,0.21297890042533058,0.21297890042533058,0.21297890042533058,0.21297890042533058,0.21297890042533058,0.21297890042533058,0.21297890042533058
2007-11-10,0.225154666388928,0.225154666388928,0.225154666388928,0.225154666388928,0.225154666388928,0.225154666388928,0.225154666388928,0.225154666388928,0.225154666388928,0.225154666388928,0.225154666388928,0.225154666388928,0.225154666388928,0.225154666388928,0.225154666388928
2007-11-11,0.4494090176123699,0.4494090176123699,0.4494090176123699,0.4494090176123699,0.4494090176123699,0.4494090176123699,0.4494090176123699,0.4494090176123699,0.4494090176123699,0.4494090176123699,0.4494090176123699,0.4494090176123699,0.4494090176123699,0.4494090176123699,0.4494090176123699
2007-11-12,0.6250890341383654,0.6250890341383654,0.6250890341383654,0.6250890341383654,0.6250890341383654,0.6250890341383654,0.6250890341383654,0.6250890341383654,0.6250890341383654,0.6250890341383654,0.6250890341383654,0.6250890341383654,0.6250890341383654,0.6250890341383654,0.6250890341383654
2007-11-13,1.0033809561451212,1.0033809561451212,1.0033809561451212,1.0033809561451212,1.0033809561451212,1.0033809561451212,1.0033809561451212,1.0033809561451212,1.0033809561451212,1.0033809561451212,1.0033809561451212,1.0033809561451212,1.0033809561451212,1.0033809561451212,1.0033809561451212
2007-11-14,1.3914988732063627,1.3914988732063627,1.3914988732063627,1.3914988732063627,1.3914988732063627,1.3914988732063627,1.3914988732063627,1.3914988732063627,1.3914988732063627,1.3914988732063627,1.3914988732063627,1.3914988732063627,1.3914988732063627,1.3914988732063627,1.3914988732063627
2007-11-15,1.48265343606374,1.48265343606374,1.48265343606374,1.48265343606374,1.48265343606374,1.48265343606374,1.48265343606374,1.48265343606374,1.48265343606374,1.48265343606374,1.48265343606374,1.48265343606374,1.48265343606374,1.48265343606374,1.48265343606374
2007-11-16,1.5242736245605988,1.5242736245605988,1.5242736245605988,1.5242736245605988,1.5242736245605988,1.5242736245605988,1.5242736245605988,1.5242736245605988,1.5242736245605988,1.5242736245605988,1.5242736245605988,1.5242736245605988,1.5242736245605988,1.5242736245605988,1.5242736245605988
2007-11-17,1.6674269796348717,1.6674269796348717,1.6674269796348717,1.6674269796348717,1.6674269796348717,1.6674269796348717,1.6674269796348717,1.6674269796348717,1.6674269796348717,1.6674269796348717,1.6674269796348717,1.6674269796348717,1.6674269796348717,1.6674269796348717,1.6674269796348717
2007-11-18,1.6647406203025206,1.6647406203025206,1.6647406203025206,1.6647406203025206,1.6647406203025206,1.6647406203025206,1.6647406203025206,1.6647406203025206,1.6647406203025206,1.6647406203025206,1.6647406203025206,1.6647406203025206,1.6647406203025206,1.6647406203025206,1.6647406203025206
2007-11-19,1.342371080069353,1.342371080069353,1.342371080069353,1.342371080069353,1.342371080069353,1.342371080069353,1.342371080069353,1.342371080069353,1.342371080069353,1.342371080069353,1.342371080069353,1.342371080069353,1.342371080069353,1.342371080069353,1.342371080069353
2007-11-20,0.9170470951243194,0.9170470951243194,0.9170470951243194,0.9170470951243194,0.9170470951243194,0.9170470951243194,0.9170470951243194,0.9170470951243194,0.9170470951243194,0.9170470951243194,0.9170470951243194,0.9170470951243194,0.9170470951243194,0.9170470951243194,0.9170470951243194
2007-11-21,0.6201705185016698,0.6201705185016698,0.6201705185016698,0.6201705185016698,0.6201705185016698,0.6201705185016698,0.6201705185016698,0.6201705185016698,0.6201705185016698,0.6201705185016698,0.6201705185016698,0.6201705185016698,0.6201705185016698,0.6201705185016698,0.6201705185016698
2007-11-22,0.7030089654855826,0.7030089654855826,0.7030089654855826,0.7030089654855826,0.7030089654855826,0.7030089654855826,0.7030089654855826,0.7030089654855826,0.7030089654855826,0.7030089654855826,0.7030089654855826,0.7030089654855826,0.7030089654855826,0.7030089654855826,0.7030089654855826
2007-11-23,0.9717463088694615,0.9717463088694615,0.9717463088694615,0.9717463088694615,0.9717463088694615,0.9717463088694615,0.9717463088694615,0.9717463088694615,0.9717463088694615,0.9717463088694615,0.9717463088694615,0.9717463088694615,0.9717463088694615,0.9717463088694615,0.9717463088694615
2007-11-24,1.1276402158835395,1.1276402158835395,1.1276402158835395,1.1276402158835395,1.1276402158835395,1.1276402158835395,1.1276402158835395,1.1276402158835395,1.1276402158835395,1.1276402158835395,1.1276402158835395,1.1276402158835395,1.1276402158835395,1.1276402158835395,1.1276402158835395
2007-11-25,0.6392938949454912,0.6392938949454912,0.6392938949454912,0.6392938949454912,0.6392938949454912,0.6392938949454912,0.6392938949454912,0.6392938949454912,0.6392938949454912,0.6392938949454912,0.6392938949454912,0.6392938949454912,0.6392938949454912,0.6392938949454912,0.6392938949454912
2007-11-26,0.3638728302558049,0.3638728302558049,0.3638728302558049,0.3638728302558049,0.3638728302558049,0.3638728302558049,0.3638728302558049,0.3638728302558049,0.3638728302558049,0.3638728302558049,0.3638728302558049,0.3638728302558049,0.3638728302558049,0.3638728302558049,0.3638728302558049
2007-11-27,0.06643608517518552,0.06643608517518552,0.06643608517518552,0.06643608517518552,0.06643608517518552,0.06643608517518552,0.06643608517518552,0.06643608517518552,0.06643608517518552,0.06643608517518552,0.06643608517518552,0.06643608517518552,0.06643608517518552,0.06643608517518552,0.06643608517518552
2007-11-28,-0.5103020943541855,-0.5103020943541855,-0.5103020943541855,-0.5103020943541855,-0.5103020943541855,-0.5103020943541855,-0.5103020943541855,-0.5103020943541855,-0.5103020943541855,-0.5103020943541855,-0.5103020943541855,-0.5103020943541855,-0.5103020943541855,-0.5103020943541855,-0.5103020943541855
2007-11-29,-1.2980731620786463,-1.2980731620786463,-1.2980731620786463,-1.2980731620786463,-1.2980731620786463,-1.2980731620786463,-1.2980731620786463,-1.2980731620786463,-1.2980731620786463,-1.2980731620786463,-1.2980731620786463,-1.2980731620786463,-1.2980731620786463,-1.2980731620786463,-1.2980731620786463
2007-11-30,-2.1672401430500066,-2.1672401430500066,-2.1672401430500066,-2.1672401430500066,-2.1672401430500066,-2.1672401430500066,-2.1672401430500066,-2.1672401430500066,-2.1672401430500066,-2.1672401430500066,-2.1672401430500066,-2.1672401430500066,-2.1672401430500066,-2.1672401430500066,-2.1672401430500066
2007-12-01,-2.5275449139858273,-2.5275449139858273,-2.5275449139858273,-2.5275449139858273,-2.5275449139858273,-2.5275449139858273,-2.5275449139858273,-2.5275449139858273,-2.5275449139858273,-2.5275449139858273,-2.5275449139858273,-2.5275449139858273,-2.5275449139858273,-2.5275449139858273,-2.5275449139858273
2007-12-02,-2.38549430140156,-2.38549430140156,-2.38549430140156,-2.38549430140156,-2.38549430140156,-2.38549430140156,-2.38549430140156,-2.38549430140156,-2.38549430140156,-2.38549430140156,-2.38549430140156,-2.38549430140156,-2.38549430140156,-2.38549430140156,-2.38549430140156
2007-12-03,-2.5318719816923787,-2.5318719816923787,-2.5318719816923787,-2.5318719816923787,-2.5318719816923787,-2.5318719816923787,-2.5318719816923787,-2.5318719816923787,-2.5318719816923787,-2.5318719816923787,-2.5318719816923787,-2.5318719816923787,-2.5318719816923787,-2.5318719816923787,-2.5318719816923787
2007-12-04,-2.482419572156288,-2.482419572156288,-2.482419572156288,-2.482419572156288,-2.482419572156288,-2.482419572156288,-2.482419572156288,-2.482419572156288,-2.482419572156288,-2.482419572156288,-2.482419572156288,-2.482419572156288,-2.482419572156288,-2.482419572156288,-2.482419572156288
2007-12-05,-2.3106007991200035,-2.3106007991200035,-2.3106007991200035,-2.3106007991200035,-2.3106007991200035,-2.3106007991200035,-2.3106007991200035,-2.3106007991200035,-2.3106007991200035,-2.3106007991200035,-2.3106007991200035,-2.3106007991200035,-2.3106007991200035,-2.3106007991200035,-2.3106007991200035
2007-12-06,-2.2383648493376302,-2.2383648493376302,-2.2383648493376302,-2.2383648493376302,-2.2383648493376302,-2.2383648493376302,-2.2383648493376302,-2.2383648493376302,-2.2383648493376302,-2.2383648493376302,-2.2383648493376302,-2.2383648493376302,-2.2383648493376302,-2.2383648493376302,-2.2383648493376302
2007-12-07,-1.5888292497792882,-1.5888292497792882,-1.5888292497792882,-1.5888292497792882,-1.5888292497792882,-1.5888292497792882,-1.5888292497792882,-1.5888292497792882,-1.5888292497792882,-1.5888292497792882,-1.5888292497792882,-1.5888292497792882,-1.5888292497792882,-1.5888292497792882,-1.5888292497792882
2007-12-08,-0.8007574394560342,-0.8007574394560342,-0.8007574394560342,-0.8007574394560342,-0.8007574394560342,-0.8007574394560342,-0.8007574394560342,-0.8007574394560342,-0.8007574394560342,-0.8007574394560342,-0.8007574394560342,-0.8007574394560342,-0.8007574394560342,-0.8007574394560342,-0.8007574394560342
2007-12-09,-0.33886633489898177,-0.33886633489898177,-0.33886633489898177,-0.33886633489898177,-0.33886633489898177,-0.33886633489898177,-0.33886633489898177,-0.33886633489898177,-0.33886633489898177,-0.33886633489898177,-0.33886633489898177,-0.33886633489898177,-0.33886633489898177,-0.33886633489898177,-0.33886633489898177
2007-12-10,-0.2865022102871139,-0.2865022102871139,-0.2865022102871139,-0.2865022102871139,-0.2865022102871139,-0.2865022102871139,-0.2865022102871139,-0.2865022102871139,-0.2865022102871139,-0.2865022102871139,-0.2865022102871139,-0.2865022102871139,-0.2865022102871139,-0.2865022102871139,-0.2865022102871139
2007-12-11,0.00900184141182786,0.00900184141182786,0.00900184141182786,0.00900184141182786,0.00900184141182786,0.00900184141182786,0.00900184141182786,0.00900184141182786,0.00900184141182786,0.00900184141182786,0.00900184141182786,0.00900184141182786,0.00900184141182786,0.00900184141182786,0.00900184141182786
2007-12-12,0.1301737482555517,0.1301737482555517,0.1301737482555517,0.1301737482555517,0.1301737482555517,0.1301737482555517,0.1301737482555517,0.1301737482555517,0.1301737482555517,0.1301737482555517,0.1301737482555517,0.1301737482555517,0.1301737482555517,0.1301737482555517,0.1301737482555517
2007-12-13,0.31454161635972544,0.31454161635972544,0.31454161635972544,0.31454161635972544,0.31454161635972544,0.31454161635972544,0.31454161635972544,0.31454161635972544,0.31454161635972544,0.31454161635972544,0.31454161635972544,0.31454161635972544,0.31454161635972544,0.31454161635972544,0.31454161635972544
2007-12-14,0.18957086501996068,0.18957086501996068,0.18957086501996068,0.18957086501996068,0.18957086501996068,0.18957086501996068,0.18957086501996068,0.18957086501996068,0.18957086501996068,0.18957086501996068,0.18957086501996068,0.18957086501996068,0.18957086501996068,0.18957086501996068,0.18957086501996068
2007-12-15,0.0019682775768470814,0.0019682775768470814,0.0019682775768470814,0.0019682775768470814,0.0019682775768470814,0.0019682775768470814,0.0019682775768470814,0.0019682775768470814,0.0019682775768470814,0.0019682775768470814,0.0019682775768470814,0.0019682775768470814,0.0019682775768470814,0.0019682775768470814,0.0019682775768470814
2007-12-16,-0.09793492849670286,-0.09793492849670286,-0.09793492849670286,-0.09793492849670286,-0.09793492849670286,-0.09793492849670286,-0.09793492849670286,-0.09793492849670286,-0.09793492849670286,-0.09793492849670286,-0.09793492849670286,-0.09793492849670286,-0.09793492849670286,-0.09793492849670286,-0.09793492849670286
2007-12-17,0.005513406448594017,0.005513406448594017,0.005513406448594017,0.005513406448594017,0.005513406448594017,0.005513406448594017,0.005513406448594017,0.005513406448594017,0.005513406448594017,0.005513406448594017,0.005513406448594017,0.005513406448594017,0.005513406448594017,0.005513406448594017,0.005513406448594017
2007-12-18,0.4905520412807755,0.4905520412807755,0.4905520412807755,0.4905520412807755,0.4905520412807755,0.4905520412807755,0.4905520412807755,0.4905520412807755,0.4905520412807755,0.4905520412807755,0.4905520412807755,0.4905520412807755,0.4905520412807755,0.4905520412807755,0.4905520412807755
2007-12-19,1.0023721807613875,1.0023721807613875,1.0023721807613875,1.0023721807613875,1.0023721807613875,1.0023721807613875,1.0023721807613875,1.0023721807613875,1.0023721807613875,1.0023721807613875,1.0023721807613875,1.0023721807613875,1.0023721807613875,1.0023721807613875,1.0023721807613875
2007-12-20,1.0298792937501031,1.0298792937501031,1.0298792937501031,1.0298792937501031,1.0298792937501031,1.0298792937501031,1.0298792937501031,1.0298792937501031,1.0298792937501031,1.0298792937501031,1.0298792937501031,1.0298792937501031,1.0298792937501031,1.0298792937501031,1.0298792937501031
2007-12-21,1.318375770081129,1.318375770081129,1.318375770081129,1.318375770081129,1.318375770081129,1.318375770081129,1.318375770081129,1.318375770081129,1.318375770081129,1.318375770081129,1.318375770081129,1.318375770081129,1.318375770081129,1.318375770081129,1.318375770081129
2007-12-22,1.283517781335639,1.3084750133441183,1.3219413216895137,1.2422442202660235,1.2785549615322163,1.306406017544392,1.2982431373292196,1.3079477045392491,1.178772505336324,1.2553516233238864,1.2901303411876681,1.2849191936938245,1.2426482463833635,1.2579250122566337,1.2425195154905895
2007-12-23,1.3260492139994793,1.4021137398729961,1.430437745623189,1.2991956390186172,1.3542310432208982,1.3147557928574665,1.2671779735730537,1.4214554873071126,1.210860557963924,1.2460549488812391,1.1830706794862171,1.2661543202858,1.23791357932702,1.3250352236212557,1.2834171610580158
2007-12-24,1.2741464925244101,1.3404883242815593,1.553754738287851,1.1903210905477668,1.2648967978702477,1.3718157098281587,1.2093462440154907,1.4732358204536724,1.3745872160000094,1.2842005827091802,1.162170601569226,1.2458732463708948,1.2956748934817424,1.3043917546553632,1.2070262030789431
2007-12-25,1.0435819643935784,0.9853024031361147,1.3188019671910987,1.046570349069791,0.9811016681360747,0.9511780761089825,1.0462823050941625,1.03168530058919,1.0719360145384622,1.1256407442805854,0.7290202977053402,1.0141801567352284,1.1001974127586966,1.1025022220291625,0.9717559278339355
2007-12-26,0.8569789166165981,0.8814268381531141,1.2223444266420271,0.8003635597085406,0.8332126668060253,0.872799630774135,0.8475298716324395,0.7158274533708825,0.9500180888267599,1.0971024693054672,0.6036701687381156,0.9704854174234483,1.1461540191826192,0.9129902900457316,0.8345996887912024
2007-12-27,0.9840547473969586,1.042529419465742,1.4698107688174142,0.9524977414416503,0.9973730888092096,0.733609030466059,0.9479824830465099,0.9564187494299314,1.1774480849264533,1.2844391330138378,0.8614944339773601,1.1172549183767488,1.3059608444406074,0.7584550878958184,0.866240611770302
2007-12-28,1.1816387857543376,1.0886113920593257,1.5509949561669927,1.2523465383248997,1.3802074118425889,0.9716423102681263,1.0643383490130627,0.965770789128494,1.4024762060767644,1.5134598583889622,1.174807320199408,1.3091441229355716,1.3500712099056622,0.9644127318015756,1.0698373320273835
2007-12-29,1.3313483706520597,1.2280653298204809,1.5980874566842282,1.6994564328117943,1.5993917558200124,1.1455573961640317,0.9803412917834634,0.8825051749901155,1.4779883470119402,1.7455664730687868,1.1636919918812618,1.6542512917637453,1.410206514623395,0.8925168438729442,1.1906790812759853
2007-12-30,1.3584926772705548,0.9537673918313153,1.4808172913558415,1.7171330700580747,1.6426960394103605,1.2938287953656251,0.9211127614334894,0.9402717095777887,1.3669489204412917,1.5722907592219653,1.059983150237784,1.561385873105617,1.2787130189711862,0.7671058884810545,1.4936643219788708
2007-12-31,1.1611593501651933,0.7520252308104622,1.1533007920987342,1.3960464177107477,1.469564640186254,1.2694743925047867,0.6657369028535501,0.9098543422139225,1.0185228361045604,1.2448628979234364,0.7359654661749048,1.2008384108922436,0.8007537818058579,0.5310408502626124,1.269527090011665
2008-01-01,0.8938027062370225,0.6630504515494001,0.8388785229001374,1.1398961501328746,1.083028145852642,1.2393586376454089,0.6503356318102433,0.8144276778607361,0.7256141339608281,1.0385658062320295,0.5703131935226894,0.8829653178869772,0.19481458559865505,0.5077246150288116,1.1141641748843685
2008-01-02,0.783136548559434,0.7004173778509198,1.011710829830212,0.9517628654142958,1.1002071325935654,1.2410521039866438,0.6965931487038249,0.8516038307970962,0.44338591420985174,0.8616536789865733,0.2838321789053529,0.7643109924283922,0.03429411506956979,0.5577262692726981,0.8566153968621599
2008-01-03,0.6394241579941817,0.8024699465839473,1.0232527272902607,0.890548097949851,0.7781328982426057,1.2047516318840228,0.813881333951216,0.7812964625075645,0.4742092110678355,1.007556223612343,0.10514623031083198,0.8481757265709703,0.3011418323686155,0.5160373106731589,0.5420283177645269
2008-01-04,0.6107033177716494,0.7707147301815873,0.8719967280463418,0.5789900995033492,0.5552269135037071,0.9947061134416172,1.1929116579087318,0.653016569727851,0.8295062195380852,0.964549619369989,0.38978515849728457,0.9341316942881104,0.3868446442769797,0.16249304133990483,0.3946191537023187
2008-01-05,0.571483650348374,0.36410743338376905,0.32082510711862117,-0.03982273552925763,0.2274062089771381,0.7814627726004315,1.0253443285201642,0.6412614859495702,0.976657306357999,0.7873106278340389,0.6860793822806589,0.708611117922159,0.1655235107561313,0.08950833887852373,0.4589619393826796
2008-01-06,0.2681650950663879,0.27051711310382587,0.04269333387917641,-0.3169406076818232,0.21445583896345788,0.10790931535097499,0.7429620438303103,0.42311666752166505,1.0219263145389057,0.9248933935215562,0.9722373166614402,0.2996235905481807,0.0695111296759595,0.19708721222588008,0.23369053233304307
2008-01-07,0.2921973618557247,0.4067278559246734,-0.3661775142904014,-0.40899947800818376,0.47621625783465643,-0.39493439708168665,0.4219246876196176,0.17410721341507168,1.418382114997299,0.7265510161736376,0.8331379194959454,-0.0005892112039439,0.11747383532223224,0.34404865266190293,-0.1810688708331476
2008-01-08,-0.16759988806283865,0.34324767929605315,-0.6251904250873785,-0.5127446292086635,0.3325050581010042,-0.44073648712526214,-0.03184080056891074,0.20882641223341772,1.2664546352647725,0.6348345821696535,1.0703410915375127,-0.17500239555080807,-0.009078607621528786,0.5030182692418,-0.44619856415876197
2008-01-09,-0.272024243379281,0.2369091119336119,-0.5239266742000098,-0.45413949412477106,0.01205797782613431,-0.7742253609939249,-0.6254220695249445,0.1801178261565325,0.9759867230212039,0.577155635814138,1.1216503838911365,-0.35942529299365167,-0.20884862402239657,0.671505969413876,-1.2283871692462183
2008-01-10,0.059182259929790655,0.20998217266828,-0.2837241155874284,-0.5537753498277103,-0.36410684544292093,-1.1687744106188793,-1.1527865920506755,0.08087913448196754,0.6677111183707175,0.37212103318027295,1.1059378385574696,-0.5775074522907294,-0.603696193450721,0.5131272372957202,-1.4833111829464534
2008-01-11,0.4859488519635923,0.1149694906494322,-0.4073931429574259,-0.09853617171661094,-0.45920912783226925,-1.3820500943308314,-1.5679939011823316,0.08372472474361592,0.6596562798088518,0.17604346798179413,0.7260974948367491,-0.6814499944584951,-0.6791503129885956,0.061586369784070706,-1.7903279077259144
2008-01-12,0.425554593460498,0.2024655821003479,-0.44537312163482473,-0.20174459438288322,-0.566069374593197,-1.5157914321638428,-1.6584179617115167,0.037322025474340395,0.4065410050385323,-0.32649476463937094,0.44441174379799747,-0.481897632855722,-0.7257838843458564,-0.1464412701933439,-1.7815707796435476
2008-01-13,0.3003209884314673,0.22996918493934687,-0.400099604904992,0.15974502511619826,-0.8248979934977269,-1.291597169853265,-1.3028791313042996,-0.13877116143735238,0.132133435642616,-0.8195640411377014,0.23146793011231295,-0.635919589757774,-0.41818188341019735,-0.22382455975824436,-1.6989600926437307
2008-01-14,0.23143938211836868,0.11084042792164661,-0.31051687225165925,0.41050706544421967,-1.1590160655406505,-1.3340354398832768,-0.7018959921645995,-0.2317807083205168,-0.24528519857288195,-0.5094323013011959,0.13874145023859155,-0.8391857407888756,-0.38631910303864775,-0.13545065603270126,-1.8370346983503725
2008-01-15,0.11909182391941427,-0.20483502360096634,-0.4802641256179078,0.24139959842211053,-1.297381252122495,-1.1857373881140407,-0.4171779650986375,-0.02399970569618353,-0.43864431870879317,-0.43140195769295425,0.3980711436959762,-0.8253906612774544,-0.0922235751729545,-0.5784993602395578,-1.452482939110541
2008-01-16,-0.22958752646082645,-0.16421339970921692,-0.8624866427567505,-0.2383691745236177,-1.4606120072154234,-0.8094211003192974,-0.4243114621741148,-0.11757038889277233,-0.835313817513316,-0.6698024237659653,0.5481367113211002,-1.1904701776669786,-0.1348872334802173,-0.8573504994990121,-0.9149787476555112
2008-01-17,-0.4104793479646835,-0.1503993949684009,-0.7621653610282839,-0.8681103374723311,-1.657871458625678,-0.7205788987291041,-0.6359833413507687,0.06911917552316012,-1.2084969121519464,-0.9362224129242608,0.8818791862388213,-1.0884775596570593,-0.12119983926833232,-0.9610570184539005,-0.8450451536196264
2008-01-18,-0.4600747071991026,-0.013136286476117216,-0.7371177346420351,-1.2749618914786605,-1.5086178634136966,-0.6524525766741563,-0.7989091688046157,0.26785770246501356,-1.1991894223521244,-1.196025324348885,0.8348790864711855,-0.23516453709909785,-0.6840305012388852,-0.8022543510957535,-1.4720743430768763
2008-01-19,-0.14803634117635067,0.17694149318993405,-0.7133403004391724,-1.3570314280369096,-1.482726975365031,-0.5599866886765503,-0.7991495630362973,0.20479237172155276,-1.132427955993327,-0.9976430301570599,0.5002534659890889,0.6557839221841799,-1.1149959632783433,-0.7533609087220986,-1.8578819684001204
2008-01-20,0.10400031597725376,0.18477676483561134,-0.5488265210765481,-1.4265636942346265,-1.0950364190730573,-0.5714730896524286,-0.5586539956932246,0.014470575240079577,-1.0357954611738105,-0.8416447486939552,0.4115407821660439,0.8580472999196967,-1.4191266246906693,-0.22588042599219907,-1.9300063176275752
2008-01-21,0.4380053504219675,0.4088537672931318,-0.45663081755175816,-1.3096360989568903,-1.1329566880773698,-0.45139311872768356,-0.575793922681506,-0.12505636123863065,-0.682301851542752,-1.0399732117434133,0.4033027902395293,1.1013625642291103,-1.0326675410118489,0.19747742286904305,-1.7337407255701969
2008-01-22,0.9015824114421837,0.6440599812951839,-0.4181083322457037,-1.2944310780199135,-1.2024563967995785,-0.3681834664730897,-0.7534990521235523,-0.42580639286917027,-0.4552280379474633,-1.3458373777207229,0.19765427186416826,0.9700615852936225,-0.7851989518404348,0.6305332367367436,-1.4447078850820676
2008-01-23,1.0089224684667142,0.5846937441840037,-0.5257755503072006,-1.0892179149689425,-1.3132712915478708,-0.20713775099492318,-0.8668362551057562,-0.4858782528183405,-0.47220129828822593,-1.5103373868430152,-0.05054487826238294,0.632765907820818,-0.5706199765183936,0.7225101249038969,-1.3058047076049621
2008-01-24,1.0410970044374235,0.4280327322415491,-0.6031796200781944,-0.9157064485252551,-1.0759578271262695,0.0029731744108131464,-1.2666508741494646,-0.4087358290953641,-0.9372299278078031,-1.485886056479889,-0.23213051504583468,0.32502317749837045,-0.7334567888775892,0.43196467944805567,-1.1793576345748675
2008-01-25,1.109577511234742,0.6201576814522329,-0.4821937203554615,-0.6984223667091872,-1.0131057496668603,0.06056397326093376,-1.1235618504401292,-0.09946877342384049,-1.1967260179715915,-1.2374732764711853,0.03883244369216842,0.05376505805896748,-0.6287347753286836,0.16141270786162693,-1.1266309645865302
2008-01-26,1.0472596099077258,0.8026022700291416,-0.5779514684238752,-0.2403260946232162,-1.0876828542244885,0.0655836934207561,-0.7964926820252679,0.03692302079583764,-0.9345421405702017,-0.6987992099412035,0.24059785224755334,-0.2604536049597996,-0.9243279153573812,0.2158080053579287,-1.369730045894317
2008-01-27,0.8085760169889983,0.9087655395518497,-0.8247873549813214,-0.20335093891140896,-1.0646114841438343,-0.057144507972535695,-0.766080381357185,-0.08381671236859886,-0.8484351003699968,-0.7006068943097236,0.5559888345370891,-0.8177935120271052,-1.502854089684616,0.46869149218469786,-1.49566525189675
2008-01-28,0.43145079512945744,0.7499679043700979,-1.0860014372581344,0.1686742726782574,-1.1132917730894212,-0.1129934689532865,-0.4195437747661579,-0.34529757230853686,-1.4415792115126111,-0.5308996844874316,0.7418261152198533,-0.6619802707810334,-1.763122823441521,0.5416734763176375,-1.206146724226716
2008-01-29,0.024163402563882105,0.5586420727589224,-1.3873590325457832,0.26046716703969824,-0.9565857479066286,-0.09819961802276525,-0.06597566724832964,-0.34999250068791266,-1.7697201037836368,-0.513711977610803,0.898520251307413,-0.4453551927926172,-1.3583724509120598,0.2338449903487053,-1.1026882376939124
2008-01-30,-0.39683553023364315,0.5741646233589313,-1.7607438236212003,0.2915831408118409,-0.7207357984833483,-0.3303245746532895,-0.10709933427821895,-0.31683121142548987,-1.6765319606124822,-0.33970690021543437,1.007675906333168,-0.2622489133729253,-1.167074412346266,0.19913839925930116,-1.3214130010947358
2008-01-31,-0.6744558502257324,0.6555621159340947,-1.7220510420151485,0.3448867051182635,-0.5234944556071515,-0.6919535111991401,-0.057324969904520046,-0.17320166039138882,-1.7980856812640351,-0.3897655182213166,1.1255585719571137,-0.2590594161061035,-1.1144345892307863,0.24856545892219842,-1.261023468433677
2008-02-01,-1.0111645493241057,0.8417932879693586,-1.5061609955740454,0.1504422359310321,-0.5096824560632156,-0.6124666746028428,0.06595486438613588,-0.21139949099960825,-2.166406575449952,0.0947349253656483,1.1927873730932095,-0.11110317809639483,-0.8674669225396214,0.054511746448442984,-1.094259308869425
2008-02-02,-1.256607405643161,0.7517165207417829,-1.5923177764464231,0.06942895663827013,-0.2339480998735376,-0.32435686302930006,0.6760304898538841,-0.368396867297374,-2.1466435883016506,0.511697856377899,0.6933425657121568,-0.19697694044242633,-0.9146902346371502,-0.1921166601014188,-0.9249560846291158
2008-02-03,-0.9876554835168991,1.0122210610848021,-1.4113335815519314,0.2467193600480949,-0.22488583399571904,-0.4809321378063206,0.9632076228869256,-0.556492792308194,-1.9448338407725234,0.7008807990287454,0.17900337140058734,-0.253667088931024,-1.0248215358170063,-0.4532513537657342,-0.818095256487198
2008-02-04,-0.7122636371126361,0.9189461872241697,-1.3985465086125919,0.4539581006094758,-0.03010114748846782,-0.498374164236316,0.9107222209180874,-0.3949962796813821,-1.1366009884291606,0.7755395300097002,-0.0881245079921309,-0.08519192179055718,-1.034942822756375,-0.605967444964043,-0.8293095159511475
2008-02-05,-0.5111066778453226,0.690196809085797,-1.1671176806602137,0.6534213028542252,0.13985683950373134,-0.5413970150037796,0.4460958869900239,-0.2377092727968309,-0.52021002330706,0.7151002655069559,-0.19562830784537483,0.06940174747803002,-0.6057283833056208,-0.8413629011644074,-0.7887559720054013
2008-02-06,0.0490319127714111,0.486012009738701,-0.7442890697325033,0.5962432490687349,0.12223856451449125,-0.33121969088642644,0.2694429346228088,-0.09395283936817261,-0.6887801090651383,0.7271674960820868,-0.4162755326415598,0.2846919296159853,-0.43507589938901187,-0.820382228168903,-0.8567914559601684
2008-02-07,0.43301462923775086,0.17635384024186262,-0.5577307332495215,0.4828376085947462,0.13425950245737397,-0.39226128498682766,0.3610118622769193,-0.0583863544412169,-0.7685028970723775,0.626540242416127,-0.4580934286485657,0.3977647268823538,-0.05205380767722458,-0.4771709859754287,-0.4446319642180194
2008-02-08,0.4368907737334226,0.20710155243345438,-0.06469699967051243,0.4697265078290834,-0.4204746036313981,-0.5473386164779364,0.605293381368786,-0.19142534828746885,-0.5469881088254204,0.20086925539117548,-0.5277320972328228,0.3347923029092824,0.46212352526979666,-0.09429844490874523,-0.45720937150653096
2008-02-09,-0.03970247157331643,0.3119241244067926,0.07106773240803213,0.3678051038732251,-0.8313004357007856,-0.31790377113771645,0.5919796167796701,-0.37699072594720545,-0.18535630403022474,-0.1222441114781037,-0.8776783578229428,0.24295531095340606,0.6222852187351475,0.134042738163762,-0.2608245238998348
2008-02-10,-0.3580008801636612,0.21001629240963704,0.00781274041028456,-0.00049689670633573,-0.8301527850952475,-0.3469546892938456,0.39796748407033367,-0.27267763918358423,0.03395678134818226,-0.3953172793496726,-1.4103542463163388,0.34032351300559033,0.6964321345815392,0.010497590646184338,0.10501559242916456
2008-02-11,-0.5253654553751305,0.07331293185628751,0.005109303620501257,-0.16462192953467505,-0.7273864771548396,-0.16831598537852246,0.2922860466143154,-0.31199726773961345,-0.0055885114081854455,-0.1842957937398561,-1.4501643639453468,0.5240723955134269,0.6376154758338151,0.29493891772792324,0.5002332802979066
2008-02-12,-0.6708858128922919,-0.20934642037052095,-0.023400814373093107,-0.39386908190443437,-0.5345230899085334,-0.10994090923836783,0.2055734058301821,-0.29808694566769783,-0.4341782622977984,0.11628165911415328,-1.0067806980841834,0.733242729012747,1.0798745804251528,0.39283149272652335,0.5217808518453839
2008-02-13,-0.7598795213905902,-0.42998324751147615,-0.14039541753935944,-0.6562635024377167,-0.35022678883044644,0.15784817245473348,-0.17315599561585507,-0.11134403857057405,-0.6538259686793377,0.15649385218010808,-0.7875011549535401,0.4847068891206246,1.593139848014851,0.4016718636952801,0.42692190086136905
2008-02-14,-0.8036112914307831,-0.5813668998850862,-0.28846220607284895,-0.49990862647731016,-0.42796364528005854,0.5837900473847685,-0.07631457561654355,0.18953686234114261,-0.44195533070245874,0.26033767318366763,-0.8848349347832057,0.37586620357354394,1.8572468714899388,0.3598224057315627,0.24546294354735926
2008-02-15,-0.835803364677432,-0.5134203061688191,-0.43370242482980825,-0.5389670876767833,-0.12868355249966834,0.5468348441710263,0.05905207731429752,0.7828434735533658,-0.5902825516008986,0.529168045158498,-0.8017537266000384,0.2852287467028606,1.624969041009039,0.13866957177430939,0.20113322841490144
2008-02-16,-0.8022330956822497,-0.4165341202537663,-0.3738719774522983,-0.10244422140557292,-0.25003141285236224,0.3224321672924042,0.12932493217303181,0.8789671326105523,-0.6923830658318466,0.4707548464580258,-0.6150015354332264,0.18341119594648464,1.3192980158587169,0.2523180437783383,0.19769370053773674
2008-02-17,-0.6050312484702844,-0.47604347342401604,-0.11372136669038226,0.961932848221753,0.11732322791003326,-0.2144848524992644,0.21721869915309894,1.059910333819265,-0.9732238721852948,0.41196514637215786,-0.5921144912000073,0.13598879011736326,1.1024444531680606,0.5629220307762361,0.09000890467715382
2008-02-18,-0.49837193418084796,-0.5276100619714185,0.3246993742902946,1.2178199961735083,0.35914659935411625,-0.4362751991963777,0.3701022322851985,0.9858146143372318,-0.9496878808992046,0.381259443010403,-0.7382475751143152,-0.07146618377057204,1.3287662558003375,0.35944515094071994,-0.02353364411946034
2008-02-19,-0.5531054744813062,-0.24788959353198195,0.7416668345893016,0.9327987932323006,0.7204238999265719,-0.6515792325746212,0.2561160420280582,1.2220655292137013,-0.7333580849899267,0.0610892249806318,-1.1478288649695958,0.01418831969073261,1.2960058295995878,0.11573723023295385,-0.2592645075828607
2008-02-20,-0.45777481869123793,-0.3489391635144616,1.1394473433156769,0.7612791468457807,0.8397133697906378,-0.43724239762883166,0.1756723758227499,1.2728403814526716,-0.7961934471734936,-0.1676078367879206,-0.874603450351459,-0.15409993075512324,1.1132075803088877,-0.31984677338265755,-0.5352801967317904
