,1,2,3,4,5,6,7,8,9,10,11,12,13,14,15
2015-08-14,0.571099258928473,0.571099258928473,0.571099258928473,0.571099258928473,0.571099258928473,0.571099258928473,0.571099258928473,0.571099258928473,0.571099258928473,0.571099258928473,0.571099258928473,0.571099258928473,0.571099258928473,0.571099258928473,0.571099258928473
2015-08-15,0.44810148172877673,0.44810148172877673,0.44810148172877673,0.44810148172877673,0.44810148172877673,0.44810148172877673,0.44810148172877673,0.44810148172877673,0.44810148172877673,0.44810148172877673,0.44810148172877673,0.44810148172877673,0.44810148172877673,0.44810148172877673,0.44810148172877673
2015-08-16,0.4338541449826582,0.4338541449826582,0.4338541449826582,0.4338541449826582,0.4338541449826582,0.4338541449826582,0.4338541449826582,0.4338541449826582,0.4338541449826582,0.4338541449826582,0.4338541449826582,0.4338541449826582,0.4338541449826582,0.4338541449826582,0.4338541449826582
2015-08-17,0.44495858607499666,0.44495858607499666,0.44495858607499666,0.44495858607499666,0.44495858607499666,0.44495858607499666,0.44495858607499666,0.44495858607499666,0.44495858607499666,0.44495858607499666,0.44495858607499666,0.44495858607499666,0.44495858607499666,0.44495858607499666,0.44495858607499666
2015-08-18,0.29660149672057373,0.29660149672057373,0.29660149672057373,0.29660149672057373,0.29660149672057373,0.29660149672057373,0.29660149672057373,0.29660149672057373,0.29660149672057373,0.29660149672057373,0.29660149672057373,0.29660149672057373,0.29660149672057373,0.29660149672057373,0.29660149672057373
2015-08-19,0.38633025039363217,0.38633025039363217,0.38633025039363217,0.38633025039363217,0.38633025039363217,0.38633025039363217,0.38633025039363217,0.38633025039363217,0.38633025039363217,0.38633025039363217,0.38633025039363217,0.38633025039363217,0.38633025039363217,0.38633025039363217,0.38633025039363217
2015-08-20,0.291880844053456,0.291880844053456,0.291880844053456,0.291880844053456,0.291880844053456,0.291880844053456,0.291880844053456,0.291880844053456,0.291880844053456,0.291880844053456,0.291880844053456,0.291880844053456,0.291880844053456,0.291880844053456,0.291880844053456
2015-08-21,0.327459401879296,0.327459401879296,0.327459401879296,0.327459401879296,0.327459401879296,0.327459401879296,0.327459401879296,0.327459401879296,0.327459401879296,0.327459401879296,0.327459401879296,0.327459401879296,0.327459401879296,0.327459401879296,0.327459401879296
2015-08-22,0.1808873134437009,0.1808873134437009,0.1808873134437009,0.1808873134437009,0.1808873134437009,0.1808873134437009,0.1808873134437009,0.1808873134437009,0.1808873134437009,0.1808873134437009,0.1808873134437009,0.1808873134437009,0.1808873134437009,0.1808873134437009,0.1808873134437009
2015-08-23,-0.017295756579121472,-0.017295756579121472,-0.017295756579121472,-0.017295756579121472,-0.017295756579121472,-0.017295756579121472,-0.017295756579121472,-0.017295756579121472,-0.017295756579121472,-0.017295756579121472,-0.017295756579121472,-0.017295756579121472,-0.017295756579121472,-0.017295756579121472,-0.017295756579121472
2015-08-24,-0.16718615805542042,-0.16718615805542042,-0.16718615805542042,-0.16718615805542042,-0.16718615805542042,-0.16718615805542042,-0.16718615805542042,-0.16718615805542042,-0.16718615805542042,-0.16718615805542042,-0.16718615805542042,-0.16718615805542042,-0.16718615805542042,-0.16718615805542042,-0.16718615805542042
2015-08-25,-0.2253927306499368,-0.2253927306499368,-0.2253927306499368,-0.2253927306499368,-0.2253927306499368,-0.2253927306499368,-0.2253927306499368,-0.2253927306499368,-0.2253927306499368,-0.2253927306499368,-0.2253927306499368,-0.2253927306499368,-0.2253927306499368,-0.2253927306499368,-0.2253927306499368
2015-08-26,-0.20657994231342164,-0.20657994231342164,-0.20657994231342164,-0.20657994231342164,-0.20657994231342164,-0.20657994231342164,-0.20657994231342164,-0.20657994231342164,-0.20657994231342164,-0.20657994231342164,-0.20657994231342164,-0.20657994231342164,-0.20657994231342164,-0.20657994231342164,-0.20657994231342164
2015-08-27,0.005084703116966327,0.005084703116966327,0.005084703116966327,0.005084703116966327,0.005084703116966327,0.005084703116966327,0.005084703116966327,0.005084703116966327,0.005084703116966327,0.005084703116966327,0.005084703116966327,0.005084703116966327,0.005084703116966327,0.005084703116966327,0.005084703116966327
2015-08-28,0.14345910697639533,0.14345910697639533,0.14345910697639533,0.14345910697639533,0.14345910697639533,0.14345910697639533,0.14345910697639533,0.14345910697639533,0.14345910697639533,0.14345910697639533,0.14345910697639533,0.14345910697639533,0.14345910697639533,0.14345910697639533,0.14345910697639533
2015-08-29,0.1697999854348714,0.1697999854348714,0.1697999854348714,0.1697999854348714,0.1697999854348714,0.1697999854348714,0.1697999854348714,0.1697999854348714,0.1697999854348714,0.1697999854348714,0.1697999854348714,0.1697999854348714,0.1697999854348714,0.1697999854348714,0.1697999854348714
2015-08-30,0.08540524737875381,0.08540524737875381,0.08540524737875381,0.08540524737875381,0.08540524737875381,0.08540524737875381,0.08540524737875381,0.08540524737875381,0.08540524737875381,0.08540524737875381,0.08540524737875381,0.08540524737875381,0.08540524737875381,0.08540524737875381,0.08540524737875381
2015-08-31,0.2122586392716955,0.2122586392716955,0.2122586392716955,0.2122586392716955,0.2122586392716955,0.2122586392716955,0.2122586392716955,0.2122586392716955,0.2122586392716955,0.2122586392716955,0.2122586392716955,0.2122586392716955,0.2122586392716955,0.2122586392716955,0.2122586392716955
2015-09-01,0.19457772349516447,0.19457772349516447,0.19457772349516447,0.19457772349516447,0.19457772349516447,0.19457772349516447,0.19457772349516447,0.19457772349516447,0.19457772349516447,0.19457772349516447,0.19457772349516447,0.19457772349516447,0.19457772349516447,0.19457772349516447,0.19457772349516447
2015-09-02,-0.013588089321154902,-0.013588089321154902,-0.013588089321154902,-0.013588089321154902,-0.013588089321154902,-0.013588089321154902,-0.013588089321154902,-0.013588089321154902,-0.013588089321154902,-0.013588089321154902,-0.013588089321154902,-0.013588089321154902,-0.013588089321154902,-0.013588089321154902,-0.013588089321154902
2015-09-03,-0.49691672007647125,-0.49691672007647125,-0.49691672007647125,-0.49691672007647125,-0.49691672007647125,-0.49691672007647125,-0.49691672007647125,-0.49691672007647125,-0.49691672007647125,-0.49691672007647125,-0.49691672007647125,-0.49691672007647125,-0.49691672007647125,-0.49691672007647125,-0.49691672007647125
2015-09-04,-0.6841189724661965,-0.6841189724661965,-0.6841189724661965,-0.6841189724661965,-0.6841189724661965,-0.6841189724661965,-0.6841189724661965,-0.6841189724661965,-0.6841189724661965,-0.6841189724661965,-0.6841189724661965,-0.6841189724661965,-0.6841189724661965,-0.6841189724661965,-0.6841189724661965
2015-09-05,-0.5086419985666765,-0.5086419985666765,-0.5086419985666765,-0.5086419985666765,-0.5086419985666765,-0.5086419985666765,-0.5086419985666765,-0.5086419985666765,-0.5086419985666765,-0.5086419985666765,-0.5086419985666765,-0.5086419985666765,-0.5086419985666765,-0.5086419985666765,-0.5086419985666765
2015-09-06,-0.33923354993479765,-0.33923354993479765,-0.33923354993479765,-0.33923354993479765,-0.33923354993479765,-0.33923354993479765,-0.33923354993479765,-0.33923354993479765,-0.33923354993479765,-0.33923354993479765,-0.33923354993479765,-0.33923354993479765,-0.33923354993479765,-0.33923354993479765,-0.33923354993479765
2015-09-07,-0.2894351380266824,-0.2894351380266824,-0.2894351380266824,-0.2894351380266824,-0.2894351380266824,-0.2894351380266824,-0.2894351380266824,-0.2894351380266824,-0.2894351380266824,-0.2894351380266824,-0.2894351380266824,-0.2894351380266824,-0.2894351380266824,-0.2894351380266824,-0.2894351380266824
2015-09-08,-0.26260705663922385,-0.26260705663922385,-0.26260705663922385,-0.26260705663922385,-0.26260705663922385,-0.26260705663922385,-0.26260705663922385,-0.26260705663922385,-0.26260705663922385,-0.26260705663922385,-0.26260705663922385,-0.26260705663922385,-0.26260705663922385,-0.26260705663922385,-0.26260705663922385
2015-09-09,-0.26812470113047365,-0.26812470113047365,-0.26812470113047365,-0.26812470113047365,-0.26812470113047365,-0.26812470113047365,-0.26812470113047365,-0.26812470113047365,-0.26812470113047365,-0.26812470113047365,-0.26812470113047365,-0.26812470113047365,-0.26812470113047365,-0.26812470113047365,-0.26812470113047365
2015-09-10,-0.3333780452558641,-0.3333780452558641,-0.3333780452558641,-0.3333780452558641,-0.3333780452558641,-0.3333780452558641,-0.3333780452558641,-0.3333780452558641,-0.3333780452558641,-0.3333780452558641,-0.3333780452558641,-0.3333780452558641,-0.3333780452558641,-0.3333780452558641,-0.3333780452558641
2015-09-11,-0.1002492057072203,-0.1002492057072203,-0.1002492057072203,-0.1002492057072203,-0.1002492057072203,-0.1002492057072203,-0.1002492057072203,-0.1002492057072203,-0.1002492057072203,-0.1002492057072203,-0.1002492057072203,-0.1002492057072203,-0.1002492057072203,-0.1002492057072203,-0.1002492057072203
2015-09-12,-0.028791645136351494,-0.028791645136351494,-0.028791645136351494,-0.028791645136351494,-0.028791645136351494,-0.028791645136351494,-0.028791645136351494,-0.028791645136351494,-0.028791645136351494,-0.028791645136351494,-0.028791645136351494,-0.028791645136351494,-0.028791645136351494,-0.028791645136351494,-0.028791645136351494
2015-09-13,0.10227004017351961,0.10227004017351961,0.10227004017351961,0.10227004017351961,0.10227004017351961,0.10227004017351961,0.10227004017351961,0.10227004017351961,0.10227004017351961,0.10227004017351961,0.10227004017351961,0.10227004017351961,0.10227004017351961,0.10227004017351961,0.10227004017351961
2015-09-14,0.30216298190855895,0.30216298190855895,0.30216298190855895,0.30216298190855895,0.30216298190855895,0.30216298190855895,0.30216298190855895,0.30216298190855895,0.30216298190855895,0.30216298190855895,0.30216298190855895,0.30216298190855895,0.30216298190855895,0.30216298190855895,0.30216298190855895
2015-09-15,0.36648828310535564,0.36648828310535564,0.36648828310535564,0.36648828310535564,0.36648828310535564,0.36648828310535564,0.36648828310535564,0.36648828310535564,0.36648828310535564,0.36648828310535564,0.36648828310535564,0.36648828310535564,0.36648828310535564,0.36648828310535564,0.36648828310535564
2015-09-16,0.5325479875720026,0.5325479875720026,0.5325479875720026,0.5325479875720026,0.5325479875720026,0.5325479875720026,0.5325479875720026,0.5325479875720026,0.5325479875720026,0.5325479875720026,0.5325479875720026,0.5325479875720026,0.5325479875720026,0.5325479875720026,0.5325479875720026
2015-09-17,0.6466945152301642,0.6466945152301642,0.6466945152301642,0.6466945152301642,0.6466945152301642,0.6466945152301642,0.6466945152301642,0.6466945152301642,0.6466945152301642,0.6466945152301642,0.6466945152301642,0.6466945152301642,0.6466945152301642,0.6466945152301642,0.6466945152301642
2015-09-18,0.5292980833613063,0.5292980833613063,0.5292980833613063,0.5292980833613063,0.5292980833613063,0.5292980833613063,0.5292980833613063,0.5292980833613063,0.5292980833613063,0.5292980833613063,0.5292980833613063,0.5292980833613063,0.5292980833613063,0.5292980833613063,0.5292980833613063
2015-09-19,0.43642029084317524,0.43642029084317524,0.43642029084317524,0.43642029084317524,0.43642029084317524,0.43642029084317524,0.43642029084317524,0.43642029084317524,0.43642029084317524,0.43642029084317524,0.43642029084317524,0.43642029084317524,0.43642029084317524,0.43642029084317524,0.43642029084317524
2015-09-20,0.7182010886815876,0.7182010886815876,0.7182010886815876,0.7182010886815876,0.7182010886815876,0.7182010886815876,0.7182010886815876,0.7182010886815876,0.7182010886815876,0.7182010886815876,0.7182010886815876,0.7182010886815876,0.7182010886815876,0.7182010886815876,0.7182010886815876
2015-09-21,0.845621661032212,0.845621661032212,0.845621661032212,0.845621661032212,0.845621661032212,0.845621661032212,0.845621661032212,0.845621661032212,0.845621661032212,0.845621661032212,0.845621661032212,0.845621661032212,0.845621661032212,0.845621661032212,0.845621661032212
2015-09-22,0.6372552961730876,0.6372552961730876,0.6372552961730876,0.6372552961730876,0.6372552961730876,0.6372552961730876,0.6372552961730876,0.6372552961730876,0.6372552961730876,0.6372552961730876,0.6372552961730876,0.6372552961730876,0.6372552961730876,0.6372552961730876,0.6372552961730876
2015-09-23,0.25185945359467876,0.25185945359467876,0.25185945359467876,0.25185945359467876,0.25185945359467876,0.25185945359467876,0.25185945359467876,0.25185945359467876,0.25185945359467876,0.25185945359467876,0.25185945359467876,0.25185945359467876,0.25185945359467876,0.25185945359467876,0.25185945359467876
2015-09-24,0.4469742098515555,0.4469742098515555,0.4469742098515555,0.4469742098515555,0.4469742098515555,0.4469742098515555,0.4469742098515555,0.4469742098515555,0.4469742098515555,0.4469742098515555,0.4469742098515555,0.4469742098515555,0.4469742098515555,0.4469742098515555,0.4469742098515555
2015-09-25,0.6613200209326968,0.6613200209326968,0.6613200209326968,0.6613200209326968,0.6613200209326968,0.6613200209326968,0.6613200209326968,0.6613200209326968,0.6613200209326968,0.6613200209326968,0.6613200209326968,0.6613200209326968,0.6613200209326968,0.6613200209326968,0.6613200209326968
2015-09-26,0.32324361883099195,0.32324361883099195,0.32324361883099195,0.32324361883099195,0.32324361883099195,0.32324361883099195,0.32324361883099195,0.32324361883099195,0.32324361883099195,0.32324361883099195,0.32324361883099195,0.32324361883099195,0.32324361883099195,0.32324361883099195,0.32324361883099195
2015-09-27,0.09797544359771006,0.09797544359771006,0.09797544359771006,0.09797544359771006,0.09797544359771006,0.09797544359771006,0.09797544359771006,0.09797544359771006,0.09797544359771006,0.09797544359771006,0.09797544359771006,0.09797544359771006,0.09797544359771006,0.09797544359771006,0.09797544359771006
2015-09-28,-0.2948415883034097,-0.2948415883034097,-0.2948415883034097,-0.2948415883034097,-0.2948415883034097,-0.2948415883034097,-0.2948415883034097,-0.2948415883034097,-0.2948415883034097,-0.2948415883034097,-0.2948415883034097,-0.2948415883034097,-0.2948415883034097,-0.2948415883034097,-0.2948415883034097
2015-09-29,-0.6702185167453806,-0.6702185167453806,-0.6702185167453806,-0.6702185167453806,-0.6702185167453806,-0.6702185167453806,-0.6702185167453806,-0.6702185167453806,-0.6702185167453806,-0.6702185167453806,-0.6702185167453806,-0.6702185167453806,-0.6702185167453806,-0.6702185167453806,-0.6702185167453806
2015-09-30,-0.7731944432774395,-0.7731944432774395,-0.7731944432774395,-0.7731944432774395,-0.7731944432774395,-0.7731944432774395,-0.7731944432774395,-0.7731944432774395,-0.7731944432774395,-0.7731944432774395,-0.7731944432774395,-0.7731944432774395,-0.7731944432774395,-0.7731944432774395,-0.7731944432774395
2015-10-01,-0.9846974906002162,-0.9846974906002162,-0.9846974906002162,-0.9846974906002162,-0.9846974906002162,-0.9846974906002162,-0.9846974906002162,-0.9846974906002162,-0.9846974906002162,-0.9846974906002162,-0.9846974906002162,-0.9846974906002162,-0.9846974906002162,-0.9846974906002162,-0.9846974906002162
2015-10-02,-1.130727339803312,-1.130727339803312,-1.130727339803312,-1.130727339803312,-1.130727339803312,-1.130727339803312,-1.130727339803312,-1.130727339803312,-1.130727339803312,-1.130727339803312,-1.130727339803312,-1.130727339803312,-1.130727339803312,-1.130727339803312,-1.130727339803312
2015-10-03,-1.0440675161788289,-1.0440675161788289,-1.0440675161788289,-1.0440675161788289,-1.0440675161788289,-1.0440675161788289,-1.0440675161788289,-1.0440675161788289,-1.0440675161788289,-1.0440675161788289,-1.0440675161788289,-1.0440675161788289,-1.0440675161788289,-1.0440675161788289,-1.0440675161788289
2015-10-04,-1.0404500706517512,-1.0404500706517512,-1.0404500706517512,-1.0404500706517512,-1.0404500706517512,-1.0404500706517512,-1.0404500706517512,-1.0404500706517512,-1.0404500706517512,-1.0404500706517512,-1.0404500706517512,-1.0404500706517512,-1.0404500706517512,-1.0404500706517512,-1.0404500706517512
2015-10-05,-0.7118608392563319,-0.7118608392563319,-0.7118608392563319,-0.7118608392563319,-0.7118608392563319,-0.7118608392563319,-0.7118608392563319,-0.7118608392563319,-0.7118608392563319,-0.7118608392563319,-0.7118608392563319,-0.7118608392563319,-0.7118608392563319,-0.7118608392563319,-0.7118608392563319
2015-10-06,-0.40971504661335245,-0.40971504661335245,-0.40971504661335245,-0.40971504661335245,-0.40971504661335245,-0.40971504661335245,-0.40971504661335245,-0.40971504661335245,-0.40971504661335245,-0.40971504661335245,-0.40971504661335245,-0.40971504661335245,-0.40971504661335245,-0.40971504661335245,-0.40971504661335245
2015-10-07,-0.3353918407509448,-0.3353918407509448,-0.3353918407509448,-0.3353918407509448,-0.3353918407509448,-0.3353918407509448,-0.3353918407509448,-0.3353918407509448,-0.3353918407509448,-0.3353918407509448,-0.3353918407509448,-0.3353918407509448,-0.3353918407509448,-0.3353918407509448,-0.3353918407509448
2015-10-08,-0.2384248602369937,-0.2384248602369937,-0.2384248602369937,-0.2384248602369937,-0.2384248602369937,-0.2384248602369937,-0.2384248602369937,-0.2384248602369937,-0.2384248602369937,-0.2384248602369937,-0.2384248602369937,-0.2384248602369937,-0.2384248602369937,-0.2384248602369937,-0.2384248602369937
2015-10-09,-0.14394118211481446,-0.14394118211481446,-0.14394118211481446,-0.14394118211481446,-0.14394118211481446,-0.14394118211481446,-0.14394118211481446,-0.14394118211481446,-0.14394118211481446,-0.14394118211481446,-0.14394118211481446,-0.14394118211481446,-0.14394118211481446,-0.14394118211481446,-0.14394118211481446
2015-10-10,0.0336497697293825,0.0336497697293825,0.0336497697293825,0.0336497697293825,0.0336497697293825,0.0336497697293825,0.0336497697293825,0.0336497697293825,0.0336497697293825,0.0336497697293825,0.0336497697293825,0.0336497697293825,0.0336497697293825,0.0336497697293825,0.0336497697293825
2015-10-11,0.23472584762449217,0.23472584762449217,0.23472584762449217,0.23472584762449217,0.23472584762449217,0.23472584762449217,0.23472584762449217,0.23472584762449217,0.23472584762449217,0.23472584762449217,0.23472584762449217,0.23472584762449217,0.23472584762449217,0.23472584762449217,0.23472584762449217
2015-10-12,0.1986590961499058,0.1986590961499058,0.1986590961499058,0.1986590961499058,0.1986590961499058,0.1986590961499058,0.1986590961499058,0.1986590961499058,0.1986590961499058,0.1986590961499058,0.1986590961499058,0.1986590961499058,0.1986590961499058,0.1986590961499058,0.1986590961499058
2015-10-13,0.11840049109037513,0.11840049109037513,0.11840049109037513,0.11840049109037513,0.11840049109037513,0.11840049109037513,0.11840049109037513,0.11840049109037513,0.11840049109037513,0.11840049109037513,0.11840049109037513,0.11840049109037513,0.11840049109037513,0.11840049109037513,0.11840049109037513
2015-10-14,0.005080975042169059,0.005080975042169059,0.005080975042169059,0.005080975042169059,0.005080975042169059,0.005080975042169059,0.005080975042169059,0.005080975042169059,0.005080975042169059,0.005080975042169059,0.005080975042169059,0.005080975042169059,0.005080975042169059,0.005080975042169059,0.005080975042169059
2015-10-15,0.024301799728334406,0.024301799728334406,0.024301799728334406,0.024301799728334406,0.024301799728334406,0.024301799728334406,0.024301799728334406,0.024301799728334406,0.024301799728334406,0.024301799728334406,0.024301799728334406,0.024301799728334406,0.024301799728334406,0.024301799728334406,0.024301799728334406
2015-10-16,0.11408501478501143,0.11408501478501143,0.11408501478501143,0.11408501478501143,0.11408501478501143,0.11408501478501143,0.11408501478501143,0.11408501478501143,0.11408501478501143,0.11408501478501143,0.11408501478501143,0.11408501478501143,0.11408501478501143,0.11408501478501143,0.11408501478501143
2015-10-17,0.024521274946783533,0.024521274946783533,0.024521274946783533,0.024521274946783533,0.024521274946783533,0.024521274946783533,0.024521274946783533,0.024521274946783533,0.024521274946783533,0.024521274946783533,0.024521274946783533,0.024521274946783533,0.024521274946783533,0.024521274946783533,0.024521274946783533
2015-10-18,-0.2716107758003762,-0.2716107758003762,-0.2716107758003762,-0.2716107758003762,-0.2716107758003762,-0.2716107758003762,-0.2716107758003762,-0.2716107758003762,-0.2716107758003762,-0.2716107758003762,-0.2716107758003762,-0.2716107758003762,-0.2716107758003762,-0.2716107758003762,-0.2716107758003762
2015-10-19,-0.3502480229410901,-0.3502480229410901,-0.3502480229410901,-0.3502480229410901,-0.3502480229410901,-0.3502480229410901,-0.3502480229410901,-0.3502480229410901,-0.3502480229410901,-0.3502480229410901,-0.3502480229410901,-0.3502480229410901,-0.3502480229410901,-0.3502480229410901,-0.3502480229410901
2015-10-20,-0.2521852452370444,-0.2521852452370444,-0.2521852452370444,-0.2521852452370444,-0.2521852452370444,-0.2521852452370444,-0.2521852452370444,-0.2521852452370444,-0.2521852452370444,-0.2521852452370444,-0.2521852452370444,-0.2521852452370444,-0.2521852452370444,-0.2521852452370444,-0.2521852452370444
2015-10-21,-0.5792651177588063,-0.5792651177588063,-0.5792651177588063,-0.5792651177588063,-0.5792651177588063,-0.5792651177588063,-0.5792651177588063,-0.5792651177588063,-0.5792651177588063,-0.5792651177588063,-0.5792651177588063,-0.5792651177588063,-0.5792651177588063,-0.5792651177588063,-0.5792651177588063
2015-10-22,-0.8997456728915413,-0.8997456728915413,-0.8997456728915413,-0.8997456728915413,-0.8997456728915413,-0.8997456728915413,-0.8997456728915413,-0.8997456728915413,-0.8997456728915413,-0.8997456728915413,-0.8997456728915413,-0.8997456728915413,-0.8997456728915413,-0.8997456728915413,-0.8997456728915413
2015-10-23,-0.9204732544363491,-0.9204732544363491,-0.9204732544363491,-0.9204732544363491,-0.9204732544363491,-0.9204732544363491,-0.9204732544363491,-0.9204732544363491,-0.9204732544363491,-0.9204732544363491,-0.9204732544363491,-0.9204732544363491,-0.9204732544363491,-0.9204732544363491,-0.9204732544363491
2015-10-24,-1.3924546880429989,-1.3924546880429989,-1.3924546880429989,-1.3924546880429989,-1.3924546880429989,-1.3924546880429989,-1.3924546880429989,-1.3924546880429989,-1.3924546880429989,-1.3924546880429989,-1.3924546880429989,-1.3924546880429989,-1.3924546880429989,-1.3924546880429989,-1.3924546880429989
2015-10-25,-1.527961016641025,-1.527961016641025,-1.527961016641025,-1.527961016641025,-1.527961016641025,-1.527961016641025,-1.527961016641025,-1.527961016641025,-1.527961016641025,-1.527961016641025,-1.527961016641025,-1.527961016641025,-1.527961016641025,-1.527961016641025,-1.527961016641025
2015-10-26,-1.5164895709707193,-1.5164895709707193,-1.5164895709707193,-1.5164895709707193,-1.5164895709707193,-1.5164895709707193,-1.5164895709707193,-1.5164895709707193,-1.5164895709707193,-1.5164895709707193,-1.5164895709707193,-1.5164895709707193,-1.5164895709707193,-1.5164895709707193,-1.5164895709707193
2015-10-27,-1.3716082479918053,-1.3716082479918053,-1.3716082479918053,-1.3716082479918053,-1.3716082479918053,-1.3716082479918053,-1.3716082479918053,-1.3716082479918053,-1.3716082479918053,-1.3716082479918053,-1.3716082479918053,-1.3716082479918053,-1.3716082479918053,-1.3716082479918053,-1.3716082479918053
2015-10-28,-1.2657912191455893,-1.2657912191455893,-1.2657912191455893,-1.2657912191455893,-1.2657912191455893,-1.2657912191455893,-1.2657912191455893,-1.2657912191455893,-1.2657912191455893,-1.2657912191455893,-1.2657912191455893,-1.2657912191455893,-1.2657912191455893,-1.2657912191455893,-1.2657912191455893
2015-10-29,-1.1179908779509735,-1.1179908779509735,-1.1179908779509735,-1.1179908779509735,-1.1179908779509735,-1.1179908779509735,-1.1179908779509735,-1.1179908779509735,-1.1179908779509735,-1.1179908779509735,-1.1179908779509735,-1.1179908779509735,-1.1179908779509735,-1.1179908779509735,-1.1179908779509735
2015-10-30,-0.9214687577884952,-0.9214687577884952,-0.9214687577884952,-0.9214687577884952,-0.9214687577884952,-0.9214687577884952,-0.9214687577884952,-0.9214687577884952,-0.9214687577884952,-0.9214687577884952,-0.9214687577884952,-0.9214687577884952,-0.9214687577884952,-0.9214687577884952,-0.9214687577884952
2015-10-31,-0.6159082800960539,-0.6159082800960539,-0.6159082800960539,-0.6159082800960539,-0.6159082800960539,-0.6159082800960539,-0.6159082800960539,-0.6159082800960539,-0.6159082800960539,-0.6159082800960539,-0.6159082800960539,-0.6159082800960539,-0.6159082800960539,-0.6159082800960539,-0.6159082800960539
2015-11-01,-0.2426467773228797,-0.2426467773228797,-0.2426467773228797,-0.2426467773228797,-0.2426467773228797,-0.2426467773228797,-0.2426467773228797,-0.2426467773228797,-0.2426467773228797,-0.2426467773228797,-0.2426467773228797,-0.2426467773228797,-0.2426467773228797,-0.2426467773228797,-0.2426467773228797
2015-11-02,-0.1600893850776473,-0.1600893850776473,-0.1600893850776473,-0.1600893850776473,-0.1600893850776473,-0.1600893850776473,-0.1600893850776473,-0.1600893850776473,-0.1600893850776473,-0.1600893850776473,-0.1600893850776473,-0.1600893850776473,-0.1600893850776473,-0.1600893850776473,-0.1600893850776473
2015-11-03,0.0387909876990248,0.0387909876990248,0.0387909876990248,0.0387909876990248,0.0387909876990248,0.0387909876990248,0.0387909876990248,0.0387909876990248,0.0387909876990248,0.0387909876990248,0.0387909876990248,0.0387909876990248,0.0387909876990248,0.0387909876990248,0.0387909876990248
2015-11-04,0.10660376962853843,0.10660376962853843,0.10660376962853843,0.10660376962853843,0.10660376962853843,0.10660376962853843,0.10660376962853843,0.10660376962853843,0.10660376962853843,0.10660376962853843,0.10660376962853843,0.10660376962853843,0.10660376962853843,0.10660376962853843,0.10660376962853843
2015-11-05,0.3220177773133243,0.3220177773133243,0.3220177773133243,0.3220177773133243,0.3220177773133243,0.3220177773133243,0.3220177773133243,0.3220177773133243,0.3220177773133243,0.3220177773133243,0.3220177773133243,0.3220177773133243,0.3220177773133243,0.3220177773133243,0.3220177773133243
2015-11-06,0.6203422752623831,0.6203422752623831,0.6203422752623831,0.6203422752623831,0.6203422752623831,0.6203422752623831,0.6203422752623831,0.6203422752623831,0.6203422752623831,0.6203422752623831,0.6203422752623831,0.6203422752623831,0.6203422752623831,0.6203422752623831,0.6203422752623831
2015-11-07,0.6311150087751262,0.6311150087751262,0.6311150087751262,0.6311150087751262,0.6311150087751262,0.6311150087751262,0.6311150087751262,0.6311150087751262,0.6311150087751262,0.6311150087751262,0.6311150087751262,0.6311150087751262,0.6311150087751262,0.6311150087751262,0.6311150087751262
2015-11-08,0.5605774191153434,0.5605774191153434,0.5605774191153434,0.5605774191153434,0.5605774191153434,0.5605774191153434,0.5605774191153434,0.5605774191153434,0.5605774191153434,0.5605774191153434,0.5605774191153434,0.5605774191153434,0.5605774191153434,0.5605774191153434,0.5605774191153434
2015-11-09,0.7532644122214652,0.7532644122214652,0.7532644122214652,0.7532644122214652,0.7532644122214652,0.7532644122214652,0.7532644122214652,0.7532644122214652,0.7532644122214652,0.7532644122214652,0.7532644122214652,0.7532644122214652,0.7532644122214652,0.7532644122214652,0.7532644122214652
2015-11-10,1.197812387290293,1.197812387290293,1.197812387290293,1.197812387290293,1.197812387290293,1.197812387290293,1.197812387290293,1.197812387290293,1.197812387290293,1.197812387290293,1.197812387290293,1.197812387290293,1.197812387290293,1.197812387290293,1.197812387290293
2015-11-11,1.1943867679927858,1.1943867679927858,1.1943867679927858,1.1943867679927858,1.1943867679927858,1.1943867679927858,1.1943867679927858,1.1943867679927858,1.1943867679927858,1.1943867679927858,1.1943867679927858,1.1943867679927858,1.1943867679927858,1.1943867679927858,1.1943867679927858
2015-11-12,0.8931324395905863,0.8931324395905863,0.8931324395905863,0.8931324395905863,0.8931324395905863,0.8931324395905863,0.8931324395905863,0.8931324395905863,0.8931324395905863,0.8931324395905863,0.8931324395905863,0.8931324395905863,0.8931324395905863,0.8931324395905863,0.8931324395905863
2015-11-13,0.7916019556711363,0.7916019556711363,0.7916019556711363,0.7916019556711363,0.7916019556711363,0.7916019556711363,0.7916019556711363,0.7916019556711363,0.7916019556711363,0.7916019556711363,0.7916019556711363,0.7916019556711363,0.7916019556711363,0.7916019556711363,0.7916019556711363
2015-11-14,0.57227000447254,0.57227000447254,0.57227000447254,0.57227000447254,0.57227000447254,0.57227000447254,0.57227000447254,0.57227000447254,0.57227000447254,0.57227000447254,0.57227000447254,0.57227000447254,0.57227000447254,0.57227000447254,0.57227000447254
2015-11-15,0.22153182032267438,0.22153182032267438,0.22153182032267438,0.22153182032267438,0.22153182032267438,0.22153182032267438,0.22153182032267438,0.22153182032267438,0.22153182032267438,0.22153182032267438,0.22153182032267438,0.22153182032267438,0.22153182032267438,0.22153182032267438,0.22153182032267438
2015-11-16,-0.11133407633186192,-0.11133407633186192,-0.11133407633186192,-0.11133407633186192,-0.11133407633186192,-0.11133407633186192,-0.11133407633186192,-0.11133407633186192,-0.11133407633186192,-0.11133407633186192,-0.11133407633186192,-0.11133407633186192,-0.11133407633186192,-0.11133407633186192,-0.11133407633186192
2015-11-17,-0.010555855282706665,-0.010555855282706665,-0.010555855282706665,-0.010555855282706665,-0.010555855282706665,-0.010555855282706665,-0.010555855282706665,-0.010555855282706665,-0.010555855282706665,-0.010555855282706665,-0.010555855282706665,-0.010555855282706665,-0.010555855282706665,-0.010555855282706665,-0.010555855282706665
2015-11-18,-0.2300323439221406,-0.2300323439221406,-0.2300323439221406,-0.2300323439221406,-0.2300323439221406,-0.2300323439221406,-0.2300323439221406,-0.2300323439221406,-0.2300323439221406,-0.2300323439221406,-0.2300323439221406,-0.2300323439221406,-0.2300323439221406,-0.2300323439221406,-0.2300323439221406
2015-11-19,-0.2580516516976658,-0.2580516516976658,-0.2580516516976658,-0.2580516516976658,-0.2580516516976658,-0.2580516516976658,-0.2580516516976658,-0.2580516516976658,-0.2580516516976658,-0.2580516516976658,-0.2580516516976658,-0.2580516516976658,-0.2580516516976658,-0.2580516516976658,-0.2580516516976658
2015-11-20,-0.1954817442433286,-0.1954817442433286,-0.1954817442433286,-0.1954817442433286,-0.1954817442433286,-0.1954817442433286,-0.1954817442433286,-0.1954817442433286,-0.1954817442433286,-0.1954817442433286,-0.1954817442433286,-0.1954817442433286,-0.1954817442433286,-0.1954817442433286,-0.1954817442433286
2015-11-21,-0.27205260817964283,-0.27205260817964283,-0.27205260817964283,-0.27205260817964283,-0.27205260817964283,-0.27205260817964283,-0.27205260817964283,-0.27205260817964283,-0.27205260817964283,-0.27205260817964283,-0.27205260817964283,-0.27205260817964283,-0.27205260817964283,-0.27205260817964283,-0.27205260817964283
2015-11-22,-0.4994041347581333,-0.4994041347581333,-0.4994041347581333,-0.4994041347581333,-0.4994041347581333,-0.4994041347581333,-0.4994041347581333,-0.4994041347581333,-0.4994041347581333,-0.4994041347581333,-0.4994041347581333,-0.4994041347581333,-0.4994041347581333,-0.4994041347581333,-0.4994041347581333
2015-11-23,-0.39743324079521325,-0.39743324079521325,-0.39743324079521325,-0.39743324079521325,-0.39743324079521325,-0.39743324079521325,-0.39743324079521325,-0.39743324079521325,-0.39743324079521325,-0.39743324079521325,-0.39743324079521325,-0.39743324079521325,-0.39743324079521325,-0.39743324079521325,-0.39743324079521325
2015-11-24,-0.1424991687336462,-0.1424991687336462,-0.1424991687336462,-0.1424991687336462,-0.1424991687336462,-0.1424991687336462,-0.1424991687336462,-0.1424991687336462,-0.1424991687336462,-0.1424991687336462,-0.1424991687336462,-0.1424991687336462,-0.1424991687336462,-0.1424991687336462,-0.1424991687336462
2015-11-25,0.36899264837831786,0.36899264837831786,0.36899264837831786,0.36899264837831786,0.36899264837831786,0.36899264837831786,0.36899264837831786,0.36899264837831786,0.36899264837831786,0.36899264837831786,0.36899264837831786,0.36899264837831786,0.36899264837831786,0.36899264837831786,0.36899264837831786
2015-11-26,0.49970014272196667,0.49970014272196667,0.49970014272196667,0.49970014272196667,0.49970014272196667,0.49970014272196667,0.49970014272196667,0.49970014272196667,0.49970014272196667,0.49970014272196667,0.49970014272196667,0.49970014272196667,0.49970014272196667,0.49970014272196667,0.49970014272196667
2015-11-27,0.62916499429569,0.62916499429569,0.62916499429569,0.62916499429569,0.62916499429569,0.62916499429569,0.62916499429569,0.62916499429569,0.62916499429569,0.62916499429569,0.62916499429569,0.62916499429569,0.62916499429569,0.62916499429569,0.62916499429569
2015-11-28,0.7794329797358573,0.7794329797358573,0.7794329797358573,0.7794329797358573,0.7794329797358573,0.7794329797358573,0.7794329797358573,0.7794329797358573,0.7794329797358573,0.7794329797358573,0.7794329797358573,0.7794329797358573,0.7794329797358573,0.7794329797358573,0.7794329797358573
2015-11-29,0.6749936864407712,0.6749936864407712,0.6749936864407712,0.6749936864407712,0.6749936864407712,0.6749936864407712,0.6749936864407712,0.6749936864407712,0.6749936864407712,0.6749936864407712,0.6749936864407712,0.6749936864407712,0.6749936864407712,0.6749936864407712,0.6749936864407712
2015-11-30,0.6632355856514268,0.6632355856514268,0.6632355856514268,0.6632355856514268,0.6632355856514268,0.6632355856514268,0.6632355856514268,0.6632355856514268,0.6632355856514268,0.6632355856514268,0.6632355856514268,0.6632355856514268,0.6632355856514268,0.6632355856514268,0.6632355856514268
2015-12-01,0.5667555810136439,0.5667555810136439,0.5667555810136439,0.5667555810136439,0.5667555810136439,0.5667555810136439,0.5667555810136439,0.5667555810136439,0.5667555810136439,0.5667555810136439,0.5667555810136439,0.5667555810136439,0.5667555810136439,0.5667555810136439,0.5667555810136439
2015-12-02,0.5353313185885876,0.5353313185885876,0.5353313185885876,0.5353313185885876,0.5353313185885876,0.5353313185885876,0.5353313185885876,0.5353313185885876,0.5353313185885876,0.5353313185885876,0.5353313185885876,0.5353313185885876,0.5353313185885876,0.5353313185885876,0.5353313185885876
2015-12-03,0.2475931921554386,0.2475931921554386,0.2475931921554386,0.2475931921554386,0.2475931921554386,0.2475931921554386,0.2475931921554386,0.2475931921554386,0.2475931921554386,0.2475931921554386,0.2475931921554386,0.2475931921554386,0.2475931921554386,0.2475931921554386,0.2475931921554386
2015-12-04,0.02227631816865718,0.02227631816865718,0.02227631816865718,0.02227631816865718,0.02227631816865718,0.02227631816865718,0.02227631816865718,0.02227631816865718,0.02227631816865718,0.02227631816865718,0.02227631816865718,0.02227631816865718,0.02227631816865718,0.02227631816865718,0.02227631816865718
2015-12-05,0.03685418397767326,0.03685418397767326,0.03685418397767326,0.03685418397767326,0.03685418397767326,0.03685418397767326,0.03685418397767326,0.03685418397767326,0.03685418397767326,0.03685418397767326,0.03685418397767326,0.03685418397767326,0.03685418397767326,0.03685418397767326,0.03685418397767326
2015-12-06,0.36771567272065114,0.36771567272065114,0.36771567272065114,0.36771567272065114,0.36771567272065114,0.36771567272065114,0.36771567272065114,0.36771567272065114,0.36771567272065114,0.36771567272065114,0.36771567272065114,0.36771567272065114,0.36771567272065114,0.36771567272065114,0.36771567272065114
2015-12-07,0.5577103488102044,0.5577103488102044,0.5577103488102044,0.5577103488102044,0.5577103488102044,0.5577103488102044,0.5577103488102044,0.5577103488102044,0.5577103488102044,0.5577103488102044,0.5577103488102044,0.5577103488102044,0.5577103488102044,0.5577103488102044,0.5577103488102044
2015-12-08,0.3219340666350169,0.3219340666350169,0.3219340666350169,0.3219340666350169,0.3219340666350169,0.3219340666350169,0.3219340666350169,0.3219340666350169,0.3219340666350169,0.3219340666350169,0.3219340666350169,0.3219340666350169,0.3219340666350169,0.3219340666350169,0.3219340666350169
2015-12-09,0.5570419875241408,0.5570419875241408,0.5570419875241408,0.5570419875241408,0.5570419875241408,0.5570419875241408,0.5570419875241408,0.5570419875241408,0.5570419875241408,0.5570419875241408,0.5570419875241408,0.5570419875241408,0.5570419875241408,0.5570419875241408,0.5570419875241408
2015-12-10,0.6661570183917885,0.6661570183917885,0.6661570183917885,0.6661570183917885,0.6661570183917885,0.6661570183917885,0.6661570183917885,0.6661570183917885,0.6661570183917885,0.6661570183917885,0.6661570183917885,0.6661570183917885,0.6661570183917885,0.6661570183917885,0.6661570183917885
2015-12-11,0.832918796949289,0.832918796949289,0.832918796949289,0.832918796949289,0.832918796949289,0.832918796949289,0.832918796949289,0.832918796949289,0.832918796949289,0.832918796949289,0.832918796949289,0.832918796949289,0.832918796949289,0.832918796949289,0.832918796949289
2015-12-12,0.4901774489247413,0.5543603947472138,0.46251566813387807,0.6171354088509824,0.6051815478163324,0.46731152546841603,0.5216663643262347,0.6088555171723602,0.5018651521856551,0.48678159944204663,0.549177522506429,0.4581885157896226,0.5781470578484942,0.4938940504744574,0.5897709727612341
2015-12-13,0.634762709449101,0.7184613999603522,0.6088613465587268,0.9203888222451062,0.7198278085970369,0.7689115808633084,0.6991199662819838,0.8267080057977353,0.788176170915009,0.7540600164877743,0.7947675943701005,0.7014221580034846,0.6284863861003616,0.7254383040444864,0.768120885895771
2015-12-14,0.8529016526801794,0.9025856812490636,0.7249402066153211,1.064666535943426,0.7486916969200295,0.8443877068180392,0.9815576463200404,0.8477627837095127,0.7942685955999058,0.8930477872357783,0.798488638846865,0.8758793694958575,0.7663740587644562,0.7735526910993302,1.0291621109129891
2015-12-15,0.9307659136583215,0.9757858083012682,0.7830968689809605,0.9689224245265772,0.7277560097250857,0.8162641450290645,1.2596763413931726,0.9369913258262065,0.7996682401637552,1.034012338701567,0.8633661991463213,0.8626849318043508,0.8004110871944264,0.8376978692556671,1.0648877880291665
2015-12-16,1.077188210643258,1.145782948454495,0.8657064956831692,1.0011408717657182,0.8252256892454699,0.9188661203413634,1.2940154495948033,0.9559057670602563,0.9214329957533615,1.1138054281651575,0.9273144139978174,1.1247082710882494,1.0772763952720357,0.9824797991783669,1.1773606371915752
2015-12-17,1.0925278967383885,1.2406953315808682,0.9303445484073739,0.9415822923084868,0.9566075909370247,0.8991494780837288,1.399042216381695,1.0129214745912893,0.8963041641849979,0.9775764871296738,1.0176982434364774,1.115822710020184,1.0523339579428548,0.7659933703723428,1.2245155355927195
2015-12-18,1.1179687071373452,1.2559599434991187,0.993661603802464,0.5343988203964011,1.2160461667809201,0.8792292298663171,1.4089507877213074,1.0781213744606755,0.9155793431741291,0.8126937254128791,0.8593959385036898,0.940683940436362,1.0884957537903828,0.5410842399071971,1.4638223290491565
2015-12-19,1.2274535978321504,1.4178479996768425,0.9826453273170432,0.36357199661269424,0.9933062518658207,0.8610889318919438,1.5547385073873174,0.9103956830429362,0.8763799310162564,0.7813218383786292,0.8405050144360191,1.0234892536408757,1.1148132231388526,0.44371608984880406,1.5974200822226414
2015-12-20,1.2442524876982206,1.477309471238784,1.209519226315099,0.18524434473227963,0.7416944722701513,0.7547872838127979,1.180330288898718,0.9248388893349981,0.9190904484471215,0.5502512704156066,0.8097767968543794,1.0746371284021183,1.25963942375981,0.24606434040778094,1.603626834902334
2015-12-21,1.1265103898526914,1.3745923925258372,0.9536736000329985,0.008592363071198874,0.6329468360152768,0.40698419509561795,0.772955074765683,0.4279463001389841,0.5203937931672356,0.07568181068614888,0.4377206931853349,0.3666392617223368,0.786306345124618,-0.050486570662905704,1.4590628789339757
2015-12-22,0.7433121782823721,0.8384223598187232,0.41728420450784115,-0.31437366867125616,0.523262949535793,-0.09340880505458131,0.3109424016331432,0.08902834407791088,0.007685597800003393,-0.13533156773602056,0.03993091981904863,-0.061098072749167086,0.33682791080702806,-0.48450761065032194,1.1628313265611816
2015-12-23,0.46364832439013887,0.5098437290253023,0.03009570637437381,-0.6092772718187733,0.3214600232056184,-0.2189768600868745,-0.1946585033081994,-0.1691177298997499,-0.4387546211824664,-0.6429435408966063,-0.295437478617722,-0.15926176189212055,-0.30646333405611664,-0.4638220726412886,0.516249656168291
2015-12-24,0.23805732613659678,0.5197315478225258,-0.5416834751403355,-0.8182256507664349,0.08625371401637581,-0.3550715019794279,-0.2826818303435207,-0.209844751168134,-0.678743947740803,-0.7969672290783935,-0.5920047155221682,-0.22045520279066932,-0.4856227511358339,-0.5586280994561621,0.3369876152401533
2015-12-25,-0.019736871581324842,0.34765045788593213,-0.4537094838420985,-1.1997592551399998,-0.4567624053516526,-0.5559913709726578,-0.14532967239224467,-0.15121198256844434,-0.8960738314733631,-1.0855242453159044,-1.0339161467448583,-0.09527900014407274,-0.17710642732093096,-0.8738619698861234,0.2213335607088799
2015-12-26,-0.1888732707850199,0.5035559294517566,-0.04977182709599511,-1.1227909648275602,-0.8431588557368452,-0.5047975955718425,-0.0766751381529184,-0.16030711337806627,-0.7688942101728501,-0.7612712862594146,-0.9276603560090592,0.2532906753218883,-0.04003062830473681,-0.8822747426885146,0.6039681408844401
2015-12-27,-0.13441760721497745,0.6158222378196205,0.012646284304401935,-0.8130035143007605,-0.7003952965632612,-0.05591912228325897,0.12161217860658649,-0.22849988890724596,-0.5767023865026129,-0.6308341089987981,-0.6602486454793532,0.39180086170276834,0.044569896336077955,-0.7930480913020288,0.8550394803824249
2015-12-28,-0.06800685319930469,0.5541447540805328,0.4450608507226934,-0.8596681093836259,-0.8329413405974398,0.039598556643345245,0.20924787245664586,-0.43436581760583004,-0.43374967390517616,-0.5326923121780369,-0.5378225719554852,0.4168217739008496,0.2834044132363534,-0.6103426763503467,0.9720208322548056
2015-12-29,-0.33003084379321407,0.24359565636797978,0.860700294201654,-0.8133117571467439,-0.7587413671691486,0.321182959816722,0.17894730429036473,-0.5323417894365946,-0.2811851891288161,-0.35285238922978673,-0.3633179809642079,0.525543993256621,0.6356300467236649,-0.14080160870864236,0.8331250655950275
2015-12-30,-0.6200410165626029,0.17350983350620366,0.9958030007879923,-0.5063549357564159,-0.691412437686604,0.4413635125763522,-0.07095031827283582,-0.37517010094539105,0.02448151352985325,-0.4383638651196221,-0.25674555652656134,0.027808771131724246,0.33596340294210875,0.4610888291473036,0.7592440760650438
2015-12-31,-0.686263400708043,0.22684682174528964,0.6681944082937011,-0.3382529353318282,-0.6739725619373232,0.3548170926954926,-0.32308669026599635,-0.19881245856712204,0.2035333505130597,-0.09812547792737113,-0.18225422391398732,-0.2595871843485219,0.08148595228584775,0.5715139434389627,0.8054064626613978
2016-01-01,-0.5364506053882524,0.14162382054847117,0.5146293258792994,-0.6156543845135594,-0.5861892144282781,0.22399919038863073,-0.6388295428611218,0.017556729701718635,0.60268472919584,-0.3124183118923428,0.20778160896826414,-0.5756157320150139,-0.08568466791589528,0.2697687744723893,0.6932142031663173
2016-01-02,-0.18834704216141865,-0.07804286941929224,0.43870602262746367,-0.7544356575547675,-0.4997325051911712,0.1509387588879724,-0.9257966845155297,-0.025961578350549755,0.9983796205738887,-0.6912502451256795,0.3344349831740006,-0.2510003547284919,-0.6221890797696923,0.06121997754084415,0.5275237792438389
2016-01-03,0.05559390306395799,-0.08129760026217553,0.13698177431190928,-0.8438925387715288,-0.44698595686340176,0.18612237291600353,-0.8797706268369547,0.06422295998348872,1.3813156642595164,-0.8925704331522276,0.731900209858175,-0.10118347885502996,-1.1858341608788148,0.28496640488116015,0.2617567896760861
2016-01-04,-0.10840971790063988,0.26615279397368474,-0.03152625058380871,-0.8759793252761963,-0.3446627340618995,0.14011909311370402,-1.1057905220494502,-0.06383388954118058,1.5369892081542933,-1.026910807494551,0.42288709597496477,0.07353998383837472,-1.85454067258597,0.6704044196339688,0.10036319940923909
2016-01-05,-0.23078728802866527,0.41250150783498435,-0.37797048352308404,-1.1387407630262227,-0.4958015536285502,-0.08549447843546759,-1.1572729766510896,-0.061057948427816096,1.4027027837044623,-1.0590578266668866,0.1608594369438367,-0.07940959643994004,-2.1153247302612153,0.6824697767237374,0.01239533883897561
2016-01-06,-0.20642668348356885,0.03318110038264112,-0.8266679281079821,-0.9595331368923219,-0.44305440745197283,-0.39060350276597927,-0.8886011511501873,-0.10156397190444694,1.5713827606158464,-1.2141620444769752,0.12288253171531835,-0.04208635245682012,-2.0256758140959166,0.7640632486208958,-0.11935333860504933
2016-01-07,-0.28617815465477286,0.029355736478791035,-0.8892840946771516,-0.743473670298256,-0.2518269043639701,-0.7529222882154869,-0.7410627086090228,-0.2946450608674153,1.400394497397957,-1.2432618457588334,-0.4009389323599643,-0.20977795108779257,-1.844157147372253,0.8211120028687063,-0.4623372407827892
2016-01-08,-0.41144835378573175,-0.024368875200157857,-0.8368903655957067,-0.42304427988089177,-0.2332268255852311,-0.886855401608586,-0.8257912976738836,-0.7008448836184346,1.0525545684390951,-1.318712425736483,-0.38265822938160204,-0.05179295145196743,-1.4429272207026584,0.6797600104755906,-0.6309704548857307
2016-01-09,-0.7142211138075043,-0.35215969541235104,-0.8331557175859565,-0.3016819301169361,-0.39506177835586775,-0.772155019065141,-0.667333611398642,-0.6486021827099504,0.6122192409884464,-1.3432717226140123,-0.4722816772484039,0.15468911247462205,-1.2653490165893078,0.29290616795531227,-1.0305837638334803
2016-01-10,-0.6618682587688717,-0.3431948706353307,-0.8236752483251768,-0.29127932403291695,-0.28894528506830014,-1.0033767145544512,-0.785633711736096,-0.6080738740460788,0.3944959634380825,-1.2945288193457616,-0.3302956523011565,0.7025959299282,-0.9931036658556645,0.18650352222278807,-1.4249285435878933
2016-01-11,-0.798068334150455,-0.5646227741023161,-0.9680725460293026,-0.5348160872703694,-0.09041134685645845,-1.1095263009465182,-0.6495323746335818,-0.7804582472951227,0.37514903526667787,-1.3422719906204394,-0.5342720104718053,0.9219965627109,-0.6723158513198171,0.1998069806616469,-1.7230746195879867
2016-01-12,-0.9550386726324285,-0.7674970823405476,-0.7619565709192483,-0.5986599196025936,-0.09073734585551964,-1.2536050933286158,-0.6282427377505577,-0.9991353288909555,0.002869461296230487,-1.0904679278642144,-0.9905961550608359,0.9844858074024633,-0.6160295995765417,0.533693336881623,-1.8722289757987234
2016-01-13,-1.0650803616577604,-1.41307064636015,-0.49910691798858176,-0.555324455633569,0.17715236966995362,-1.276626835576367,-0.6353556280113947,-0.9932132959169645,-0.11157727437282822,-0.8955925780878207,-1.4620784098049378,0.6240478837369675,-0.3560397549191659,0.08189606658412127,-1.9462299200915583
2016-01-14,-0.9436770580462184,-1.5071693817225909,-0.3529074384530086,-0.4164737294219167,0.4091477865660348,-1.2728160849642582,-0.58015480251593,-0.9067943066452271,-0.13724212246546638,-0.8057751001886574,-1.5748022430617952,0.2689830101514074,-0.24199474608097576,-0.3986119797989993,-1.8075463546330597
2016-01-15,-0.654898521008041,-1.350056010006718,-0.4513129524138569,-0.3825951936117779,0.6843123568534443,-0.8021725292732472,-0.32663311419831303,-1.1198412973747651,0.014408748575511485,-1.050506339596943,-1.5944105447164536,-0.09200903266335188,-0.26974595540424645,-0.5100759557741659,-1.493761469292524
2016-01-16,-0.3466398107580349,-1.379073239438265,-0.538607962581121,-0.1961127214608776,0.4491986671365899,-0.33075513482536995,-0.19945411151821807,-1.165880965143725,0.08626838486744823,-1.269404223409069,-1.5552228353508006,0.19326794868776606,-0.4810892250180088,-0.39251568356129773,-1.2296330268156186
2016-01-17,-0.3391194399993151,-1.2167480313330152,-0.617726384777521,-0.1172046362271069,-0.2475109814762656,-0.12263256115446514,0.027641103451566496,-0.7357056221084134,-0.31427910161666306,-1.062060583657273,-1.1840864151519956,0.05599511044147159,-0.5237004330059158,-0.2925121241845205,-1.0886342176083377
2016-01-18,-0.30581275255340595,-1.1403070070779435,-0.7110997879782227,0.07552782160557495,-0.540541995813803,0.40269017801630047,0.18290481427287678,-0.2723840712844322,-0.4002795061816618,-1.0905967475577572,-0.7812758441492579,-0.09846739232878722,-0.6195857375202449,-0.2845911667568041,-0.9370123183083932
2016-01-19,-0.2150538709515565,-0.8942439920387646,-0.5356001152475409,0.234411785751523,-0.848876764562035,0.8271886576070977,0.2451088329523125,0.34580116650925113,-0.4664648434252621,-1.323720155556979,-0.4718368717375869,-0.2632100284670817,-0.5480266001765633,-0.5624393110139473,-0.6835754632989397
2016-01-20,-0.4286228359829608,-1.1150468621340834,-0.251115774060688,0.43560613110064267,-0.5406071766785707,0.8879991513211658,0.16276297113889374,0.029843063852555425,-0.34902834541087996,-1.4609943348398395,-0.6557022611545223,-0.37387983572921096,-0.7455513702971363,-0.21252915879728682,-0.7387589715518931
2016-01-21,-0.27362097353075804,-1.252962653657211,-0.20427272063332,0.5193134412422464,-0.5722671692361723,0.3652005797328058,-0.16148022486639466,-0.26037896841553543,-0.23563016561872438,-1.6420098110338621,-0.5707284575728234,-0.6169386216840481,-0.6823101580917409,0.09836323967853884,-1.1811609304458057
2016-01-22,-0.2934742542560857,-1.573125153872132,-0.5254197258277364,0.36741952746834766,-0.30142812444241757,0.6472360633230884,-0.40132100014228866,-0.17684368305834972,-0.2409298891554397,-1.8892261923278084,-0.756857187166425,-0.9796587309759206,-0.8124091490204702,-0.05697650150462118,-1.8902182589015402
2016-01-23,-0.04838620180774379,-1.5422932932538278,-0.4167905134007993,0.5201129484311338,-0.15546340681220575,0.5711716911797308,-0.6361214863620714,-0.378542305401626,-0.25840708580103944,-1.6333034306971859,-0.40623762991717605,-0.8859564063642642,-0.8507059783227597,-0.3644974759126181,-2.048908904449969
2016-01-24,0.3361891147283614,-1.4999999378096605,-0.2487134731495494,0.7614902572593681,-0.06078391656423628,0.9123950925129298,-0.36257827861451447,-0.7468274136988489,0.04140026850023611,-1.2632646739061983,-0.2794601044612808,-0.5725768699047323,-0.6209588247757227,-0.47501747888637175,-1.8690256211831806
2016-01-25,0.5239700488306658,-1.2730123419905781,-0.2711033764092887,0.9140983316808148,-0.06976960139420607,1.1599982188711977,-0.243652214469401,-0.8258094266101227,0.45952031777144087,-1.2081055690839715,-0.25890832955485726,-0.19543508929783268,-0.41280896005226386,-0.3848925450024832,-2.256098554298235
2016-01-26,0.3664491222161429,-1.0153569793900463,-0.600071748256101,0.9217449791680139,0.15586033933195478,1.2778644335445506,-0.056028083761406076,-0.6588730755661006,0.4783583169118894,-1.028069511208909,-0.3890677744057971,0.2562375908472046,-0.6174785605509897,-0.5390909896141963,-2.4511596384787544
2016-01-27,0.0024588205571023196,-0.9130598124299041,-0.637864137790721,0.6988056434823312,0.33280184436775073,1.4549130763725602,-0.1613412464270362,-0.6408987160053587,0.5544807143958838,-0.6936245845820415,-0.42178517960823314,0.2678124896673471,-1.0706068702919698,-0.5954753973402659,-2.61564777235581
2016-01-28,-0.36882147868896753,-0.43019355714717117,-0.7869563953614455,0.79047311182619,0.18321137208693858,1.4812135145251035,-0.07444561995984858,-0.2378538784666993,0.8963637707930758,-0.5142603745013268,0.13762884195834219,0.2586027238468832,-0.9784553056105958,-0.5384050525263588,-2.574707979214677
2016-01-29,-0.47541998253415413,-0.1070780024269744,-0.7738810641576097,0.5867070986543061,0.04375556538660889,1.6529569334718097,0.27742243697045577,0.18841678413636073,0.7390289831739746,-0.2867496556098536,0.45532133101336436,0.01726589607446968,-1.0339149219228192,-0.3881795122304903,-2.115937984870609
2016-01-30,-0.4459947482077616,-0.07279964081007548,-0.9547342974049743,0.435551290720279,0.28953728168090054,1.385412288579337,0.5235463321979925,0.4632699330969531,0.3373970563997457,-0.3600124334906495,0.5606206621180585,-0.19987393673529072,-1.1644065667240378,-0.1859422033405391,-1.4449603818391752
2016-01-31,-0.11826129128937893,-0.11788653163756443,-0.912164089881096,0.5605466521745612,0.5905234484590612,1.230531393714573,0.6503795793902246,0.6298542059637546,-0.1251629450888506,-0.6208487566340557,0.496526514999015,-0.3110605893169675,-1.0300467030522402,-0.38716763419783995,-1.0496169384064509
2016-02-01,0.2165284351513537,-0.10256413672849286,-0.42863241602362445,0.9051615139310809,0.8103238889502172,0.9063344503672055,0.6361623430860599,0.6741372094154754,-0.5941894647944191,-0.5611872011951172,0.3358760684515369,-0.35610193497092,-0.7360645364592249,-0.479805503849765,-0.5734753243008218
2016-02-02,0.47419329158963086,0.1272612719084279,-0.08306959821723169,1.3020779874293704,1.1122252299855448,0.6856030360930321,0.977639370538347,0.6198950443231853,-0.712056857801441,-0.34758294171292076,0.07145613549619298,-0.34979571194792414,-0.6572864895049974,-0.6571706498830144,-0.26083524718536466
2016-02-03,0.7624391979250654,0.5970289336295937,0.39985369650574704,1.3164478707827376,0.9997721668469377,0.4276116940762283,1.206935719960356,0.7183952110971533,-0.834665907192011,-0.4140430141517977,-0.11205512122311188,-0.23441822980586016,-0.5054383356649672,-0.5090683440548923,0.16207184278640208
2016-02-04,0.8231651737247017,0.6660563529609886,0.8179081553468242,1.187921787480641,0.945107869708981,0.0576085579884118,1.11437691654354,0.8531847063144571,-0.8679660508752662,-0.4396539643208516,-0.0578183646391051,-0.5922188959830128,-0.43279431128114043,-0.2642495496025487,0.45139374015391814
2016-02-05,0.5611234833145765,0.6530672773340982,0.9065863368538933,1.0117174502874022,0.6348552847970625,0.025103060362128355,0.8068187575457917,0.9545513757597541,-1.129687650622886,-0.533881426081745,-0.10918865583424193,-0.925908302858985,-0.5276807045459071,-0.008612055651911926,0.18671132030216747
2016-02-06,0.5207599568012766,0.6905256886512303,1.266100643130419,0.5366835211581015,0.6578275929789814,0.08178605152896255,0.5518732964437757,0.9562834339893997,-1.188231969472174,-0.6168809155044778,-0.12766726323259128,-1.1208898358587096,-0.18396326886756106,-0.03553710521560594,-0.12834540881163428
2016-02-07,0.6704367796327847,0.9662902477054737,1.4210262932875002,0.0375602653430341,0.6598657614214697,0.32474838129744527,0.3675374074386907,1.2275215446212016,-1.2109280271606642,-0.6306592253822951,-0.3101091836715881,-0.9050897451196067,-0.09241464638051645,-0.39408294132895094,-0.23848374589272905
2016-02-08,0.7099869459573925,1.0156063127278316,1.532386874250676,-0.16322518017383997,0.6156206398429753,0.6884585676181947,0.0794100493704665,1.3128044971385908,-1.2147158721245996,-0.17442767560977912,-0.4124060901381576,-0.9179553140429605,0.036387154189322424,-0.307112866452411,-0.1628147652266588
2016-02-09,0.8094235761402606,0.9821918186518803,1.4093116464929019,-0.42799306600385345,0.2983528331611649,0.9205903359664588,0.07926662472302545,1.6510446085808317,-1.2542155024166421,0.028270911527537697,-0.13950480233882517,-1.3354591059839895,0.12597839006145717,-0.38005756435922,0.15782002351585406
2016-02-10,0.638764181732628,0.656334271043147,1.2382123620025816,-0.6082571424107166,0.036497853135719883,1.3769450060184822,-0.2684337821185345,1.6053821036199345,-1.1044724456885227,0.45723277976777926,-0.028876323689949572,-1.4392319188773794,0.1540647210635553,-0.13525984065376317,0.21883252541974058
