,1,2,3,4,5,6,7,8,9,10,11,12,13,14,15
2015-10-08,-0.48296258190009994,-0.48296258190009994,-0.48296258190009994,-0.48296258190009994,-0.48296258190009994,-0.48296258190009994,-0.48296258190009994,-0.48296258190009994,-0.48296258190009994,-0.48296258190009994,-0.48296258190009994,-0.48296258190009994,-0.48296258190009994,-0.48296258190009994,-0.48296258190009994
2015-10-09,-0.3884789037779207,-0.3884789037779207,-0.3884789037779207,-0.3884789037779207,-0.3884789037779207,-0.3884789037779207,-0.3884789037779207,-0.3884789037779207,-0.3884789037779207,-0.3884789037779207,-0.3884789037779207,-0.3884789037779207,-0.3884789037779207,-0.3884789037779207,-0.3884789037779207
2015-10-10,-0.21088795193372364,-0.21088795193372364,-0.21088795193372364,-0.21088795193372364,-0.21088795193372364,-0.21088795193372364,-0.21088795193372364,-0.21088795193372364,-0.21088795193372364,-0.21088795193372364,-0.21088795193372364,-0.21088795193372364,-0.21088795193372364,-0.21088795193372364,-0.21088795193372364
2015-10-11,-0.009811874038614166,-0.009811874038614166,-0.009811874038614166,-0.009811874038614166,-0.009811874038614166,-0.009811874038614166,-0.009811874038614166,-0.009811874038614166,-0.009811874038614166,-0.009811874038614166,-0.009811874038614166,-0.009811874038614166,-0.009811874038614166,-0.009811874038614166,-0.009811874038614166
2015-10-12,-0.04587862551320026,-0.04587862551320026,-0.04587862551320026,-0.04587862551320026,-0.04587862551320026,-0.04587862551320026,-0.04587862551320026,-0.04587862551320026,-0.04587862551320026,-0.04587862551320026,-0.04587862551320026,-0.04587862551320026,-0.04587862551320026,-0.04587862551320026,-0.04587862551320026
2015-10-13,-0.12613723057273094,-0.12613723057273094,-0.12613723057273094,-0.12613723057273094,-0.12613723057273094,-0.12613723057273094,-0.12613723057273094,-0.12613723057273094,-0.12613723057273094,-0.12613723057273094,-0.12613723057273094,-0.12613723057273094,-0.12613723057273094,-0.12613723057273094,-0.12613723057273094
2015-10-14,-0.2394567466209369,-0.2394567466209369,-0.2394567466209369,-0.2394567466209369,-0.2394567466209369,-0.2394567466209369,-0.2394567466209369,-0.2394567466209369,-0.2394567466209369,-0.2394567466209369,-0.2394567466209369,-0.2394567466209369,-0.2394567466209369,-0.2394567466209369,-0.2394567466209369
2015-10-15,-0.22023592193477176,-0.22023592193477176,-0.22023592193477176,-0.22023592193477176,-0.22023592193477176,-0.22023592193477176,-0.22023592193477176,-0.22023592193477176,-0.22023592193477176,-0.22023592193477176,-0.22023592193477176,-0.22023592193477176,-0.22023592193477176,-0.22023592193477176,-0.22023592193477176
2015-10-16,-0.1304527068780949,-0.1304527068780949,-0.1304527068780949,-0.1304527068780949,-0.1304527068780949,-0.1304527068780949,-0.1304527068780949,-0.1304527068780949,-0.1304527068780949,-0.1304527068780949,-0.1304527068780949,-0.1304527068780949,-0.1304527068780949,-0.1304527068780949,-0.1304527068780949
2015-10-17,-0.22001644671632276,-0.22001644671632276,-0.22001644671632276,-0.22001644671632276,-0.22001644671632276,-0.22001644671632276,-0.22001644671632276,-0.22001644671632276,-0.22001644671632276,-0.22001644671632276,-0.22001644671632276,-0.22001644671632276,-0.22001644671632276,-0.22001644671632276,-0.22001644671632276
2015-10-18,-0.5161484974634825,-0.5161484974634825,-0.5161484974634825,-0.5161484974634825,-0.5161484974634825,-0.5161484974634825,-0.5161484974634825,-0.5161484974634825,-0.5161484974634825,-0.5161484974634825,-0.5161484974634825,-0.5161484974634825,-0.5161484974634825,-0.5161484974634825,-0.5161484974634825
2015-10-19,-0.5947857446041962,-0.5947857446041962,-0.5947857446041962,-0.5947857446041962,-0.5947857446041962,-0.5947857446041962,-0.5947857446041962,-0.5947857446041962,-0.5947857446041962,-0.5947857446041962,-0.5947857446041962,-0.5947857446041962,-0.5947857446041962,-0.5947857446041962,-0.5947857446041962
2015-10-20,-0.49672296690015044,-0.49672296690015044,-0.49672296690015044,-0.49672296690015044,-0.49672296690015044,-0.49672296690015044,-0.49672296690015044,-0.49672296690015044,-0.49672296690015044,-0.49672296690015044,-0.49672296690015044,-0.49672296690015044,-0.49672296690015044,-0.49672296690015044,-0.49672296690015044
2015-10-21,-0.823802839421912,-0.823802839421912,-0.823802839421912,-0.823802839421912,-0.823802839421912,-0.823802839421912,-0.823802839421912,-0.823802839421912,-0.823802839421912,-0.823802839421912,-0.823802839421912,-0.823802839421912,-0.823802839421912,-0.823802839421912,-0.823802839421912
2015-10-22,-1.1442833945546473,-1.1442833945546473,-1.1442833945546473,-1.1442833945546473,-1.1442833945546473,-1.1442833945546473,-1.1442833945546473,-1.1442833945546473,-1.1442833945546473,-1.1442833945546473,-1.1442833945546473,-1.1442833945546473,-1.1442833945546473,-1.1442833945546473,-1.1442833945546473
2015-10-23,-1.1650109760994558,-1.1650109760994558,-1.1650109760994558,-1.1650109760994558,-1.1650109760994558,-1.1650109760994558,-1.1650109760994558,-1.1650109760994558,-1.1650109760994558,-1.1650109760994558,-1.1650109760994558,-1.1650109760994558,-1.1650109760994558,-1.1650109760994558,-1.1650109760994558
2015-10-24,-1.636992409706105,-1.636992409706105,-1.636992409706105,-1.636992409706105,-1.636992409706105,-1.636992409706105,-1.636992409706105,-1.636992409706105,-1.636992409706105,-1.636992409706105,-1.636992409706105,-1.636992409706105,-1.636992409706105,-1.636992409706105,-1.636992409706105
2015-10-25,-1.772498738304131,-1.772498738304131,-1.772498738304131,-1.772498738304131,-1.772498738304131,-1.772498738304131,-1.772498738304131,-1.772498738304131,-1.772498738304131,-1.772498738304131,-1.772498738304131,-1.772498738304131,-1.772498738304131,-1.772498738304131,-1.772498738304131
2015-10-26,-1.7610272926338253,-1.7610272926338253,-1.7610272926338253,-1.7610272926338253,-1.7610272926338253,-1.7610272926338253,-1.7610272926338253,-1.7610272926338253,-1.7610272926338253,-1.7610272926338253,-1.7610272926338253,-1.7610272926338253,-1.7610272926338253,-1.7610272926338253,-1.7610272926338253
2015-10-27,-1.6161459696549114,-1.6161459696549114,-1.6161459696549114,-1.6161459696549114,-1.6161459696549114,-1.6161459696549114,-1.6161459696549114,-1.6161459696549114,-1.6161459696549114,-1.6161459696549114,-1.6161459696549114,-1.6161459696549114,-1.6161459696549114,-1.6161459696549114,-1.6161459696549114
2015-10-28,-1.5103289408086957,-1.5103289408086957,-1.5103289408086957,-1.5103289408086957,-1.5103289408086957,-1.5103289408086957,-1.5103289408086957,-1.5103289408086957,-1.5103289408086957,-1.5103289408086957,-1.5103289408086957,-1.5103289408086957,-1.5103289408086957,-1.5103289408086957,-1.5103289408086957
2015-10-29,-1.3625285996140797,-1.3625285996140797,-1.3625285996140797,-1.3625285996140797,-1.3625285996140797,-1.3625285996140797,-1.3625285996140797,-1.3625285996140797,-1.3625285996140797,-1.3625285996140797,-1.3625285996140797,-1.3625285996140797,-1.3625285996140797,-1.3625285996140797,-1.3625285996140797
2015-10-30,-1.1660064794516012,-1.1660064794516012,-1.1660064794516012,-1.1660064794516012,-1.1660064794516012,-1.1660064794516012,-1.1660064794516012,-1.1660064794516012,-1.1660064794516012,-1.1660064794516012,-1.1660064794516012,-1.1660064794516012,-1.1660064794516012,-1.1660064794516012,-1.1660064794516012
2015-10-31,-0.8604460017591603,-0.8604460017591603,-0.8604460017591603,-0.8604460017591603,-0.8604460017591603,-0.8604460017591603,-0.8604460017591603,-0.8604460017591603,-0.8604460017591603,-0.8604460017591603,-0.8604460017591603,-0.8604460017591603,-0.8604460017591603,-0.8604460017591603,-0.8604460017591603
2015-11-01,-0.487184498985986,-0.487184498985986,-0.487184498985986,-0.487184498985986,-0.487184498985986,-0.487184498985986,-0.487184498985986,-0.487184498985986,-0.487184498985986,-0.487184498985986,-0.487184498985986,-0.487184498985986,-0.487184498985986,-0.487184498985986,-0.487184498985986
2015-11-02,-0.40462710674075364,-0.40462710674075364,-0.40462710674075364,-0.40462710674075364,-0.40462710674075364,-0.40462710674075364,-0.40462710674075364,-0.40462710674075364,-0.40462710674075364,-0.40462710674075364,-0.40462710674075364,-0.40462710674075364,-0.40462710674075364,-0.40462710674075364,-0.40462710674075364
2015-11-03,-0.20574673396408136,-0.20574673396408136,-0.20574673396408136,-0.20574673396408136,-0.20574673396408136,-0.20574673396408136,-0.20574673396408136,-0.20574673396408136,-0.20574673396408136,-0.20574673396408136,-0.20574673396408136,-0.20574673396408136,-0.20574673396408136,-0.20574673396408136,-0.20574673396408136
2015-11-04,-0.13793395203456776,-0.13793395203456776,-0.13793395203456776,-0.13793395203456776,-0.13793395203456776,-0.13793395203456776,-0.13793395203456776,-0.13793395203456776,-0.13793395203456776,-0.13793395203456776,-0.13793395203456776,-0.13793395203456776,-0.13793395203456776,-0.13793395203456776,-0.13793395203456776
2015-11-05,0.07748005565021776,0.07748005565021776,0.07748005565021776,0.07748005565021776,0.07748005565021776,0.07748005565021776,0.07748005565021776,0.07748005565021776,0.07748005565021776,0.07748005565021776,0.07748005565021776,0.07748005565021776,0.07748005565021776,0.07748005565021776,0.07748005565021776
2015-11-06,0.37580455359927717,0.37580455359927717,0.37580455359927717,0.37580455359927717,0.37580455359927717,0.37580455359927717,0.37580455359927717,0.37580455359927717,0.37580455359927717,0.37580455359927717,0.37580455359927717,0.37580455359927717,0.37580455359927717,0.37580455359927717,0.37580455359927717
2015-11-07,0.38657728711201983,0.38657728711201983,0.38657728711201983,0.38657728711201983,0.38657728711201983,0.38657728711201983,0.38657728711201983,0.38657728711201983,0.38657728711201983,0.38657728711201983,0.38657728711201983,0.38657728711201983,0.38657728711201983,0.38657728711201983,0.38657728711201983
2015-11-08,0.31603969745223753,0.31603969745223753,0.31603969745223753,0.31603969745223753,0.31603969745223753,0.31603969745223753,0.31603969745223753,0.31603969745223753,0.31603969745223753,0.31603969745223753,0.31603969745223753,0.31603969745223753,0.31603969745223753,0.31603969745223753,0.31603969745223753
2015-11-09,0.5087266905583594,0.5087266905583594,0.5087266905583594,0.5087266905583594,0.5087266905583594,0.5087266905583594,0.5087266905583594,0.5087266905583594,0.5087266905583594,0.5087266905583594,0.5087266905583594,0.5087266905583594,0.5087266905583594,0.5087266905583594,0.5087266905583594
2015-11-10,0.953274665627187,0.953274665627187,0.953274665627187,0.953274665627187,0.953274665627187,0.953274665627187,0.953274665627187,0.953274665627187,0.953274665627187,0.953274665627187,0.953274665627187,0.953274665627187,0.953274665627187,0.953274665627187,0.953274665627187
2015-11-11,0.9498490463296794,0.9498490463296794,0.9498490463296794,0.9498490463296794,0.9498490463296794,0.9498490463296794,0.9498490463296794,0.9498490463296794,0.9498490463296794,0.9498490463296794,0.9498490463296794,0.9498490463296794,0.9498490463296794,0.9498490463296794,0.9498490463296794
2015-11-12,0.6485947179274801,0.6485947179274801,0.6485947179274801,0.6485947179274801,0.6485947179274801,0.6485947179274801,0.6485947179274801,0.6485947179274801,0.6485947179274801,0.6485947179274801,0.6485947179274801,0.6485947179274801,0.6485947179274801,0.6485947179274801,0.6485947179274801
2015-11-13,0.5470642340080304,0.5470642340080304,0.5470642340080304,0.5470642340080304,0.5470642340080304,0.5470642340080304,0.5470642340080304,0.5470642340080304,0.5470642340080304,0.5470642340080304,0.5470642340080304,0.5470642340080304,0.5470642340080304,0.5470642340080304,0.5470642340080304
2015-11-14,0.32773228280943373,0.32773228280943373,0.32773228280943373,0.32773228280943373,0.32773228280943373,0.32773228280943373,0.32773228280943373,0.32773228280943373,0.32773228280943373,0.32773228280943373,0.32773228280943373,0.32773228280943373,0.32773228280943373,0.32773228280943373,0.32773228280943373
2015-11-15,-0.023005901340431793,-0.023005901340431793,-0.023005901340431793,-0.023005901340431793,-0.023005901340431793,-0.023005901340431793,-0.023005901340431793,-0.023005901340431793,-0.023005901340431793,-0.023005901340431793,-0.023005901340431793,-0.023005901340431793,-0.023005901340431793,-0.023005901340431793,-0.023005901340431793
2015-11-16,-0.35587179799496793,-0.35587179799496793,-0.35587179799496793,-0.35587179799496793,-0.35587179799496793,-0.35587179799496793,-0.35587179799496793,-0.35587179799496793,-0.35587179799496793,-0.35587179799496793,-0.35587179799496793,-0.35587179799496793,-0.35587179799496793,-0.35587179799496793,-0.35587179799496793
2015-11-17,-0.255093576945813,-0.255093576945813,-0.255093576945813,-0.255093576945813,-0.255093576945813,-0.255093576945813,-0.255093576945813,-0.255093576945813,-0.255093576945813,-0.255093576945813,-0.255093576945813,-0.255093576945813,-0.255093576945813,-0.255093576945813,-0.255093576945813
2015-11-18,-0.4745700655852462,-0.4745700655852462,-0.4745700655852462,-0.4745700655852462,-0.4745700655852462,-0.4745700655852462,-0.4745700655852462,-0.4745700655852462,-0.4745700655852462,-0.4745700655852462,-0.4745700655852462,-0.4745700655852462,-0.4745700655852462,-0.4745700655852462,-0.4745700655852462
2015-11-19,-0.5025893733607717,-0.5025893733607717,-0.5025893733607717,-0.5025893733607717,-0.5025893733607717,-0.5025893733607717,-0.5025893733607717,-0.5025893733607717,-0.5025893733607717,-0.5025893733607717,-0.5025893733607717,-0.5025893733607717,-0.5025893733607717,-0.5025893733607717,-0.5025893733607717
2015-11-20,-0.4400194659064346,-0.4400194659064346,-0.4400194659064346,-0.4400194659064346,-0.4400194659064346,-0.4400194659064346,-0.4400194659064346,-0.4400194659064346,-0.4400194659064346,-0.4400194659064346,-0.4400194659064346,-0.4400194659064346,-0.4400194659064346,-0.4400194659064346,-0.4400194659064346
2015-11-21,-0.516590329842749,-0.516590329842749,-0.516590329842749,-0.516590329842749,-0.516590329842749,-0.516590329842749,-0.516590329842749,-0.516590329842749,-0.516590329842749,-0.516590329842749,-0.516590329842749,-0.516590329842749,-0.516590329842749,-0.516590329842749,-0.516590329842749
2015-11-22,-0.7439418564212396,-0.7439418564212396,-0.7439418564212396,-0.7439418564212396,-0.7439418564212396,-0.7439418564212396,-0.7439418564212396,-0.7439418564212396,-0.7439418564212396,-0.7439418564212396,-0.7439418564212396,-0.7439418564212396,-0.7439418564212396,-0.7439418564212396,-0.7439418564212396
2015-11-23,-0.6419709624583193,-0.6419709624583193,-0.6419709624583193,-0.6419709624583193,-0.6419709624583193,-0.6419709624583193,-0.6419709624583193,-0.6419709624583193,-0.6419709624583193,-0.6419709624583193,-0.6419709624583193,-0.6419709624583193,-0.6419709624583193,-0.6419709624583193,-0.6419709624583193
2015-11-24,-0.38703689039675254,-0.38703689039675254,-0.38703689039675254,-0.38703689039675254,-0.38703689039675254,-0.38703689039675254,-0.38703689039675254,-0.38703689039675254,-0.38703689039675254,-0.38703689039675254,-0.38703689039675254,-0.38703689039675254,-0.38703689039675254,-0.38703689039675254,-0.38703689039675254
2015-11-25,0.12445492671521158,0.12445492671521158,0.12445492671521158,0.12445492671521158,0.12445492671521158,0.12445492671521158,0.12445492671521158,0.12445492671521158,0.12445492671521158,0.12445492671521158,0.12445492671521158,0.12445492671521158,0.12445492671521158,0.12445492671521158,0.12445492671521158
2015-11-26,0.25516242105886067,0.25516242105886067,0.25516242105886067,0.25516242105886067,0.25516242105886067,0.25516242105886067,0.25516242105886067,0.25516242105886067,0.25516242105886067,0.25516242105886067,0.25516242105886067,0.25516242105886067,0.25516242105886067,0.25516242105886067,0.25516242105886067
2015-11-27,0.38462727263258367,0.38462727263258367,0.38462727263258367,0.38462727263258367,0.38462727263258367,0.38462727263258367,0.38462727263258367,0.38462727263258367,0.38462727263258367,0.38462727263258367,0.38462727263258367,0.38462727263258367,0.38462727263258367,0.38462727263258367,0.38462727263258367
2015-11-28,0.5348952580727511,0.5348952580727511,0.5348952580727511,0.5348952580727511,0.5348952580727511,0.5348952580727511,0.5348952580727511,0.5348952580727511,0.5348952580727511,0.5348952580727511,0.5348952580727511,0.5348952580727511,0.5348952580727511,0.5348952580727511,0.5348952580727511
2015-11-29,0.4304559647776651,0.4304559647776651,0.4304559647776651,0.4304559647776651,0.4304559647776651,0.4304559647776651,0.4304559647776651,0.4304559647776651,0.4304559647776651,0.4304559647776651,0.4304559647776651,0.4304559647776651,0.4304559647776651,0.4304559647776651,0.4304559647776651
2015-11-30,0.4186978639883206,0.4186978639883206,0.4186978639883206,0.4186978639883206,0.4186978639883206,0.4186978639883206,0.4186978639883206,0.4186978639883206,0.4186978639883206,0.4186978639883206,0.4186978639883206,0.4186978639883206,0.4186978639883206,0.4186978639883206,0.4186978639883206
2015-12-01,0.3222178593505379,0.3222178593505379,0.3222178593505379,0.3222178593505379,0.3222178593505379,0.3222178593505379,0.3222178593505379,0.3222178593505379,0.3222178593505379,0.3222178593505379,0.3222178593505379,0.3222178593505379,0.3222178593505379,0.3222178593505379,0.3222178593505379
2015-12-02,0.2907935969254815,0.2907935969254815,0.2907935969254815,0.2907935969254815,0.2907935969254815,0.2907935969254815,0.2907935969254815,0.2907935969254815,0.2907935969254815,0.2907935969254815,0.2907935969254815,0.2907935969254815,0.2907935969254815,0.2907935969254815,0.2907935969254815
2015-12-03,0.0030554704923326697,0.0030554704923326697,0.0030554704923326697,0.0030554704923326697,0.0030554704923326697,0.0030554704923326697,0.0030554704923326697,0.0030554704923326697,0.0030554704923326697,0.0030554704923326697,0.0030554704923326697,0.0030554704923326697,0.0030554704923326697,0.0030554704923326697,0.0030554704923326697
2015-12-04,-0.22226140349444914,-0.22226140349444914,-0.22226140349444914,-0.22226140349444914,-0.22226140349444914,-0.22226140349444914,-0.22226140349444914,-0.22226140349444914,-0.22226140349444914,-0.22226140349444914,-0.22226140349444914,-0.22226140349444914,-0.22226140349444914,-0.22226140349444914,-0.22226140349444914
2015-12-05,-0.20768353768543296,-0.20768353768543296,-0.20768353768543296,-0.20768353768543296,-0.20768353768543296,-0.20768353768543296,-0.20768353768543296,-0.20768353768543296,-0.20768353768543296,-0.20768353768543296,-0.20768353768543296,-0.20768353768543296,-0.20768353768543296,-0.20768353768543296,-0.20768353768543296
2015-12-06,0.1231779510575449,0.1231779510575449,0.1231779510575449,0.1231779510575449,0.1231779510575449,0.1231779510575449,0.1231779510575449,0.1231779510575449,0.1231779510575449,0.1231779510575449,0.1231779510575449,0.1231779510575449,0.1231779510575449,0.1231779510575449,0.1231779510575449
2015-12-07,0.3131726271470984,0.3131726271470984,0.3131726271470984,0.3131726271470984,0.3131726271470984,0.3131726271470984,0.3131726271470984,0.3131726271470984,0.3131726271470984,0.3131726271470984,0.3131726271470984,0.3131726271470984,0.3131726271470984,0.3131726271470984,0.3131726271470984
2015-12-08,0.07739634497191075,0.07739634497191075,0.07739634497191075,0.07739634497191075,0.07739634497191075,0.07739634497191075,0.07739634497191075,0.07739634497191075,0.07739634497191075,0.07739634497191075,0.07739634497191075,0.07739634497191075,0.07739634497191075,0.07739634497191075,0.07739634497191075
2015-12-09,0.3125042658610345,0.3125042658610345,0.3125042658610345,0.3125042658610345,0.3125042658610345,0.3125042658610345,0.3125042658610345,0.3125042658610345,0.3125042658610345,0.3125042658610345,0.3125042658610345,0.3125042658610345,0.3125042658610345,0.3125042658610345,0.3125042658610345
2015-12-10,0.4216192967286825,0.4216192967286825,0.4216192967286825,0.4216192967286825,0.4216192967286825,0.4216192967286825,0.4216192967286825,0.4216192967286825,0.4216192967286825,0.4216192967286825,0.4216192967286825,0.4216192967286825,0.4216192967286825,0.4216192967286825,0.4216192967286825
2015-12-11,0.5953803929076052,0.5953803929076052,0.5953803929076052,0.5953803929076052,0.5953803929076052,0.5953803929076052,0.5953803929076052,0.5953803929076052,0.5953803929076052,0.5953803929076052,0.5953803929076052,0.5953803929076052,0.5953803929076052,0.5953803929076052,0.5953803929076052
2015-12-12,0.7403961304076883,0.7403961304076883,0.7403961304076883,0.7403961304076883,0.7403961304076883,0.7403961304076883,0.7403961304076883,0.7403961304076883,0.7403961304076883,0.7403961304076883,0.7403961304076883,0.7403961304076883,0.7403961304076883,0.7403961304076883,0.7403961304076883
2015-12-13,0.9554619049486609,0.9554619049486609,0.9554619049486609,0.9554619049486609,0.9554619049486609,0.9554619049486609,0.9554619049486609,0.9554619049486609,0.9554619049486609,0.9554619049486609,0.9554619049486609,0.9554619049486609,0.9554619049486609,0.9554619049486609,0.9554619049486609
2015-12-14,1.2289902921757325,1.2289902921757325,1.2289902921757325,1.2289902921757325,1.2289902921757325,1.2289902921757325,1.2289902921757325,1.2289902921757325,1.2289902921757325,1.2289902921757325,1.2289902921757325,1.2289902921757325,1.2289902921757325,1.2289902921757325,1.2289902921757325
2015-12-15,1.443325319890297,1.443325319890297,1.443325319890297,1.443325319890297,1.443325319890297,1.443325319890297,1.443325319890297,1.443325319890297,1.443325319890297,1.443325319890297,1.443325319890297,1.443325319890297,1.443325319890297,1.443325319890297,1.443325319890297
2015-12-16,1.8907641452008717,1.8907641452008717,1.8907641452008717,1.8907641452008717,1.8907641452008717,1.8907641452008717,1.8907641452008717,1.8907641452008717,1.8907641452008717,1.8907641452008717,1.8907641452008717,1.8907641452008717,1.8907641452008717,1.8907641452008717,1.8907641452008717
2015-12-17,2.0006900366864935,2.0006900366864935,2.0006900366864935,2.0006900366864935,2.0006900366864935,2.0006900366864935,2.0006900366864935,2.0006900366864935,2.0006900366864935,2.0006900366864935,2.0006900366864935,2.0006900366864935,2.0006900366864935,2.0006900366864935,2.0006900366864935
2015-12-18,2.0906866876468837,2.0906866876468837,2.0906866876468837,2.0906866876468837,2.0906866876468837,2.0906866876468837,2.0906866876468837,2.0906866876468837,2.0906866876468837,2.0906866876468837,2.0906866876468837,2.0906866876468837,2.0906866876468837,2.0906866876468837,2.0906866876468837
2015-12-19,2.160279449171789,2.160279449171789,2.160279449171789,2.160279449171789,2.160279449171789,2.160279449171789,2.160279449171789,2.160279449171789,2.160279449171789,2.160279449171789,2.160279449171789,2.160279449171789,2.160279449171789,2.160279449171789,2.160279449171789
2015-12-20,2.201991150239279,2.201991150239279,2.201991150239279,2.201991150239279,2.201991150239279,2.201991150239279,2.201991150239279,2.201991150239279,2.201991150239279,2.201991150239279,2.201991150239279,2.201991150239279,2.201991150239279,2.201991150239279,2.201991150239279
2015-12-21,1.8294898598234046,1.8294898598234046,1.8294898598234046,1.8294898598234046,1.8294898598234046,1.8294898598234046,1.8294898598234046,1.8294898598234046,1.8294898598234046,1.8294898598234046,1.8294898598234046,1.8294898598234046,1.8294898598234046,1.8294898598234046,1.8294898598234046
2015-12-22,1.4479773496234765,1.4479773496234765,1.4479773496234765,1.4479773496234765,1.4479773496234765,1.4479773496234765,1.4479773496234765,1.4479773496234765,1.4479773496234765,1.4479773496234765,1.4479773496234765,1.4479773496234765,1.4479773496234765,1.4479773496234765,1.4479773496234765
2015-12-23,1.334963743711075,1.334963743711075,1.334963743711075,1.334963743711075,1.334963743711075,1.334963743711075,1.334963743711075,1.334963743711075,1.334963743711075,1.334963743711075,1.334963743711075,1.334963743711075,1.334963743711075,1.334963743711075,1.334963743711075
2015-12-24,1.3744130283339706,1.3744130283339706,1.3744130283339706,1.3744130283339706,1.3744130283339706,1.3744130283339706,1.3744130283339706,1.3744130283339706,1.3744130283339706,1.3744130283339706,1.3744130283339706,1.3744130283339706,1.3744130283339706,1.3744130283339706,1.3744130283339706
2015-12-25,1.4495785065925229,1.4495785065925229,1.4495785065925229,1.4495785065925229,1.4495785065925229,1.4495785065925229,1.4495785065925229,1.4495785065925229,1.4495785065925229,1.4495785065925229,1.4495785065925229,1.4495785065925229,1.4495785065925229,1.4495785065925229,1.4495785065925229
2015-12-26,0.7591397263746881,0.7591397263746881,0.7591397263746881,0.7591397263746881,0.7591397263746881,0.7591397263746881,0.7591397263746881,0.7591397263746881,0.7591397263746881,0.7591397263746881,0.7591397263746881,0.7591397263746881,0.7591397263746881,0.7591397263746881,0.7591397263746881
2015-12-27,0.8435078419038747,0.8435078419038747,0.8435078419038747,0.8435078419038747,0.8435078419038747,0.8435078419038747,0.8435078419038747,0.8435078419038747,0.8435078419038747,0.8435078419038747,0.8435078419038747,0.8435078419038747,0.8435078419038747,0.8435078419038747,0.8435078419038747
2015-12-28,0.44614593129586827,0.44614593129586827,0.44614593129586827,0.44614593129586827,0.44614593129586827,0.44614593129586827,0.44614593129586827,0.44614593129586827,0.44614593129586827,0.44614593129586827,0.44614593129586827,0.44614593129586827,0.44614593129586827,0.44614593129586827,0.44614593129586827
2015-12-29,0.04160493143138725,0.04160493143138725,0.04160493143138725,0.04160493143138725,0.04160493143138725,0.04160493143138725,0.04160493143138725,0.04160493143138725,0.04160493143138725,0.04160493143138725,0.04160493143138725,0.04160493143138725,0.04160493143138725,0.04160493143138725,0.04160493143138725
2015-12-30,-0.045629155626640286,-0.045629155626640286,-0.045629155626640286,-0.045629155626640286,-0.045629155626640286,-0.045629155626640286,-0.045629155626640286,-0.045629155626640286,-0.045629155626640286,-0.045629155626640286,-0.045629155626640286,-0.045629155626640286,-0.045629155626640286,-0.045629155626640286,-0.045629155626640286
2015-12-31,-0.3968137303708533,-0.3968137303708533,-0.3968137303708533,-0.3968137303708533,-0.3968137303708533,-0.3968137303708533,-0.3968137303708533,-0.3968137303708533,-0.3968137303708533,-0.3968137303708533,-0.3968137303708533,-0.3968137303708533,-0.3968137303708533,-0.3968137303708533,-0.3968137303708533
2016-01-01,-0.5081933678578993,-0.5081933678578993,-0.5081933678578993,-0.5081933678578993,-0.5081933678578993,-0.5081933678578993,-0.5081933678578993,-0.5081933678578993,-0.5081933678578993,-0.5081933678578993,-0.5081933678578993,-0.5081933678578993,-0.5081933678578993,-0.5081933678578993,-0.5081933678578993
2016-01-02,-0.7589642295251049,-0.7589642295251049,-0.7589642295251049,-0.7589642295251049,-0.7589642295251049,-0.7589642295251049,-0.7589642295251049,-0.7589642295251049,-0.7589642295251049,-0.7589642295251049,-0.7589642295251049,-0.7589642295251049,-0.7589642295251049,-0.7589642295251049,-0.7589642295251049
2016-01-03,-0.5633699828984277,-0.5633699828984277,-0.5633699828984277,-0.5633699828984277,-0.5633699828984277,-0.5633699828984277,-0.5633699828984277,-0.5633699828984277,-0.5633699828984277,-0.5633699828984277,-0.5633699828984277,-0.5633699828984277,-0.5633699828984277,-0.5633699828984277,-0.5633699828984277
2016-01-04,-1.022681202686874,-1.022681202686874,-1.022681202686874,-1.022681202686874,-1.022681202686874,-1.022681202686874,-1.022681202686874,-1.022681202686874,-1.022681202686874,-1.022681202686874,-1.022681202686874,-1.022681202686874,-1.022681202686874,-1.022681202686874,-1.022681202686874
2016-01-05,-1.320957387262702,-1.320957387262702,-1.320957387262702,-1.320957387262702,-1.320957387262702,-1.320957387262702,-1.320957387262702,-1.320957387262702,-1.320957387262702,-1.320957387262702,-1.320957387262702,-1.320957387262702,-1.320957387262702,-1.320957387262702,-1.320957387262702
2016-01-06,-1.4203684279272468,-1.4203684279272468,-1.4203684279272468,-1.4203684279272468,-1.4203684279272468,-1.4203684279272468,-1.4203684279272468,-1.4203684279272468,-1.4203684279272468,-1.4203684279272468,-1.4203684279272468,-1.4203684279272468,-1.4203684279272468,-1.4203684279272468,-1.4203684279272468
2016-01-07,-1.617560304565741,-1.617560304565741,-1.617560304565741,-1.617560304565741,-1.617560304565741,-1.617560304565741,-1.617560304565741,-1.617560304565741,-1.617560304565741,-1.617560304565741,-1.617560304565741,-1.617560304565741,-1.617560304565741,-1.617560304565741,-1.617560304565741
2016-01-08,-1.7714144341827396,-1.7714144341827396,-1.7714144341827396,-1.7714144341827396,-1.7714144341827396,-1.7714144341827396,-1.7714144341827396,-1.7714144341827396,-1.7714144341827396,-1.7714144341827396,-1.7714144341827396,-1.7714144341827396,-1.7714144341827396,-1.7714144341827396,-1.7714144341827396
2016-01-09,-1.8272592638510345,-1.8272592638510345,-1.8272592638510345,-1.8272592638510345,-1.8272592638510345,-1.8272592638510345,-1.8272592638510345,-1.8272592638510345,-1.8272592638510345,-1.8272592638510345,-1.8272592638510345,-1.8272592638510345,-1.8272592638510345,-1.8272592638510345,-1.8272592638510345
2016-01-10,-1.8772514807336662,-1.8772514807336662,-1.8772514807336662,-1.8772514807336662,-1.8772514807336662,-1.8772514807336662,-1.8772514807336662,-1.8772514807336662,-1.8772514807336662,-1.8772514807336662,-1.8772514807336662,-1.8772514807336662,-1.8772514807336662,-1.8772514807336662,-1.8772514807336662
2016-01-11,-1.519483165712047,-1.519483165712047,-1.519483165712047,-1.519483165712047,-1.519483165712047,-1.519483165712047,-1.519483165712047,-1.519483165712047,-1.519483165712047,-1.519483165712047,-1.519483165712047,-1.519483165712047,-1.519483165712047,-1.519483165712047,-1.519483165712047
2016-01-12,-0.9100506240879334,-0.9100506240879334,-0.9100506240879334,-0.9100506240879334,-0.9100506240879334,-0.9100506240879334,-0.9100506240879334,-0.9100506240879334,-0.9100506240879334,-0.9100506240879334,-0.9100506240879334,-0.9100506240879334,-0.9100506240879334,-0.9100506240879334,-0.9100506240879334
2016-01-13,-0.7363572216329561,-0.7363572216329561,-0.7363572216329561,-0.7363572216329561,-0.7363572216329561,-0.7363572216329561,-0.7363572216329561,-0.7363572216329561,-0.7363572216329561,-0.7363572216329561,-0.7363572216329561,-0.7363572216329561,-0.7363572216329561,-0.7363572216329561,-0.7363572216329561
2016-01-14,-0.2952924302222053,-0.2952924302222053,-0.2952924302222053,-0.2952924302222053,-0.2952924302222053,-0.2952924302222053,-0.2952924302222053,-0.2952924302222053,-0.2952924302222053,-0.2952924302222053,-0.2952924302222053,-0.2952924302222053,-0.2952924302222053,-0.2952924302222053,-0.2952924302222053
2016-01-15,-0.10526132744605486,-0.10526132744605486,-0.10526132744605486,-0.10526132744605486,-0.10526132744605486,-0.10526132744605486,-0.10526132744605486,-0.10526132744605486,-0.10526132744605486,-0.10526132744605486,-0.10526132744605486,-0.10526132744605486,-0.10526132744605486,-0.10526132744605486,-0.10526132744605486
2016-01-16,0.1741440980046303,0.1741440980046303,0.1741440980046303,0.1741440980046303,0.1741440980046303,0.1741440980046303,0.1741440980046303,0.1741440980046303,0.1741440980046303,0.1741440980046303,0.1741440980046303,0.1741440980046303,0.1741440980046303,0.1741440980046303,0.1741440980046303
2016-01-17,0.44647211930565567,0.44647211930565567,0.44647211930565567,0.44647211930565567,0.44647211930565567,0.44647211930565567,0.44647211930565567,0.44647211930565567,0.44647211930565567,0.44647211930565567,0.44647211930565567,0.44647211930565567,0.44647211930565567,0.44647211930565567,0.44647211930565567
2016-01-18,0.5178212962411138,0.5178212962411138,0.5178212962411138,0.5178212962411138,0.5178212962411138,0.5178212962411138,0.5178212962411138,0.5178212962411138,0.5178212962411138,0.5178212962411138,0.5178212962411138,0.5178212962411138,0.5178212962411138,0.5178212962411138,0.5178212962411138
2016-01-19,0.33599134274688797,0.33599134274688797,0.33599134274688797,0.33599134274688797,0.33599134274688797,0.33599134274688797,0.33599134274688797,0.33599134274688797,0.33599134274688797,0.33599134274688797,0.33599134274688797,0.33599134274688797,0.33599134274688797,0.33599134274688797,0.33599134274688797
2016-01-20,0.14271275647222556,0.14271275647222556,0.14271275647222556,0.14271275647222556,0.14271275647222556,0.14271275647222556,0.14271275647222556,0.14271275647222556,0.14271275647222556,0.14271275647222556,0.14271275647222556,0.14271275647222556,0.14271275647222556,0.14271275647222556,0.14271275647222556
2016-01-21,-0.1629883724973745,-0.1629883724973745,-0.1629883724973745,-0.1629883724973745,-0.1629883724973745,-0.1629883724973745,-0.1629883724973745,-0.1629883724973745,-0.1629883724973745,-0.1629883724973745,-0.1629883724973745,-0.1629883724973745,-0.1629883724973745,-0.1629883724973745,-0.1629883724973745
2016-01-22,-0.29466913818108026,-0.29466913818108026,-0.29466913818108026,-0.29466913818108026,-0.29466913818108026,-0.29466913818108026,-0.29466913818108026,-0.29466913818108026,-0.29466913818108026,-0.29466913818108026,-0.29466913818108026,-0.29466913818108026,-0.29466913818108026,-0.29466913818108026,-0.29466913818108026
2016-01-23,-0.18322651413343252,-0.18322651413343252,-0.18322651413343252,-0.18322651413343252,-0.18322651413343252,-0.18322651413343252,-0.18322651413343252,-0.18322651413343252,-0.18322651413343252,-0.18322651413343252,-0.18322651413343252,-0.18322651413343252,-0.18322651413343252,-0.18322651413343252,-0.18322651413343252
2016-01-24,-0.0329751369063627,-0.0329751369063627,-0.0329751369063627,-0.0329751369063627,-0.0329751369063627,-0.0329751369063627,-0.0329751369063627,-0.0329751369063627,-0.0329751369063627,-0.0329751369063627,-0.0329751369063627,-0.0329751369063627,-0.0329751369063627,-0.0329751369063627,-0.0329751369063627
2016-01-25,0.09729007946672467,0.09729007946672467,0.09729007946672467,0.09729007946672467,0.09729007946672467,0.09729007946672467,0.09729007946672467,0.09729007946672467,0.09729007946672467,0.09729007946672467,0.09729007946672467,0.09729007946672467,0.09729007946672467,0.09729007946672467,0.09729007946672467
2016-01-26,0.5327190584727117,0.5327190584727117,0.5327190584727117,0.5327190584727117,0.5327190584727117,0.5327190584727117,0.5327190584727117,0.5327190584727117,0.5327190584727117,0.5327190584727117,0.5327190584727117,0.5327190584727117,0.5327190584727117,0.5327190584727117,0.5327190584727117
2016-01-27,0.6522212662094884,0.6522212662094884,0.6522212662094884,0.6522212662094884,0.6522212662094884,0.6522212662094884,0.6522212662094884,0.6522212662094884,0.6522212662094884,0.6522212662094884,0.6522212662094884,0.6522212662094884,0.6522212662094884,0.6522212662094884,0.6522212662094884
2016-01-28,0.730582928567393,0.730582928567393,0.730582928567393,0.730582928567393,0.730582928567393,0.730582928567393,0.730582928567393,0.730582928567393,0.730582928567393,0.730582928567393,0.730582928567393,0.730582928567393,0.730582928567393,0.730582928567393,0.730582928567393
2016-01-29,0.7397664932190103,0.7397664932190103,0.7397664932190103,0.7397664932190103,0.7397664932190103,0.7397664932190103,0.7397664932190103,0.7397664932190103,0.7397664932190103,0.7397664932190103,0.7397664932190103,0.7397664932190103,0.7397664932190103,0.7397664932190103,0.7397664932190103
2016-01-30,0.8231211188523588,0.8231211188523588,0.8231211188523588,0.8231211188523588,0.8231211188523588,0.8231211188523588,0.8231211188523588,0.8231211188523588,0.8231211188523588,0.8231211188523588,0.8231211188523588,0.8231211188523588,0.8231211188523588,0.8231211188523588,0.8231211188523588
2016-01-31,0.6374210232732396,0.6374210232732396,0.6374210232732396,0.6374210232732396,0.6374210232732396,0.6374210232732396,0.6374210232732396,0.6374210232732396,0.6374210232732396,0.6374210232732396,0.6374210232732396,0.6374210232732396,0.6374210232732396,0.6374210232732396,0.6374210232732396
2016-02-01,0.5852792396282399,0.5852792396282399,0.5852792396282399,0.5852792396282399,0.5852792396282399,0.5852792396282399,0.5852792396282399,0.5852792396282399,0.5852792396282399,0.5852792396282399,0.5852792396282399,0.5852792396282399,0.5852792396282399,0.5852792396282399,0.5852792396282399
2016-02-02,0.7385257972375581,0.7385257972375581,0.7385257972375581,0.7385257972375581,0.7385257972375581,0.7385257972375581,0.7385257972375581,0.7385257972375581,0.7385257972375581,0.7385257972375581,0.7385257972375581,0.7385257972375581,0.7385257972375581,0.7385257972375581,0.7385257972375581
2016-02-03,0.7857127954123955,0.7857127954123955,0.7857127954123955,0.7857127954123955,0.7857127954123955,0.7857127954123955,0.7857127954123955,0.7857127954123955,0.7857127954123955,0.7857127954123955,0.7857127954123955,0.7857127954123955,0.7857127954123955,0.7857127954123955,0.7857127954123955
2016-02-04,0.9718032655933954,0.9718032655933954,0.9718032655933954,0.9718032655933954,0.9718032655933954,0.9718032655933954,0.9718032655933954,0.9718032655933954,0.9718032655933954,0.9718032655933954,0.9718032655933954,0.9718032655933954,0.9718032655933954,0.9718032655933954,0.9718032655933954
2016-02-05,1.5646727804014586,1.58835658674185,1.610994242338036,1.5717376657160462,1.5702850659853627,1.6437181968358958,1.6464464516234727,1.5680713715462407,1.648033514312306,1.5329628443952,1.627022354356836,1.6300996087045905,1.6586944337189327,1.5334487279665567,1.66267105669162
2016-02-06,1.5505425362021612,1.8259141938522634,1.7345745384640585,1.4691886206679836,1.6404638520502097,1.7422165316585025,1.7621407592352092,1.6684317582108865,1.4738135817930176,1.5785180437882138,1.6000594775792907,1.5729446636382638,1.6303896577113166,1.493992034032058,1.5658520589516596
2016-02-07,1.6357806617153032,1.912585293642009,1.8469866255386127,1.4577416657672877,1.7049187837910111,1.6824808711267005,1.8299409372930542,1.5623592894621123,1.7063889628500144,1.7238309652388975,1.8542752549659922,1.7554620555516323,1.8183470924816967,1.7184761949764993,1.9404015073102623
2016-02-08,1.595790425658388,1.8264683747469699,1.7420784723199478,1.461479008222608,1.6101473497154237,1.8288999322571593,1.6098413499988657,1.5718666301822712,1.7163501901780556,1.5785209030261838,1.8746845036872115,1.6626695399987048,1.9613444403506854,1.5422986065684097,1.9792108145953502
2016-02-09,1.4827658125492993,1.605376099012781,1.4511246415750831,1.1798057388689986,1.2770832697605976,1.7301055985406284,1.2012162851160428,1.5342870280054361,1.6490459614341868,1.4151063900309617,1.6806880772032955,1.521883007863777,1.9625343585491173,1.4100146183820983,2.0763911377857043
2016-02-10,1.70107424589282,1.9324310253415666,1.312686434820099,1.555457665101292,1.1178941909730236,2.02339198024478,1.1722264666675708,1.8352972851324234,1.9048919246849798,1.670453765755853,1.6047549070727634,1.6387135620898903,2.346864717011056,1.6176124116835704,2.41942564822823
2016-02-11,1.8560377971418232,2.03819115823433,1.2489392931829977,2.0475235742319744,1.1484605274838142,2.393212427263765,1.0733620699957709,2.1253226945554697,1.9121506679752085,1.7268477690982416,1.7328559606687637,1.7701095506253675,2.5028489410942623,1.844961748860484,2.377870661138015
2016-02-12,1.9256637882515761,1.4991689971846618,0.9859732063317864,2.253759118212582,0.8767985520709005,2.2562691631921017,0.9216529812180655,2.176649493881039,1.6139824205979847,1.6979658317639952,1.607262074847983,2.0730330841121027,2.3965905691254217,1.8060010765565366,2.0943324699199932
2016-02-13,1.4729364545410701,0.7853881473898724,0.45731069857117107,1.7837526436261406,0.30332140794158385,1.9343306518164136,0.8877525535598917,1.6402325765749546,1.4712339534853425,1.283193772021508,0.9765426660691597,1.9286761523285327,1.5435985207770613,1.327543422645638,1.6241351178174523
2016-02-14,1.0950086250863047,0.3047649625593455,0.07146717805169933,1.4047247010411497,0.018875072600533643,1.8107839027809929,1.0505977618840103,1.1209128576061302,1.22990481963317,0.8316260703943619,0.8623262260389778,1.4085452014674626,1.0875279017232962,0.7995002336828156,1.1857239810580809
2016-02-15,0.6713126908597103,0.12169989880493656,-0.14984155988364986,1.016148089923189,0.009798612397825108,1.5278486461048684,1.0423519517704107,0.8486255151686443,0.9026756686218431,0.5955004251137062,0.3092769488218433,1.2544241258857316,0.761755799803204,0.16870663905999375,0.5637366865114923
2016-02-16,0.35084229992617266,0.016171852936207425,-0.25718773494385483,1.1922928846976992,-0.4243237971870652,0.772814172595008,0.9016757072607887,0.8386811116712821,0.4480329082081335,-0.12206875328275772,-0.2572201843744509,0.8130299067551325,0.22003493058145085,-0.0889540235707852,0.21591470808929764
2016-02-17,-0.08044899218333042,-0.1204301543396533,-0.5991795124145649,1.1473589243197615,-0.6562840622461884,0.1751537439323912,0.8915566655939411,0.313698337527112,-0.3454335205605412,-0.5063944200741355,-0.7841925943876921,0.5316890017662057,-0.025455707836484716,-0.679266690683327,0.08114321444264398
2016-02-18,-0.3097846709212163,-0.4871423412367432,-0.6722918296957012,0.9096174722928309,-0.7159051570871053,-0.32303280648444993,0.6822623883221774,0.24161822983419257,-0.8106095381497084,-0.5696679158130679,-0.992029106899286,0.06907434545632297,-0.49501479407581944,-1.2778943569595,-0.11756868661586696
2016-02-19,-0.4011790220341226,-0.7598509058659448,-0.6250392150543519,0.3018100566957183,-1.120312446126381,-0.6251267707551216,0.6548276084554183,0.34768918043596503,-1.448893781453715,-0.6323537874863597,-1.2122391470836602,-0.213962503607961,-0.9252201455146143,-1.506309180017491,-0.6939034422443655
2016-02-20,-0.4488580019352028,-0.8426292295176206,-0.4485822049876412,-0.11325368945611222,-1.6103318173916559,-0.48241237501706374,0.41503747818954434,0.18148080681983053,-2.044438579632165,-0.9319318506894955,-1.4627472666352743,-0.29856039602079976,-1.226880420552664,-1.907167645890241,-1.461283629456947
2016-02-21,-0.2434948324592972,-0.7694028794956556,-0.4172482729189817,-0.6821758492635712,-2.0937500490028302,-0.568749788906213,-0.014042791303592804,0.24729896003349985,-2.3295604557931635,-1.012988662235694,-1.381517638753837,-0.41941992624412516,-1.1710672911290052,-2.2999771918476046,-2.088423381529667
2016-02-22,-0.2790066685699495,-0.7834672041036632,-0.6779007977250611,-0.9282743430957987,-2.410039699274926,-0.7729127470560326,-0.5198447146524099,0.17191945840308934,-2.550684368866114,-1.0237059094757244,-1.2211863615074714,-0.8655560904831079,-1.0229928979837783,-2.132918184195171,-2.3588096370165688
2016-02-23,-0.6805061079684996,-0.5534386791143584,-1.22467583104498,-1.4898060161789521,-2.324823353112442,-1.1951926074254346,-0.7277494313358636,-0.10406609323535473,-2.317085651891621,-1.6472652995916937,-1.5423279582643932,-1.2306543783595125,-1.1229968616477926,-2.0526294957530338,-2.2958500695832273
2016-02-24,-1.076796489045401,-0.6509751024663435,-1.5479203575708471,-1.7191344690253936,-2.1978928968087943,-1.611216734575473,-1.2039247715816042,-0.3850535155475933,-2.2199595698431756,-2.505183171598227,-1.6235141482632272,-2.036321107746129,-1.1367854332410825,-2.0515860000440393,-2.23022819572654
2016-02-25,-1.2410844597289847,-0.7269266612389462,-1.6507210350649,-1.9967327242925859,-2.3296893220557755,-1.9190454858088613,-1.7015608234951287,-0.5061989950366818,-2.3029698374229697,-2.7274860040756064,-1.713310302172409,-2.672665085187175,-1.1227124434048341,-2.376342167798372,-2.139468629148748
2016-02-26,-1.7526872217104448,-0.46002927810415556,-1.8684347833273265,-2.142715440296963,-2.4660061009379453,-1.7179663602474007,-1.9418769284870614,-0.6423641519874729,-2.1542023857620887,-3.0739755946910057,-1.4143250545193824,-3.1251546778073274,-0.617105688611399,-2.593804705977597,-1.8749979229090754
2016-02-27,-2.0337191600856466,-0.46795567882754874,-1.566874151888115,-2.237246542698271,-2.5192142686156203,-1.9384150452061506,-2.0919852327196975,-0.8655802285522091,-1.684706394847373,-3.6008321098509644,-1.5936269056780206,-2.982914649784296,-0.11419238862153792,-2.338914694166915,-1.8503405795768346
2016-02-28,-2.085190088312898,-0.7003842036682674,-1.225445783811103,-2.1792987381933986,-2.6526302658646745,-2.0592103955600582,-1.9402660911782408,-1.2865623610829875,-1.5643783511591456,-3.4760514328940393,-1.5035077621807373,-2.7354065420283558,0.24318293857776896,-2.22523862128708,-1.682065515108091
2016-02-29,-2.098358364958972,-0.9964226678579113,-1.063017541268743,-2.064678878632747,-2.714397334191805,-2.069184603470431,-1.9668556141848699,-1.4541188930293512,-1.6103574018127482,-2.809540550376812,-1.5405157430424143,-2.865884376641741,0.216977037019115,-1.9913943686070994,-1.5957276269322402
2016-03-01,-1.9717754389044797,-0.9718133549989536,-1.0776525161822255,-2.1085179515956445,-2.387776624464456,-2.1045680165067937,-1.6904136356966089,-1.5988926454409427,-1.6593692527463388,-2.509530478068398,-1.5319189803329876,-3.1568052339811468,0.08045328551703043,-1.5985330222167735,-2.0269895554577593
2016-03-02,-1.758011454445207,-0.7831038070494575,-1.2410987045557267,-2.061493791458086,-2.2437528905158057,-2.37474803003283,-1.7300000933552653,-1.7328245753619718,-1.9296038086742409,-2.0393639678130455,-1.4563360184519918,-3.148387704025794,-0.23924793566536795,-1.2524190770954238,-2.5003643256213883
2016-03-03,-1.8579417451988631,-1.1066512327605962,-0.9440609363312642,-1.9455279649188342,-2.065129227722736,-2.4122884448268627,-1.6119788989920663,-2.2280203927925872,-2.2046658240134094,-1.7822482513821312,-1.0895038721802952,-2.9513860239484817,-0.8534768221665031,-0.898444098538549,-2.704807658165117
2016-03-04,-1.8619869471769936,-1.5123276350967165,-1.0460489952883245,-2.129226959671698,-1.6766524693289786,-2.304382153834461,-1.3391388886445281,-2.4021492124542143,-2.5878147083332363,-1.7264104905525923,-0.7125043447106546,-2.7106974807533186,-1.4442331384611216,-0.3736073194446679,-2.548068236168184
2016-03-05,-1.6782486443108302,-1.5121121567810438,-1.3141171964535234,-2.3040526010465765,-1.3611366084784882,-1.9654500217225448,-1.40462655020891,-2.369682127277343,-2.5986940788385082,-1.402712529175723,-0.7499860538636075,-2.5228864537986513,-1.9275145282659247,-0.11809654080302275,-2.820760973482044
2016-03-06,-1.3288488083542644,-1.121589037450258,-1.4358224072606847,-2.465839434274334,-1.155921037979686,-1.8818420307603336,-1.5130440179422835,-2.024713119713006,-2.202299157001942,-1.22664584537387,-0.8746995824881868,-2.1513214190491174,-2.375820096165764,0.006872822960310012,-2.7291006612924273
2016-03-07,-1.070048894318001,-0.8621205617669518,-1.6210807078033846,-2.317292241396166,-0.7930629057690903,-1.5022525508533109,-1.448588812999759,-1.6875793868528726,-2.0452044359029675,-1.4345639000309993,-1.1561949503217652,-1.7714156379616623,-2.5553448583412792,0.08596212787008181,-2.379357498374527
2016-03-08,-0.949088250677479,-0.8896994850216235,-1.7156257193300213,-1.7241305858058884,-0.7664302366870093,-1.231754683336287,-1.3383920275370953,-1.540042896307637,-2.0391964388938084,-1.9803183469085304,-1.441330408943477,-1.2520695065588643,-2.65604982972268,0.2109159125867629,-2.159178113947364
2016-03-09,-1.0721994670265371,-0.8463012170591782,-1.7787085331357901,-0.9101389269466144,-0.6762920434607991,-0.9827401708491387,-1.170483848472358,-1.1257846866753136,-1.9100342686606266,-2.6867810409821344,-1.4772662297341606,-0.8148537425406964,-2.784149143007629,0.10227128268878967,-1.9436762484229082
2016-03-10,-1.0476787581810876,-0.867858215439265,-1.7232845763103182,-0.8682093552808331,-1.1750389804221766,-0.741771952860881,-1.0513308118902434,-1.064391098636827,-1.4196157803319323,-3.0206137846886767,-1.2512988869901742,-0.4907495071567379,-2.7103773541587985,-0.3979036496480515,-1.591082241764266
2016-03-11,-0.8347066997723455,-0.8713511707630005,-1.6043951681848725,-1.0619174863380185,-1.6621948611138861,-0.9159777430212713,-1.1697597602490768,-0.6401708076241283,-0.9678295091069958,-3.160600048641596,-1.0968584772442027,-0.46033890317078724,-2.2398290080368315,-0.6157321316443706,-1.1437011521862304
2016-03-12,-0.5606480784546477,-0.9934180215218091,-1.6853085532053913,-1.0628081675738266,-1.7814904308906874,-0.8324409708348424,-0.935375404987712,-0.3917753581875516,-0.6852834520148532,-2.944660965542171,-0.8488977928964379,-0.5008773979199249,-1.9773815142234843,-1.1460533128013937,-1.0980589913261944
2016-03-13,-0.19189492792721802,-0.8520258021023973,-1.6994654664018485,-1.321824850493175,-1.7412588262289874,-0.6646569677031484,-0.6454373633741621,-0.1419567967106524,-0.5697427163490364,-2.971751310139067,-0.7649793299002344,-0.7036011224724522,-1.6535627211365258,-1.7446775875563405,-1.031842449482379
2016-03-14,-0.2721989918134803,-0.8625729477460599,-1.683045960857271,-1.401125868666024,-1.9463409966594605,-0.48429266519562236,-0.4157250099692855,0.18711340551340708,-0.291516921311248,-2.8853357743037655,-0.78883012501203,-0.5853621445163482,-1.4314041946806484,-2.1336196877949667,-0.7722771013040931
2016-03-15,-0.5280300141684078,-1.301026893841638,-1.9313989335693356,-1.6304895810639577,-1.923722711027481,-0.541825722363246,-0.022695641280273352,0.7501837878328624,-0.32349779049558397,-2.5158844608905317,-0.8528245090098084,-0.5125138591763994,-1.1575698690413077,-2.4807430640729886,-0.6293090230790952
2016-03-16,-0.5513320967307016,-1.3983650287580365,-2.4252127505882974,-1.6280322466106594,-2.0668518451813562,-0.49846423076885793,0.08900145118248244,1.0196906009390974,-0.4126616020191987,-2.3771789834609813,-0.9519505830331753,-1.0220373805392475,-0.9191586781671761,-2.7117381204494504,-0.5094895391456942
2016-03-17,-0.4930903745131699,-1.2363473057546097,-2.7171905439051773,-1.811357534689776,-2.2366009951195696,-0.6005374336016505,-0.2661535563185968,1.3294883872568812,-0.3871172455391947,-2.04738047418843,-1.091402145554621,-1.2826062105937042,-0.7812946364728655,-2.5706808076232517,-0.46805537383847406
2016-03-18,-0.4095481229016936,-0.8527168541590278,-2.5954567951160086,-2.087368964588195,-2.210555963486288,-0.9851411845177092,-0.4918443246501486,1.0462161377531372,-0.4486102470648996,-1.7731161138381015,-1.2433309500374707,-1.462530832608759,-0.8821612902672604,-2.0392957507935177,-0.22342166211898565
2016-03-19,-0.2999049345345124,-0.5226181433062361,-2.171484212471114,-2.7394261589710776,-2.1113558405765587,-1.2604650934696955,-1.179418427484482,0.9039482868514345,-0.743994271133311,-1.3654101020017446,-1.3588974861040215,-1.5258999523192114,-0.7026074250991172,-1.849316717684851,-0.0205497622750802
2016-03-20,-0.5005381695957648,-0.2806427421297904,-1.8456792848419095,-3.099740168581341,-1.7991954534034047,-1.4160561547973822,-1.6190540832375224,0.585737505431859,-1.0299128316841182,-1.263899588489568,-1.6504386562496707,-1.3741667753295632,-0.4520452045649296,-1.8921819540713516,0.06752488695430953
2016-03-21,-0.714911486822683,0.04264212796660917,-1.5420081526193166,-3.028280340169644,-1.383717550001998,-1.6223964926308079,-1.8410239528138699,0.05653562908729258,-1.5563540510814522,-1.2130293075105958,-1.8357182734851383,-1.253024004568801,-0.20523734187647333,-2.080504126101898,-0.06749932138373547
2016-03-22,-1.1806400882888095,0.547298703858064,-1.2850414058583008,-3.003946738416835,-1.0879166457965526,-1.7252971389872074,-1.8298062234077295,-0.41542679813420613,-1.9117518271369847,-0.7691642682469358,-1.723392766663165,-1.1432547625961922,-0.04517230640609696,-2.0683445119624944,-0.5198625363807328
2016-03-23,-1.6023313637916206,0.8697536687489632,-0.986388526357834,-2.888325890281957,-0.8645627290382841,-1.6181958324951604,-1.8177546858167102,-0.8314688152933828,-2.37379312227089,-0.6279419726249647,-2.117518409837249,-0.9357432573481762,0.10417068419302423,-2.048076830344796,-0.6321258328675744
2016-03-24,-2.0188939524960614,1.1637104825864337,-0.5914861826143832,-2.5635013688952872,-0.5646106329374329,-1.5207662488195561,-1.704718913777495,-0.9928461206125703,-2.7239224074554773,-0.7011611075648381,-1.92842895166617,-0.6332710053813869,0.15740735960317392,-1.7132385351755757,-0.6243098445018723
2016-03-25,-2.3567306278699656,1.1504145984604972,-0.7446084251919111,-2.001271480284281,-0.3572969417054365,-1.4362072699677637,-1.7654200627747008,-1.1199222525059789,-2.88771296138905,-0.824532788202763,-1.7048731930140415,-0.49744861143552727,0.1003084701693247,-1.673475691887316,-0.33904868053736614
2016-03-26,-2.6152122000765905,1.0468911152591642,-0.6786391474275149,-1.6329667493628788,-0.051558821438183265,-1.26075012066691,-1.8449122183441096,-1.2140473881173686,-2.627691079334526,-0.8076991046739971,-1.6505203779047715,-0.24033511127484308,-0.15304840834939315,-1.6904087616884627,-0.026121268556098722
2016-03-27,-2.9874071511468743,0.7374296369439108,-0.6133856614950968,-1.798222900064586,-0.038931402461426186,-1.1410190410355778,-2.007349917532259,-0.9964581802340265,-2.724945925515777,-0.45943438489806726,-1.496145919559091,-0.15398824232270067,-0.13454896710744152,-1.5627163466587222,0.21026358413904941
2016-03-28,-3.4566425683023394,0.2914281274045195,-0.5523103396474557,-1.814419187012793,0.2486766343238547,-1.0689969623162636,-1.8974956323587497,-0.9770314061007483,-2.554171979891966,-0.25107071022322675,-0.9280026957497884,-0.09521544356611293,-0.26207027493142987,-1.5632140882216428,0.5236876965447176
2016-03-29,-3.772910868133178,-0.03365666194465973,-0.4715265913765845,-1.9538345650553695,0.5123053890298842,-0.9428025948578759,-1.7200165448719558,-1.0030672506842413,-2.284760263567237,-0.2496508365095295,-0.6162610562805957,0.008181600200187093,-0.13943203074284238,-1.5322199148118185,0.8970423679342474
2016-03-30,-3.8134236579044924,-0.4679073685728181,-0.21627625107095336,-1.7968278286840293,0.43278047288231863,-0.963238750380076,-1.5739815177591268,-0.8564351562712554,-2.172126194232436,-0.1528920414299476,-0.5623079136862831,-0.0889694308910103,-0.2475972046224311,-1.2757251805431378,1.4320244896867103
2016-03-31,-3.438482280090411,-0.553393787022158,-0.17513011196776282,-1.9637185412322427,0.4687213899130185,-0.96987514444906,-1.3790542866458821,-0.5796375325988078,-1.9630722689657951,0.0022749053096251873,-0.39247438968862974,-0.053241294457203464,-0.5566800537238739,-0.9784802551463428,1.6706451401965543
2016-04-01,-3.0248373982901438,-0.45916389896284154,-0.05919954775903616,-1.8436035445214167,0.7795375091320176,-1.2141409227116986,-1.313014096310055,-0.3412646206998599,-1.928698521763418,0.07744960372235732,-0.49128406453983214,-0.1918335093528462,-0.6750386727935653,-0.5979103982300548,1.589510768339345
2016-04-02,-2.656035327717833,-0.47177577027958295,0.2336853438615047,-1.6696377545502465,0.8369556841075738,-1.5610500516918393,-1.2439736859947894,-0.28905123708001335,-1.740951067065452,0.17126178855458493,-0.6620016242561108,-0.4174381607515592,-0.6546300895996165,-0.11975786668950235,1.2902332194350699
2016-04-03,-2.450445214717289,-0.3743616433326911,0.40029719709907075,-1.5094349801690519,0.7815919683758458,-1.8764474587421132,-1.3336175923873899,-0.4490296025770953,-1.7198219231952383,0.14220452592884036,-0.4998061348094106,-0.46314278766035805,-0.8868242644217005,0.046324543833806374,1.0716405797767237
2016-04-04,-2.140762087575658,-0.4292758511805366,0.4202283142827747,-1.2310145159821746,0.9254443033899498,-1.6089120081287667,-1.1911205002896355,-0.7542391564143807,-1.7129035979918874,0.2140986728715037,-0.1676255513471251,-0.061879800069713956,-0.9324867474007995,-0.1050389829331303,1.138735031960027
2016-04-05,-1.9922272702280028,-0.16310772702585852,0.4261425239952168,-1.3014104208472141,1.1361105073536366,-1.3387431580924,-1.0001435443469422,-0.8267924440913433,-1.49845583607895,0.44462206048241093,-0.098818251013179,0.3551950318861336,-0.6844247294087891,-0.09067740691764954,1.1502687512173866
