,1,2,3,4,5,6,7,8,9,10,11,12,13,14,15
1990-02-16,-2.130552246540083,-2.376918051931708,-1.6692687177343208,-1.7849855088109232,-1.8899573136434464,-2.3985816334094885,-1.8408189921109464,-1.9606334262608796,-2.11254347762679,-2.1011530590231313,-2.378097026451551,-2.4511099452236014,-2.0505023922956096,-2.043919493104383,-2.1823646520127786
1990-02-17,-2.0934890414798897,-2.245032509520841,-1.5798304443413274,-1.6410119718381901,-1.8823900625093881,-2.4998421236079076,-1.7913657627306034,-1.9360833739773904,-2.076774085368966,-2.040351730526158,-2.4108917296035144,-2.538305701955509,-2.011588354374823,-2.0407431462539276,-2.1539685836822815
1990-02-18,-2.0250073777045556,-2.099090002995736,-1.4591207625242077,-1.493633906035663,-1.8897104701611935,-2.523125782139498,-1.7529652088680694,-1.8805385894705835,-1.9256413883749242,-1.9925658100453032,-2.42922583303118,-2.5114744667226416,-1.9625621367136066,-1.9769063244774516,-2.0915505975721436
1990-02-19,-1.9047726239877638,-1.90658261015462,-1.271889204425031,-1.288534483082058,-1.7273675560250987,-2.4614558221076717,-1.6040654645502708,-1.8079039014934761,-1.678490875954665,-1.9223758382437075,-2.3790920476415662,-2.3866498552829336,-1.8872143650683262,-1.8742691125779345,-2.0002331879938313
1990-02-20,-1.7616366238465728,-1.7019469030508387,-1.1337756279861564,-1.0657763336216557,-1.5771913712257977,-2.304997026853158,-1.4656465900026385,-1.672044141820839,-1.446443580688716,-1.8154451308799997,-2.231641140789063,-2.1627463505062257,-1.8435478345666572,-1.7381583481420455,-1.8461958497378594
1990-02-21,-1.6362985111634412,-1.5286630821758125,-1.1245706885463176,-0.8715447683391037,-1.5050439612965911,-2.1085317720430887,-1.3650638224440534,-1.571804371955534,-1.335943745792638,-1.7212700024800982,-2.121384041654647,-1.9509962326261039,-1.8023020546777517,-1.6238185223413446,-1.7081660099965712
1990-02-22,-1.5562370452311944,-1.3609792568243537,-1.1303374797267676,-0.7264457409446401,-1.3712786398467456,-1.9421507517542471,-1.3009667844608341,-1.4778882376542755,-1.2214130726896038,-1.6347635967874659,-2.0400860336453555,-1.7580924534993618,-1.659453263564638,-1.5779995742102373,-1.5593821266937145
1990-02-23,-1.3721911603823933,-1.1127517606541777,-1.1312346815639889,-0.5539459111222058,-1.2501134254664081,-1.7544922860097087,-1.2145433668614039,-1.3219636728873676,-1.0419768130677356,-1.4478087813501623,-1.8750310766764455,-1.3947464725059135,-1.4981962503116677,-1.526801829451076,-1.3338970759339353
1990-02-24,-1.0724766285414555,-0.7732893531278754,-1.0526602459655001,-0.4090861532529082,-0.9796535297948513,-1.4073984384742284,-1.0424351459175443,-1.12048429066206,-0.7597844920893986,-1.089665193565615,-1.5903145525719535,-0.8031459166799153,-1.1783678622705576,-1.3920122455015487,-1.006270068570449
1990-02-25,-0.7262542312624806,-0.4645231021059958,-0.8879120583031039,-0.2719412102326316,-0.6270912210160217,-0.9994975628345091,-0.8916362320800496,-0.9185184487459038,-0.4650375613929352,-0.6433066292879749,-1.2447896971151158,-0.20252640774352593,-0.8278262228349501,-1.1020614612130264,-0.6591727752350345
1990-02-26,-0.42407254378329623,-0.2557733450749736,-0.6836429317444999,-0.14386497573883306,-0.2177497929140235,-0.5246117119306926,-0.7861059673750959,-0.6349412039184642,-0.25262333594624153,-0.20734004954600083,-0.8904059155041071,0.30843328235893724,-0.4161235857260621,-0.8456953329172313,-0.2785545610101002
1990-02-27,-0.13477414304145577,-0.09180705152329606,-0.5564243934436252,-0.029335533004489277,0.13952609086613352,-0.1650305648908896,-0.6218159649601558,-0.391663127170272,-0.1892771881195464,0.3200955300710243,-0.5729749376437263,0.633018309175887,0.004866481066499615,-0.5999483028299644,0.08079913085726716
1990-02-28,0.18003109647700694,-0.0689163679158296,-0.46983927776681567,0.040389736999215164,0.2560600484507876,0.1640727485445442,-0.5018791304549088,-0.06554022449619118,-0.2040879114784499,0.8048335478595829,-0.22382535429270534,0.8620205974724338,0.4333694699582873,-0.33029052030837036,0.3402206735750357
1990-03-01,0.5006143514390231,-0.05185141031151996,-0.4886664178503134,0.08816343211569547,0.3028569904867934,0.3546782907065365,-0.4001188286559696,0.22773942797495406,-0.23785578120733025,1.171587211660027,0.007742706722283592,0.9997358262730374,0.8526610707523402,-0.08010280266446058,0.5492840685655945
1990-03-02,0.7985174728769117,-0.04291703348045061,-0.4777327518506354,0.064909763731128,0.3348419849748817,0.4553483720176489,-0.409609119164704,0.5148159193576477,-0.26314180590630615,1.4851026043608995,0.20250283641625594,1.0544102831807363,1.1454348198515343,0.1013095734010107,0.7155230242259157
1990-03-03,1.0457391241499916,-0.013024625973862338,-0.48409267143561596,0.15042783172358937,0.3080886926793923,0.6031910173352327,-0.38916672343825565,0.7458374644377216,-0.2851203948987168,1.7594134230532994,0.3620382301493857,1.1193555731393154,1.2528581670944845,0.2439992438313302,0.8435846588487683
1990-03-04,1.2065536671036536,0.00935687456451939,-0.48526667729404976,0.22733118724899248,0.33814826144263804,0.7744199596921445,-0.37086530075614993,0.9482135740513855,-0.2828389473549268,1.9955118259463167,0.4422876682262478,1.09860492659236,1.3287961911097144,0.2998012518708481,0.9669779227612907
1990-03-05,1.2942114252189791,0.018256382376955364,-0.3780671440225013,0.3847119765885034,0.3790083565130047,0.8617579317036972,-0.357514657470575,1.1352934185509844,-0.2504669391397795,2.1441359706400553,0.5035909960857647,1.0008689215741822,1.3557578452224277,0.2772880173424418,1.042352695351864
1990-03-06,1.2999899773699939,-0.041908609851394836,-0.31303660344206474,0.5126308635666037,0.340622712768476,0.8780776000928996,-0.3457785739006106,1.2590397250494583,-0.2779557618188679,2.224323706930217,0.44774066449152816,0.7994597087401558,1.3412231324065007,0.23008502025407987,1.1197366280263983
1990-03-07,1.3197794428071588,-0.10150461942104975,-0.20807232167121673,0.5867455000420386,0.28390845542995563,0.7375217666478229,-0.23711811720482232,1.3205796456274284,-0.29870243449087913,2.267262967425385,0.4334592504124807,0.5966167644748581,1.3301164007955288,0.23399310422661657,1.086209516422138
1990-03-08,1.3472699164227746,-0.06428808543583998,-0.1400184205746392,0.6768777602221764,0.251805350603896,0.6321511469525712,-0.2019164343955824,1.4042643013195255,-0.3364359831687552,2.1859567484252413,0.48375314195456603,0.39791817913155975,1.337982719364176,0.1819124586890771,1.057802593858108
1990-03-09,1.39493919278356,0.12173084721201521,-0.17294551463162186,0.8028245580440407,0.2535032529110041,0.56602468559788,-0.2172112077094795,1.437240406986806,-0.34693714779148477,2.083926196919793,0.5450040229347994,0.284140476287914,1.3026739490583343,0.0998921868723326,1.0783537135078185
1990-03-10,1.421659677953643,0.23025327833095166,-0.15487629530593852,0.8677967974368949,0.3009315205757713,0.5914882791531074,-0.21659320418148242,1.3926347120064546,-0.2702240153775452,2.052765506579167,0.578121946830734,0.1884931046146274,1.2639081453732395,-0.0014842946431811105,0.9968518070372359
1990-03-11,1.4066992863148093,0.23541358427589665,-0.23227901291511677,0.949684594948694,0.3625837905868995,0.6251206567285892,-0.14835544003072348,1.349747330383896,-0.16229738953483236,2.0726959024472786,0.575515450081217,0.05514632572518937,1.1898781791075204,-0.006087911562568138,0.8687133015653627
1990-03-12,1.3879520576351707,0.24036014982500747,-0.34540029221541374,0.8996663707350171,0.38112451112132506,0.6174955116476016,-0.06642129771942748,1.3415550028437258,-0.027989936758152433,2.121895745754926,0.6191580602600362,-0.045054792777860245,1.1069551199099752,0.12514369791494828,0.7901801536179109
1990-03-13,1.3726738256322144,0.3412561306462792,-0.4190095475008634,0.8575329485416437,0.4095086269035355,0.604789713712033,0.04117463130834422,1.380306038828031,0.11922800040284762,2.171646893828506,0.7905716691108854,-0.07936938820459526,1.0543146922649735,0.39159994073852394,0.6374676932157218
1990-03-14,1.491186620379633,0.6195688085209629,-0.4081735332097028,0.8732643651822877,0.5213520506864563,0.6156087317659268,0.18807646266725875,1.4812796648924265,0.39330359134228754,2.2040813700440083,0.9443129186083857,-0.1853942654946052,1.073550112200558,0.7763173798989091,0.4983760745325071
1990-03-15,1.721539382913979,1.0428763684133477,-0.14088914805433286,1.0367447696683887,0.7717572118627457,0.7245272536031409,0.3916908605807599,1.671028866176862,0.907011313341964,2.1820329320920115,1.1854519955005793,-0.2294970377290698,1.1239240730837203,1.2637048491942107,0.42535728372194265
1990-03-16,1.892731754172213,1.5728596553123049,0.1867625757855761,1.2791626615776748,1.1364726346353593,0.9135606317554071,0.6435022817021431,1.9395311902124723,1.5150980988125071,2.0127378191819396,1.3946032639411634,-0.2291466717904085,1.232867062292528,1.7170492056916202,0.5380111823500402
1990-03-17,1.9246792944074127,2.019816936790592,0.6583568486733102,1.4639372195814597,1.5146272555713096,1.0190214788816867,0.9712544360381998,2.127354681077151,2.0053392905291276,1.6669863679849792,1.5205157393485675,-0.18284778378975697,1.2934951722175305,2.0623968562699773,0.6818484807303771
1990-03-18,1.827446332046837,2.378215882340477,1.0563118632128945,1.544473170221792,1.797968179802331,1.0574219841430965,1.2506230915696783,2.1833562902098045,2.2463062497567003,1.23506050772202,1.580310549805381,-0.26090910258454025,1.3029905429372055,2.2273429729686547,0.7254190949465895
1990-03-19,1.6735938090657982,2.665664871142583,1.3361915267534634,1.5669584083167691,1.9632319244646994,0.9960788786332193,1.374359525501936,2.100113779116022,2.290309128593543,0.8692316047053128,1.6275576956228526,-0.34655396951144185,1.2775633716228927,2.200891374826274,0.7662237669986948
1990-03-20,1.493348199286007,2.986537657648679,1.568272104393745,1.5588578873927148,1.9963922084486316,0.8861328126666713,1.376984377873488,1.8334701763438372,2.2618475755439245,0.572991452599242,1.60359713807208,-0.42006336332576877,1.2726783167880518,2.132258114767291,0.7488603330345383
1990-03-21,1.3684313783731692,3.1855217334502877,1.7166297588363069,1.5631969823054226,1.978600985724504,0.795097525960489,1.307053424493599,1.5758096225398492,2.0964202976468647,0.3162499254829064,1.5232471564026266,-0.4880270869971993,1.3456812344308422,1.9759913597893723,0.6885306592764706
1990-03-22,1.3492776873739647,3.2648338515904074,1.8395947131331907,1.629261060722983,1.8740207534651783,0.7026930442287611,1.2005682081666524,1.2643930040005766,1.9060261172651733,0.09979032855868847,1.331346795107526,-0.6047971417171237,1.4332424501709082,1.7705183918222633,0.6406949499077347
1990-03-23,1.233244311087713,3.244073764658706,1.9125758074555252,1.6718302117201345,1.7205723042050656,0.6716536849470922,1.0609387401369312,0.9527549389920154,1.6767914427416626,-0.09230031194297911,1.1556402342965568,-0.6589676756082208,1.485361223947959,1.5962864536885648,0.6034795002549537
1990-03-24,1.0815061527558893,3.191736731836448,1.9143525639554186,1.65956123488223,1.6356224137755608,0.6260472204798312,0.8859983852565616,0.6882743911718473,1.3983449453906862,-0.2600227704504222,0.9451500007573904,-0.7024300981610221,1.5035038791114803,1.3715368546709101,0.5847625992872952
1990-03-25,0.9812372108278438,3.084524538354181,1.9412056931744164,1.6370847189419246,1.5642364749331803,0.6372183584619985,0.6737565021556294,0.3881728579689348,1.1692884035767113,-0.36769188418297527,0.7756713746215965,-0.7092871146130272,1.4321923217553698,1.2133067388862824,0.44750849641322155
1990-03-26,0.851087372667184,2.8899426081679134,1.8813591780168606,1.608780744337801,1.4654527753778104,0.7444715359354872,0.40005595867862026,0.12033881820076056,1.0162014026296111,-0.43608722860821075,0.6694430256297663,-0.6798215092595626,1.3782146956431987,1.0280094811911924,0.29490787745802716
1990-03-27,0.6540305357929004,2.6210593138346105,1.7774868798800991,1.554896232439958,1.371434816191077,0.7951235094173383,0.07152361733762314,-0.11341832141356298,0.8578302685329328,-0.40294861486162936,0.565022396727323,-0.6084750252791237,1.3787692526334865,0.8441070423657974,0.24333799997362737
1990-03-28,0.3733557888968282,2.3575438129073194,1.6927075373001674,1.5420834975752626,1.2914746336634988,0.8043694888118766,-0.22712893986525404,-0.2882556336581933,0.6603990219203891,-0.39929154288445756,0.4542540705432433,-0.5702248313773621,1.3766815788356828,0.6837941506551979,0.22553906425599735
1990-03-29,0.09933514729938583,2.0518012013322866,1.6825647832492023,1.4504886096545062,1.286743663978208,0.712870437915652,-0.4686773969999893,-0.34092074237090875,0.48269607031576295,-0.43768984675686484,0.41146684871584577,-0.5000092385273853,1.3549020732753219,0.4396884823833754,0.284358594477328
1990-03-30,-0.17757607206912393,1.8410578139684648,1.6177969449816754,1.3905089691556716,1.3076083589767429,0.559420808176356,-0.7094102762480248,-0.37118805589967224,0.3516470205785517,-0.53030436261822,0.34846158845069247,-0.47742014693505047,1.267416960975347,0.168326353644419,0.254265833428175
1990-03-31,-0.448690083776795,1.672941713389663,1.488201330243776,1.3146322353826667,1.3751201070858046,0.4659300138918496,-0.9899270238020691,-0.32861831854467743,0.2205395185531974,-0.6681267685488899,0.3316621792888815,-0.3790059136918763,1.189881141365655,0.006370765860482599,0.23078801827335851
1990-04-01,-0.6714277367680668,1.448075528862877,1.4353631584692037,1.1743697015681753,1.3798562575607214,0.3739690451554574,-1.2910498849482792,-0.3206910486412926,0.11525167211895551,-0.8211163658374204,0.26091956683808354,-0.2579855018912876,1.1531750062294808,-0.15399048033157425,0.17807360652993073
1990-04-02,-0.8814698068770008,1.1066959411472839,1.4351759127281556,0.9497339870437277,1.250303739914498,0.23619130791604284,-1.538739778755284,-0.30306203022433237,-0.07966180145648255,-0.9886504325559323,0.16609468086083987,-0.13946070635533794,1.110775139863694,-0.32552489540439494,0.02927226631655567
1990-04-03,-1.1005407503278894,0.7585076731110137,1.4810176381143088,0.8007842597960697,1.0098014904034198,0.12004893281175752,-1.7178859340361239,-0.26010034558848333,-0.24588525411436776,-1.1116836828466163,0.07843572734636954,-0.022642361484353318,1.0213076504387868,-0.45179713599978655,-0.05853611664538192
1990-04-04,-1.2546230668978469,0.44140806069778826,1.5321138051980765,0.6812204527132201,0.7749547218263926,-0.07869878193899163,-1.8393266323357398,-0.3137089230687103,-0.45104042797325156,-1.175887420270894,-0.01709636948654679,0.05119697743163924,0.9285531278453282,-0.5386679239848676,-0.13130693612238256
1990-04-05,-1.2807742064832517,0.0975750874537889,1.5171469458137292,0.4775872684048381,0.5287943148360961,-0.313449947600312,-1.9509943062258086,-0.375663006031513,-0.630217902796831,-1.3405277055905758,-0.17967324369219487,0.16710516838954684,0.8481582829894014,-0.6700658236124893,-0.233143272170739
1990-04-06,-1.2567118292054174,-0.2889144757383223,1.4657163425299207,0.12974331212455883,0.3426180676694744,-0.5687504688996896,-2.0309806920872746,-0.47695898163879774,-0.699050150218661,-1.4869254866702595,-0.3905167179644909,0.29919848364370916,0.75358871860952,-0.7739344533025041,-0.3436229509607898
1990-04-07,-1.2191443286564332,-0.6125753487694122,1.285714024993361,-0.18961883417234449,0.08020126211693182,-0.7099970975819629,-2.0678655384979714,-0.6217443484249737,-0.736981684420318,-1.6105878317004645,-0.5738657051414799,0.36216874920636327,0.6229472749130213,-0.853382860005105,-0.51319218230465
1990-04-08,-1.1797073472358668,-0.8792904483071684,1.077550393083849,-0.5156661166126488,-0.1746721034914332,-0.769606174020123,-1.9807173454189317,-0.7886369556079047,-0.7533091732616142,-1.5820603456490263,-0.7545340223612131,0.4245044319882776,0.4588842302350376,-0.8005757027465419,-0.6484036502619088
1990-04-09,-1.1545208440158048,-1.129432990604641,0.9092323483876875,-0.9202174552654826,-0.4456261531809677,-0.9040867390592038,-1.8041209033278167,-0.9870053991700314,-0.70995823984617,-1.4764534735974573,-0.8991595465139678,0.43340336837149596,0.21823921517592026,-0.7465881926973882,-0.8148565847703357
1990-04-10,-1.1015155478681438,-1.2604111799587547,0.6761993671978328,-1.3230076962034787,-0.7053643886068015,-1.0489858206267748,-1.5134677674458967,-1.1582678963398703,-0.7015429101814272,-1.2691087693954775,-0.8696990029884494,0.4518029737862119,-0.0806510691271597,-0.695204519342928,-0.9519222749154594
1990-04-11,-1.0345554363757146,-1.3513401236675866,0.42544160202799436,-1.6592849836666568,-0.8810449881598109,-1.1055594140473946,-1.134690595353025,-1.2997536732190325,-0.6853453817800704,-1.0413255807278752,-0.7990125623354211,0.5332893565089384,-0.3352747708050022,-0.5267908506738638,-0.9795057348920311
1990-04-12,-1.0743043288738807,-1.3355676960318554,0.4907464381914895,-1.529104504989039,-0.8111446846304773,-1.0344326128526529,-1.2811979361482864,-1.191003548808418,-0.7460934898137468,-1.1694220184574324,-0.8195460960996742,0.4558210044108762,-0.22157838629066787,-0.6199147648442213,-0.9633653887028418
1990-04-13,-0.983015650956033,-1.392275979885768,0.284061028387469,-1.850371072038163,-0.9147979600117749,-1.1960236871657997,-0.9794907381775725,-1.3991222705907882,-0.6995031912266146,-0.913692386024664,-0.8243805083384703,0.5417784047670698,-0.4532751769547762,-0.49970980324340564,-0.9762610101172687
1990-04-14,-0.9325469517186563,-1.4412199146263105,0.040316350666675924,-2.198013461918636,-0.962483223955574,-1.23642361393058,-0.6878484903097756,-1.566903184876239,-0.5693443277615929,-0.6531449842714714,-0.8624810295121564,0.5713937065310233,-0.6276351415444605,-0.41470601215053865,-1.0138111269755492
1990-04-15,-0.9404764483873674,-1.3166743261896066,-0.34019169069833943,-2.4446821906341474,-1.2119839753240844,-1.1718250694803445,-0.23331341994943205,-1.5379319597483854,-0.5036544073690367,-0.33035639804480854,-0.7042507433964612,0.597558138282652,-0.9133687956089128,-0.22650135286960998,-1.1569713776058612
1990-04-16,-0.8556540583492026,-1.486890277149992,-0.7180747500746637,-2.956491449877777,-1.3307254558411588,-1.098492544575353,0.21942656291959767,-1.452806842388858,-0.737267417743997,-0.3089764517949546,-0.2508046561184845,0.6796245424303725,-1.0801355862244857,-0.02124066366231083,-1.2262427502087292
1990-04-17,-0.8954572595336453,-1.6950295201753394,-0.7269078104460971,-3.087887750531412,-1.282590182703635,-0.921935679351232,0.4317495413092078,-1.4198672664545404,-1.0189548706442928,-0.43179941275871453,-0.18032556601354627,0.8126839402303948,-0.9544675339582572,0.34249343573247004,-1.1110511283554436
