,1,2,3,4,5,6,7,8,9,10,11,12,13,14,15
1990-12-10,-0.14879911125840306,-0.24145282228687967,-0.0630730239617703,-0.04094735842245721,-0.22283630351292674,-0.18155849876944954,-0.2856177472321149,-0.06987251174674401,-0.14964529378985622,-0.18394149185404207,-0.02623700756753246,-0.438053991839484,0.01936002406286086,-0.3213998664851362,0.09780229104253574
1990-12-11,0.11571730330455553,-0.10039120269330072,0.24461455672823532,0.21801210107830285,0.06744044484236869,0.018520504460695975,-0.13628164252461689,0.2055644264499648,0.1465725195159911,0.0705490676166785,0.189220468250076,-0.32110444511317465,0.34536980854625965,-0.10280778052721444,0.3342112436713836
1990-12-12,0.4176996902951846,-0.017779066008612076,0.5574039149116323,0.4833953609976193,0.41258320572996443,0.26409632652501647,0.08304476165569312,0.5357246131652031,0.4759962238690909,0.3085445551123367,0.44574631013448723,-0.18435682267508174,0.6830312998150972,0.14271310429229705,0.5532944624871836
1990-12-13,0.6781625665066965,-0.06476408183752785,0.7820259151216746,0.6942742434463275,0.7162215802918835,0.44816442864418754,0.21826389032932506,0.8297308101063062,0.7330624430731125,0.5014710729104613,0.5846790825558263,-0.15075253225116672,1.0302260059966997,0.3159458545065049,0.6892697717858831
1990-12-14,0.954158567536186,-0.05794826834185779,1.0378726053780227,0.8985660714465904,1.0212191114686584,0.7134154897631868,0.3813402449943715,1.158755343591924,1.0158003658001449,0.6843391594560485,0.8058063958319668,-0.07115050209217505,1.3175879831585546,0.4993451613344367,0.8959318961088171
1990-12-15,1.280116839590882,0.07318989268631607,1.322623833112268,1.09343266661327,1.3181577221996865,0.9606850979652527,0.5554767230166803,1.484624276727377,1.3931809737706213,0.8941035761101481,1.004985208748486,0.10856543159416326,1.62185454033586,0.6686652803259706,1.0815638758507125
1990-12-16,1.5186252097950768,0.11954324689670069,1.5271629046036919,1.2424306326237002,1.4793141932672322,1.1769767742137596,0.627117413468601,1.7107620354057709,1.7627757650218532,1.0364047552386368,1.1690488177842453,0.22876118194762302,1.830962107839664,0.7728367860663078,1.151182718715621
1990-12-17,1.674204552217858,0.06290611979725692,1.7129713054474895,1.4145831599303371,1.6530657912664233,1.4458579095391346,0.6494476308353522,1.8621062572039058,1.9770786441874406,1.1563530974232592,1.2146359432242217,0.4555262717853803,2.014463999594396,0.9783941668993076,1.1563966494021296
1990-12-18,1.7954631825375151,0.04168798359187116,1.819782090714126,1.5023716236405944,1.7311743875402994,1.6291206011682824,0.5274516697804038,1.9701870037340214,2.1295402817153017,1.273044652590127,1.2436456054124108,0.6720131598535157,2.048948795531614,1.0518720541212898,1.0833367642476979
1990-12-19,1.85315019480474,0.043027061678352754,1.9041866309667825,1.571532501512926,1.7480195667515313,1.71037148654208,0.3438864159955621,1.9536548195792869,2.191477407171761,1.2699574954458661,1.1447416034927538,0.816478192660577,1.9751535313610915,1.0339127563061052,0.9539211353211463
1990-12-20,1.8814476637019626,0.09104698365778,1.9046304710341013,1.5044489964853245,1.6939417440450706,1.7968339441217644,0.21262349202528605,1.967362663737521,2.1056387486658164,1.163524760642493,0.9950022777477302,0.9775433027788335,1.8455697608440693,0.9628228389266971,0.9186684464792796
1990-12-21,1.8279798383522712,0.09963211085409686,1.8803896451629978,1.4393026352194707,1.61073775264688,1.8026406200499943,0.054305593851390305,1.8812956120319773,1.9817156511613343,1.0137923934801667,0.7296528252844456,1.0645892205044498,1.6533345247744684,0.851922207553625,0.9491192175577886
1990-12-22,1.7792813390075504,0.15721715517426596,1.851146534242417,1.3762805714529087,1.468777167996087,1.777149696918013,0.03581546591645116,1.7490394309750477,1.8407683617586574,0.8562758388421217,0.5144534379178861,1.1525435005480043,1.425897198742031,0.6991916322163718,0.9577911172808774
1990-12-23,1.7427358494057963,0.156133090646593,1.7689315796831222,1.3278403719528808,1.3958514075992134,1.708372490624884,0.03845005009910012,1.6368253131724375,1.6629165706144167,0.7137701275697863,0.27124676289476585,1.2651761676469235,1.1915640750626395,0.569020380491903,0.9705811328848977
1990-12-24,1.6617565891673693,0.02467832806892806,1.625087093817517,1.232778155065805,1.3487684455035898,1.6383406926296509,0.064734034410376,1.5041786849934355,1.476055511620371,0.5569274240677908,0.06976635566331245,1.2861308328863494,0.9829098731083598,0.4119920772442203,0.951338148629947
1990-12-25,1.5797587076032078,-0.07992097439309478,1.421612769832593,1.1359893269790775,1.4366744961881703,1.578028346298684,0.11012581758491433,1.474869480405578,1.268899074426171,0.38008472000872073,-0.1120276404757114,1.36244202295147,0.858347665143047,0.2674040896604192,1.0108684007008795
1990-12-26,1.570594679033066,-0.10738084374936706,1.1295725831019963,1.0286025531065066,1.4773367241294233,1.4371648564251347,0.1849772492403073,1.4759619219422644,1.0671257761213837,0.2053997365440665,-0.22260568324862098,1.38043144371156,0.735420317940149,0.12114500630453202,1.0794251742024237
1990-12-27,1.5497165100200698,-0.17670224182482153,0.8971268625750934,1.0401946734981637,1.5284581290688597,1.3446080561488585,0.3402313214055913,1.4068891064986735,0.8095167951419492,-0.0017396315474309692,-0.25599506248926174,1.3066714387826657,0.616642739677824,0.04505594963610791,1.1691224577587798
1990-12-28,1.526676766729047,-0.30003137762929316,0.6899491886320296,0.9853796274135683,1.545471543679576,1.2477200460989537,0.5515111385785085,1.318485778187439,0.6056694547238032,-0.14389516658523172,-0.27237895190244177,1.224947499930251,0.5190323205471709,0.04620167997387296,1.1644578589529804
1990-12-29,1.4515851738698822,-0.45187904472122165,0.5324242986782572,1.0135164434732324,1.5432613225473675,1.1576078382423645,0.7261659137526402,1.20781487447485,0.5121703620783667,-0.10539014067344957,-0.2455172650564071,1.2045857765385186,0.3597586769053445,0.0641449529055643,1.1193835276991593
1990-12-30,1.3585215873529422,-0.5827590657353342,0.3714066240389798,0.9550198707865644,1.4720913783444156,1.028330033749348,0.7011063668076716,1.0633790993827534,0.35697263553716413,-0.0700507136113079,-0.14690821573534263,1.1345877545854604,0.14323632322355348,0.077613501285007,0.9901030543231841
1990-12-31,1.2412698463895928,-0.6358592869214086,0.21420580613247067,0.8505551244627504,1.3790633694791057,0.8699271720700701,0.5508342957779636,0.8446971989319372,0.19180579340979928,0.0332683458823431,-0.1297970715380148,1.0801307582736404,-0.09454694599495568,0.1340494201593179,0.8940020733194948
1991-01-01,1.1771628955777356,-0.7155464342949195,0.1688368559156708,0.8037466431812621,1.2801498908028446,0.7305862187293375,0.4663720723388994,0.6561062281524751,0.05297664551351227,0.15658476602530905,-0.08690899262323071,0.9704564453418159,-0.3256323294050864,0.16214844195121317,0.7719348705667186
1991-01-02,1.0787696862609102,-0.6465599596737781,0.11487125406100297,0.6703304288312646,1.1184239229839636,0.622300498572904,0.3618715322980057,0.47248127388018774,-0.14339308714968604,0.27308226668583674,-0.061066581541941806,0.8864901766140456,-0.5501479834325059,0.19398700913145717,0.6451654160876558
1991-01-03,1.0088641118089388,-0.48799718851107615,0.10377618805629044,0.5740055604954893,0.9172994295306072,0.5166014587788315,0.2162660241296425,0.24892862367008164,-0.3279002633669977,0.35994214237177097,-0.009308809511559313,0.8091543102551769,-0.7656405736386401,0.2669569606635962,0.5376215367753854
1991-01-04,0.9133956311686379,-0.2943913496105703,0.15446349430547307,0.4440380174251408,0.6697304788861919,0.410164672675028,0.13066537694326466,0.03523170293771345,-0.4027944242505197,0.4558504567431994,-0.007140030883064826,0.734438932364873,-1.0049390808176668,0.2995304810403838,0.4344072543499829
1991-01-05,0.8088088817683118,-0.0720653869614917,0.11520640782435917,0.14312604261361828,0.4447947863470896,0.22742286087944738,0.10305144663408786,-0.1718195513959861,-0.42514805524494026,0.622917233034973,-0.036274977984847745,0.7013878594852667,-1.2090311747611562,0.34176159940740775,0.306346912623573
1991-01-06,0.7279286002302046,0.1806743368969603,-0.014332821740012266,-0.20792500188193513,0.22156899597740826,0.08701775935960362,0.04046313812199293,-0.4414653616939491,-0.353291717568469,0.7681677604876876,-0.04234309738857389,0.6886714045833346,-1.3962318250122678,0.36746858293545237,0.23393568522349892
1991-01-07,0.679982837417494,0.44588776193075297,-0.23163395775247708,-0.5775561452084732,-0.00957887560527183,-0.042132204644592684,-0.014058056876234527,-0.6990517012148263,-0.27131673915853716,0.7827284938652349,0.015114581302143163,0.5822685313703139,-1.4928383687219304,0.39568335411564237,0.12511256747299407
1991-01-08,0.6675745272267989,0.6803121868303993,-0.4879311323992135,-0.8776756390473432,-0.19424882365667986,-0.09851726563872008,-0.06374103077254037,-0.8988662124905162,-0.14750041116554927,0.7337801268837668,0.02648113218206557,0.5047870514248052,-1.5077718315290947,0.4225560249483465,0.018787216343315365
1991-01-09,0.6329751585633097,0.8447519308384278,-0.729981226031198,-1.0823702944866713,-0.3905973226899583,-0.10807320343526605,-0.13704941519494462,-1.1081919636511994,0.04550719894788401,0.5947311724555097,0.10466074944019643,0.40199199481854386,-1.5230912410666233,0.3968566596742125,-0.041463464656009884
1991-01-10,0.4581759679438684,1.0545419855296532,-0.9595703446476438,-1.2571407310779954,-0.5286657693582696,-0.09137409344788541,-0.3833750568188448,-1.3915543347179833,0.2246023712986569,0.46146150687238086,0.23822438968607298,0.298023645286435,-1.4217426452987514,0.38244811778554216,-0.00887225419977711
1991-01-11,0.2650391153047555,1.2253126966589984,-1.2204474042348417,-1.3656287130629352,-0.6470842808893239,-0.1919272368917227,-0.6613657102122129,-1.6195254419286644,0.3175166145243754,0.3101164569167287,0.3153755584929839,0.1485131531152992,-1.3072503035879157,0.4121076560756234,0.008257555194530107
1991-01-12,0.13743709641817983,1.3849690777294588,-1.3945151276115708,-1.4754212129661,-0.7835543245989506,-0.38978592542549834,-0.8403455183354775,-1.7197585543364995,0.3803360963007176,0.09762534425899193,0.3704380114068762,-0.049089787643166426,-1.2023401392852244,0.5084798459162551,-0.05901976789621738
1991-01-13,0.08083861289033954,1.5022342968576776,-1.45924581502872,-1.5992984322292563,-0.9290030701307069,-0.6630290540900762,-1.0417759373705833,-1.8112098777824697,0.35947899327155247,-0.09468760232180509,0.4768553237484086,-0.3147662284402256,-1.0404198444138983,0.6485846450645416,-0.13740088327668346
1991-01-14,0.021627736501876188,1.564089942059834,-1.5319913576134827,-1.59971472781041,-1.0569386994884349,-0.8776779219582556,-1.2796739153726346,-1.8343508542448161,0.30448494636348494,-0.33834556509594443,0.6162845914768819,-0.642246799371075,-0.8874796954819706,0.7471780287508706,-0.09808256309230265
1991-01-15,-0.06719329170755932,1.595053212898973,-1.5762940863593191,-1.4259222752510687,-1.0969559792138701,-1.145784753074452,-1.541958023499302,-1.7528239823663214,0.1733386980405748,-0.4793204343388474,0.7194837231480028,-1.053943871705092,-0.759197397571112,0.8208839603850128,-0.0650698731733941
1991-01-16,-0.15110019125372026,1.6170438226326531,-1.569440749116287,-1.2568756961868282,-1.2099401304687032,-1.3781256705708673,-1.8568555263516688,-1.7054255120994146,-0.039453771274776124,-0.5372069165777458,0.7848611361423942,-1.4885227421767366,-0.6309972002671795,0.8852241541466058,-0.04863844696290441
1991-01-17,-0.22900450355703184,1.7436208478968016,-1.4893579074891221,-1.0614939586796743,-1.3838575612490787,-1.6046412998120898,-2.024783156182051,-1.667516146755163,-0.286184343449049,-0.461130701010614,0.8734628384509509,-1.8779147221950259,-0.5553191221206191,0.9734447036447503,-0.04100690881253137
1991-01-18,-0.22926625754969923,1.920459741348,-1.3570977159526574,-0.8902653177774337,-1.5110848441456368,-1.7642850860513313,-2.1279965042993956,-1.5669237830909513,-0.5616255115515796,-0.34317841751436334,0.9354673081140679,-2.2348022888916215,-0.5432092839900219,1.0583173613121055,-0.1329379452467763
1991-01-19,-0.11988247106358862,2.00889042306724,-1.3253025940941023,-0.7270506892465076,-1.6127004221387515,-1.9077044314293188,-2.1097578209751076,-1.3655278696503153,-0.7671190619054695,-0.24438263380832345,0.9865975790531331,-2.5501856350333933,-0.6873854810761564,1.1353640295192706,-0.2976546320237091
1991-01-20,0.04133051452171312,2.0407884789368196,-1.2823187690196531,-0.5326530057064099,-1.640957933051688,-1.9361506648891247,-2.039004272747548,-1.2099202739118335,-0.8766580918346707,-0.1737036705889621,1.069036078260256,-2.74449414147595,-0.8856259852680753,1.2825958526409742,-0.4781861591611679
1991-01-21,0.12979558395202298,2.012030878218045,-1.2153902400765952,-0.3432881452934278,-1.6342913183598096,-1.8454119165101093,-1.873790162689824,-1.1611927258872812,-0.9331569087008219,-0.031979595877956124,1.1188707393233743,-2.766164193729074,-1.0349173245288545,1.4031983783123962,-0.6442494672297083
1991-01-22,0.20772415116788015,2.0272214564982436,-1.2162532899236849,-0.12311803842909573,-1.5457851065428938,-1.6540927375231935,-1.6815988694963044,-1.0880712605606444,-0.9350267295352358,0.08811576503291321,1.1025653806092763,-2.7569570177012266,-1.135417772763834,1.5151179056662942,-0.7563807795808275
1991-01-23,0.2987135965588855,2.129703066054123,-1.1315112615512675,0.036707989423875875,-1.4924773264686302,-1.4685331117671134,-1.5450835962375948,-0.9637279698596057,-0.8858205793301634,0.11825487663219775,1.0358738128666087,-2.7212622809500275,-1.1654126922544334,1.6010639920582876,-0.8924848727120307
1991-01-24,0.3837283437775491,2.246108443665096,-1.052838082953509,0.05777806514300721,-1.4397500316794902,-1.2809768745248737,-1.355593133261743,-0.8076168289606086,-0.8100669579653014,0.0020267440038007,1.0245183347578213,-2.553627072720665,-1.1449774834103394,1.6752601399651703,-0.9674789704281546
1991-01-25,0.4051203727320534,2.273710389559957,-0.9312199832292781,0.06465312086515766,-1.248090554178603,-1.1689891128441197,-1.0587030280050738,-0.6286894266375348,-0.5923589282037328,-0.21294437492627022,0.9419883493874027,-2.3399258079178202,-1.1155984510156756,1.7925214964768847,-0.998217131107248
1991-01-26,0.4051904441386328,2.1993828478542174,-0.9448090140031843,0.02706963192398229,-1.0356729011333374,-1.0926442493328299,-0.7923364774817636,-0.4488310232115155,-0.2661620212035654,-0.465157001159574,0.8255272204093661,-2.1176221843794663,-1.048312625345785,1.8223464418890098,-0.9900000277518117
1991-01-27,0.3239127633501089,2.062296541632707,-1.0174600774005778,-0.032927873810415224,-0.7803606163671931,-1.0409968912808225,-0.47765926229304656,-0.2587953764319265,0.05145188301445219,-0.700655000568373,0.7605689451208714,-1.823643855510171,-0.918193774817178,1.82377400584534,-0.909977446038329
1991-01-28,0.22330285986363557,1.8940780790047633,-1.031624920372321,-0.12779127322432057,-0.5164495509721343,-0.9765414848090362,-0.09687188121480567,-0.1300923816841938,0.2697161202811912,-0.8901148706533295,0.63207747260736,-1.410719730068774,-0.7035365389997953,1.7626000885024578,-0.8386642291945824
1991-01-29,0.049848132333842186,1.716614335632454,-0.9295789085936953,-0.23138386903586866,-0.25155241807764867,-0.9074522134021673,0.25336133509746206,-0.02103855571328026,0.41156657678477737,-0.9828853497345503,0.46994401714441514,-0.9987781818144172,-0.520041022383776,1.587733155771559,-0.7479732311388283
1991-01-30,-0.07984163352236448,1.4581669151437453,-0.9260517936199376,-0.3954256472792387,0.001713469706196389,-0.848159545037069,0.44799804690440004,0.06717771595927903,0.4918234174023452,-1.0840787129633058,0.3798911974297247,-0.6822766051596021,-0.40422101293446305,1.36743677214862,-0.6161467437243097
1991-01-31,-0.1851882321100034,1.08795094401118,-0.9470800937689763,-0.5885611733046822,0.19810437644844237,-0.6931759660333807,0.624208904198819,0.10380951420063915,0.5366919635342093,-1.1249350784944199,0.3391657879106767,-0.31677257436685213,-0.3000324291674748,1.086602160719577,-0.5026989182379784
1991-02-01,-0.2827191307359329,0.6245541717668722,-0.9778944249909461,-0.8066405885102691,0.3932520295142623,-0.4089590263151138,0.8393834238060109,0.0035521148726497193,0.569240719662557,-1.107407453538529,0.30110350177697615,0.1698521491840451,-0.2643298140337046,0.7409280632151497,-0.37320918725961466
1991-02-02,-0.42216713391569916,0.12386875259302899,-0.9454167133395133,-1.0135336073235357,0.6348496876998582,-0.0010706876189549323,1.0284022281529475,-0.1307437623515173,0.5580244799706925,-0.9930541276846262,0.24642260750802594,0.6179736688262167,-0.2505988250534015,0.40054154717016477,-0.2765447939760493
1991-02-03,-0.3307578903517333,0.3228385404007115,-0.9123805278833668,-0.9872481094175536,0.5168209694506203,-0.08960024819166729,0.9414783119232127,-0.08723784477336742,0.5340293102434674,-1.0046594270515654,0.2648177655277549,0.38213216335324685,-0.2509810864544878,0.5015446189080968,-0.2255786030311353
1991-02-04,-0.45123171967215314,-0.256421054522948,-0.9352930722594702,-1.194065318178935,0.7880361077885432,0.26413208887531014,1.2246394045183198,-0.19897307881289372,0.6174837966536098,-0.8407801989239045,0.2552635578040761,0.8540024169521346,-0.2791794160132632,0.12157809507492552,-0.05217404351278823
1991-02-05,-0.5015766364104852,-0.7843192230207701,-0.8760270347923366,-1.4750074264030193,1.019188854886137,0.8045976513017716,1.4904361447795589,-0.3865586890958859,0.37308651492379236,-0.5382868185128177,0.282829755266517,1.474715655999257,-0.293833422820804,-0.3364412254106086,0.13076018462585343
1991-02-06,-0.49549566367367814,-1.3697366222246012,-0.8313587941427587,-1.8477975745558384,1.0150015660854703,1.3917898610793138,1.3861653398274694,-0.49545516431717695,0.22554278167663297,-0.3078064832794185,0.3220148515647278,1.8668018883008917,-0.28036588911468363,-0.7483927506570531,0.36020006481776523
1991-02-07,-0.488523846214373,-1.7508199891861438,-0.543379680221907,-2.1191742732106045,0.7751641176783447,2.1526386010917578,1.5725661159984445,-0.6073268449355208,0.19477885419083,-0.08009067022846482,0.1686061958692056,2.445575428503189,-0.2037150410165385,-1.201583865755443,0.5522304039871085
1991-02-08,-0.7664682887013656,-1.8173443582678068,-0.2953386985124015,-2.1853630419037606,0.9288275372897188,2.4116099898768097,1.6551588608401697,-0.5995791971524288,0.1385737523969719,0.07138911697321614,0.09370205536822893,2.446283189837431,-0.14869302203060583,-1.2460097320936228,0.5328420588817775
