,1,2,3,4,5,6,7,8,9,10,11,12,13,14,15
1992-02-07,-0.5296072118247671,-0.8860960947829657,-0.21035109081402625,-0.24822414157229422,-0.49054415391843625,-0.6813780125868574,-0.9005903007926587,-0.31503316224053307,-0.44522223828497415,-0.5265433221208164,-0.6482390759644238,-0.5624262148048853,-0.1243553824973512,-0.5808582783317625,-0.5435740386281058
1992-02-08,-0.2756390636410271,-0.6650946227988814,0.07142168540743657,0.05473501555369282,-0.16501826233704153,-0.42974561079147217,-0.7607271969974079,-0.06279149794375585,-0.3202485295532249,-0.23970224269735846,-0.4052575565224284,-0.3473195050994929,0.1520144728613289,-0.3276869072678834,-0.3968765598169252
1992-02-09,-0.1912585309855549,-0.5288145554454362,0.24403363028451866,0.2202123173123293,0.04698378661905624,-0.2933796538044748,-0.7224308088520859,0.047826423756200144,-0.29325362423109697,-0.09964437804533036,-0.26270124728837013,-0.2546402672032066,0.3211816631957876,-0.12818669787953096,-0.29777746273037026
1992-02-10,-0.11062429825414319,-0.40100262129589054,0.3721756419138363,0.33737617262354047,0.1679641302078648,-0.17207902190717744,-0.7059923803233975,0.1631637637213921,-0.37009709711239397,0.021725436364278587,-0.17813635245983517,-0.21541228443616633,0.4517403809962961,0.06623978804704683,-0.2380861257109789
1992-02-11,-0.0149990480003554,-0.21104904944185898,0.4919526360245437,0.5114542441473547,0.35006173378380373,-0.030840612445350437,-0.5691292755389399,0.2718122686903718,-0.36718621105177907,0.23481578609111667,-0.002337353398773991,-0.17450474334962626,0.6710779767378124,0.3152024029434193,-0.08303548526239746
1992-02-12,0.17152865400671446,0.07663045229061619,0.6364939497394388,0.6726386319951644,0.6025811684797902,0.10275871252255019,-0.330608631672016,0.4056722548084866,-0.2429627295828889,0.4963697325862957,0.27562144891836055,-0.14452689122454646,0.8581008245856928,0.5719070842402032,0.1754013097752575
1992-02-13,0.33385335945370803,0.3846786595486169,0.7431039064261565,0.7550709736591927,0.8745452888718379,0.21377066635779818,-0.032070471735641655,0.5590042766998568,-0.1490311182161295,0.7889758183634074,0.6629486245930893,-0.10333558920607257,0.9620013040126824,0.8160375357448348,0.37666368630645364
1992-02-14,0.4731529935953772,0.7091718012300333,0.7421685816150766,0.8511456967357346,1.0131236781026542,0.2672343066251485,0.1606209237517341,0.5775058900954579,-0.1061058659328123,1.0603729282190075,0.9517232566857013,-0.13377045562129797,1.05070893993293,1.0220402009912206,0.41341886972078107
1992-02-15,0.5944064828013759,0.9050991536053867,0.7061851093495539,0.9257398163584372,1.075035333312092,0.40689084512461393,0.33683120701800834,0.548475123737762,-0.05871388467263044,1.2330350920914481,1.2547953385576098,-0.21044904793561078,1.1309350636730422,1.1962882051536177,0.4418503805069145
1992-02-16,0.6408628571448134,1.0065795968737767,0.6895189307905522,0.8853560701070302,1.1244615317736248,0.4961702018593069,0.5111299725555903,0.5737886450967715,0.03361163094838201,1.3731213847102723,1.555903451337487,-0.2379767382435658,1.1626889763209665,1.3677920539320152,0.47151205248721767
1992-02-17,0.6755422449569279,1.1179489676500798,0.7533722857073966,0.8676198537234516,1.203926863242302,0.5399112562135828,0.7741507614845251,0.626714514779595,0.21968298627645924,1.4139497114920188,1.8219852455670955,-0.15041559472809057,1.1622530114014986,1.4393370757721968,0.5816701753752463
1992-02-18,0.8529681468966956,1.213128569621178,0.8855911102519921,0.8642801313531056,1.29975894951295,0.5751615662878102,1.007208099411057,0.6716894672474868,0.37271924830858216,1.4225654570134783,2.0352050751244426,-0.09316339526938984,1.1514125806705615,1.4581594474908033,0.6399204245174024
1992-02-19,0.9901027626510316,1.3183397329211017,1.0635266040909137,0.8894328346570185,1.4086180557713417,0.7104576477566442,1.1360973341942247,0.6696286486661897,0.5402988092684093,1.3529522791874213,2.1886235512946,-0.010552644477464797,1.1692763734540472,1.4513431328823616,0.7201287355059853
1992-02-20,1.1343492751865933,1.4795013737921674,1.303668111512707,0.9038573159466311,1.459791407459661,0.8730601538731138,1.3226641250101885,0.7451640337733849,0.6945056534499754,1.2966106344861414,2.295085479813725,0.1251288061231594,1.097796013302479,1.4102129011758973,0.7913910789106986
1992-02-21,1.2592006196381154,1.7040891595241734,1.5426706616842683,1.0424519274478776,1.5373607423421711,1.120167372930447,1.550318021248562,0.8747027935693735,0.8119579257199888,1.2313976659479469,2.422168037500077,0.4215961379994724,1.034583743256003,1.4487217825556302,0.8980463420645761
1992-02-22,1.4152337447284065,2.023979139545362,1.846622168474117,1.2181982688959612,1.6722768276637774,1.3404776544005785,1.8217821331830386,1.0848481651387198,0.9916494357515665,1.1891206816885274,2.573329032698812,0.7402236644097433,1.0608306086453403,1.573252745048519,1.0716002934624604
1992-02-23,1.579724384268579,2.2925391579372327,2.139071031771317,1.3037591390522136,1.8823713869433778,1.5772925536684743,2.0851215158449916,1.3584144832702783,1.2542652121125912,1.009830499490702,2.726212264634156,1.081449555545602,1.0664629790434685,1.5518618573874368,1.310703934851894
1992-02-24,1.677125035538176,2.5578617393487892,2.3185063389436094,1.34345153216575,2.024716305884276,1.7306654199693343,2.3751730138103064,1.5851250115857596,1.5420137785819965,0.8229077846762116,2.7829646399276022,1.5548439852158698,1.0040451648501778,1.5024374537747716,1.490058733227918
1992-02-25,1.7207913170634368,2.615058912324268,2.3344046255810937,1.4073989903356536,1.9763559397505674,1.8031804839623835,2.5304992489893707,1.6879417933465188,1.7089965133837546,0.6274074869784819,2.6781098318760796,1.9056799573448284,0.892862767914176,1.3604918098452972,1.5817661020193476
1992-02-26,1.6411165365035132,2.549394792459859,2.225038489855115,1.3931259479906688,1.8117665584441536,1.7656105494447183,2.555424448792303,1.7444978023020508,1.7557836206360258,0.49268151910142416,2.472354170367008,2.0687548869239922,0.7638220552289565,1.2522973051623445,1.5669297351362366
1992-02-27,1.4380490637007612,2.479975809271929,2.0441097548053504,1.3805814472574354,1.6004928196368111,1.7412020123241996,2.532330947467423,1.7518063492046974,1.8416132761706183,0.46671947389532614,2.2062163592655746,2.1498221971210265,0.6510286078358856,1.13664025376085,1.4443184618014906
1992-02-28,1.277729023880301,2.3447793759212314,1.8897484722107054,1.4089884479002612,1.504009643088958,1.6546977160487548,2.5571971186721374,1.715453882961754,1.96695412354737,0.4258108588797501,2.0078115671300294,2.114266939339633,0.5736937151434333,1.0155253361474943,1.268987076450483
1992-02-29,1.1396726955615168,2.092426204640472,1.6611150100482828,1.4261213189097264,1.451149519287622,1.610278540495615,2.4445760427033787,1.6388757998640575,2.1053531683783158,0.4150652098226105,1.8663290066100804,2.09154290228168,0.5729970872310985,0.9277677912124378,1.0971638768025456
1992-03-01,1.014477884577447,1.8059318888550424,1.4580531405338835,1.3753009818865884,1.3979830572836656,1.5831876607623625,2.268274909366091,1.5419129305807788,2.2098780733761294,0.38685206048738663,1.696352962939775,2.099402756232003,0.6106425765288924,0.8533405955224623,0.866393212938165
1992-03-02,0.935809060615748,1.614742777544283,1.2051186740442403,1.3113061899687068,1.3084117794587373,1.6468871018021154,2.004535089216223,1.3769625295573942,2.278437138574971,0.32928569180610295,1.5554926999025862,2.0777786573437407,0.6305817745152363,0.7248963631162016,0.649503931815678
1992-03-03,0.8987464928927187,1.4783873378190644,1.0211887625569083,1.3138198035018278,1.2131542667533974,1.7075647936480323,1.833303231107485,1.2097528172353773,2.331993062909361,0.2288890951793297,1.4782043389716077,2.051597425308383,0.6608909016735115,0.7006293579129076,0.46723114669485655
1992-03-04,0.9401582512630898,1.3520947546564606,0.7854647632258611,1.3976995912722388,1.1439204819788602,1.6634076448612634,1.5883680741485067,1.1227650256252948,2.348738268245696,0.08019975785604161,1.3479124915871967,1.8685000091040271,0.7849625768666124,0.5837412985954231,0.34803464323573824
1992-03-05,1.045940372562009,1.2867084172754977,0.5783126946081365,1.461504751994026,1.1417146273627423,1.580640004205269,1.3661801843632198,1.026061012912693,2.3121863242080534,-0.07182642230848506,1.182027728604428,1.6913282756339176,0.9882290534697401,0.5183721621040328,0.23614054667425224
1992-03-06,1.1962249222580843,1.1931065152159932,0.3379127552377661,1.547414722619327,1.148135052790814,1.5503492991093797,1.1456251792177878,0.8351913892852422,2.240767382096562,-0.19173036769582022,1.070205245921807,1.5860946365167228,1.1838448902889411,0.43080254988557765,0.24740293511764025
1992-03-07,1.3348945117252418,1.0560801445490398,0.10551050484296622,1.566996021455978,1.1695339489374792,1.4307478254622292,0.9513838450189807,0.6834279524325325,2.112462523917913,-0.2957421092042896,1.0250664085799988,1.512530080042095,1.3202431901424163,0.32347267074980474,0.3294809554080891
1992-03-08,1.416351318734221,0.9023804435526962,-0.16614474675194085,1.5639892248047853,1.0649253958552012,1.242635699877433,0.7058764876779484,0.6658556210640778,1.9517005490071524,-0.32765340334968956,1.0185963626645622,1.4227254981098392,1.3830994783508275,0.2739321629623261,0.42186863854819434
1992-03-09,1.4837821063472216,0.7987423531560492,-0.37453606947326457,1.5702887662814171,0.9407114819318313,1.071032459387735,0.4808966440590028,0.6028492623223449,1.7796537021662366,-0.4393292850966949,0.9631951740369337,1.3098461224290758,1.426985885739662,0.2523974703987038,0.5318785251440307
1992-03-10,1.5062907112517545,0.7671964188833459,-0.5971843898458397,1.5896927277860846,0.8346895276762956,0.876438638699138,0.1788836152961065,0.5325947240688186,1.6001733573523755,-0.6230876882456325,0.8983153353324083,1.0997785358166159,1.4716086302310682,0.2580095067504006,0.7085994052477973
1992-03-11,1.4928975503251827,0.7363709263886916,-0.8148529070735443,1.6236140117557056,0.7971775114339091,0.6475383714639422,-0.12207847353826654,0.48831820784580876,1.4039267250764211,-0.7983806196718123,0.7075031977417002,0.8517393454428701,1.4572583827796637,0.33730597695327563,0.8621063937130573
1992-03-12,1.4044308346547025,0.6834760465295783,-1.093798412345857,1.5708851857225155,0.7546615609532618,0.3929568008518733,-0.45154932061996794,0.43694565876715413,1.1234961428306152,-0.8463247101625334,0.5375514928778886,0.6063066402860476,1.382081674030164,0.4054366163684954,1.0278084209706462
1992-03-13,1.1966638296792682,0.6182302834864757,-1.27466595173357,1.44587533953058,0.7150130066995114,0.20113819399994365,-0.7571990364913329,0.3872823595299563,0.8059828836595334,-0.8968907626585527,0.35674032483345486,0.3366696812632292,1.255003840915638,0.5297432152709036,1.0848466349714638
1992-03-14,0.9360738862157684,0.572051219684916,-1.4346855975630242,1.271951201766885,0.5672848736756466,0.10282476974611657,-1.0780726201375208,0.33511665455398,0.5393290738811912,-0.9949381611222511,0.11410652341921167,-0.017969090627841473,1.0420439925089844,0.5390115729189295,1.1007824238668749
1992-03-15,0.6422610437341347,0.5594287682281094,-1.6009677013540615,0.9832220351362774,0.32393678932070064,0.019361639201357923,-1.4787568377836766,0.24652751671558132,0.2271100385800836,-1.0326482430916566,-0.2735374538706658,-0.4930823592439822,0.7414228875223632,0.5835804841862793,1.0319232359145443
1992-03-16,0.33344068183855596,0.5341994878511642,-1.69356370838205,0.5858822970532528,-0.030622735967119848,-0.006529420656317794,-1.947475344758702,0.07965621079936569,-0.13275980361314463,-0.9896485219130571,-0.7858782309137571,-1.0389087886598376,0.4002466974759276,0.6204793650062599,0.895992774203797
1992-03-17,-0.014259747504223697,0.49892105884583626,-1.6251078809894595,0.06285714478339226,-0.3700551346943845,0.019823007809146986,-2.2597864588717913,-0.2702910513809575,-0.4361916532191914,-0.8537821138376327,-1.2983837198565815,-1.466953573287884,0.04299415368158835,0.5549354591221378,0.7984878880782363
1992-03-18,-0.3242257581602597,0.48195710702845956,-1.453813114277786,-0.3822180050950814,-0.620437360275554,0.048847855780358655,-2.318456184494822,-0.5806754187467922,-0.6079321504801909,-0.6705035156092076,-1.551570474342033,-1.734972167090127,-0.17412516997064406,0.48077190229331146,0.7259073028030619
1992-03-19,-0.5314979183381845,0.41772408693950597,-1.2625148082471338,-0.6719561778968821,-0.7304951926454845,0.10173575503655731,-2.2597672755196903,-0.7928731159621141,-0.6147533820893205,-0.49356060461456713,-1.7285847561967753,-1.8574434068547914,-0.3294136515459082,0.488010214279962,0.6569583273901293
1992-03-20,-0.6532949968638072,0.3123398753727082,-1.1030170878968286,-0.9280972472236839,-0.7380836277524112,0.20039272965931848,-2.0642059036995817,-0.9720002364363536,-0.5035598868536597,-0.335009752958621,-1.8664373502382328,-1.822895201865252,-0.41018093264297384,0.47969538814926527,0.6208282104302177
1992-03-21,-0.7430258775588979,0.22707144494215784,-0.9165557432551095,-1.053855261390319,-0.7035887829521589,0.3640236787181932,-1.8563567917349486,-1.090180530045012,-0.37047916040144147,-0.20267438821464706,-1.978511423941923,-1.7254044562490396,-0.4288189788856975,0.41530635176464004,0.4793455216350183
1992-03-22,-0.8406235311096788,0.08347522432334409,-0.7475717734981201,-1.1700943048096,-0.7195861551359397,0.5255863712976638,-1.689876658190908,-1.2288568787842804,-0.39049936300727334,-0.0948230399175347,-2.0391105101091047,-1.5934557676507457,-0.4277967750867842,0.3544408341562783,0.33036623007106786
1992-03-23,-0.9705375468435747,-0.14402793739827466,-0.7081307954670634,-1.2516992156366045,-0.6674907418240128,0.5843345694977772,-1.5916280876953393,-1.3185230866886182,-0.5310696191194052,-0.00884578848037057,-2.098212317925063,-1.4326587329857159,-0.417513663237257,0.3463234658613482,0.20942286596769888
1992-03-24,-1.0565180245503742,-0.4230838803264022,-0.6474479144824365,-1.352865871886907,-0.6916194184253167,0.5642365335304028,-1.5313913178233234,-1.3664453651418016,-0.6745630379977647,0.023146257079834986,-2.1479292415669424,-1.2564708318212303,-0.4343105833461283,0.2666274551569576,0.03572992588744064
1992-03-25,-1.158333601671871,-0.7790949588106109,-0.5412841629230475,-1.477467399054097,-0.6682501254356743,0.49853999003594585,-1.4216532093716627,-1.4226642751086807,-0.7246311400323114,0.0003531576239766501,-2.131432022862725,-1.04576156651566,-0.48386164038000024,0.14768843745239021,-0.006764997671406128
1992-03-26,-1.2317991342702492,-1.0891510931515076,-0.51090575411535,-1.5915288614689174,-0.6510838145208123,0.4392158976682582,-1.394810747228763,-1.4299259991862379,-0.6799089316023234,0.04007084161508743,-2.0199331996378467,-0.8719615030444867,-0.5718474169845423,0.060783908715196296,-0.03460167761271377
1992-03-27,-1.2638874263257494,-1.3117071138081169,-0.45942415673686254,-1.673676245461365,-0.628981852233397,0.34547511770290945,-1.4150033077758757,-1.4605306681740124,-0.5985160708895981,0.17201198208181193,-1.917232244288665,-0.6342587514314862,-0.6685189086641915,-0.02390951439257714,-0.08079123647920544
1992-03-28,-1.262902435665445,-1.5283793297511945,-0.3838371773347896,-1.8303915684378897,-0.687006275151103,0.2530880899078914,-1.4371326953572552,-1.4685292826259104,-0.578974797534228,0.31922717349559526,-1.7040250645190904,-0.4102426010522251,-0.7271908750211807,-0.12699026675629002,-0.1272231463864087
1992-03-29,-1.2247843812279733,-1.7408588626595718,-0.2414037082257836,-1.9810364528850657,-0.7099047891860518,0.10595354022139235,-1.4071814265444602,-1.4145598950509741,-0.5392783541797764,0.43916844890227674,-1.4517159434647497,-0.21492420507626334,-0.7538788216379795,-0.17935057098883092,-0.1467493250363691
1992-03-30,-1.1409117110368652,-1.9267278152700014,-0.03581942705884659,-2.1628886608696396,-0.770563791341494,-0.07401677592009222,-1.3780478169295116,-1.3675134437973628,-0.5667282948846355,0.5208795661697663,-1.2323620185468391,-0.08071031326816569,-0.7355015358132283,-0.25491370311664835,-0.07217062364744742
1992-03-31,-0.9924470453522425,-2.0162202242589893,0.09808484328475545,-2.2201738319622337,-0.7418138158893302,-0.30839178663463196,-1.3682058445358851,-1.2498834479504233,-0.4761960588984138,0.5893020264117762,-1.032171841843058,-0.0006287419813813744,-0.7183642232110463,-0.2653694020069058,0.029057198383057748
1992-04-01,-0.8765912486551819,-1.9353041835346438,0.18675970968166125,-2.1570617468827713,-0.74071695272225,-0.47027186698043316,-1.3927639721716414,-1.1761144293964354,-0.444349724223697,0.7143193170648224,-0.8285632900536196,0.08578845160207055,-0.7033690478837816,-0.2989709459589978,0.1217301236600714
1992-04-02,-0.9267129054511137,-1.8795336633548314,0.0643261928751174,-2.0580338679565715,-0.7297820175957985,-0.33086496318506814,-1.387663570316789,-1.1666460964911696,-0.5481303782282708,0.5816103203875354,-0.8935708047630333,-0.018117908777255564,-0.6497455424339668,-0.23064623384425262,0.06971455824848931
1992-04-03,-0.8565598625948654,-1.9568337344242936,0.30484990365832415,-2.2212091748009843,-0.6798759795473824,-0.5007907314812566,-1.4202244610985226,-1.146637464306794,-0.295743648061229,0.8339212258963565,-0.6965460562656279,0.17573869402832412,-0.7404942324151775,-0.30343618817917006,0.21052336261324275
1992-04-04,-0.7313938236087559,-1.7436727934803002,0.3842207600207048,-2.2175543807456135,-0.6690424643238555,-0.5098532904301142,-1.3800832650218255,-0.9985284499744389,-0.43117022267676114,1.1440825764632803,-0.3476668545866856,0.3534232292549331,-0.6001989082108765,-0.37386259442150654,0.26708769400356236
1992-04-05,-0.4713942477797239,-1.5720816659707302,0.42171929073319825,-2.088224482192367,-0.685679978019259,-0.680373929928799,-1.2210554745161335,-0.7562797139554133,-0.6446997588838896,1.1483830000939865,-0.018220668719636474,0.2354731329341496,-0.38363135925185027,-0.303539198546028,0.4142335221209008
1992-04-06,-0.35117998532218664,-1.1398118550666898,0.06392072444064333,-1.3461886912777306,-0.7823313847767243,-0.9927708298574979,-1.3508782225630322,-0.5047178409053708,-1.1329851078570545,1.0312937058502307,0.2162313128119564,-0.07333400310217128,-0.12813718565628462,-0.0010036759253565528,0.5174396172174945
1992-04-07,-0.4471972275236245,-0.65620171655122,-0.38159319693137106,-0.7864058469569162,-0.8431759953986292,-1.1304397967924709,-1.5054244001859591,-0.5479189760326412,-1.6484480451554187,1.0784157367524945,0.2384294465804369,-0.03849448890702779,0.02293744870215329,-0.031184962005339916,0.44418314805210296
