,1,2,3,4,5,6,7,8,9,10,11,12,13,14,15
1996-01-14,-0.47162978346614054,-0.46848536066091606,-0.5052071082257635,-0.6418181468298679,-0.6874388564329555,-0.6856418020065396,-0.4792044376972079,-0.5987954291752503,-0.20450794029906416,-0.2605516896761519,-0.416095614288062,-0.6765736213607364,-0.4561592507058289,-0.5972447240700809,-0.3647333775470923
1996-01-15,-0.43878596584006613,-0.4318962855704514,-0.5293215171594229,-0.6501873925778641,-0.6690210606383927,-0.7095541330615565,-0.42867043636290136,-0.5868940510901731,-0.14513793777523842,-0.24798209235804924,-0.3473309356859377,-0.669598655172793,-0.416141168233804,-0.6023988604146924,-0.32201050895662225
1996-01-16,-0.38105796245813256,-0.311653584912915,-0.49593099141855346,-0.6269109111480057,-0.6259759306279694,-0.6910379911131501,-0.346560982127439,-0.5443392214869699,-0.06703916040854967,-0.21256913946257294,-0.31361259217987814,-0.6787141426243913,-0.38798609837677,-0.5790677455260475,-0.261795434827618
1996-01-17,-0.3421436743632454,-0.2573967695709338,-0.47581250295281086,-0.646154483480083,-0.5897574608794218,-0.6549703379600343,-0.3062602789850927,-0.5728365096252958,-0.030928367729263287,-0.20721035309211122,-0.2806891168388093,-0.7212784199189677,-0.36348270649713027,-0.6452579839454938,-0.18878167248055744
1996-01-18,-0.37735095319845,-0.24547532238989833,-0.5019508127831344,-0.7099656557969957,-0.6746799038413429,-0.6481217878451403,-0.37337286680628284,-0.7102924096693378,-0.03305803506989003,-0.20344803842179085,-0.4040250353799605,-0.8160839390103937,-0.34504255498319153,-0.7640091272505503,-0.20505516939094134
1996-01-19,-0.36293469302422393,-0.23123751526344818,-0.4519000132452446,-0.7060917247904084,-0.7187776265853185,-0.5826923524186257,-0.38001401749183206,-0.831656227295287,-0.020037769009775736,-0.18696685923514128,-0.4818775076600756,-0.7973164289047103,-0.32399034608593186,-0.8403311433942952,-0.131452374968898
1996-01-20,-0.37173966348164783,-0.22846923649695466,-0.4418586122083276,-0.7052530265329767,-0.6887428521536281,-0.5550768270794807,-0.33054260485833586,-0.8800098092405342,-0.05470142646124422,-0.2637525565712195,-0.6131026044990705,-0.7211995545508745,-0.3745019439967902,-0.9316138641374235,0.015073664920794143
1996-01-21,-0.4140114654170976,-0.16512573990386126,-0.6217410402711617,-0.7346852009619514,-0.6340645981068527,-0.5002925870868872,-0.28574930405902654,-0.9374002952508543,-0.16638746908294053,-0.3632687380236992,-0.7232348189516365,-0.6152961175382715,-0.40031313357826365,-0.9259725699318424,0.15581818961435728
1996-01-22,-0.449183525586609,-0.0730668355051193,-0.7910026134123035,-0.7967161098021556,-0.5731850408839536,-0.3728931611569209,-0.22248456866766314,-1.0328690721510159,-0.2364669596771913,-0.4949148243960931,-0.8804330912455475,-0.5257036818725455,-0.4464263873037965,-0.7749243329168565,0.33019932273247843
1996-01-23,-0.5260569897046902,0.06089411484453031,-0.9008511126067422,-0.8614654244657387,-0.5985246196902375,-0.2772355013761209,-0.16544230947870922,-1.1702093117872077,-0.27751340134695546,-0.5085197726837453,-1.1250650510967306,-0.3853542049562322,-0.46475166141758706,-0.6727850405013183,0.4396789238464519
1996-01-24,-0.6098686707150134,0.14274444834733718,-0.9043531355874628,-0.8312278126181739,-0.6311031054989206,-0.27708927379298764,-0.21927453683501635,-1.2719749335878967,-0.3007278558412407,-0.4802675535081374,-1.338221737507944,-0.3799309557679338,-0.4279294936537845,-0.6193706273346814,0.5584836057174278
1996-01-25,-0.625369924558818,0.23334370090870235,-0.9782972930985264,-0.7096312996573046,-0.5916447614492409,-0.27484940236085553,-0.2687417887481528,-1.3376516709800246,-0.32824207752029805,-0.46045254246319867,-1.4287240628125166,-0.2900495370902629,-0.2686425299869143,-0.5352172898875506,0.6418088146252217
1996-01-26,-0.6490667768883721,0.32434134311378593,-1.137469085557265,-0.5527812957004267,-0.6121380056531278,-0.3505984454123954,-0.3008143744115769,-1.3330938270633066,-0.38656555475655446,-0.4565799543096404,-1.544399244907257,-0.13152011416539822,-0.09524444931905122,-0.31458540276006813,0.6302548488331774
1996-01-27,-0.6542905747898102,0.3415105506828132,-1.2741896235685757,-0.2788597110295642,-0.510957280948555,-0.3979484298607067,-0.2746828582171731,-1.3290381444107757,-0.42250957508917647,-0.5511329987918415,-1.571745170807976,0.0643624924103888,0.05470917417050442,-0.10880369740117833,0.6494612408990168
1996-01-28,-0.6094493026748109,0.28902557877858337,-1.389321799266481,0.049527551853581216,-0.38468851457408115,-0.44780469616775553,-0.31067411602113715,-1.340681072959313,-0.36042711058910926,-0.6030650431070572,-1.5150048484752596,0.2673438809706749,0.2774083270203222,0.09749898743602978,0.5991556069183543
1996-01-29,-0.4579467707385365,0.2114056689945857,-1.2983734404493485,0.4129106997596803,-0.35761721595848234,-0.4637737870679394,-0.35906461460684574,-1.4005782010667567,-0.30309710087119857,-0.570055250496693,-1.4102415393319452,0.481310408568517,0.6008041051992719,0.24178540634340984,0.488307220564984
1996-01-30,-0.2564454551753526,0.20968627959549418,-1.0604574664580348,0.8310986936354996,-0.300709918726921,-0.4619194289066145,-0.39827235876470735,-1.4149807576179894,-0.1950588372336458,-0.510252161633075,-1.2696914793334848,0.684000672382926,0.9247346318082513,0.2603190799136651,0.35913065801543936
1996-01-31,-0.10795890762774232,0.25514004999154993,-0.8285445245419885,1.249858836216503,-0.27899328410711893,-0.4847302945814487,-0.5223238458751999,-1.4347682141240063,-0.09233771596441401,-0.4073764743699696,-1.0186954582211123,0.9309692920622384,1.2094347674472807,0.21217486686457543,0.2532482844226197
1996-02-01,0.04155072014286108,0.22235536590809116,-0.6538451261125586,1.6639065246779492,-0.23911328128428047,-0.4592012227041859,-0.7388882764787619,-1.4756561321036232,-5.3441191046746635e-06,-0.3828779292707971,-0.7509022761813737,1.1585703380750423,1.4179964616900618,0.23010085102386663,0.16327578830199815
1996-02-02,0.21294317822639844,0.19681964694511303,-0.5197710646652688,1.954393032384276,-0.2647314446130251,-0.41325319752951595,-0.8606733757611257,-1.5439818004060963,0.16738028763607946,-0.42907334844671036,-0.5304033011805478,1.4794009397334063,1.523568826971511,0.26573487102614146,0.007999875820044017
1996-02-03,0.32365976023712756,0.09171340356422239,-0.28948877849337296,2.1067376717097543,-0.3016761574924409,-0.404336256402722,-0.9469601769833547,-1.6076394144118302,0.36741693689847066,-0.43418134295053046,-0.388353635130069,1.7238479200235408,1.4579038960245208,0.3108245836869314,-0.12035327388363742
1996-02-04,0.37038117337484205,0.01646091372930446,0.005782343074641587,2.1419359553222215,-0.32084735672508286,-0.35232720033400977,-0.9855420414258383,-1.6104466716911017,0.5345953062955155,-0.3742664140769697,-0.2720954430977861,1.8091486428428698,1.2238782809777826,0.3162739980917832,-0.2439446651221383
1996-02-05,0.36050221870165594,0.04493112440620935,0.27267271513542896,1.9743344326442516,-0.4134419681523082,-0.28836267973723967,-1.0319729080296711,-1.5788754865970422,0.6615156165381624,-0.2673524454922055,-0.18527657310473267,1.7597093759252798,0.9576953100070373,0.3262129951450052,-0.3977400143018358
1996-02-06,0.37266899390482344,0.14157759746302775,0.6011662680258181,1.7200217493729384,-0.5698847538176386,-0.2210226392463664,-0.8988536000683722,-1.4620987005560153,0.7650010041520269,-0.18477190889112174,-0.19895196235053117,1.5724428742244196,0.679901975548322,0.32983107674038586,-0.5107518415735496
1996-02-07,0.3640191267674045,0.23059118454131505,0.774703529489774,1.3913135269740415,-0.6974136569650605,-0.09875243905469518,-0.7433865999233762,-1.2706324148817465,0.9264400837227724,-0.14009561035365858,-0.24630290598227345,1.2970062741947488,0.3921470930956055,0.4088875496908039,-0.6402058290498499
1996-02-08,0.25911288692588635,0.18773873005115846,0.8970019508342512,1.03538287180397,-0.8000923247717584,0.054431566807282394,-0.5972107394725867,-1.0417426837163735,1.081512067570995,-0.1059985474814125,-0.3346508432904267,0.9819075943516395,0.1345770666212,0.5174379647764933,-0.750691985740268
1996-02-09,0.23871332728324776,0.041450747453389496,1.0629455084030603,0.7457474588868322,-0.8484114171077466,0.2137791640562627,-0.39684612081946086,-0.8509095488513431,1.2529944357551142,-0.03755383482106243,-0.4746348082516663,0.6478905373094721,-0.05496293203836276,0.5354457339818912,-0.8865197423885118
1996-02-10,0.30778297211239436,-0.15360590841740798,1.2066150137636975,0.462284915174037,-0.8198782395751093,0.27532685315268796,-0.18844015319950885,-0.648772734509709,1.3513756332167772,0.10241980882072262,-0.5822732669656405,0.25659134484617946,-0.21459733305890813,0.45146988462591153,-1.0241200701184414
1996-02-11,0.38886726954769985,-0.350903007436486,1.3773047652790167,0.21970431223232592,-0.7852855920304465,0.2857863041551411,-0.05238656088957883,-0.3930679185235288,1.381136711841974,0.293956839862668,-0.7366844245369394,-0.10804486051392842,-0.29945170653602793,0.46061113657772734,-1.0816481086516445
1996-02-12,0.46977880361882024,-0.45404379241938747,1.4963270816607503,-0.052963928029652475,-0.8491813510054935,0.33206106122486684,0.11029632557891919,-0.13493755483282122,1.3169900070813974,0.3801948423797955,-0.8969213794750704,-0.38547744625457925,-0.2512646397547039,0.45732421540387896,-1.0496215758357064
1996-02-13,0.5741363493286975,-0.5512618658426827,1.640837965750549,-0.30314222542158975,-0.9430698192636361,0.35128123451596366,0.21790663385273137,0.09765020307143746,1.3027290208007287,0.37292647267318796,-0.9937731463388769,-0.5958420964149695,-0.15497478779280102,0.5001791746118847,-0.9787873882550912
1996-02-14,0.6932956671071131,-0.7151892700727654,1.7649708331588898,-0.47754772289858777,-1.000238441352864,0.345067888542341,0.37810111481194,0.31422008896645265,1.2868006932020792,0.3201459166471418,-0.9535592223341258,-0.8013401945989175,-0.07400920007758961,0.5617993362711315,-0.9756454095983661
1996-02-15,0.7457873952690279,-0.9229606414838439,1.7711989336423117,-0.5981453714176517,-0.9810846811021422,0.4351217466012637,0.37020618394313815,0.5253608573950808,1.2141959273724674,0.3554848459405508,-0.8918721095981885,-0.9688686136841417,-0.10872113818049937,0.6547018644307865,-1.0195791526627191
1996-02-16,0.6712098721514663,-1.0336427130583574,1.7894880235393344,-0.6702866952561377,-0.963081933437854,0.5342401123640389,0.29775327962338266,0.652602421699583,1.099949637584735,0.47232250910400714,-0.8231480250190556,-1.1778905297653772,-0.13833911275215482,0.6982285665954128,-1.0100547285067987
1996-02-17,0.5363528075060797,-1.0202626629568554,1.8026405965175394,-0.7037720730742794,-0.9624576275334515,0.5600100319158453,0.22546077929474567,0.7369879366951531,0.9494033377810441,0.5964038167126469,-0.7039015074005114,-1.4206183550463585,-0.15017328481418737,0.7141629110940252,-0.985499150823292
1996-02-18,0.34841945020181053,-0.9256558886358961,1.7640823019458343,-0.7379594088676817,-0.9429673364764924,0.47643797971531177,0.15436804920929587,0.9125107939020614,0.7778910955206649,0.6333430033738996,-0.620731036455913,-1.6236381556206978,-0.19324178845697784,0.7215924520962131,-0.8873899695771413
1996-02-19,0.11302632089347471,-0.7703925838104676,1.8025786570274727,-0.7324701603136995,-0.9069798458920583,0.42604284604423515,0.09748163789718473,1.0553667618722673,0.6711285902251457,0.5804302803708435,-0.5303881427742032,-1.6946483644279435,-0.2602502418975708,0.765959682481907,-0.728050384703606
1996-02-20,-0.1157709741327324,-0.7184744297086078,1.8496986275037235,-0.775037531351351,-0.7694640273965581,0.48558857069638295,0.043273584868341285,1.1470373694969591,0.5687995982385858,0.4930798010164698,-0.40128832252377894,-1.7215378143718991,-0.39329455247885053,0.79523640197435,-0.5852250717041902
1996-02-21,-0.26408987218077135,-0.6466154304744718,1.8509853024555678,-0.8503103470529959,-0.5844960566164638,0.4552678666799097,-0.064604727592038,1.290404111753091,0.47330222613194195,0.39782231925667494,-0.22091433164018168,-1.7885524325790654,-0.5465885569227185,0.7921406638275237,-0.42578946621610164
1996-02-22,-0.38411074940925766,-0.5874728965613756,1.7897265332766827,-1.0031305893293185,-0.38337179459905013,0.3946242075081035,-0.12682216002327504,1.5265053863134093,0.3490058701021014,0.2692456914109804,-0.054954296501830285,-1.8068166665429084,-0.6330253900975854,0.691975738452154,-0.25045630983742745
1996-02-23,-0.4523729528498071,-0.49906668470282445,1.6391455466038585,-1.2286198871236484,-0.2878438513557051,0.3449497270319261,-0.2080256560335452,1.7694033366601025,0.09401535996303498,0.12445335302115035,0.018390822014329834,-1.7859612757221641,-0.6549447816381424,0.49479318405828615,-0.0011785153768528289
1996-02-24,-0.4233826516357643,-0.4727418605423159,1.4562723783600104,-1.4523952687272754,-0.17881997119362913,0.1859064301435406,-0.23777401657792951,1.890185543068688,-0.2267752405569099,-0.12230091887470122,-0.007854821393528187,-1.730459989873627,-0.5299162948615674,0.061938986354606644,0.21954598985410817
1996-02-25,-0.29154620288531696,-0.576737786961473,1.2207646969768318,-1.6628721624456495,-0.09058434106366897,0.01062013256253374,-0.22371134811210847,1.937679954042069,-0.5108262589732216,-0.36869152965853963,-0.08542132913540298,-1.5362591402909944,-0.363452136672499,-0.39429729643899797,0.35937735482873906
1996-02-26,-0.10966391342366211,-0.6377870760024568,0.9600771645214868,-1.819075075522011,-0.13140835834182438,-0.07047812959683418,-0.20119800858011397,1.916033607682524,-0.6623168098218207,-0.5264208529418541,-0.2552255371387138,-1.2765436823279463,-0.24576954336427645,-0.754616507618876,0.4012416201574736
1996-02-27,0.05935415653386545,-0.6913260658729528,0.6854309561278205,-1.9526305618867712,-0.2820474563398829,-0.06618287103703102,-0.13753614129788821,1.8397617193036637,-0.7166969505192639,-0.6638456251334146,-0.38973406743202926,-1.0567723963708096,-0.19504008889134347,-0.9902690397602215,0.3608028115368344
1996-02-28,0.2138301310428783,-0.7283907704601394,0.38674968830817535,-2.0943791150570235,-0.3647749196141817,0.005681857802684697,-0.0761715899832536,1.7361939833527855,-0.6769991640477145,-0.8342204868606966,-0.44064180540589487,-0.9308560372227651,-0.16002387540154062,-1.0823318522719518,0.3050657124769002
1996-02-29,0.38892337354495704,-0.664721453731448,0.09656117974964218,-2.254536699780061,-0.4473606188514803,0.09228680460004651,0.05751975305790938,1.6032556393633677,-0.65910189041168,-1.0368542034329604,-0.43223846162522295,-0.7933135523623428,-0.0751442743455216,-1.151826007426897,0.347109180320786
1996-03-01,0.5150190725727064,-0.6777715663802495,-0.1485137118288362,-2.4041417681695436,-0.4837567957472567,0.23577044645949036,0.23708564914366728,1.488267112499157,-0.7151634223422892,-1.2056164092659836,-0.3735750321847131,-0.6378971112445643,-0.02791141534339263,-1.1697325546075659,0.40722780414157883
1996-03-02,0.5298441773890153,-0.6768150939030234,-0.39300723941221705,-2.3897527730172095,-0.4553309395035004,0.3862466147810857,0.4128428604965201,1.3582129443582809,-0.8034141992251412,-1.4016645019610157,-0.3446373183728918,-0.44272940369508934,0.01410513481200026,-1.1670723879595042,0.4415104702366856
1996-03-03,0.5085038940758004,-0.6623657331568666,-0.5191733710799605,-2.2635309445320884,-0.34930464017366203,0.4905144414829287,0.6177766392097067,1.367890814872453,-0.8505624306669614,-1.6429917584864713,-0.36333269516842076,-0.30837999332534366,-0.01491016644352547,-1.1540064205013452,0.4582307656406827
1996-03-04,0.4878953676751559,-0.5740803613107198,-0.6470676383963256,-2.136106702821807,-0.24969014155701927,0.5602759256391536,0.8322723892454449,1.5009826510771507,-0.8624455509030174,-1.8874307483623274,-0.3350354229818296,-0.17052818386108726,-0.06695834462579192,-1.0544706162967767,0.43892262877948723
1996-03-05,0.48900207563259884,-0.5040812385974965,-0.7100738893572688,-1.9538292997524531,-0.1496822880149283,0.6064481614926556,0.9697006569135043,1.641864875847927,-0.9185369528512598,-2.0357863813970756,-0.2624939105588587,-0.002040411212621216,-0.1752748640558709,-0.9690117584708717,0.4162797265832365
1996-03-06,0.5177794781737566,-0.4886098377064094,-0.7877176959919573,-1.7438501287756738,0.04609136327993433,0.6567377708867768,1.1527024963972117,1.7471090364977189,-0.9416216358140419,-2.2083417210403686,-0.1610858642043141,0.14637355547893513,-0.24613487123101344,-0.8740987337975952,0.4147432735221381
1996-03-07,0.5252862980643593,-0.4347111973296407,-0.8251470616192781,-1.481548306286331,0.23376800107246748,0.7150367896115535,1.2493781030345903,1.821144290869052,-1.0285223572410946,-2.262286379053345,-0.09731895225042651,0.3508950837410879,-0.3688698485669784,-0.7404616751830997,0.43494329387845093
1996-03-08,0.4950286632140927,-0.3608695085514104,-0.8344182640082788,-1.2197419476075895,0.29193053303852595,0.8080882268093685,1.2943330558667536,1.919588559986486,-1.0880372609812947,-2.176309193323057,-0.17469141420796505,0.5780442677428251,-0.48928776517988853,-0.6667761314197977,0.43830779640557704
1996-03-09,0.5488737090910802,-0.3173992805080922,-0.7046054822567924,-1.3750474311039433,0.18829072765349994,0.7676160719360656,1.2395821866574104,1.9971141305986466,-1.0138042318864169,-2.1284454716202705,-0.14769743832841148,0.46116407318423364,-0.5337238881935868,-0.6864196820572411,0.5356956303049453
1996-03-10,0.48821202157094523,-0.3790085742887788,-0.7202617515311874,-1.2154905883806801,0.3294155010268201,0.8070163100794655,1.3283228738475212,2.1366746409155475,-1.236277437385326,-2.115179840065933,-0.22322993997065407,0.7583333597531913,-0.676834442510965,-0.6027046772522442,0.5277037780604189
1996-03-11,0.4568272351669426,-0.41121818945065963,-0.7901939717830941,-0.8574271827099489,0.18192034308983415,0.8255524508214199,1.3597456324752577,2.2198494609367256,-1.1740227465518005,-1.8910263093468112,-0.3576563810975702,0.9522074461702715,-0.7952208979131218,-0.5549744670580454,0.298162434696271
1996-03-12,0.5300632023058863,-0.3986297072890368,-0.8717227069469918,-0.5291229418770739,-0.03978322979810814,0.7463069492247609,1.2618624964781024,2.1334945352654757,-1.0403945481924695,-1.5358133785022983,-0.3936482762157929,1.2587234796516653,-0.8315024150151974,-0.49079586967212085,0.17837962763271917
1996-03-13,0.38693824621059836,0.15157257716090528,-1.0975633441702166,0.13451134832871775,-0.03158622293407531,1.0345783018799346,1.225105112241891,1.9935886434755128,-0.6736343021129294,-1.2240193771779693,-0.5052112673606601,1.34383780670367,-1.0526820772362813,-0.4042674860340437,0.14213405452750455
1996-03-14,0.2905977202649932,0.4816240301884553,-1.0784135148259093,0.5093128991180084,-0.11628607870889243,1.3700457827731138,1.2097964340385743,2.0080681737826462,-0.2778511378752342,-1.105055046819151,-0.6334818924280026,1.1094949421951679,-0.9129494451159114,-0.4511983336295545,0.22288156759522162
