,1,2,3,4,5,6,7,8,9,10,11,12,13,14,15
2009-12-26,-1.7398568973401132,-2.033822704042218,-1.6067153915123937,-1.9950513747732874,-1.5950545461987573,-1.447877690852358,-1.840939843698342,-1.3309116757870445,-2.123086811190464,-1.5339791182491473,-1.8487971878838447,-1.6791586314747204,-1.7664486826001062,-1.7228834382609617,-1.8549260687739997
2009-12-27,-1.6113359636323599,-1.9048106830153089,-1.4577032141893937,-1.937473804720125,-1.4219188255089783,-1.310470271153648,-1.7326933580458248,-1.1161895456216933,-2.0607168165814214,-1.3596717976931907,-1.8047886136978104,-1.5693517781459894,-1.6536325548712876,-1.545646376423674,-1.7951556998010438
2009-12-28,-1.4859280399961081,-1.7557236107603484,-1.242201259845494,-1.8596275331266603,-1.2455161998510722,-1.2554758813743203,-1.6078623521249287,-0.9246478265512272,-1.98633689671979,-1.126179806370935,-1.8102504621028617,-1.4651317174534497,-1.550448793312223,-1.3911065948581849,-1.706404325581725
2009-12-29,-1.2330374004193119,-1.4545966188924078,-0.9940645984248002,-1.6149750478897094,-0.949774607468447,-1.1323785536293165,-1.4055740070484348,-0.5992056317532469,-1.8909980340246793,-0.7972803084827053,-1.6899566598699514,-1.2468268030463088,-1.3070974532079556,-1.1290727172319648,-1.4771324509560098
2009-12-30,-0.9458621221491956,-1.0868436048176668,-0.6945208229005677,-1.2564316166025977,-0.6320957723261157,-0.8979524724451438,-1.150945687286541,-0.21733595173491274,-1.6983916356211817,-0.45351012748775504,-1.4728138243129427,-1.0358222937249135,-1.0343064826672599,-0.8582647897039366,-1.2507325884841807
2009-12-31,-0.6924686710956258,-0.7079345900799193,-0.42827430886475,-0.8767248379523043,-0.3761956201341785,-0.7391868507195654,-0.9231314896703191,0.05926466998083335,-1.4414423905453062,-0.11938733730838533,-1.0952156674629407,-0.8479766631098543,-0.8400720770658738,-0.5252357118901757,-1.1015953035730248
2010-01-01,-0.5964613399551062,-0.3586975577729821,-0.23266725739084096,-0.5761521347823373,-0.25570236488968323,-0.7710229616905887,-0.8731457460154267,0.24480460449097172,-1.193209236537832,0.08447651134817602,-0.8391053056652555,-0.7174181551177577,-0.763872037921321,-0.21449161229837252,-1.0152622492671703
2010-01-02,-0.4518739894445713,-0.04667613901021458,0.02279092746698449,-0.33729952503606314,-0.10927476583270389,-0.740425614573492,-0.7152511345218829,0.5169921411229513,-0.9739186457481938,0.23800313883663865,-0.5700182106385683,-0.6073691944442622,-0.6670089007395985,0.04203510950037695,-0.8907613725631
2010-01-03,-0.3592560215947222,0.2542152645796666,0.26100579505727783,-0.13334636960175217,0.029257567082363326,-0.6218514774734831,-0.5556514667208599,0.7776211662238728,-0.7717962080484015,0.41298025979704683,-0.28316022920568723,-0.5558264117787213,-0.5419754126222293,0.2651925650023718,-0.7603866074768382
2010-01-04,-0.2556391585743193,0.5386438416393491,0.5428448371259912,0.10297132202232749,0.22533981307777745,-0.5817470662930775,-0.3041580176099263,1.0174358837012272,-0.5308912302173531,0.5816814065414263,0.018242246059826654,-0.45933392570234033,-0.30466542709264777,0.5270107378641802,-0.5987022479831159
2010-01-05,-0.22057237107081776,0.8045744197913505,0.7544965181178542,0.36017757172812975,0.37540244700939107,-0.5051435373441597,-0.1001306791405899,1.2447721560717127,-0.2953894789730065,0.7492822754637299,0.3790156566738211,-0.3506449524858044,-0.06748958518299482,0.7596690936616274,-0.3994928927233882
2010-01-06,-0.2630660683329676,0.947701064583668,0.8769881685838635,0.5954831907512914,0.45956235384876853,-0.38894986511905566,0.01596073261335792,1.4124133933478564,-0.06683447202818575,0.8034784506139077,0.8117169803623377,-0.25346151899225694,0.1630259193485244,0.9759349330002312,-0.269728149383042
2010-01-07,-0.32058885866939996,0.9636804447622064,1.0059654781088212,0.7310361200159259,0.43842924817507994,-0.2778525697016653,0.18081129882728078,1.4928988898279039,0.212810969424681,0.789097436477834,1.1723608386773925,-0.1544088985278445,0.2811698575806279,1.105986146978555,-0.13605569865985032
2010-01-08,-0.34833798250842196,0.9156018246279626,1.1441442223770528,0.819455392329744,0.4407819243649886,-0.18574952518555657,0.34002364158424514,1.4734147329401888,0.37586366983440145,0.7303447589700272,1.4475776250551942,-0.04874658143575184,0.44632742324013874,1.2573769187155137,0.02627170713463714
2010-01-09,-0.31268185243665075,0.8403828775551923,1.2611099888580068,0.7900388452867299,0.512650593133383,-0.0072867412734419065,0.5487689748605112,1.4262471184782761,0.507595176253011,0.6213272473558238,1.5972051441758,0.09190721640854733,0.6745389643802663,1.3317866716450626,0.18784735956180082
2010-01-10,-0.20275422135267962,0.7704658005044586,1.3502905918581323,0.6965854468465377,0.5860235865070577,0.2019709787587749,0.7852644775527416,1.3880358451624073,0.6000529089956038,0.5612273370293116,1.6488478392905725,0.19965532989116117,0.9092420124693388,1.307758420832709,0.39209364429535926
2010-01-11,-0.08206114001166083,0.7486185531533303,1.4257733008240212,0.6548067767027326,0.6122497505221003,0.30146005786509916,0.9768307860544558,1.2639600140352576,0.7569897553093173,0.5681039919053721,1.6209213816079004,0.3058282548866019,1.0902386602113132,1.2684427486072603,0.5035281111091426
2010-01-12,0.09643365827977972,0.6999808767032851,1.5288365235889259,0.634003171479444,0.6531786523873788,0.37016178372693403,1.1403228891358184,1.0403567437261125,0.9042502138292082,0.5130023686907912,1.5420326438591536,0.4532858896444428,1.222490353915468,1.2170097821490835,0.6278833148148466
2010-01-13,0.3200525754839852,0.664205351696692,1.5473311574871496,0.6429134893807037,0.6921815394866343,0.4020013287943154,1.2207276880408524,0.8550707859190385,1.0084402294526682,0.5619642282875718,1.4849196461936633,0.6252341283234556,1.17304433170903,1.163696799659699,0.6867059372258365
2010-01-14,0.6287600525058411,0.5752010196032588,1.531293995050779,0.6415313049849606,0.7510041306224838,0.398055579007201,1.337852706403244,0.6327029009301561,1.0480460260564741,0.5721909748035986,1.3347422679280478,0.6962633724761276,1.1607152692514071,1.1224609834708408,0.7808903897075969
2010-01-15,0.9936611311548464,0.5046530168851299,1.494234735246136,0.5942535092504257,0.8325466238493834,0.3792417870211493,1.5342919916163675,0.36685478444527514,0.9727163596739475,0.5505350703587076,1.1291762937032128,0.7287868309985348,1.151449552612295,1.0953279608426745,0.9116612906691894
2010-01-16,1.3493791564689253,0.4526194530223859,1.4500128372919185,0.5254412508853152,0.9968619763075232,0.3285000743048378,1.7471030469900815,0.07802226676059053,0.8769437595029785,0.5446818505640804,1.01853188135936,0.7660697461679465,1.1477338116019147,1.0885921308164312,1.0257731749641141
2010-01-17,1.6513087902887018,0.4758955244473835,1.4140075270949473,0.3998114030446513,1.0894025174455746,0.26767698205341733,1.963502617105772,-0.1559126891516212,0.8706072852637153,0.6302294937890138,0.8672906421487454,0.7676989938995882,1.0054583330278797,1.0834353967040942,1.1082978571596873
2010-01-18,1.8844681025610017,0.5683291267108261,1.4217251855731656,0.39239669530846105,1.1196167493479643,0.1543053611082548,2.1060720122138634,-0.35041679969315737,0.8962499070127427,0.7896147179343129,0.6382611493487039,0.6965714324624562,0.8735776046402481,1.1168955087843198,1.1829573604919863
2010-01-19,2.085804053024357,0.5923227073802669,1.3654943725335507,0.46763955358054055,1.1055521711452836,0.12646586422998657,2.233703311045127,-0.5513070714318238,0.9142611713585718,0.9558707307155805,0.41916635958869175,0.607365132668857,0.6994914812964851,1.1008628767094017,1.2058863873642283
2010-01-20,2.1906959546468103,0.5128279701982756,1.274441592811278,0.47782380957234083,1.0899332450483867,0.1622013369966294,2.3265658025009057,-0.7442521470629941,0.8593133572054389,1.094021955046466,0.20123450061788947,0.4544188669823477,0.5459658128148561,1.0887188402495103,1.2724863720095838
2010-01-21,2.2259580711881193,0.4109878663345478,1.1142075242322114,0.4291384466002965,1.0562680503443946,0.22130682466665913,2.455068935631002,-0.8579529021083183,0.8346219558813146,1.2037805147888698,0.008854939567001419,0.27682075571336057,0.2803541084922258,1.044267349823468,1.3707133399217297
2010-01-22,2.2152705903817225,0.2608827774450867,0.9574616489803865,0.43789188350759906,1.0115717638642268,0.3913255368361257,2.5809035418764417,-0.9679833360213548,0.8795306455973709,1.2023546932860196,-0.15378443907064426,0.15520896382506752,0.014613200124458976,0.9805066388178529,1.5234999956978335
2010-01-23,2.1698611972740465,0.15897055076022054,0.8761437792121516,0.4523855115897494,0.9490302503162507,0.5824201157533156,2.611346827013156,-1.0248542013568331,0.9585942666555302,1.1598061111470515,-0.20838468460866852,0.13991710090656298,-0.21080695064068755,0.9572287454278143,1.5467148521882859
2010-01-24,2.1092723943775704,0.07372496652632692,0.9096408838759519,0.5427710498780104,0.8445645183356763,0.7581846383438502,2.552491247082372,-0.9918018265635786,1.0195370362639256,1.1613756991628448,-0.1985334223884535,0.10229794095239549,-0.5142481113270264,0.9002408064210995,1.487245071294777
2010-01-25,2.0532306126702724,0.014686407728234808,0.9553485710225632,0.6823816721936066,0.6886855917032085,0.9642693500781734,2.466115874664913,-0.8886500800049434,1.0685083470334549,1.2070733135195437,-0.24152716092248525,0.025671104290315196,-0.7130969311701119,0.8322391205363803,1.3614350679026452
2010-01-26,1.9560175739948653,-0.07219850375261458,0.9375837307810682,0.8620856998614391,0.5311243879814508,1.1553511650472374,2.3011324272049567,-0.8373192185657036,1.1055573733211446,1.202131099420837,-0.2300782080539321,0.0010037621889330288,-0.7059524552623535,0.7462800920901183,1.2885704054786702
2010-01-27,1.8346607007082014,-0.22747461476696193,0.837418359426275,0.9641753938710348,0.37066417342988267,1.3106381669794667,2.1306639946256682,-0.8448426175054398,1.098303276841276,1.1617044068664684,-0.12126005028183065,0.020412588196537435,-0.6289330314544446,0.6557311575621093,1.288481721079902
2010-01-28,1.7230530615879978,-0.3300542165227101,0.7539605720977848,1.0432313654274963,0.2607990693893,1.3766599386047884,1.9275144992114894,-0.8271810176876373,1.1344688925095006,1.0623443652549869,0.061928746758938835,0.06403599122516442,-0.5309631003842076,0.662479261035408,1.2606555168023568
2010-01-29,1.6537164491033678,-0.40814758882064683,0.6468862067879575,1.1135144924062248,0.2616515542294232,1.410489019729586,1.7074371544090736,-0.79601549225214,1.1986103671528279,0.97325617558188,0.3558524277774703,0.1391758233533425,-0.4512705638459785,0.6541423998999119,1.190591411902695
2010-01-30,1.5057979465133122,-0.47846278094845085,0.5780158271703226,1.1595868932848707,0.3021954151073593,1.4009082351440383,1.4357399812024334,-0.7525658235973666,1.1617003908614048,0.8789239080463327,0.6769252334446783,0.17783099710468828,-0.17181050729896769,0.6437748831451954,1.0892965307301778
2010-01-31,1.3016874651838888,-0.45562465208881675,0.5667421303290942,1.1896410003051017,0.3101236320179177,1.353017450018059,1.238256759812815,-0.7199577956837788,1.057021066998548,0.7550064510505405,0.9824976179698484,0.17644981511822458,0.1803716322383356,0.5955722330475387,0.9904090258952836
2010-02-01,1.0221255825401765,-0.35431702516017277,0.5393922851840863,1.2341205558310617,0.3065733891769967,1.3701647648934498,1.0449357297699975,-0.6877156304720711,1.0012677348709003,0.6618675957923023,1.264437202426415,0.06885849678211363,0.41812608981127,0.527551365260404,0.9095817036288671
2010-02-02,0.6255717005623759,-0.17149657590384343,0.467577246577809,1.226379660511393,0.31621369663645216,1.4215141026266735,0.8966490053454951,-0.6034478756830095,1.0340961802547612,0.5265552694595963,1.459074544890075,-0.02234794919003223,0.6559643205719001,0.5228338520847416,0.8584470708644777
2010-02-03,0.15241490009938768,-0.03426391575478062,0.3495920732903746,1.101215739126104,0.3404976772573234,1.4387925886985076,0.6541688412882174,-0.4173152581964175,1.0618248999733226,0.33001268083950713,1.6442805056665675,-0.06357506021402781,0.8684215966744618,0.4990457380398129,0.8710630384693865
2010-02-04,-0.37438776594755974,0.11234506913425064,0.22255518306307512,0.8963390208592035,0.37720372012571834,1.3779008595717226,0.426687184973988,-0.19639238875913845,0.9978531107166407,0.05721663601903173,1.7646083999642095,-0.13510670927167842,0.993978355699998,0.44546632328611674,0.7648273446915066
2010-02-05,-0.8681940060297745,0.36335299497515106,0.04401240334350702,0.6973809382205981,0.42892040475748033,1.3268662108100957,0.21686810601713824,0.09052877829736274,0.9315059417764147,-0.27034349195970636,1.8421632438993394,-0.1325597229433236,1.029561531074985,0.40190454752110905,0.6046097004709339
2010-02-06,-1.3394103602486018,0.6517276059499706,-0.1754083380658531,0.5275535212470452,0.44030089356967783,1.282972289596168,-0.03866151385548662,0.3386107939907434,0.7581612906550854,-0.5676645226898962,1.7547252326763003,-0.12509148471926623,1.0189122996979771,0.33009850336337476,0.4607742820002926
2010-02-07,-1.7152685153304281,0.9899653876067315,-0.3464823896502157,0.4614822553370937,0.46211626688257196,1.1901817828436776,-0.2318664357909646,0.47871615621638286,0.5339414723569155,-0.805210970323196,1.4986201292045167,-0.1570503252484338,0.9929429922435442,0.3321575195798267,0.3349039488413413
2010-02-08,-1.895140633907205,1.2864283483213834,-0.5489529418280416,0.3924292392653587,0.4334980993570136,1.1009743279124367,-0.3505681998968911,0.5556291685513177,0.3657280968717333,-0.9539576483305767,1.213054974004936,-0.1852903435876059,0.8689896497580089,0.36099551084620496,0.17764010081150974
2010-02-09,-1.9493696022449802,1.4599194358070755,-0.8089204059382904,0.25585643865578184,0.42799980348690064,1.0402014726760827,-0.46675416218285654,0.549878971102501,0.22177064809937003,-0.9799888931171247,0.9668664200794587,-0.27719214716447216,0.7557549629449182,0.4207663020564979,0.02558531945343745
2010-02-10,-1.9801024035796766,1.4940882380635387,-1.0143994119140307,0.05655875509369369,0.4445974275240794,0.9895343748770656,-0.5115127106646917,0.45537206289809684,0.10848790148279724,-0.9567855625731188,0.679921034433369,-0.3473851116557977,0.7180686869044284,0.4037002430161307,-0.07918152247074958
2010-02-11,-1.939433763612383,1.486145816874412,-1.24613297662028,-0.22101721995570972,0.4499124217497448,0.9462611135255824,-0.5895615532921649,0.2950079112102719,-0.012421781262777093,-0.9643907728022045,0.46658143536293245,-0.41860928390906726,0.680658141765802,0.35716921728064066,-0.1653738332443697
2010-02-12,-1.8652022997367872,1.5605104972510058,-1.3614440761229425,-0.4545669468964483,0.4312298907132754,0.8976949600944111,-0.6141158133621594,0.07715869724123585,-0.0835972887259463,-0.9695769503021828,0.28268920776095924,-0.5013306049467819,0.5465127117527792,0.3332095460823719,-0.38127172178971164
2010-02-13,-1.7537010471229377,1.6169176325003578,-1.4865469907893862,-0.5638503662161205,0.4139987185203639,0.8817622043831521,-0.6734596259653619,-0.04699521342217068,-0.04396942998039392,-0.9756622357248517,0.1366430564411652,-0.588840497469692,0.4054960613408695,0.380732869989897,-0.5409034283322449
2010-02-14,-1.6643603226820063,1.5832660478204792,-1.4384970109717445,-0.59775820359222,0.4529464460444145,0.7575143785996724,-0.7496798422607357,-0.15852215091580943,-0.04630982558646499,-0.9376280031663952,-0.04523520273019426,-0.6575830276036049,0.28289856344787007,0.46405781765728976,-0.7466231599135961
2010-02-15,-1.5930835137485138,1.5530960435329877,-1.2962932623449794,-0.7063506986523449,0.5637698151867128,0.6826334271178549,-0.6811852501700028,-0.1853035231115744,-0.11111423507124756,-0.9564538700288849,-0.2206343808037698,-0.7488640615244255,0.2034128982431187,0.5575076947766981,-0.929077536007168
2010-02-16,-1.5561823492766897,1.4783151811874171,-1.2227612705697317,-0.8916760384666038,0.6259788724939607,0.6217667207355081,-0.6657344856897998,-0.1670658972851281,-0.2828805643731753,-0.9881468304607659,-0.3453717625498889,-0.7589011036203127,0.18375815064833817,0.6379248040699134,-1.077433178620736
2010-02-17,-1.5369868355708243,1.4278681714867776,-1.1111641939495893,-1.0178591420911631,0.6291669006293205,0.5249872261352886,-0.7507590226349431,-0.17447040432787303,-0.48683173574591515,-0.98293995040006,-0.4142979150600318,-0.8083678687805342,0.19550662426870993,0.6556842863020914,-1.176072079596436
2010-02-18,-1.5286980171453526,1.4361228001090893,-0.8886499276534972,-0.9861683678832328,0.5598028696377383,0.37773124843015093,-0.8499826462661343,-0.21444302365275703,-0.6130786386125837,-0.9558176210854725,-0.38327217079682097,-0.8489170375481305,0.14219044708400147,0.6153743092849171,-1.2727667100968716
2010-02-19,-1.5522045461464797,1.5036831979081393,-0.93989994917798,-0.8550551886656191,0.6078144307819514,0.49999979694194524,-0.7297521922423276,-0.19831374046419556,-0.5285830647712298,-0.9473693984294697,-0.3353535095028891,-0.815454359925646,0.17546817493505626,0.6564298543391672,-1.2073353801736328
2010-02-20,-1.579493741383871,1.4895405542277078,-0.7514609715670472,-0.9821398170872607,0.5351308959355731,0.29896172129035736,-0.9205797293592771,-0.19355455831135965,-0.7032911483742973,-0.9738520534392842,-0.3497479716866118,-0.8378614245609035,0.06578208930375175,0.7257947129750998,-1.339721696662579
2010-02-21,-1.5532480852647903,1.4175141160499374,-0.6382118827852427,-0.9520124595799705,0.5152058059445542,0.08526626010141905,-1.1446921744277716,-0.0564300526332117,-0.8861274016200732,-0.8326868390564182,-0.5274786414131487,-0.8276189108067005,0.038488069727072985,0.7095263833846522,-1.4523905229586473
2010-02-22,-1.3882746278594846,1.4487620140717332,-0.5237745450221946,-1.076401596158459,0.6144444739122452,0.048913006982167564,-1.1581132542009116,0.06862544437219154,-1.2722657308924723,-0.6916694714256876,-0.7260984965630234,-0.8588810480686654,0.04743449466773939,0.555296729376639,-1.3768678957364393
2010-02-23,-0.8252563975918797,1.4114508344042935,-0.34303292876309216,-1.1048604836765954,0.38377791521409943,-0.19065531006266462,-1.5423244469668949,-0.026509497013307026,-1.4966858655967374,-0.4200015915133997,-0.43396440769022077,-1.1257003163465147,0.33704722440476537,-0.14217079822535808,-1.2441000761774696
2010-02-24,-0.31410248384999534,1.2445475173397187,-0.08345033601085716,-0.7482361876726241,0.17178392915075985,-0.3869139316274844,-1.4596692062012437,0.06497707055672666,-1.2756430312626321,-0.1799173285325742,-0.060758549652756726,-1.266576912930644,0.19146048876657917,-0.7220782141603471,-1.2244158178345232
